0.000000e+00    -6.237587e-01
1.221299e-02    -6.235695e-01
2.442599e-02    -6.230062e-01
3.663898e-02    -6.220794e-01
4.885198e-02    -6.208073e-01
6.106497e-02    -6.192153e-01
7.327797e-02    -6.173352e-01
8.549096e-02    -6.152058e-01
9.770396e-02    -6.128715e-01
1.099169e-01    -6.103826e-01
1.221299e-01    -6.077949e-01
1.343429e-01    -6.051685e-01
1.465559e-01    -6.025679e-01
1.587689e-01    -6.000609e-01
1.709819e-01    -5.977185e-01
1.831949e-01    -5.956135e-01
1.954079e-01    -5.938210e-01
2.076209e-01    -5.924160e-01
2.198339e-01    -5.914745e-01
2.320469e-01    -5.910715e-01
2.442599e-01    -5.912809e-01
2.564729e-01    -5.921748e-01
2.686859e-01    -5.938226e-01
2.808989e-01    -5.962906e-01
2.931119e-01    -5.996414e-01
3.053249e-01    -6.039330e-01
3.175378e-01    -6.092188e-01
3.297509e-01    -6.155469e-01
3.419639e-01    -6.229592e-01
3.541768e-01    -6.314920e-01
3.663898e-01    -6.411747e-01
3.786028e-01    -6.520303e-01
3.908158e-01    -6.640744e-01
4.030288e-01    -6.773160e-01
4.152418e-01    -6.917565e-01
4.274548e-01    -7.073904e-01
4.396678e-01    -7.242046e-01
4.518808e-01    -7.421793e-01
4.640938e-01    -7.612874e-01
4.763068e-01    -7.814949e-01
4.885198e-01    -8.027613e-01
5.007328e-01    -8.250400e-01
5.129458e-01    -8.482779e-01
5.251588e-01    -8.724170e-01
5.373718e-01    -8.973933e-01
5.495847e-01    -9.231385e-01
5.617977e-01    -9.495795e-01
5.740107e-01    -9.766396e-01
5.862237e-01    -1.004239e+00
5.984367e-01    -1.032294e+00
6.106497e-01    -1.060719e+00
6.228627e-01    -1.089427e+00
6.350757e-01    -1.118330e+00
6.472887e-01    -1.147337e+00
6.595017e-01    -1.176360e+00
6.717147e-01    -1.205308e+00
6.839277e-01    -1.234093e+00
6.961407e-01    -1.262627e+00
7.083537e-01    -1.290824e+00
7.205667e-01    -1.318600e+00
7.327797e-01    -1.345873e+00
7.449927e-01    -1.372565e+00
7.572057e-01    -1.398600e+00
7.694187e-01    -1.423907e+00
7.816316e-01    -1.448416e+00
7.938446e-01    -1.472065e+00
8.060576e-01    -1.494793e+00
8.182706e-01    -1.516546e+00
8.304836e-01    -1.537273e+00
8.426966e-01    -1.556927e+00
8.549096e-01    -1.575469e+00
8.671226e-01    -1.592863e+00
8.793356e-01    -1.609077e+00
8.915486e-01    -1.624087e+00
9.037616e-01    -1.637871e+00
9.159746e-01    -1.650414e+00
9.281876e-01    -1.661704e+00
9.404006e-01    -1.671735e+00
9.526136e-01    -1.680507e+00
9.648266e-01    -1.688022e+00
9.770396e-01    -1.694286e+00
9.892526e-01    -1.699313e+00
1.001466e+00    -1.703117e+00
1.013679e+00    -1.705717e+00
1.025892e+00    -1.707137e+00
1.038105e+00    -1.707401e+00
1.050318e+00    -1.706540e+00
1.062531e+00    -1.704585e+00
1.074744e+00    -1.701571e+00
1.086957e+00    -1.697534e+00
1.099169e+00    -1.692513e+00
1.111382e+00    -1.686548e+00
1.123595e+00    -1.679682e+00
1.135808e+00    -1.671958e+00
1.148021e+00    -1.663421e+00
1.160234e+00    -1.654114e+00
1.172447e+00    -1.644085e+00
1.184660e+00    -1.633380e+00
1.196873e+00    -1.622043e+00
1.209086e+00    -1.610123e+00
1.221299e+00    -1.597663e+00
1.233512e+00    -1.584710e+00
1.245725e+00    -1.571309e+00
1.257938e+00    -1.557502e+00
1.270151e+00    -1.543334e+00
1.282364e+00    -1.528845e+00
1.294577e+00    -1.514076e+00
1.306790e+00    -1.499067e+00
1.319003e+00    -1.483855e+00
1.331216e+00    -1.468477e+00
1.343429e+00    -1.452967e+00
1.355642e+00    -1.437358e+00
1.367855e+00    -1.421681e+00
1.380068e+00    -1.405966e+00
1.392281e+00    -1.390239e+00
1.404494e+00    -1.374529e+00
1.416707e+00    -1.358857e+00
1.428920e+00    -1.343247e+00
1.441133e+00    -1.327718e+00
1.453346e+00    -1.312290e+00
1.465559e+00    -1.296978e+00
1.477772e+00    -1.281799e+00
1.489985e+00    -1.266765e+00
1.502198e+00    -1.251889e+00
1.514411e+00    -1.237180e+00
1.526624e+00    -1.222646e+00
1.538837e+00    -1.208296e+00
1.551050e+00    -1.194134e+00
1.563263e+00    -1.180165e+00
1.575476e+00    -1.166393e+00
1.587689e+00    -1.152818e+00
1.599902e+00    -1.139443e+00
1.612115e+00    -1.126266e+00
1.624328e+00    -1.113286e+00
1.636541e+00    -1.100502e+00
1.648754e+00    -1.087911e+00
1.660967e+00    -1.075507e+00
1.673180e+00    -1.063289e+00
1.685393e+00    -1.051250e+00
1.697606e+00    -1.039386e+00
1.709819e+00    -1.027690e+00
1.722032e+00    -1.016158e+00
1.734245e+00    -1.004781e+00
1.746458e+00    -9.935529e-01
1.758671e+00    -9.824679e-01
1.770884e+00    -9.715189e-01
1.783097e+00    -9.606984e-01
1.795310e+00    -9.499999e-01
1.807523e+00    -9.394162e-01
1.819736e+00    -9.289407e-01
1.831949e+00    -9.185663e-01
1.844162e+00    -9.082870e-01
1.856375e+00    -8.980962e-01
1.868588e+00    -8.879877e-01
1.880801e+00    -8.779560e-01
1.893014e+00    -8.679951e-01
1.905227e+00    -8.581004e-01
1.917440e+00    -8.482664e-01
1.929653e+00    -8.384888e-01
1.941866e+00    -8.287633e-01
1.954079e+00    -8.190862e-01
1.966292e+00    -8.094537e-01
1.978505e+00    -7.998630e-01
1.990718e+00    -7.903112e-01
2.002931e+00    -7.807958e-01
2.015144e+00    -7.713148e-01
2.027357e+00    -7.618665e-01
2.039570e+00    -7.524498e-01
2.051783e+00    -7.430633e-01
2.063996e+00    -7.337068e-01
2.076209e+00    -7.243795e-01
2.088422e+00    -7.150813e-01
2.100635e+00    -7.058130e-01
2.112848e+00    -6.965744e-01
2.125061e+00    -6.873668e-01
2.137274e+00    -6.781908e-01
2.149487e+00    -6.690477e-01
2.161700e+00    -6.599389e-01
2.173913e+00    -6.508662e-01
2.186126e+00    -6.418309e-01
2.198339e+00    -6.328351e-01
2.210552e+00    -6.238809e-01
2.222765e+00    -6.149702e-01
2.234978e+00    -6.061055e-01
2.247191e+00    -5.972889e-01
2.259404e+00    -5.885227e-01
2.271617e+00    -5.798094e-01
2.283830e+00    -5.711513e-01
2.296043e+00    -5.625508e-01
2.308256e+00    -5.540105e-01
2.320469e+00    -5.455324e-01
2.332682e+00    -5.371194e-01
2.344895e+00    -5.287734e-01
2.357108e+00    -5.204968e-01
2.369321e+00    -5.122918e-01
2.381534e+00    -5.041606e-01
2.393747e+00    -4.961052e-01
2.405960e+00    -4.881274e-01
2.418173e+00    -4.802293e-01
2.430386e+00    -4.724126e-01
2.442599e+00    -4.646790e-01
2.454812e+00    -4.570298e-01
2.467025e+00    -4.494667e-01
2.479238e+00    -4.419909e-01
2.491451e+00    -4.346036e-01
2.503664e+00    -4.273059e-01
2.515877e+00    -4.200988e-01
2.528090e+00    -4.129830e-01
2.540303e+00    -4.059594e-01
2.552516e+00    -3.990284e-01
2.564729e+00    -3.921907e-01
2.576942e+00    -3.854464e-01
2.589155e+00    -3.787959e-01
2.601368e+00    -3.722394e-01
2.613581e+00    -3.657767e-01
2.625794e+00    -3.594081e-01
2.638007e+00    -3.531332e-01
2.650220e+00    -3.469518e-01
2.662433e+00    -3.408636e-01
2.674646e+00    -3.348681e-01
2.686859e+00    -3.289648e-01
2.699072e+00    -3.231532e-01
2.711285e+00    -3.174326e-01
2.723498e+00    -3.118024e-01
2.735711e+00    -3.062616e-01
2.747924e+00    -3.008096e-01
2.760137e+00    -2.954454e-01
2.772350e+00    -2.901681e-01
2.784563e+00    -2.849768e-01
2.796776e+00    -2.798706e-01
2.808989e+00    -2.748483e-01
2.821202e+00    -2.699090e-01
2.833415e+00    -2.650515e-01
2.845628e+00    -2.602749e-01
2.857841e+00    -2.555781e-01
2.870054e+00    -2.509598e-01
2.882267e+00    -2.464191e-01
2.894480e+00    -2.419549e-01
2.906693e+00    -2.375660e-01
2.918906e+00    -2.332513e-01
2.931119e+00    -2.290097e-01
2.943332e+00    -2.248402e-01
2.955545e+00    -2.207417e-01
2.967758e+00    -2.167132e-01
2.979971e+00    -2.127535e-01
2.992184e+00    -2.088617e-01
3.004397e+00    -2.050368e-01
3.016610e+00    -2.012777e-01
3.028823e+00    -1.975835e-01
3.041036e+00    -1.939532e-01
3.053249e+00    -1.903859e-01
3.065462e+00    -1.868808e-01
3.077675e+00    -1.834368e-01
3.089888e+00    -1.800531e-01
3.102101e+00    -1.767289e-01
3.114314e+00    -1.734634e-01
3.126527e+00    -1.702558e-01
3.138740e+00    -1.671051e-01
3.150953e+00    -1.640108e-01
3.163166e+00    -1.609720e-01
3.175379e+00    -1.579880e-01
3.187592e+00    -1.550581e-01
3.199805e+00    -1.521816e-01
3.212018e+00    -1.493578e-01
3.224231e+00    -1.465860e-01
3.236444e+00    -1.438656e-01
3.248657e+00    -1.411959e-01
3.260870e+00    -1.385763e-01
3.273082e+00    -1.360062e-01
3.285295e+00    -1.334849e-01
3.297508e+00    -1.310119e-01
3.309721e+00    -1.285866e-01
3.321934e+00    -1.262083e-01
3.334147e+00    -1.238765e-01
3.346360e+00    -1.215906e-01
3.358573e+00    -1.193499e-01
3.370786e+00    -1.171540e-01
3.382999e+00    -1.150023e-01
3.395212e+00    -1.128941e-01
3.407425e+00    -1.108290e-01
3.419638e+00    -1.088063e-01
3.431851e+00    -1.068254e-01
3.444064e+00    -1.048858e-01
3.456277e+00    -1.029870e-01
3.468490e+00    -1.011282e-01
3.480703e+00    -9.930908e-02
3.492916e+00    -9.752889e-02
3.505129e+00    -9.578706e-02
3.517342e+00    -9.408307e-02
3.529555e+00    -9.241629e-02
3.541768e+00    -9.078612e-02
3.553981e+00    -8.919198e-02
3.566194e+00    -8.763327e-02
3.578407e+00    -8.610941e-02
3.590620e+00    -8.461978e-02
3.602833e+00    -8.316375e-02
3.615046e+00    -8.174077e-02
3.627259e+00    -8.035020e-02
3.639472e+00    -7.899143e-02
3.651685e+00    -7.766384e-02
3.663898e+00    -7.636684e-02
3.676111e+00    -7.509983e-02
3.688324e+00    -7.386217e-02
3.700537e+00    -7.265327e-02
3.712750e+00    -7.147250e-02
3.724963e+00    -7.031925e-02
3.737176e+00    -6.919295e-02
3.749389e+00    -6.809298e-02
3.761602e+00    -6.701870e-02
3.773815e+00    -6.596956e-02
3.786028e+00    -6.494492e-02
3.798241e+00    -6.394422e-02
3.810454e+00    -6.296687e-02
3.822667e+00    -6.201227e-02
3.834880e+00    -6.107985e-02
3.847093e+00    -6.016906e-02
3.859306e+00    -5.927932e-02
3.871519e+00    -5.841006e-02
3.883732e+00    -5.756074e-02
3.895945e+00    -5.673083e-02
3.908158e+00    -5.591976e-02
3.920371e+00    -5.512702e-02
3.932584e+00    -5.435209e-02
3.944797e+00    -5.359446e-02
3.957010e+00    -5.285363e-02
3.969223e+00    -5.212909e-02
3.981436e+00    -5.142036e-02
3.993649e+00    -5.072698e-02
4.005862e+00    -5.004846e-02
4.018075e+00    -4.938436e-02
4.030288e+00    -4.873421e-02
4.042501e+00    -4.809762e-02
4.054714e+00    -4.747409e-02
4.066927e+00    -4.686327e-02
4.079140e+00    -4.626470e-02
4.091353e+00    -4.567804e-02
4.103566e+00    -4.510283e-02
4.115779e+00    -4.453876e-02
4.127992e+00    -4.398542e-02
4.140205e+00    -4.344247e-02
4.152418e+00    -4.290956e-02
4.164631e+00    -4.238635e-02
4.176844e+00    -4.187251e-02
4.189057e+00    -4.136770e-02
4.201270e+00    -4.087166e-02
4.213483e+00    -4.038406e-02
4.225696e+00    -3.990463e-02
4.237909e+00    -3.943305e-02
4.250122e+00    -3.896909e-02
4.262335e+00    -3.851245e-02
4.274548e+00    -3.806290e-02
4.286761e+00    -3.762018e-02
4.298974e+00    -3.718407e-02
4.311187e+00    -3.675432e-02
4.323400e+00    -3.633073e-02
4.335613e+00    -3.591305e-02
4.347826e+00    -3.550113e-02
4.360039e+00    -3.509470e-02
4.372252e+00    -3.469362e-02
4.384465e+00    -3.429769e-02
4.396678e+00    -3.390673e-02
4.408891e+00    -3.352057e-02
4.421104e+00    -3.313905e-02
4.433317e+00    -3.276199e-02
4.445530e+00    -3.238926e-02
4.457743e+00    -3.202070e-02
4.469956e+00    -3.165618e-02
4.482169e+00    -3.129555e-02
4.494382e+00    -3.093870e-02
4.506595e+00    -3.058549e-02
4.518808e+00    -3.023580e-02
4.531021e+00    -2.988951e-02
4.543234e+00    -2.954653e-02
4.555447e+00    -2.920673e-02
4.567660e+00    -2.887004e-02
4.579873e+00    -2.853634e-02
4.592086e+00    -2.820555e-02
4.604299e+00    -2.787758e-02
4.616512e+00    -2.755235e-02
4.628725e+00    -2.722977e-02
4.640938e+00    -2.690977e-02
4.653151e+00    -2.659229e-02
4.665364e+00    -2.627726e-02
4.677577e+00    -2.596460e-02
4.689790e+00    -2.565427e-02
4.702003e+00    -2.534620e-02
4.714216e+00    -2.504035e-02
4.726429e+00    -2.473664e-02
4.738642e+00    -2.443507e-02
4.750855e+00    -2.413554e-02
4.763068e+00    -2.383807e-02
4.775281e+00    -2.354257e-02
4.787494e+00    -2.324904e-02
4.799707e+00    -2.295742e-02
4.811920e+00    -2.266770e-02
4.824133e+00    -2.237985e-02
4.836346e+00    -2.209383e-02
4.848559e+00    -2.180962e-02
4.860772e+00    -2.152723e-02
4.872985e+00    -2.124660e-02
4.885198e+00    -2.096775e-02
4.897411e+00    -2.069063e-02
4.909624e+00    -2.041527e-02
4.921837e+00    -2.014163e-02
4.934050e+00    -1.986973e-02
4.946263e+00    -1.959953e-02
4.958476e+00    -1.933106e-02
4.970689e+00    -1.906429e-02
4.982902e+00    -1.879925e-02
4.995115e+00    -1.853591e-02
5.007328e+00    -1.827430e-02
5.019541e+00    -1.801441e-02
5.031754e+00    -1.775626e-02
5.043967e+00    -1.749984e-02
5.056180e+00    -1.724518e-02
5.068393e+00    -1.699227e-02
5.080606e+00    -1.674115e-02
5.092819e+00    -1.649179e-02
5.105031e+00    -1.624424e-02
5.117245e+00    -1.599850e-02
5.129457e+00    -1.575458e-02
5.141671e+00    -1.551251e-02
5.153883e+00    -1.527231e-02
5.166097e+00    -1.503397e-02
5.178309e+00    -1.479753e-02
5.190523e+00    -1.456301e-02
5.202735e+00    -1.433043e-02
5.214949e+00    -1.409979e-02
5.227162e+00    -1.387112e-02
5.239375e+00    -1.364446e-02
5.251588e+00    -1.341980e-02
5.263801e+00    -1.319719e-02
5.276014e+00    -1.297662e-02
5.288227e+00    -1.275814e-02
5.300440e+00    -1.254174e-02
5.312653e+00    -1.232747e-02
5.324866e+00    -1.211534e-02
5.337079e+00    -1.190537e-02
5.349292e+00    -1.169757e-02
5.361505e+00    -1.149197e-02
5.373718e+00    -1.128859e-02
5.385931e+00    -1.108745e-02
5.398144e+00    -1.088854e-02
5.410357e+00    -1.069194e-02
5.422570e+00    -1.049762e-02
5.434783e+00    -1.030561e-02
5.446996e+00    -1.011593e-02
5.459208e+00    -9.928583e-03
5.471422e+00    -9.743590e-03
5.483634e+00    -9.560981e-03
5.495848e+00    -9.380741e-03
5.508060e+00    -9.202909e-03
5.520274e+00    -9.027482e-03
5.532486e+00    -8.854475e-03
5.544700e+00    -8.683892e-03
5.556912e+00    -8.515759e-03
5.569126e+00    -8.350059e-03
5.581338e+00    -8.186823e-03
5.593552e+00    -8.026047e-03
5.605764e+00    -7.867730e-03
5.617978e+00    -7.711885e-03
5.630190e+00    -7.558520e-03
5.642404e+00    -7.407618e-03
5.654616e+00    -7.259202e-03
5.666830e+00    -7.113256e-03
5.679042e+00    -6.969798e-03
5.691256e+00    -6.828806e-03
5.703468e+00    -6.690291e-03
5.715682e+00    -6.554244e-03
5.727894e+00    -6.420658e-03
5.740108e+00    -6.289531e-03
5.752320e+00    -6.160863e-03
5.764534e+00    -6.034629e-03
5.776746e+00    -5.910842e-03
5.788960e+00    -5.789473e-03
5.801172e+00    -5.670535e-03
5.813385e+00    -5.553984e-03
5.825598e+00    -5.439835e-03
5.837811e+00    -5.328061e-03
5.850024e+00    -5.218656e-03
5.862237e+00    -5.111603e-03
5.874450e+00    -5.006882e-03
5.886663e+00    -4.904473e-03
5.898876e+00    -4.804353e-03
5.911089e+00    -4.706540e-03
5.923302e+00    -4.610978e-03
5.935515e+00    -4.517655e-03
5.947728e+00    -4.426554e-03
5.959941e+00    -4.337643e-03
5.972154e+00    -4.250917e-03
5.984367e+00    -4.166334e-03
5.996580e+00    -4.083883e-03
6.008793e+00    -4.003533e-03
6.021006e+00    -3.925261e-03
6.033219e+00    -3.849045e-03
6.045432e+00    -3.774840e-03
6.057645e+00    -3.702643e-03
6.069858e+00    -3.632418e-03
6.082071e+00    -3.564129e-03
6.094284e+00    -3.497760e-03
6.106497e+00    -3.433273e-03
6.118710e+00    -3.370642e-03
6.130923e+00    -3.309843e-03
6.143136e+00    -3.250832e-03
6.155349e+00    -3.193584e-03
6.167562e+00    -3.138081e-03
6.179775e+00    -3.084272e-03
6.191988e+00    -3.032136e-03
6.204201e+00    -2.981641e-03
6.216414e+00    -2.932746e-03
6.228627e+00    -2.885431e-03
6.240840e+00    -2.839662e-03
6.253053e+00    -2.795398e-03
6.265266e+00    -2.752605e-03
6.277479e+00    -2.711263e-03
6.289692e+00    -2.671331e-03
6.301905e+00    -2.632776e-03
6.314118e+00    -2.595561e-03
6.326331e+00    -2.559659e-03
6.338544e+00    -2.525031e-03
6.350757e+00    -2.491651e-03
6.362970e+00    -2.459474e-03
6.375183e+00    -2.428474e-03
6.387396e+00    -2.398632e-03
6.399609e+00    -2.369885e-03
6.411822e+00    -2.342220e-03
6.424035e+00    -2.315602e-03
6.436248e+00    -2.289994e-03
6.448461e+00    -2.265364e-03
6.460674e+00    -2.241689e-03
6.472887e+00    -2.218932e-03
6.485100e+00    -2.197052e-03
6.497313e+00    -2.176028e-03
6.509526e+00    -2.155831e-03
6.521739e+00    -2.136426e-03
6.533952e+00    -2.117785e-03
6.546165e+00    -2.099869e-03
6.558378e+00    -2.082659e-03
6.570591e+00    -2.066123e-03
6.582804e+00    -2.050229e-03
6.595017e+00    -2.034958e-03
6.607230e+00    -2.020264e-03
6.619443e+00    -2.006137e-03
6.631656e+00    -1.992537e-03
6.643869e+00    -1.979444e-03
6.656082e+00    -1.966831e-03
6.668295e+00    -1.954671e-03
6.680508e+00    -1.942938e-03
6.692721e+00    -1.931606e-03
6.704934e+00    -1.920651e-03
6.717147e+00    -1.910051e-03
6.729360e+00    -1.899780e-03
6.741573e+00    -1.889815e-03
6.753786e+00    -1.880135e-03
6.765999e+00    -1.870717e-03
6.778212e+00    -1.861539e-03
6.790425e+00    -1.852581e-03
6.802638e+00    -1.843828e-03
6.814851e+00    -1.835249e-03
6.827064e+00    -1.826830e-03
6.839277e+00    -1.818563e-03
6.851490e+00    -1.810413e-03
6.863703e+00    -1.802381e-03
6.875916e+00    -1.794437e-03
6.888129e+00    -1.786564e-03
6.900342e+00    -1.778762e-03
6.912555e+00    -1.770997e-03
6.924768e+00    -1.763272e-03
6.936981e+00    -1.755561e-03
6.949194e+00    -1.747852e-03
6.961407e+00    -1.740144e-03
6.973620e+00    -1.732419e-03
6.985833e+00    -1.724661e-03
6.998046e+00    -1.716857e-03
7.010259e+00    -1.709014e-03
7.022472e+00    -1.701103e-03
7.034685e+00    -1.693126e-03
7.046898e+00    -1.685070e-03
7.059111e+00    -1.676931e-03
7.071324e+00    -1.668699e-03
7.083537e+00    -1.660363e-03
7.095750e+00    -1.651928e-03
7.107963e+00    -1.643382e-03
7.120176e+00    -1.634720e-03
7.132389e+00    -1.625935e-03
7.144602e+00    -1.617022e-03
7.156815e+00    -1.607987e-03
7.169028e+00    -1.598821e-03
7.181241e+00    -1.589519e-03
7.193454e+00    -1.580082e-03
7.205667e+00    -1.570513e-03
7.217880e+00    -1.560799e-03
7.230093e+00    -1.550947e-03
7.242306e+00    -1.540961e-03
7.254519e+00    -1.530838e-03
7.266732e+00    -1.520581e-03
7.278944e+00    -1.510177e-03
7.291158e+00    -1.499646e-03
7.303371e+00    -1.488984e-03
7.315584e+00    -1.478194e-03
7.327797e+00    -1.467271e-03
7.340010e+00    -1.456231e-03
7.352223e+00    -1.445058e-03
7.364436e+00    -1.433781e-03
7.376649e+00    -1.422387e-03
7.388862e+00    -1.410882e-03
7.401075e+00    -1.399303e-03
7.413288e+00    -1.387566e-03
7.425501e+00    -1.375760e-03
7.437714e+00    -1.363875e-03
7.449927e+00    -1.351906e-03
7.462140e+00    -1.339845e-03
7.474353e+00    -1.327717e-03
7.486566e+00    -1.315526e-03
7.498779e+00    -1.303294e-03
7.510992e+00    -1.290968e-03
7.523205e+00    -1.278618e-03
7.535418e+00    -1.266227e-03
7.547631e+00    -1.253802e-03
7.559844e+00    -1.241354e-03
7.572057e+00    -1.228882e-03
7.584270e+00    -1.216404e-03
7.596483e+00    -1.203917e-03
7.608696e+00    -1.191444e-03
7.620909e+00    -1.178976e-03
7.633121e+00    -1.166531e-03
7.645335e+00    -1.154105e-03
7.657547e+00    -1.141723e-03
7.669761e+00    -1.129374e-03
7.681973e+00    -1.117081e-03
7.694187e+00    -1.104844e-03
7.706399e+00    -1.092664e-03
7.718613e+00    -1.080573e-03
7.730825e+00    -1.068551e-03
7.743039e+00    -1.056617e-03
7.755251e+00    -1.044779e-03
7.767465e+00    -1.033035e-03
7.779677e+00    -1.021409e-03
7.791891e+00    -1.009895e-03
7.804103e+00    -9.984974e-04
7.816317e+00    -9.872258e-04
7.828529e+00    -9.760964e-04
7.840743e+00    -9.651029e-04
7.852955e+00    -9.542583e-04
7.865169e+00    -9.435673e-04
7.877381e+00    -9.330308e-04
7.889595e+00    -9.226563e-04
7.901807e+00    -9.124529e-04
7.914021e+00    -9.024283e-04
7.926233e+00    -8.925826e-04
7.938447e+00    -8.829231e-04
7.950659e+00    -8.734617e-04
7.962873e+00    -8.641743e-04
7.975085e+00    -8.550902e-04
7.987298e+00    -8.462142e-04
7.999511e+00    -8.375531e-04
8.011724e+00    -8.290881e-04
8.023937e+00    -8.208408e-04
8.036150e+00    -8.128088e-04
8.048364e+00    -8.050039e-04
8.060576e+00    -7.974156e-04
8.072789e+00    -7.900485e-04
8.085002e+00    -7.829134e-04
8.097216e+00    -7.760005e-04
8.109428e+00    -7.693272e-04
8.121641e+00    -7.628800e-04
8.133854e+00    -7.566655e-04
8.146068e+00    -7.506799e-04
8.158280e+00    -7.449316e-04
8.170493e+00    -7.394186e-04
8.182706e+00    -7.341341e-04
8.194920e+00    -7.290801e-04
8.207132e+00    -7.242629e-04
8.219345e+00    -7.196725e-04
8.231558e+00    -7.153186e-04
8.243772e+00    -7.111904e-04
8.255984e+00    -7.072879e-04
8.268197e+00    -7.036125e-04
8.280410e+00    -7.001554e-04
8.292624e+00    -6.969239e-04
8.304836e+00    -6.939065e-04
8.317049e+00    -6.911047e-04
8.329262e+00    -6.885104e-04
8.341475e+00    -6.861264e-04
8.353688e+00    -6.839469e-04
8.365901e+00    -6.819702e-04
8.378115e+00    -6.801858e-04
8.390327e+00    -6.785982e-04
8.402540e+00    -6.771914e-04
8.414753e+00    -6.759791e-04
8.426967e+00    -6.749386e-04
8.439179e+00    -6.740698e-04
8.451392e+00    -6.733687e-04
8.463605e+00    -6.728316e-04
8.475819e+00    -6.724538e-04
8.488031e+00    -6.722243e-04
8.500244e+00    -6.721333e-04
8.512457e+00    -6.721841e-04
8.524671e+00    -6.723700e-04
8.536883e+00    -6.726699e-04
8.549096e+00    -6.731006e-04
8.561309e+00    -6.736309e-04
8.573523e+00    -6.742690e-04
8.585735e+00    -6.749983e-04
8.597948e+00    -6.758185e-04
8.610161e+00    -6.767271e-04
8.622375e+00    -6.777031e-04
8.634587e+00    -6.787541e-04
8.646800e+00    -6.798551e-04
8.659013e+00    -6.810065e-04
8.671227e+00    -6.822053e-04
8.683439e+00    -6.834403e-04
8.695652e+00    -6.847059e-04
8.707865e+00    -6.859809e-04
8.720078e+00    -6.872740e-04
8.732291e+00    -6.885733e-04
8.744504e+00    -6.898642e-04
8.756717e+00    -6.911445e-04
8.768930e+00    -6.924066e-04
8.781143e+00    -6.936375e-04
8.793356e+00    -6.948276e-04
8.805569e+00    -6.959875e-04
8.817782e+00    -6.970938e-04
8.829995e+00    -6.981357e-04
8.842208e+00    -6.991074e-04
8.854421e+00    -7.000078e-04
8.866634e+00    -7.008197e-04
8.878847e+00    -7.015447e-04
8.891060e+00    -7.021700e-04
8.903273e+00    -7.026945e-04
8.915486e+00    -7.030937e-04
8.927699e+00    -7.033743e-04
8.939912e+00    -7.035288e-04
8.952125e+00    -7.035500e-04
8.964338e+00    -7.034198e-04
8.976551e+00    -7.031444e-04
8.988764e+00    -7.027088e-04
9.000977e+00    -7.021063e-04
9.013190e+00    -7.013408e-04
9.025403e+00    -7.003935e-04
9.037616e+00    -6.992669e-04
9.049829e+00    -6.979415e-04
9.062042e+00    -6.964332e-04
9.074255e+00    -6.947172e-04
9.086468e+00    -6.927981e-04
9.098680e+00    -6.906835e-04
9.110894e+00    -6.883244e-04
9.123107e+00    -6.857558e-04
9.135320e+00    -6.829621e-04
9.147532e+00    -6.799367e-04
9.159746e+00    -6.766848e-04
9.171959e+00    -6.731822e-04
9.184172e+00    -6.694419e-04
9.196384e+00    -6.654558e-04
9.208598e+00    -6.612252e-04
9.220811e+00    -6.567396e-04
9.233024e+00    -6.519982e-04
9.245236e+00    -6.469963e-04
9.257450e+00    -6.417364e-04
9.269663e+00    -6.362126e-04
9.281876e+00    -6.304191e-04
9.294088e+00    -6.243685e-04
9.306302e+00    -6.180400e-04
9.318515e+00    -6.114382e-04
9.330728e+00    -6.045742e-04
9.342940e+00    -5.974381e-04
9.355154e+00    -5.900283e-04
9.367367e+00    -5.823407e-04
9.379580e+00    -5.743828e-04
9.391793e+00    -5.661582e-04
9.404006e+00    -5.576510e-04
9.416219e+00    -5.488783e-04
9.428432e+00    -5.398368e-04
9.440645e+00    -5.305239e-04
9.452858e+00    -5.209447e-04
9.465071e+00    -5.110957e-04
9.477283e+00    -5.009885e-04
9.489497e+00    -4.906111e-04
9.501710e+00    -4.799857e-04
9.513923e+00    -4.691044e-04
9.526135e+00    -4.579672e-04
9.538349e+00    -4.465792e-04
9.550562e+00    -4.349441e-04
9.562775e+00    -4.230688e-04
9.574987e+00    -4.109628e-04
9.587201e+00    -3.986080e-04
9.599414e+00    -3.860174e-04
9.611627e+00    -3.732289e-04
9.623839e+00    -3.601985e-04
9.636053e+00    -3.469613e-04
9.648266e+00    -3.335110e-04
9.660479e+00    -3.198521e-04
9.672691e+00    -3.059984e-04
9.684905e+00    -2.919489e-04
9.697118e+00    -2.777142e-04
9.709331e+00    -2.633045e-04
9.721543e+00    -2.486976e-04
9.733757e+00    -2.339377e-04
9.745970e+00    -2.190080e-04
9.758183e+00    -2.039297e-04
9.770395e+00    -1.886983e-04
9.782609e+00    -1.733278e-04
9.794822e+00    -1.578172e-04
9.807034e+00    -1.421943e-04
9.819247e+00    -1.264509e-04
9.831461e+00    -1.105926e-04
9.843674e+00    -9.463387e-05
9.855886e+00    -7.858060e-05
9.868099e+00    -6.243867e-05
9.880313e+00    -4.622023e-05
9.892526e+00    -2.992852e-05
9.904738e+00    -1.358330e-05
9.916951e+00    2.817724e-06
9.929165e+00    1.926185e-05
9.941378e+00    3.573816e-05
9.953590e+00    5.224573e-05
9.965803e+00    6.876804e-05
9.978017e+00    8.529863e-05
9.990230e+00    1.018266e-04
1.000244e+01    1.183499e-04
1.001466e+01    1.348544e-04
1.002687e+01    1.513306e-04
1.003908e+01    1.677744e-04
1.005129e+01    1.841646e-04
1.006351e+01    2.005071e-04
1.007572e+01    2.167882e-04
1.008793e+01    2.329927e-04
1.010015e+01    2.491070e-04
1.011236e+01    2.651593e-04
1.012457e+01    2.810954e-04
1.013679e+01    2.969282e-04
1.014900e+01    3.126391e-04
1.016121e+01    3.282331e-04
1.017342e+01    3.436897e-04
1.018564e+01    3.589981e-04
1.019785e+01    3.741556e-04
1.021006e+01    3.891678e-04
1.022228e+01    4.040019e-04
1.023449e+01    4.186591e-04
1.024670e+01    4.331319e-04
1.025891e+01    4.474116e-04
1.027113e+01    4.614893e-04
1.028334e+01    4.753619e-04
1.029555e+01    4.890207e-04
1.030777e+01    5.024314e-04
1.031998e+01    5.156383e-04
1.033219e+01    5.285859e-04
1.034441e+01    5.412943e-04
1.035662e+01    5.537484e-04
1.036883e+01    5.659404e-04
1.038105e+01    5.778658e-04
1.039326e+01    5.895119e-04
1.040547e+01    6.008817e-04
1.041768e+01    6.119653e-04
1.042990e+01    6.227537e-04
1.044211e+01    6.332413e-04
1.045432e+01    6.434288e-04
1.046654e+01    6.533015e-04
1.047875e+01    6.628591e-04
1.049096e+01    6.720944e-04
1.050318e+01    6.810137e-04
1.051539e+01    6.895875e-04
1.052760e+01    6.978299e-04
1.053981e+01    7.057330e-04
1.055203e+01    7.132933e-04
1.056424e+01    7.205016e-04
1.057645e+01    7.273675e-04
1.058867e+01    7.338726e-04
1.060088e+01    7.400175e-04
1.061309e+01    7.457942e-04
1.062531e+01    7.512167e-04
1.063752e+01    7.562651e-04
1.064973e+01    7.609441e-04
1.066194e+01    7.652549e-04
1.067416e+01    7.691898e-04
1.068637e+01    7.727461e-04
1.069858e+01    7.759213e-04
1.071080e+01    7.787297e-04
1.072301e+01    7.811519e-04
1.073522e+01    7.831961e-04
1.074744e+01    7.848588e-04
1.075965e+01    7.861349e-04
1.077186e+01    7.870384e-04
1.078407e+01    7.875546e-04
1.079629e+01    7.876959e-04
1.080850e+01    7.874501e-04
1.082071e+01    7.868316e-04
1.083293e+01    7.858289e-04
1.084514e+01    7.844515e-04
1.085735e+01    7.827040e-04
1.086957e+01    7.805778e-04
1.088178e+01    7.780825e-04
1.089399e+01    7.752193e-04
1.090620e+01    7.719875e-04
1.091842e+01    7.683903e-04
1.093063e+01    7.644346e-04
1.094284e+01    7.601132e-04
1.095506e+01    7.554443e-04
1.096727e+01    7.504157e-04
1.097948e+01    7.450510e-04
1.099170e+01    7.393326e-04
1.100391e+01    7.332704e-04
1.101612e+01    7.268839e-04
1.102833e+01    7.201593e-04
1.104055e+01    7.131030e-04
1.105276e+01    7.057315e-04
1.106497e+01    6.980381e-04
1.107719e+01    6.900334e-04
1.108940e+01    6.817197e-04
1.110161e+01    6.731022e-04
1.111382e+01    6.642006e-04
1.112604e+01    6.550000e-04
1.113825e+01    6.455199e-04
1.115046e+01    6.357566e-04
1.116268e+01    6.257217e-04
1.117489e+01    6.154301e-04
1.118710e+01    6.048769e-04
1.119932e+01    5.940672e-04
1.121153e+01    5.830061e-04
1.122374e+01    5.717205e-04
1.123596e+01    5.601992e-04
1.124817e+01    5.484539e-04
1.126038e+01    5.364874e-04
1.127259e+01    5.243216e-04
1.128481e+01    5.119470e-04
1.129702e+01    4.993771e-04
1.130923e+01    4.866261e-04
1.132145e+01    4.736875e-04
1.133366e+01    4.605842e-04
1.134587e+01    4.473176e-04
1.135808e+01    4.338921e-04
1.137030e+01    4.203164e-04
1.138251e+01    4.066016e-04
1.139472e+01    3.927597e-04
1.140694e+01    3.787907e-04
1.141915e+01    3.647040e-04
1.143136e+01    3.505052e-04
1.144358e+01    3.362104e-04
1.145579e+01    3.218256e-04
1.146800e+01    3.073569e-04
1.148022e+01    2.928137e-04
1.149243e+01    2.782041e-04
1.150464e+01    2.635278e-04
1.151685e+01    2.488074e-04
1.152907e+01    2.340391e-04
1.154128e+01    2.192399e-04
1.155349e+01    2.044140e-04
1.156571e+01    1.895662e-04
1.157792e+01    1.747136e-04
1.159013e+01    1.598574e-04
1.160234e+01    1.450132e-04
1.161456e+01    1.301680e-04
1.162677e+01    1.153550e-04
1.163898e+01    1.005659e-04
1.165120e+01    8.582128e-05
1.166341e+01    7.111172e-05
1.167562e+01    5.645859e-05
1.168784e+01    4.185951e-05
1.170005e+01    2.734142e-05
1.171226e+01    1.288867e-05
1.172447e+01    -1.483775e-06
1.173669e+01    -1.577102e-05
1.174890e+01    -2.995642e-05
1.176111e+01    -4.403982e-05
1.177333e+01    -5.802000e-05
1.178554e+01    -7.187884e-05
1.179775e+01    -8.561554e-05
1.180997e+01    -9.922974e-05
1.182218e+01    -1.126968e-04
1.183439e+01    -1.260322e-04
1.184660e+01    -1.392167e-04
1.185882e+01    -1.522469e-04
1.187103e+01    -1.651163e-04
1.188324e+01    -1.778242e-04
1.189546e+01    -1.903620e-04
1.190767e+01    -2.027233e-04
1.191988e+01    -2.149025e-04
1.193210e+01    -2.268966e-04
1.194431e+01    -2.386953e-04
1.195652e+01    -2.503006e-04
1.196873e+01    -2.617029e-04
1.198095e+01    -2.729053e-04
1.199316e+01    -2.838863e-04
1.200537e+01    -2.946690e-04
1.201759e+01    -3.052238e-04
1.202980e+01    -3.155586e-04
1.204201e+01    -3.256734e-04
1.205423e+01    -3.355565e-04
1.206644e+01    -3.452082e-04
1.207865e+01    -3.546189e-04
1.209086e+01    -3.637928e-04
1.210308e+01    -3.727190e-04
1.211529e+01    -3.814198e-04
1.212750e+01    -3.898679e-04
1.213972e+01    -3.980639e-04
1.215193e+01    -4.060083e-04
1.216414e+01    -4.137048e-04
1.217636e+01    -4.211405e-04
1.218857e+01    -4.283273e-04
1.220078e+01    -4.352555e-04
1.221299e+01    -4.419197e-04
1.222521e+01    -4.483214e-04
1.223742e+01    -4.544661e-04
1.224963e+01    -4.603543e-04
1.226185e+01    -4.659719e-04
1.227406e+01    -4.713288e-04
1.228627e+01    -4.764219e-04
1.229849e+01    -4.812565e-04
1.231070e+01    -4.858191e-04
1.232291e+01    -4.901259e-04
1.233512e+01    -4.941639e-04
1.234734e+01    -4.979378e-04
1.235955e+01    -5.014584e-04
1.237176e+01    -5.047116e-04
1.238398e+01    -5.077058e-04
1.239619e+01    -5.104412e-04
1.240840e+01    -5.129174e-04
1.242062e+01    -5.151352e-04
1.243283e+01    -5.170927e-04
1.244504e+01    -5.188120e-04
1.245725e+01    -5.202700e-04
1.246947e+01    -5.214784e-04
1.248168e+01    -5.224426e-04
1.249389e+01    -5.231496e-04
1.250611e+01    -5.236327e-04
1.251832e+01    -5.238651e-04
1.253053e+01    -5.238610e-04
1.254275e+01    -5.236240e-04
1.255496e+01    -5.231500e-04
1.256717e+01    -5.224511e-04
1.257938e+01    -5.215181e-04
1.259160e+01    -5.203695e-04
1.260381e+01    -5.190093e-04
1.261602e+01    -5.174082e-04
1.262824e+01    -5.156044e-04
1.264045e+01    -5.135911e-04
1.265266e+01    -5.113723e-04
1.266488e+01    -5.089504e-04
1.267709e+01    -5.063281e-04
1.268930e+01    -5.035175e-04
1.270151e+01    -5.005146e-04
1.271373e+01    -4.973125e-04
1.272594e+01    -4.939368e-04
1.273815e+01    -4.903803e-04
1.275037e+01    -4.866429e-04
1.276258e+01    -4.827462e-04
1.277479e+01    -4.786811e-04
1.278701e+01    -4.744489e-04
1.279922e+01    -4.700572e-04
1.281143e+01    -4.655238e-04
1.282364e+01    -4.608315e-04
1.283586e+01    -4.560037e-04
1.284807e+01    -4.510272e-04
1.286028e+01    -4.459207e-04
1.287250e+01    -4.406842e-04
1.288471e+01    -4.353198e-04
1.289692e+01    -4.298388e-04
1.290914e+01    -4.242314e-04
1.292135e+01    -4.185307e-04
1.293356e+01    -4.127100e-04
1.294577e+01    -4.067945e-04
1.295799e+01    -4.007721e-04
1.297020e+01    -3.946606e-04
1.298241e+01    -3.884656e-04
1.299463e+01    -3.821798e-04
1.300684e+01    -3.758215e-04
1.301905e+01    -3.693887e-04
1.303127e+01    -3.628861e-04
1.304348e+01    -3.563156e-04
1.305569e+01    -3.496906e-04
1.306790e+01    -3.430051e-04
1.308012e+01    -3.362710e-04
1.309233e+01    -3.294889e-04
1.310454e+01    -3.226621e-04
1.311676e+01    -3.158028e-04
1.312897e+01    -3.089036e-04
1.314118e+01    -3.019841e-04
1.315340e+01    -2.950324e-04
1.316561e+01    -2.880615e-04
1.317782e+01    -2.810803e-04
1.319003e+01    -2.740824e-04
1.320225e+01    -2.670848e-04
1.321446e+01    -2.600635e-04
1.322667e+01    -2.530561e-04
1.323889e+01    -2.460522e-04
1.325110e+01    -2.390585e-04
1.326331e+01    -2.320678e-04
1.327553e+01    -2.250975e-04
1.328774e+01    -2.181474e-04
1.329995e+01    -2.112262e-04
1.331216e+01    -2.043141e-04
1.332438e+01    -1.974404e-04
1.333659e+01    -1.906020e-04
1.334880e+01    -1.837958e-04
1.336102e+01    -1.770317e-04
1.337323e+01    -1.703087e-04
1.338544e+01    -1.636330e-04
1.339766e+01    -1.570040e-04
1.340987e+01    -1.504106e-04
1.342208e+01    -1.438979e-04
1.343429e+01    -1.374282e-04
1.344651e+01    -1.310240e-04
1.345872e+01    -1.246766e-04
1.347093e+01    -1.183934e-04
1.348315e+01    -1.121811e-04
1.349536e+01    -1.060312e-04
1.350757e+01    -9.995665e-05
1.351978e+01    -9.394803e-05
1.353200e+01    -8.802432e-05
1.354421e+01    -8.216599e-05
1.355642e+01    -7.639968e-05
1.356864e+01    -7.070186e-05
1.358085e+01    -6.509876e-05
1.359306e+01    -5.957254e-05
1.360528e+01    -5.412920e-05
1.361749e+01    -4.877283e-05
1.362970e+01    -4.350739e-05
1.364192e+01    -3.833025e-05
1.365413e+01    -3.323741e-05
1.366634e+01    -2.823799e-05
1.367855e+01    -2.333584e-05
1.369077e+01    -1.851725e-05
1.370298e+01    -1.379598e-05
1.371519e+01    -9.178519e-06
1.372741e+01    -4.645754e-06
1.373962e+01    -2.056731e-07
1.375183e+01    4.131369e-06
1.376404e+01    8.379251e-06
1.377626e+01    1.252916e-05
1.378847e+01    1.658039e-05
1.380068e+01    2.053781e-05
1.381290e+01    2.439667e-05
1.382511e+01    2.816052e-05
1.383732e+01    3.183165e-05
1.384954e+01    3.539986e-05
1.386175e+01    3.888262e-05
1.387396e+01    4.226304e-05
1.388618e+01    4.554731e-05
1.389839e+01    4.873939e-05
1.391060e+01    5.184008e-05
1.392281e+01    5.484974e-05
1.393503e+01    5.776184e-05
1.394724e+01    6.058167e-05
1.395945e+01    6.331599e-05
1.397167e+01    6.595712e-05
1.398388e+01    6.850776e-05
1.399609e+01    7.095857e-05
1.400830e+01    7.334883e-05
1.402052e+01    7.564198e-05
1.403273e+01    7.784761e-05
1.404494e+01    7.996919e-05
1.405716e+01    8.200844e-05
1.406937e+01    8.396951e-05
1.408158e+01    8.585213e-05
1.409380e+01    8.764841e-05
1.410601e+01    8.937904e-05
1.411822e+01    9.102372e-05
1.413043e+01    9.260188e-05
1.414265e+01    9.410248e-05
1.415486e+01    9.553366e-05
1.416707e+01    9.689643e-05
1.417929e+01    9.819199e-05
1.419150e+01    9.942916e-05
1.420371e+01    1.005757e-04
1.421593e+01    1.016773e-04
1.422814e+01    1.027182e-04
1.424035e+01    1.036917e-04
1.425256e+01    1.046108e-04
1.426478e+01    1.054701e-04
1.427699e+01    1.062831e-04
1.428920e+01    1.070373e-04
1.430142e+01    1.077303e-04
1.431363e+01    1.083943e-04
1.432584e+01    1.090049e-04
1.433806e+01    1.095626e-04
1.435027e+01    1.100747e-04
1.436248e+01    1.105476e-04
1.437469e+01    1.109828e-04
1.438691e+01    1.113758e-04
1.439912e+01    1.117322e-04
1.441133e+01    1.120491e-04
1.442355e+01    1.123357e-04
1.443576e+01    1.125882e-04
1.444797e+01    1.128112e-04
1.446019e+01    1.130047e-04
1.447240e+01    1.131717e-04
1.448461e+01    1.133125e-04
1.449682e+01    1.134382e-04
1.450904e+01    1.135256e-04
1.452125e+01    1.135969e-04
1.453346e+01    1.136506e-04
1.454568e+01    1.136909e-04
1.455789e+01    1.137072e-04
1.457010e+01    1.137070e-04
1.458232e+01    1.137057e-04
1.459453e+01    1.136816e-04
1.460674e+01    1.136505e-04
1.461895e+01    1.136123e-04
1.463117e+01    1.135618e-04
1.464338e+01    1.135061e-04
1.465559e+01    1.134452e-04
1.466781e+01    1.133820e-04
1.468002e+01    1.133103e-04
1.469223e+01    1.132472e-04
1.470445e+01    1.131740e-04
1.471666e+01    1.131004e-04
1.472887e+01    1.130320e-04
1.474109e+01    1.129686e-04
1.475330e+01    1.129037e-04
1.476551e+01    1.128516e-04
1.477772e+01    1.127973e-04
1.478994e+01    1.127483e-04
1.480215e+01    1.127149e-04
1.481436e+01    1.126800e-04
1.482658e+01    1.126615e-04
1.483879e+01    1.126494e-04
1.485100e+01    1.126484e-04
1.486321e+01    1.126550e-04
1.487543e+01    1.126767e-04
1.488764e+01    1.127075e-04
1.489985e+01    1.127536e-04
1.491207e+01    1.128153e-04
1.492428e+01    1.128830e-04
1.493649e+01    1.129614e-04
1.494871e+01    1.130648e-04
1.496092e+01    1.131725e-04
1.497313e+01    1.133011e-04
1.498534e+01    1.134419e-04
1.499756e+01    1.136018e-04
1.500977e+01    1.137667e-04
1.502198e+01    1.139564e-04
1.503420e+01    1.141554e-04
1.504641e+01    1.143702e-04
1.505862e+01    1.146014e-04
1.507084e+01    1.148493e-04
1.508305e+01    1.151101e-04
1.509526e+01    1.153858e-04
1.510747e+01    1.156806e-04
1.511969e+01    1.159849e-04
1.513190e+01    1.163008e-04
1.514411e+01    1.166357e-04
1.515633e+01    1.169823e-04
1.516854e+01    1.173516e-04
1.518075e+01    1.177259e-04
1.519297e+01    1.181108e-04
1.520518e+01    1.185112e-04
1.521739e+01    1.189240e-04
1.522960e+01    1.193509e-04
1.524182e+01    1.197874e-04
1.525403e+01    1.202312e-04
1.526624e+01    1.206873e-04
1.527846e+01    1.211579e-04
1.529067e+01    1.216318e-04
1.530288e+01    1.221150e-04
1.531509e+01    1.226048e-04
1.532731e+01    1.231077e-04
1.533952e+01    1.236119e-04
1.535173e+01    1.241244e-04
1.536395e+01    1.246381e-04
1.537616e+01    1.251563e-04
1.538837e+01    1.256829e-04
1.540059e+01    1.262067e-04
1.541280e+01    1.267398e-04
1.542501e+01    1.272637e-04
1.543723e+01    1.277954e-04
1.544944e+01    1.283268e-04
1.546165e+01    1.288524e-04
1.547386e+01    1.293768e-04
1.548608e+01    1.299027e-04
1.549829e+01    1.304404e-04
1.551050e+01    1.309375e-04
1.552272e+01    1.314516e-04
1.553493e+01    1.319534e-04
1.554714e+01    1.324565e-04
1.555935e+01    1.329474e-04
1.557157e+01    1.334286e-04
1.558378e+01    1.339030e-04
1.559599e+01    1.343695e-04
1.560821e+01    1.348178e-04
1.562042e+01    1.352585e-04
1.563263e+01    1.356941e-04
1.564485e+01    1.361074e-04
1.565706e+01    1.365095e-04
1.566927e+01    1.368956e-04
1.568149e+01    1.372665e-04
1.569370e+01    1.376144e-04
1.570591e+01    1.379598e-04
1.571812e+01    1.382682e-04
1.573034e+01    1.385793e-04
1.574255e+01    1.388571e-04
1.575476e+01    1.391195e-04
1.576698e+01    1.393623e-04
1.577919e+01    1.395764e-04
1.579140e+01    1.397717e-04
1.580362e+01    1.399448e-04
1.581583e+01    1.400927e-04
1.582804e+01    1.402158e-04
1.584025e+01    1.403191e-04
1.585247e+01    1.403903e-04
1.586468e+01    1.404391e-04
1.587689e+01    1.404595e-04
1.588911e+01    1.404575e-04
1.590132e+01    1.404193e-04
1.591353e+01    1.403585e-04
1.592575e+01    1.402693e-04
1.593796e+01    1.401512e-04
1.595017e+01    1.399981e-04
1.596238e+01    1.398243e-04
1.597460e+01    1.396176e-04
1.598681e+01    1.393768e-04
1.599902e+01    1.391109e-04
1.601124e+01    1.388071e-04
1.602345e+01    1.384769e-04
1.603566e+01    1.381078e-04
1.604787e+01    1.377166e-04
1.606009e+01    1.372894e-04
1.607230e+01    1.368263e-04
1.608451e+01    1.363316e-04
1.609673e+01    1.358011e-04
1.610894e+01    1.352367e-04
1.612115e+01    1.346489e-04
1.613337e+01    1.340220e-04
1.614558e+01    1.333644e-04
1.615779e+01    1.326687e-04
1.617001e+01    1.319439e-04
1.618222e+01    1.311800e-04
1.619443e+01    1.303835e-04
1.620664e+01    1.295609e-04
1.621886e+01    1.286993e-04
1.623107e+01    1.278055e-04
1.624328e+01    1.268789e-04
1.625550e+01    1.259192e-04
1.626771e+01    1.249219e-04
1.627992e+01    1.239040e-04
1.629214e+01    1.228472e-04
1.630435e+01    1.217494e-04
1.631656e+01    1.206398e-04
1.632877e+01    1.194890e-04
1.634099e+01    1.183100e-04
1.635320e+01    1.170945e-04
1.636541e+01    1.158567e-04
1.637763e+01    1.145833e-04
1.638984e+01    1.132865e-04
1.640205e+01    1.119511e-04
1.641426e+01    1.105964e-04
1.642648e+01    1.092056e-04
1.643869e+01    1.077894e-04
1.645090e+01    1.063495e-04
1.646312e+01    1.048769e-04
1.647533e+01    1.033807e-04
1.648754e+01    1.018570e-04
1.649976e+01    1.003120e-04
1.651197e+01    9.873843e-05
1.652418e+01    9.713777e-05
1.653639e+01    9.551560e-05
1.654861e+01    9.387161e-05
1.656082e+01    9.220249e-05
1.657303e+01    9.051261e-05
1.658525e+01    8.879945e-05
1.659746e+01    8.707571e-05
1.660967e+01    8.531491e-05
1.662189e+01    8.354473e-05
1.663410e+01    8.175128e-05
1.664631e+01    7.994541e-05
1.665853e+01    7.812211e-05
1.667074e+01    7.627501e-05
1.668295e+01    7.441211e-05
1.669516e+01    7.254106e-05
1.670738e+01    7.064681e-05
1.671959e+01    6.874016e-05
1.673180e+01    6.682306e-05
1.674402e+01    6.489309e-05
1.675623e+01    6.295164e-05
1.676844e+01    6.099386e-05
1.678065e+01    5.902605e-05
1.679287e+01    5.705361e-05
1.680508e+01    5.505951e-05
1.681729e+01    5.307457e-05
1.682951e+01    5.107277e-05
1.684172e+01    4.906247e-05
1.685393e+01    4.704350e-05
1.686615e+01    4.502208e-05
1.687836e+01    4.299228e-05
1.689057e+01    4.095079e-05
1.690278e+01    3.891809e-05
1.691500e+01    3.687879e-05
1.692721e+01    3.483273e-05
1.693942e+01    3.277890e-05
1.695164e+01    3.073344e-05
1.696385e+01    2.868568e-05
1.697606e+01    2.663778e-05
1.698828e+01    2.457957e-05
1.700049e+01    2.253468e-05
1.701270e+01    2.047882e-05
1.702491e+01    1.843627e-05
1.703713e+01    1.638888e-05
1.704934e+01    1.434734e-05
1.706155e+01    1.230779e-05
1.707377e+01    1.027839e-05
1.708598e+01    8.247829e-06
1.709819e+01    6.213701e-06
1.711040e+01    4.208812e-06
1.712262e+01    2.195240e-06
1.713483e+01    1.892349e-07
1.714705e+01    -1.809522e-06
1.715926e+01    -3.795565e-06
1.717147e+01    -5.776932e-06
1.718368e+01    -7.753999e-06
1.719590e+01    -9.726125e-06
1.720811e+01    -1.167676e-05
1.722032e+01    -1.361909e-05
1.723254e+01    -1.555702e-05
1.724475e+01    -1.748373e-05
1.725696e+01    -1.939755e-05
1.726917e+01    -2.130050e-05
1.728139e+01    -2.319827e-05
1.729360e+01    -2.507912e-05
1.730581e+01    -2.693699e-05
1.731803e+01    -2.880572e-05
1.733024e+01    -3.065451e-05
1.734245e+01    -3.248556e-05
1.735467e+01    -3.430486e-05
1.736688e+01    -3.611628e-05
1.737909e+01    -3.790560e-05
1.739130e+01    -3.968408e-05
1.740352e+01    -4.144450e-05
1.741573e+01    -4.320419e-05
1.742794e+01    -4.494071e-05
1.744016e+01    -4.665827e-05
1.745237e+01    -4.837089e-05
1.746458e+01    -5.006401e-05
1.747680e+01    -5.174548e-05
1.748901e+01    -5.340889e-05
1.750122e+01    -5.505863e-05
1.751343e+01    -5.668900e-05
1.752565e+01    -5.830512e-05
1.753786e+01    -5.990744e-05
1.755007e+01    -6.149939e-05
1.756229e+01    -6.306483e-05
1.757450e+01    -6.461766e-05
1.758671e+01    -6.616398e-05
1.759892e+01    -6.769334e-05
1.761114e+01    -6.919935e-05
1.762335e+01    -7.069620e-05
1.763556e+01    -7.217981e-05
1.764778e+01    -7.363921e-05
1.765999e+01    -7.509207e-05
1.767220e+01    -7.652640e-05
1.768442e+01    -7.794186e-05
1.769663e+01    -7.934020e-05
1.770884e+01    -8.073621e-05
1.772106e+01    -8.211982e-05
1.773327e+01    -8.346483e-05
1.774548e+01    -8.481174e-05
1.775769e+01    -8.613143e-05
1.776991e+01    -8.745017e-05
1.778212e+01    -8.874859e-05
1.779433e+01    -9.002544e-05
1.780655e+01    -9.129727e-05
1.781876e+01    -9.254929e-05
1.783097e+01    -9.378497e-05
1.784319e+01    -9.500682e-05
1.785540e+01    -9.621064e-05
1.786761e+01    -9.741129e-05
1.787982e+01    -9.858115e-05
1.789204e+01    -9.974600e-05
1.790425e+01    -1.008942e-04
1.791646e+01    -1.020303e-04
1.792868e+01    -1.031502e-04
1.794089e+01    -1.042564e-04
1.795310e+01    -1.053455e-04
1.796531e+01    -1.064238e-04
1.797753e+01    -1.074852e-04
1.798974e+01    -1.085340e-04
1.800196e+01    -1.095674e-04
1.801417e+01    -1.105913e-04
1.802638e+01    -1.115962e-04
1.803859e+01    -1.125912e-04
1.805081e+01    -1.135704e-04
1.806302e+01    -1.145425e-04
1.807523e+01    -1.154890e-04
1.808744e+01    -1.164223e-04
1.809966e+01    -1.173460e-04
1.811187e+01    -1.182621e-04
1.812408e+01    -1.191518e-04
1.813630e+01    -1.200301e-04
1.814851e+01    -1.208961e-04
1.816072e+01    -1.217525e-04
1.817294e+01    -1.225895e-04
1.818515e+01    -1.234115e-04
1.819736e+01    -1.242178e-04
1.820958e+01    -1.250122e-04
1.822179e+01    -1.257915e-04
1.823400e+01    -1.265508e-04
1.824621e+01    -1.273029e-04
1.825843e+01    -1.280388e-04
1.827064e+01    -1.287489e-04
1.828285e+01    -1.294567e-04
1.829507e+01    -1.301525e-04
1.830728e+01    -1.308184e-04
1.831949e+01    -1.314698e-04
1.833171e+01    -1.321079e-04
1.834392e+01    -1.327327e-04
1.835613e+01    -1.333385e-04
1.836834e+01    -1.339333e-04
1.838056e+01    -1.344973e-04
1.839277e+01    -1.350565e-04
1.840498e+01    -1.355943e-04
1.841720e+01    -1.361226e-04
1.842941e+01    -1.366253e-04
1.844162e+01    -1.371086e-04
1.845383e+01    -1.375804e-04
1.846605e+01    -1.380321e-04
1.847826e+01    -1.384611e-04
1.849047e+01    -1.388713e-04
1.850269e+01    -1.392817e-04
1.851490e+01    -1.396373e-04
1.852711e+01    -1.399914e-04
1.853933e+01    -1.403220e-04
1.855154e+01    -1.406290e-04
1.856375e+01    -1.409221e-04
1.857596e+01    -1.411921e-04
1.858818e+01    -1.414373e-04
1.860039e+01    -1.416595e-04
1.861260e+01    -1.418579e-04
1.862482e+01    -1.420405e-04
1.863703e+01    -1.421856e-04
1.864924e+01    -1.423183e-04
1.866146e+01    -1.424231e-04
1.867367e+01    -1.425069e-04
1.868588e+01    -1.425651e-04
1.869810e+01    -1.425947e-04
1.871031e+01    -1.425948e-04
1.872252e+01    -1.425768e-04
1.873473e+01    -1.425262e-04
1.874695e+01    -1.424539e-04
1.875916e+01    -1.423523e-04
1.877137e+01    -1.422199e-04
1.878359e+01    -1.420653e-04
1.879580e+01    -1.418809e-04
1.880801e+01    -1.416678e-04
1.882022e+01    -1.414237e-04
1.883244e+01    -1.411424e-04
1.884465e+01    -1.408431e-04
1.885686e+01    -1.405071e-04
1.886908e+01    -1.401444e-04
1.888129e+01    -1.397500e-04
1.889350e+01    -1.393141e-04
1.890572e+01    -1.388537e-04
1.891793e+01    -1.383673e-04
1.893014e+01    -1.378448e-04
1.894235e+01    -1.372795e-04
1.895457e+01    -1.366886e-04
1.896678e+01    -1.360644e-04
1.897899e+01    -1.354055e-04
1.899121e+01    -1.347088e-04
1.900342e+01    -1.339694e-04
1.901563e+01    -1.332134e-04
1.902785e+01    -1.324173e-04
1.904006e+01    -1.315761e-04
1.905227e+01    -1.307058e-04
1.906449e+01    -1.297973e-04
1.907670e+01    -1.288538e-04
1.908891e+01    -1.278734e-04
1.910112e+01    -1.268541e-04
1.911334e+01    -1.257909e-04
1.912555e+01    -1.247081e-04
1.913776e+01    -1.235770e-04
1.914997e+01    -1.224086e-04
1.916219e+01    -1.212060e-04
1.917440e+01    -1.199585e-04
1.918661e+01    -1.186777e-04
1.919883e+01    -1.173636e-04
1.921104e+01    -1.160074e-04
1.922325e+01    -1.146086e-04
1.923547e+01    -1.131746e-04
1.924768e+01    -1.117052e-04
1.925989e+01    -1.101969e-04
1.927211e+01    -1.086469e-04
1.928432e+01    -1.070679e-04
1.929653e+01    -1.054369e-04
1.930874e+01    -1.037708e-04
1.932096e+01    -1.020746e-04
1.933317e+01    -1.003351e-04
1.934538e+01    -9.856583e-05
1.935760e+01    -9.674928e-05
1.936981e+01    -9.489921e-05
1.938202e+01    -9.301701e-05
1.939424e+01    -9.109173e-05
1.940645e+01    -8.912850e-05
1.941866e+01    -8.712686e-05
1.943087e+01    -8.510018e-05
1.944309e+01    -8.303358e-05
1.945530e+01    -8.093345e-05
1.946751e+01    -7.879338e-05
1.947973e+01    -7.661758e-05
1.949194e+01    -7.441430e-05
1.950415e+01    -7.217075e-05
1.951637e+01    -6.990239e-05
1.952858e+01    -6.760156e-05
1.954079e+01    -6.526464e-05
1.955301e+01    -6.289931e-05
1.956522e+01    -6.049697e-05
1.957743e+01    -5.807122e-05
1.958964e+01    -5.561626e-05
1.960186e+01    -5.312928e-05
1.961407e+01    -5.061692e-05
1.962628e+01    -4.807347e-05
1.963849e+01    -4.550791e-05
1.965071e+01    -4.290417e-05
1.966292e+01    -4.028995e-05
1.967513e+01    -3.764615e-05
1.968735e+01    -3.497617e-05
1.969956e+01    -3.229058e-05
1.971177e+01    -2.957869e-05
1.972399e+01    -2.683606e-05
1.973620e+01    -2.409355e-05
1.974841e+01    -2.131780e-05
1.976063e+01    -1.852377e-05
1.977284e+01    -1.572235e-05
1.978505e+01    -1.289818e-05
1.979726e+01    -1.005089e-05
1.980948e+01    -7.207331e-06
1.982169e+01    -4.342815e-06
1.983390e+01    -1.463108e-06
1.984612e+01    1.426262e-06
1.985833e+01    4.326517e-06
1.987054e+01    7.237191e-06
1.988276e+01    1.015019e-05
1.989497e+01    1.308543e-05
1.990718e+01    1.599861e-05
1.991939e+01    1.892599e-05
1.993161e+01    2.186466e-05
1.994382e+01    2.479472e-05
1.995603e+01    2.772879e-05
1.996825e+01    3.065605e-05
1.998046e+01    3.358995e-05
1.999267e+01    3.651693e-05
2.000488e+01    3.942789e-05
2.001710e+01    4.235079e-05
2.002931e+01    4.527188e-05
2.004152e+01    4.815741e-05
2.005374e+01    5.104725e-05
2.006595e+01    5.393266e-05
2.007816e+01    5.679135e-05
2.009038e+01    5.963864e-05
2.010259e+01    6.246875e-05
2.011480e+01    6.530364e-05
2.012702e+01    6.809225e-05
2.013923e+01    7.087173e-05
2.015144e+01    7.363217e-05
2.016365e+01    7.636921e-05
2.017587e+01    7.907892e-05
2.018808e+01    8.176980e-05
2.020029e+01    8.442687e-05
2.021251e+01    8.706492e-05
2.022472e+01    8.967024e-05
2.023693e+01    9.223999e-05
2.024915e+01    9.477840e-05
2.026136e+01    9.729055e-05
2.027357e+01    9.976441e-05
2.028578e+01    1.022014e-04
2.029800e+01    1.045986e-04
2.031021e+01    1.069574e-04
2.032242e+01    1.092828e-04
2.033464e+01    1.115650e-04
2.034685e+01    1.137968e-04
2.035906e+01    1.159922e-04
2.037127e+01    1.181431e-04
2.038349e+01    1.202416e-04
2.039570e+01    1.222840e-04
2.040791e+01    1.243039e-04
2.042013e+01    1.262538e-04
2.043234e+01    1.281546e-04
2.044455e+01    1.300107e-04
2.045677e+01    1.318047e-04
2.046898e+01    1.335414e-04
2.048119e+01    1.352358e-04
2.049340e+01    1.368653e-04
2.050562e+01    1.384207e-04
2.051783e+01    1.399490e-04
2.053004e+01    1.414004e-04
2.054226e+01    1.427938e-04
2.055447e+01    1.441193e-04
2.056668e+01    1.453904e-04
2.057890e+01    1.465888e-04
2.059111e+01    1.477297e-04
2.060332e+01    1.488077e-04
2.061554e+01    1.498026e-04
2.062775e+01    1.507378e-04
2.063996e+01    1.516070e-04
2.065217e+01    1.524087e-04
2.066439e+01    1.531466e-04
2.067660e+01    1.537950e-04
2.068881e+01    1.543853e-04
2.070103e+01    1.549102e-04
2.071324e+01    1.553488e-04
2.072545e+01    1.557232e-04
2.073767e+01    1.560253e-04
2.074988e+01    1.562499e-04
2.076209e+01    1.564008e-04
2.077430e+01    1.564753e-04
2.078652e+01    1.564753e-04
2.079873e+01    1.563914e-04
2.081094e+01    1.562456e-04
2.082316e+01    1.560164e-04
2.083537e+01    1.557157e-04
2.084758e+01    1.553391e-04
2.085979e+01    1.548773e-04
2.087201e+01    1.543450e-04
2.088422e+01    1.537306e-04
2.089643e+01    1.530589e-04
2.090865e+01    1.522832e-04
2.092086e+01    1.514362e-04
2.093307e+01    1.505154e-04
2.094529e+01    1.495248e-04
2.095750e+01    1.484433e-04
2.096971e+01    1.472996e-04
2.098192e+01    1.460833e-04
2.099414e+01    1.447731e-04
2.100635e+01    1.434017e-04
2.101856e+01    1.419399e-04
2.103078e+01    1.404140e-04
2.104299e+01    1.388069e-04
2.105520e+01    1.371310e-04
2.106742e+01    1.353779e-04
2.107963e+01    1.335585e-04
2.109184e+01    1.316672e-04
2.110406e+01    1.296957e-04
2.111627e+01    1.276522e-04
2.112848e+01    1.255361e-04
2.114069e+01    1.233576e-04
2.115291e+01    1.211076e-04
2.116512e+01    1.187893e-04
2.117733e+01    1.163947e-04
2.118955e+01    1.139455e-04
2.120176e+01    1.114315e-04
2.121397e+01    1.088406e-04
2.122618e+01    1.061915e-04
2.123840e+01    1.034810e-04
2.125061e+01    1.007061e-04
2.126282e+01    9.787405e-05
2.127504e+01    9.497417e-05
2.128725e+01    9.202649e-05
2.129946e+01    8.901476e-05
2.131168e+01    8.594968e-05
2.132389e+01    8.282784e-05
2.133610e+01    7.965308e-05
2.134831e+01    7.642905e-05
2.136053e+01    7.315120e-05
2.137274e+01    6.982069e-05
2.138495e+01    6.644883e-05
2.139717e+01    6.302554e-05
2.140938e+01    5.955670e-05
2.142159e+01    5.604989e-05
2.143381e+01    5.249132e-05
2.144602e+01    4.889500e-05
2.145823e+01    4.525986e-05
2.147044e+01    4.159472e-05
2.148266e+01    3.788533e-05
2.149487e+01    3.414623e-05
2.150708e+01    3.037017e-05
2.151930e+01    2.656059e-05
2.153151e+01    2.272366e-05
2.154372e+01    1.886120e-05
2.155593e+01    1.497121e-05
2.156815e+01    1.105618e-05
2.158036e+01    7.115304e-06
2.159258e+01    3.148103e-06
2.160479e+01    -8.206698e-07
2.161700e+01    -4.811394e-06
2.162921e+01    -8.825344e-06
2.164143e+01    -1.285224e-05
2.165364e+01    -1.688660e-05
2.166585e+01    -2.093295e-05
2.167807e+01    -2.498646e-05
2.169028e+01    -2.904908e-05
2.170249e+01    -3.312284e-05
2.171470e+01    -3.718289e-05
2.172692e+01    -4.125183e-05
2.173913e+01    -4.532364e-05
2.175134e+01    -4.939213e-05
2.176356e+01    -5.345829e-05
2.177577e+01    -5.750939e-05
2.178798e+01    -6.155773e-05
2.180020e+01    -6.559140e-05
2.181241e+01    -6.961667e-05
2.182462e+01    -7.363138e-05
2.183683e+01    -7.762418e-05
2.184905e+01    -8.160481e-05
2.186126e+01    -8.555503e-05
2.187347e+01    -8.950527e-05
2.188569e+01    -9.341498e-05
2.189790e+01    -9.730198e-05
2.191011e+01    -1.011660e-04
2.192233e+01    -1.050035e-04
2.193454e+01    -1.088076e-04
2.194675e+01    -1.125788e-04
2.195897e+01    -1.163157e-04
2.197118e+01    -1.200166e-04
2.198339e+01    -1.236919e-04
2.199560e+01    -1.273190e-04
2.200782e+01    -1.309121e-04
2.202003e+01    -1.344487e-04
2.203224e+01    -1.379459e-04
2.204445e+01    -1.414076e-04
2.205667e+01    -1.448176e-04
2.206888e+01    -1.481829e-04
2.208109e+01    -1.514882e-04
2.209331e+01    -1.547532e-04
2.210552e+01    -1.579582e-04
2.211773e+01    -1.611066e-04
2.212995e+01    -1.641987e-04
2.214216e+01    -1.672432e-04
2.215437e+01    -1.702218e-04
2.216659e+01    -1.731447e-04
2.217880e+01    -1.760030e-04
2.219101e+01    -1.787914e-04
2.220322e+01    -1.815271e-04
2.221544e+01    -1.841898e-04
2.222765e+01    -1.867886e-04
2.223986e+01    -1.893218e-04
2.225208e+01    -1.917821e-04
2.226429e+01    -1.941784e-04
2.227650e+01    -1.964986e-04
2.228872e+01    -1.987544e-04
2.230093e+01    -2.009333e-04
2.231314e+01    -2.030220e-04
2.232535e+01    -2.050565e-04
2.233757e+01    -2.070109e-04
2.234978e+01    -2.088861e-04
2.236199e+01    -2.106823e-04
2.237421e+01    -2.123857e-04
2.238642e+01    -2.140467e-04
2.239863e+01    -2.155984e-04
2.241084e+01    -2.170875e-04
2.242306e+01    -2.184857e-04
2.243527e+01    -2.198078e-04
2.244748e+01    -2.210408e-04
2.245970e+01    -2.221960e-04
2.247191e+01    -2.232638e-04
2.248412e+01    -2.242505e-04
2.249634e+01    -2.251549e-04
2.250855e+01    -2.259618e-04
2.252076e+01    -2.267074e-04
2.253297e+01    -2.273561e-04
2.254519e+01    -2.279225e-04
2.255740e+01    -2.283971e-04
2.256961e+01    -2.287914e-04
2.258183e+01    -2.290988e-04
2.259404e+01    -2.293259e-04
2.260625e+01    -2.294565e-04
2.261847e+01    -2.295034e-04
2.263068e+01    -2.294722e-04
2.264289e+01    -2.293497e-04
2.265511e+01    -2.291435e-04
2.266732e+01    -2.288491e-04
2.267953e+01    -2.284799e-04
2.269174e+01    -2.280214e-04
2.270396e+01    -2.274690e-04
2.271617e+01    -2.268511e-04
2.272838e+01    -2.261395e-04
2.274060e+01    -2.253436e-04
2.275281e+01    -2.244679e-04
2.276502e+01    -2.235106e-04
2.277724e+01    -2.224693e-04
2.278945e+01    -2.213462e-04
2.280166e+01    -2.201456e-04
2.281387e+01    -2.188620e-04
2.282609e+01    -2.175128e-04
2.283830e+01    -2.160738e-04
2.285051e+01    -2.145616e-04
2.286273e+01    -2.129715e-04
2.287494e+01    -2.113054e-04
2.288715e+01    -2.095634e-04
2.289936e+01    -2.077487e-04
2.291158e+01    -2.058551e-04
2.292379e+01    -2.038947e-04
2.293600e+01    -2.018622e-04
2.294822e+01    -1.997626e-04
2.296043e+01    -1.975875e-04
2.297264e+01    -1.953493e-04
2.298486e+01    -1.930423e-04
2.299707e+01    -1.906690e-04
2.300928e+01    -1.882311e-04
2.302150e+01    -1.857383e-04
2.303371e+01    -1.831768e-04
2.304592e+01    -1.805562e-04
2.305813e+01    -1.778746e-04
2.307035e+01    -1.751333e-04
2.308256e+01    -1.723396e-04
2.309477e+01    -1.694835e-04
2.310699e+01    -1.665855e-04
2.311920e+01    -1.636269e-04
2.313141e+01    -1.606190e-04
2.314363e+01    -1.575632e-04
2.315584e+01    -1.544575e-04
2.316805e+01    -1.512956e-04
2.318026e+01    -1.481071e-04
2.319248e+01    -1.448663e-04
2.320469e+01    -1.415822e-04
2.321690e+01    -1.382579e-04
2.322912e+01    -1.348968e-04
2.324133e+01    -1.314963e-04
2.325354e+01    -1.280606e-04
2.326575e+01    -1.245923e-04
2.327797e+01    -1.210883e-04
2.329018e+01    -1.175540e-04
2.330239e+01    -1.139978e-04
2.331461e+01    -1.104066e-04
2.332682e+01    -1.067886e-04
2.333903e+01    -1.031483e-04
2.335125e+01    -9.948667e-05
2.336346e+01    -9.580754e-05
2.337567e+01    -9.210204e-05
2.338788e+01    -8.837634e-05
2.340010e+01    -8.464616e-05
2.341231e+01    -8.089346e-05
2.342452e+01    -7.713254e-05
2.343674e+01    -7.335912e-05
2.344895e+01    -6.957579e-05
2.346116e+01    -6.577920e-05
2.347338e+01    -6.199430e-05
2.348559e+01    -5.818717e-05
2.349780e+01    -5.438476e-05
2.351002e+01    -5.058554e-05
2.352223e+01    -4.678668e-05
2.353444e+01    -4.298636e-05
2.354665e+01    -3.918773e-05
2.355887e+01    -3.540533e-05
2.357108e+01    -3.162515e-05
2.358329e+01    -2.785091e-05
2.359550e+01    -2.409023e-05
2.360772e+01    -2.034230e-05
2.361993e+01    -1.661037e-05
2.363214e+01    -1.288822e-05
2.364436e+01    -9.188487e-06
2.365657e+01    -5.507201e-06
2.366878e+01    -1.842738e-06
2.368100e+01    1.793960e-06
2.369321e+01    5.415059e-06
2.370542e+01    9.007403e-06
2.371764e+01    1.258071e-05
2.372985e+01    1.610740e-05
2.374206e+01    1.962710e-05
2.375427e+01    2.310943e-05
2.376649e+01    2.656336e-05
2.377870e+01    2.997194e-05
2.379091e+01    3.335378e-05
2.380313e+01    3.669693e-05
2.381534e+01    4.001413e-05
2.382755e+01    4.328170e-05
2.383977e+01    4.650978e-05
2.385198e+01    4.970672e-05
2.386419e+01    5.285020e-05
2.387640e+01    5.595581e-05
2.388862e+01    5.901314e-05
2.390083e+01    6.202311e-05
2.391304e+01    6.499319e-05
2.392526e+01    6.791219e-05
2.393747e+01    7.078488e-05
2.394968e+01    7.360740e-05
2.396189e+01    7.637669e-05
2.397411e+01    7.909880e-05
2.398632e+01    8.176683e-05
2.399854e+01    8.437946e-05
2.401075e+01    8.692974e-05
2.402296e+01    8.944649e-05
2.403517e+01    9.189159e-05
2.404739e+01    9.428739e-05
2.405960e+01    9.662219e-05
2.407181e+01    9.889615e-05
2.408403e+01    1.011227e-04
2.409624e+01    1.032877e-04
2.410845e+01    1.053817e-04
2.412066e+01    1.074255e-04
2.413288e+01    1.094018e-04
2.414509e+01    1.113165e-04
2.415730e+01    1.131729e-04
2.416952e+01    1.149646e-04
2.418173e+01    1.166940e-04
2.419394e+01    1.183652e-04
2.420616e+01    1.199687e-04
2.421837e+01    1.215064e-04
2.423058e+01    1.229848e-04
2.424279e+01    1.243980e-04
2.425501e+01    1.257389e-04
2.426722e+01    1.270224e-04
2.427943e+01    1.282355e-04
2.429165e+01    1.293878e-04
2.430386e+01    1.304765e-04
2.431607e+01    1.315003e-04
2.432829e+01    1.324499e-04
2.434050e+01    1.333445e-04
2.435271e+01    1.341689e-04
2.436492e+01    1.349309e-04
2.437714e+01    1.356119e-04
2.438935e+01    1.362535e-04
2.440156e+01    1.368179e-04
2.441378e+01    1.373228e-04
2.442599e+01    1.377576e-04
2.443820e+01    1.381330e-04
2.445041e+01    1.384406e-04
2.446263e+01    1.386894e-04
2.447484e+01    1.388779e-04
2.448705e+01    1.389883e-04
2.449927e+01    1.390532e-04
2.451148e+01    1.390396e-04
2.452369e+01    1.389895e-04
2.453591e+01    1.388645e-04
2.454812e+01    1.386795e-04
2.456033e+01    1.384339e-04
2.457255e+01    1.381318e-04
2.458476e+01    1.377708e-04
2.459697e+01    1.373505e-04
2.460918e+01    1.368757e-04
2.462140e+01    1.363432e-04
2.463361e+01    1.357486e-04
2.464582e+01    1.351083e-04
2.465804e+01    1.344041e-04
2.467025e+01    1.336540e-04
2.468246e+01    1.328449e-04
2.469468e+01    1.319902e-04
2.470689e+01    1.310791e-04
2.471910e+01    1.301192e-04
2.473131e+01    1.291082e-04
2.474353e+01    1.280483e-04
2.475574e+01    1.269449e-04
2.476795e+01    1.257906e-04
2.478017e+01    1.245941e-04
2.479238e+01    1.233554e-04
2.480459e+01    1.220637e-04
2.481680e+01    1.207293e-04
2.482902e+01    1.193637e-04
2.484123e+01    1.179513e-04
2.485344e+01    1.164961e-04
2.486566e+01    1.150096e-04
2.487787e+01    1.134770e-04
2.489008e+01    1.119162e-04
2.490230e+01    1.103143e-04
2.491451e+01    1.086787e-04
2.492672e+01    1.070097e-04
2.493893e+01    1.053136e-04
2.495115e+01    1.035801e-04
2.496336e+01    1.018194e-04
2.497557e+01    1.000271e-04
2.498779e+01    9.820996e-05
2.500000e+01    9.636853e-05
