0.000000e+00    -1.313152e+00
1.221299e-02    -1.311988e+00
2.442599e-02    -1.308501e+00
3.663898e-02    -1.302704e+00
4.885198e-02    -1.294618e+00
6.106497e-02    -1.284275e+00
7.327797e-02    -1.271712e+00
8.549096e-02    -1.256976e+00
9.770396e-02    -1.240123e+00
1.099169e-01    -1.221214e+00
1.221299e-01    -1.200319e+00
1.343429e-01    -1.177515e+00
1.465559e-01    -1.152884e+00
1.587689e-01    -1.126517e+00
1.709819e-01    -1.098508e+00
1.831949e-01    -1.068956e+00
1.954079e-01    -1.037966e+00
2.076209e-01    -1.005647e+00
2.198339e-01    -9.721113e-01
2.320469e-01    -9.374736e-01
2.442599e-01    -9.018518e-01
2.564729e-01    -8.653652e-01
2.686859e-01    -8.281348e-01
2.808989e-01    -7.902817e-01
2.931119e-01    -7.519280e-01
3.053249e-01    -7.131945e-01
3.175378e-01    -6.742021e-01
3.297509e-01    -6.350695e-01
3.419639e-01    -5.959136e-01
3.541768e-01    -5.568493e-01
3.663898e-01    -5.179882e-01
3.786028e-01    -4.794388e-01
3.908158e-01    -4.413056e-01
4.030288e-01    -4.036894e-01
4.152418e-01    -3.666865e-01
4.274548e-01    -3.303882e-01
4.396678e-01    -2.948812e-01
4.518808e-01    -2.602466e-01
4.640938e-01    -2.265600e-01
4.763068e-01    -1.938918e-01
4.885198e-01    -1.623062e-01
5.007328e-01    -1.318616e-01
5.129458e-01    -1.026105e-01
5.251588e-01    -7.459942e-02
5.373718e-01    -4.786865e-02
5.495847e-01    -2.245274e-02
5.617977e-01    1.619853e-03
5.740107e-01    2.432649e-02
5.862237e-01    4.565032e-02
5.984367e-01    6.558006e-02
6.106497e-01    8.410997e-02
6.228627e-01    1.012396e-01
6.350757e-01    1.169735e-01
6.472887e-01    1.313212e-01
6.595017e-01    1.442969e-01
6.717147e-01    1.559191e-01
6.839277e-01    1.662106e-01
6.961407e-01    1.751979e-01
7.083537e-01    1.829113e-01
7.205667e-01    1.893842e-01
7.327797e-01    1.946533e-01
7.449927e-01    1.987578e-01
7.572057e-01    2.017396e-01
7.694187e-01    2.036425e-01
7.816316e-01    2.045123e-01
7.938446e-01    2.043965e-01
8.060576e-01    2.033438e-01
8.182706e-01    2.014040e-01
8.304836e-01    1.986274e-01
8.426966e-01    1.950653e-01
8.549096e-01    1.907690e-01
8.671226e-01    1.857898e-01
8.793356e-01    1.801789e-01
8.915486e-01    1.739869e-01
9.037616e-01    1.672642e-01
9.159746e-01    1.600599e-01
9.281876e-01    1.524227e-01
9.404006e-01    1.443996e-01
9.526136e-01    1.360367e-01
9.648266e-01    1.273785e-01
9.770396e-01    1.184681e-01
9.892526e-01    1.093469e-01
1.001466e+00    1.000545e-01
1.013679e+00    9.062874e-02
1.025892e+00    8.110563e-02
1.038105e+00    7.151924e-02
1.050318e+00    6.190159e-02
1.062531e+00    5.228277e-02
1.074744e+00    4.269082e-02
1.086957e+00    3.315179e-02
1.099169e+00    2.368967e-02
1.111382e+00    1.432646e-02
1.123595e+00    5.082197e-03
1.135808e+00    -4.025087e-03
1.148021e+00    -1.297922e-02
1.160234e+00    -2.176594e-02
1.172447e+00    -3.037276e-02
1.184660e+00    -3.878897e-02
1.196873e+00    -4.700558e-02
1.209086e+00    -5.501513e-02
1.221299e+00    -6.281182e-02
1.233512e+00    -7.039125e-02
1.245725e+00    -7.775042e-02
1.257938e+00    -8.488766e-02
1.270151e+00    -9.180252e-02
1.282364e+00    -9.849568e-02
1.294577e+00    -1.049689e-01
1.306790e+00    -1.112249e-01
1.319003e+00    -1.172672e-01
1.331216e+00    -1.231003e-01
1.343429e+00    -1.287292e-01
1.355642e+00    -1.341598e-01
1.367855e+00    -1.393983e-01
1.380068e+00    -1.444515e-01
1.392281e+00    -1.493266e-01
1.404494e+00    -1.540312e-01
1.416707e+00    -1.585729e-01
1.428920e+00    -1.629598e-01
1.441133e+00    -1.672000e-01
1.453346e+00    -1.713015e-01
1.465559e+00    -1.752727e-01
1.477772e+00    -1.791216e-01
1.489985e+00    -1.828564e-01
1.502198e+00    -1.864848e-01
1.514411e+00    -1.900147e-01
1.526624e+00    -1.934535e-01
1.538837e+00    -1.968085e-01
1.551050e+00    -2.000868e-01
1.563263e+00    -2.032951e-01
1.575476e+00    -2.064396e-01
1.587689e+00    -2.095264e-01
1.599902e+00    -2.125612e-01
1.612115e+00    -2.155493e-01
1.624328e+00    -2.184954e-01
1.636541e+00    -2.214041e-01
1.648754e+00    -2.242795e-01
1.660967e+00    -2.271253e-01
1.673180e+00    -2.299447e-01
1.685393e+00    -2.327407e-01
1.697606e+00    -2.355157e-01
1.709819e+00    -2.382718e-01
1.722032e+00    -2.410108e-01
1.734245e+00    -2.437340e-01
1.746458e+00    -2.464425e-01
1.758671e+00    -2.491369e-01
1.770884e+00    -2.518177e-01
1.783097e+00    -2.544847e-01
1.795310e+00    -2.571379e-01
1.807523e+00    -2.597766e-01
1.819736e+00    -2.624002e-01
1.831949e+00    -2.650076e-01
1.844162e+00    -2.675975e-01
1.856375e+00    -2.701686e-01
1.868588e+00    -2.727193e-01
1.880801e+00    -2.752478e-01
1.893014e+00    -2.777521e-01
1.905227e+00    -2.802305e-01
1.917440e+00    -2.826805e-01
1.929653e+00    -2.851002e-01
1.941866e+00    -2.874871e-01
1.954079e+00    -2.898391e-01
1.966292e+00    -2.921537e-01
1.978505e+00    -2.944285e-01
1.990718e+00    -2.966612e-01
2.002931e+00    -2.988494e-01
2.015144e+00    -3.009908e-01
2.027357e+00    -3.030830e-01
2.039570e+00    -3.051239e-01
2.051783e+00    -3.071111e-01
2.063996e+00    -3.090427e-01
2.076209e+00    -3.109164e-01
2.088422e+00    -3.127304e-01
2.100635e+00    -3.144828e-01
2.112848e+00    -3.161718e-01
2.125061e+00    -3.177957e-01
2.137274e+00    -3.193529e-01
2.149487e+00    -3.208421e-01
2.161700e+00    -3.222619e-01
2.173913e+00    -3.236110e-01
2.186126e+00    -3.248883e-01
2.198339e+00    -3.260930e-01
2.210552e+00    -3.272240e-01
2.222765e+00    -3.282807e-01
2.234978e+00    -3.292624e-01
2.247191e+00    -3.301687e-01
2.259404e+00    -3.309992e-01
2.271617e+00    -3.317535e-01
2.283830e+00    -3.324316e-01
2.296043e+00    -3.330332e-01
2.308256e+00    -3.335586e-01
2.320469e+00    -3.340077e-01
2.332682e+00    -3.343809e-01
2.344895e+00    -3.346786e-01
2.357108e+00    -3.349010e-01
2.369321e+00    -3.350486e-01
2.381534e+00    -3.351222e-01
2.393747e+00    -3.351222e-01
2.405960e+00    -3.350493e-01
2.418173e+00    -3.349045e-01
2.430386e+00    -3.346884e-01
2.442599e+00    -3.344020e-01
2.454812e+00    -3.340460e-01
2.467025e+00    -3.336217e-01
2.479238e+00    -3.331298e-01
2.491451e+00    -3.325715e-01
2.503664e+00    -3.319478e-01
2.515877e+00    -3.312598e-01
2.528090e+00    -3.305085e-01
2.540303e+00    -3.296951e-01
2.552516e+00    -3.288208e-01
2.564729e+00    -3.278867e-01
2.576942e+00    -3.268938e-01
2.589155e+00    -3.258435e-01
2.601368e+00    -3.247367e-01
2.613581e+00    -3.235747e-01
2.625794e+00    -3.223585e-01
2.638007e+00    -3.210894e-01
2.650220e+00    -3.197685e-01
2.662433e+00    -3.183968e-01
2.674646e+00    -3.169754e-01
2.686859e+00    -3.155055e-01
2.699072e+00    -3.139881e-01
2.711285e+00    -3.124243e-01
2.723498e+00    -3.108151e-01
2.735711e+00    -3.091615e-01
2.747924e+00    -3.074645e-01
2.760137e+00    -3.057251e-01
2.772350e+00    -3.039443e-01
2.784563e+00    -3.021231e-01
2.796776e+00    -3.002624e-01
2.808989e+00    -2.983629e-01
2.821202e+00    -2.964258e-01
2.833415e+00    -2.944518e-01
2.845628e+00    -2.924419e-01
2.857841e+00    -2.903969e-01
2.870054e+00    -2.883175e-01
2.882267e+00    -2.862048e-01
2.894480e+00    -2.840593e-01
2.906693e+00    -2.818820e-01
2.918906e+00    -2.796736e-01
2.931119e+00    -2.774351e-01
2.943332e+00    -2.751669e-01
2.955545e+00    -2.728699e-01
2.967758e+00    -2.705451e-01
2.979971e+00    -2.681929e-01
2.992184e+00    -2.658142e-01
3.004397e+00    -2.634097e-01
3.016610e+00    -2.609801e-01
3.028823e+00    -2.585263e-01
3.041036e+00    -2.560488e-01
3.053249e+00    -2.535484e-01
3.065462e+00    -2.510259e-01
3.077675e+00    -2.484820e-01
3.089888e+00    -2.459174e-01
3.102101e+00    -2.433327e-01
3.114314e+00    -2.407288e-01
3.126527e+00    -2.381064e-01
3.138740e+00    -2.354661e-01
3.150953e+00    -2.328088e-01
3.163166e+00    -2.301351e-01
3.175379e+00    -2.274459e-01
3.187592e+00    -2.247417e-01
3.199805e+00    -2.220235e-01
3.212018e+00    -2.192918e-01
3.224231e+00    -2.165475e-01
3.236444e+00    -2.137914e-01
3.248657e+00    -2.110241e-01
3.260870e+00    -2.082464e-01
3.273082e+00    -2.054591e-01
3.285295e+00    -2.026629e-01
3.297508e+00    -1.998587e-01
3.309721e+00    -1.970471e-01
3.321934e+00    -1.942290e-01
3.334147e+00    -1.914050e-01
3.346360e+00    -1.885761e-01
3.358573e+00    -1.857428e-01
3.370786e+00    -1.829060e-01
3.382999e+00    -1.800665e-01
3.395212e+00    -1.772250e-01
3.407425e+00    -1.743823e-01
3.419638e+00    -1.715391e-01
3.431851e+00    -1.686963e-01
3.444064e+00    -1.658545e-01
3.456277e+00    -1.630144e-01
3.468490e+00    -1.601769e-01
3.480703e+00    -1.573427e-01
3.492916e+00    -1.545124e-01
3.505129e+00    -1.516869e-01
3.517342e+00    -1.488668e-01
3.529555e+00    -1.460529e-01
3.541768e+00    -1.432459e-01
3.553981e+00    -1.404464e-01
3.566194e+00    -1.376552e-01
3.578407e+00    -1.348728e-01
3.590620e+00    -1.321001e-01
3.602833e+00    -1.293377e-01
3.615046e+00    -1.265861e-01
3.627259e+00    -1.238461e-01
3.639472e+00    -1.211183e-01
3.651685e+00    -1.184031e-01
3.663898e+00    -1.157015e-01
3.676111e+00    -1.130138e-01
3.688324e+00    -1.103407e-01
3.700537e+00    -1.076827e-01
3.712750e+00    -1.050405e-01
3.724963e+00    -1.024145e-01
3.737176e+00    -9.980521e-02
3.749389e+00    -9.721327e-02
3.761602e+00    -9.463912e-02
3.773815e+00    -9.208328e-02
3.786028e+00    -8.954619e-02
3.798241e+00    -8.702836e-02
3.810454e+00    -8.453024e-02
3.822667e+00    -8.205225e-02
3.834880e+00    -7.959484e-02
3.847093e+00    -7.715839e-02
3.859306e+00    -7.474335e-02
3.871519e+00    -7.235005e-02
3.883732e+00    -6.997892e-02
3.895945e+00    -6.763031e-02
3.908158e+00    -6.530455e-02
3.920371e+00    -6.300198e-02
3.932584e+00    -6.072294e-02
3.944797e+00    -5.846772e-02
3.957010e+00    -5.623663e-02
3.969223e+00    -5.402995e-02
3.981436e+00    -5.184797e-02
3.993649e+00    -4.969093e-02
4.005862e+00    -4.755909e-02
4.018075e+00    -4.545273e-02
4.030288e+00    -4.337194e-02
4.042501e+00    -4.131710e-02
4.054714e+00    -3.928826e-02
4.066927e+00    -3.728577e-02
4.079140e+00    -3.530964e-02
4.091353e+00    -3.336019e-02
4.103566e+00    -3.143744e-02
4.115779e+00    -2.954168e-02
4.127992e+00    -2.767289e-02
4.140205e+00    -2.583136e-02
4.152418e+00    -2.401704e-02
4.164631e+00    -2.223018e-02
4.176844e+00    -2.047075e-02
4.189057e+00    -1.873889e-02
4.201270e+00    -1.703475e-02
4.213483e+00    -1.535824e-02
4.225696e+00    -1.370958e-02
4.237909e+00    -1.208866e-02
4.250122e+00    -1.049568e-02
4.262335e+00    -8.930475e-03
4.274548e+00    -7.393247e-03
4.286761e+00    -5.883874e-03
4.298974e+00    -4.402463e-03
4.311187e+00    -2.948896e-03
4.323400e+00    -1.523274e-03
4.335613e+00    -1.254530e-04
4.347826e+00    1.244482e-03
4.360039e+00    2.586682e-03
4.372252e+00    3.901091e-03
4.384465e+00    5.187868e-03
4.396678e+00    6.446972e-03
4.408891e+00    7.678584e-03
4.421104e+00    8.882678e-03
4.433317e+00    1.005943e-02
4.445530e+00    1.120886e-02
4.457743e+00    1.233115e-02
4.469956e+00    1.342631e-02
4.482169e+00    1.449456e-02
4.494382e+00    1.553592e-02
4.506595e+00    1.655062e-02
4.518808e+00    1.753870e-02
4.531021e+00    1.850039e-02
4.543234e+00    1.943575e-02
4.555447e+00    2.034503e-02
4.567660e+00    2.122830e-02
4.579873e+00    2.208580e-02
4.592086e+00    2.291763e-02
4.604299e+00    2.372405e-02
4.616512e+00    2.450518e-02
4.628725e+00    2.526125e-02
4.640938e+00    2.599241e-02
4.653151e+00    2.669893e-02
4.665364e+00    2.738093e-02
4.677577e+00    2.803870e-02
4.689790e+00    2.867240e-02
4.702003e+00    2.928228e-02
4.714216e+00    2.986855e-02
4.726429e+00    3.043145e-02
4.738642e+00    3.097119e-02
4.750855e+00    3.148805e-02
4.763068e+00    3.198223e-02
4.775281e+00    3.245400e-02
4.787494e+00    3.290360e-02
4.799707e+00    3.333130e-02
4.811920e+00    3.373731e-02
4.824133e+00    3.412195e-02
4.836346e+00    3.448545e-02
4.848559e+00    3.482810e-02
4.860772e+00    3.515012e-02
4.872985e+00    3.545184e-02
4.885198e+00    3.573349e-02
4.897411e+00    3.599538e-02
4.909624e+00    3.623778e-02
4.921837e+00    3.646097e-02
4.934050e+00    3.666522e-02
4.946263e+00    3.685085e-02
4.958476e+00    3.701810e-02
4.970689e+00    3.716730e-02
4.982902e+00    3.729873e-02
4.995115e+00    3.741268e-02
5.007328e+00    3.750944e-02
5.019541e+00    3.758930e-02
5.031754e+00    3.765257e-02
5.043967e+00    3.769955e-02
5.056180e+00    3.773052e-02
5.068393e+00    3.774579e-02
5.080606e+00    3.774565e-02
5.092819e+00    3.773041e-02
5.105031e+00    3.770035e-02
5.117245e+00    3.765579e-02
5.129457e+00    3.759702e-02
5.141671e+00    3.752433e-02
5.153883e+00    3.743804e-02
5.166097e+00    3.733842e-02
5.178309e+00    3.722579e-02
5.190523e+00    3.710044e-02
5.202735e+00    3.696267e-02
5.214949e+00    3.681276e-02
5.227162e+00    3.665102e-02
5.239375e+00    3.647774e-02
5.251588e+00    3.629322e-02
5.263801e+00    3.609774e-02
5.276014e+00    3.589159e-02
5.288227e+00    3.567507e-02
5.300440e+00    3.544844e-02
5.312653e+00    3.521203e-02
5.324866e+00    3.496608e-02
5.337079e+00    3.471089e-02
5.349292e+00    3.444675e-02
5.361505e+00    3.417392e-02
5.373718e+00    3.389268e-02
5.385931e+00    3.360333e-02
5.398144e+00    3.330608e-02
5.410357e+00    3.300129e-02
5.422570e+00    3.268915e-02
5.434783e+00    3.236996e-02
5.446996e+00    3.204396e-02
5.459208e+00    3.171145e-02
5.471422e+00    3.137264e-02
5.483634e+00    3.102784e-02
5.495848e+00    3.067725e-02
5.508060e+00    3.032115e-02
5.520274e+00    2.995977e-02
5.532486e+00    2.959338e-02
5.544700e+00    2.922219e-02
5.556912e+00    2.884648e-02
5.569126e+00    2.846644e-02
5.581338e+00    2.808234e-02
5.593552e+00    2.769439e-02
5.605764e+00    2.730283e-02
5.617978e+00    2.690786e-02
5.630190e+00    2.650975e-02
5.642404e+00    2.610866e-02
5.654616e+00    2.570485e-02
5.666830e+00    2.529850e-02
5.679042e+00    2.488985e-02
5.691256e+00    2.447907e-02
5.703468e+00    2.406641e-02
5.715682e+00    2.365201e-02
5.727894e+00    2.323612e-02
5.740108e+00    2.281890e-02
5.752320e+00    2.240057e-02
5.764534e+00    2.198127e-02
5.776746e+00    2.156124e-02
5.788960e+00    2.114060e-02
5.801172e+00    2.071958e-02
5.813385e+00    2.029832e-02
5.825598e+00    1.987701e-02
5.837811e+00    1.945579e-02
5.850024e+00    1.903486e-02
5.862237e+00    1.861435e-02
5.874450e+00    1.819444e-02
5.886663e+00    1.777525e-02
5.898876e+00    1.735697e-02
5.911089e+00    1.693972e-02
5.923302e+00    1.652367e-02
5.935515e+00    1.610892e-02
5.947728e+00    1.569565e-02
5.959941e+00    1.528396e-02
5.972154e+00    1.487401e-02
5.984367e+00    1.446590e-02
5.996580e+00    1.405978e-02
6.008793e+00    1.365575e-02
6.021006e+00    1.325394e-02
6.033219e+00    1.285446e-02
6.045432e+00    1.245743e-02
6.057645e+00    1.206294e-02
6.069858e+00    1.167112e-02
6.082071e+00    1.128205e-02
6.094284e+00    1.089585e-02
6.106497e+00    1.051258e-02
6.118710e+00    1.013239e-02
6.130923e+00    9.755314e-03
6.143136e+00    9.381475e-03
6.155349e+00    9.010939e-03
6.167562e+00    8.643802e-03
6.179775e+00    8.280124e-03
6.191988e+00    7.920000e-03
6.204201e+00    7.563481e-03
6.216414e+00    7.210661e-03
6.228627e+00    6.861582e-03
6.240840e+00    6.516331e-03
6.253053e+00    6.174948e-03
6.265266e+00    5.837504e-03
6.277479e+00    5.504066e-03
6.289692e+00    5.174663e-03
6.301905e+00    4.849375e-03
6.314118e+00    4.528212e-03
6.326331e+00    4.211261e-03
6.338544e+00    3.898530e-03
6.350757e+00    3.590090e-03
6.362970e+00    3.285947e-03
6.375183e+00    2.986168e-03
6.387396e+00    2.690763e-03
6.399609e+00    2.399792e-03
6.411822e+00    2.113237e-03
6.424035e+00    1.831170e-03
6.436248e+00    1.553589e-03
6.448461e+00    1.280533e-03
6.460674e+00    1.012008e-03
6.472887e+00    7.480403e-04
6.485100e+00    4.886354e-04
6.497313e+00    2.338230e-04
6.509526e+00    -1.640223e-05
6.521739e+00    -2.620135e-04
6.533952e+00    -5.030198e-04
6.546165e+00    -7.394029e-04
6.558378e+00    -9.711715e-04
6.570591e+00    -1.198305e-03
6.582804e+00    -1.420823e-03
6.595017e+00    -1.638709e-03
6.607230e+00    -1.851984e-03
6.619443e+00    -2.060637e-03
6.631656e+00    -2.264691e-03
6.643869e+00    -2.464131e-03
6.656082e+00    -2.658989e-03
6.668295e+00    -2.849264e-03
6.680508e+00    -3.034977e-03
6.692721e+00    -3.216130e-03
6.704934e+00    -3.392763e-03
6.717147e+00    -3.564848e-03
6.729360e+00    -3.732448e-03
6.741573e+00    -3.895561e-03
6.753786e+00    -4.054220e-03
6.765999e+00    -4.208433e-03
6.778212e+00    -4.358239e-03
6.790425e+00    -4.503647e-03
6.802638e+00    -4.644695e-03
6.814851e+00    -4.781404e-03
6.827064e+00    -4.913807e-03
6.839277e+00    -5.041924e-03
6.851490e+00    -5.165797e-03
6.863703e+00    -5.285448e-03
6.875916e+00    -5.400919e-03
6.888129e+00    -5.512227e-03
6.900342e+00    -5.619422e-03
6.912555e+00    -5.722530e-03
6.924768e+00    -5.821595e-03
6.936981e+00    -5.916643e-03
6.949194e+00    -6.007717e-03
6.961407e+00    -6.094858e-03
6.973620e+00    -6.178101e-03
6.985833e+00    -6.257483e-03
6.998046e+00    -6.333052e-03
7.010259e+00    -6.404837e-03
7.022472e+00    -6.472893e-03
7.034685e+00    -6.537253e-03
7.046898e+00    -6.597964e-03
7.059111e+00    -6.655066e-03
7.071324e+00    -6.708604e-03
7.083537e+00    -6.758623e-03
7.095750e+00    -6.805183e-03
7.107963e+00    -6.848282e-03
7.120176e+00    -6.888011e-03
7.132389e+00    -6.924402e-03
7.144602e+00    -6.957501e-03
7.156815e+00    -6.987351e-03
7.169028e+00    -7.014006e-03
7.181241e+00    -7.037507e-03
7.193454e+00    -7.057904e-03
7.205667e+00    -7.075245e-03
7.217880e+00    -7.089580e-03
7.230093e+00    -7.100951e-03
7.242306e+00    -7.109414e-03
7.254519e+00    -7.115011e-03
7.266732e+00    -7.117795e-03
7.278944e+00    -7.117814e-03
7.291158e+00    -7.115114e-03
7.303371e+00    -7.109751e-03
7.315584e+00    -7.101765e-03
7.327797e+00    -7.091212e-03
7.340010e+00    -7.078141e-03
7.352223e+00    -7.062597e-03
7.364436e+00    -7.044633e-03
7.376649e+00    -7.024299e-03
7.388862e+00    -7.001640e-03
7.401075e+00    -6.976705e-03
7.413288e+00    -6.949555e-03
7.425501e+00    -6.920222e-03
7.437714e+00    -6.888770e-03
7.449927e+00    -6.855237e-03
7.462140e+00    -6.819678e-03
7.474353e+00    -6.782135e-03
7.486566e+00    -6.742669e-03
7.498779e+00    -6.701310e-03
7.510992e+00    -6.658132e-03
7.523205e+00    -6.613159e-03
7.535418e+00    -6.566450e-03
7.547631e+00    -6.518051e-03
7.559844e+00    -6.468010e-03
7.572057e+00    -6.416368e-03
7.584270e+00    -6.363186e-03
7.596483e+00    -6.308498e-03
7.608696e+00    -6.252354e-03
7.620909e+00    -6.194805e-03
7.633121e+00    -6.135892e-03
7.645335e+00    -6.075662e-03
7.657547e+00    -6.014161e-03
7.669761e+00    -5.951434e-03
7.681973e+00    -5.887527e-03
7.694187e+00    -5.822480e-03
7.706399e+00    -5.756347e-03
7.718613e+00    -5.689155e-03
7.730825e+00    -5.620966e-03
7.743039e+00    -5.551807e-03
7.755251e+00    -5.481734e-03
7.767465e+00    -5.410780e-03
7.779677e+00    -5.338994e-03
7.791891e+00    -5.266410e-03
7.804103e+00    -5.193081e-03
7.816317e+00    -5.119031e-03
7.828529e+00    -5.044316e-03
7.840743e+00    -4.968965e-03
7.852955e+00    -4.893027e-03
7.865169e+00    -4.816531e-03
7.877381e+00    -4.739524e-03
7.889595e+00    -4.662036e-03
7.901807e+00    -4.584111e-03
7.914021e+00    -4.505787e-03
7.926233e+00    -4.427100e-03
7.938447e+00    -4.348080e-03
7.950659e+00    -4.268777e-03
7.962873e+00    -4.189207e-03
7.975085e+00    -4.109420e-03
7.987298e+00    -4.029444e-03
7.999511e+00    -3.949322e-03
8.011724e+00    -3.869073e-03
8.023937e+00    -3.788743e-03
8.036150e+00    -3.708358e-03
8.048364e+00    -3.627948e-03
8.060576e+00    -3.547550e-03
8.072789e+00    -3.467196e-03
8.085002e+00    -3.386912e-03
8.097216e+00    -3.306724e-03
8.109428e+00    -3.226674e-03
8.121641e+00    -3.146783e-03
8.133854e+00    -3.067082e-03
8.146068e+00    -2.987590e-03
8.158280e+00    -2.908349e-03
8.170493e+00    -2.829379e-03
8.182706e+00    -2.750709e-03
8.194920e+00    -2.672353e-03
8.207132e+00    -2.594353e-03
8.219345e+00    -2.516726e-03
8.231558e+00    -2.439496e-03
8.243772e+00    -2.362682e-03
8.255984e+00    -2.286320e-03
8.268197e+00    -2.210425e-03
8.280410e+00    -2.135020e-03
8.292624e+00    -2.060118e-03
8.304836e+00    -1.985756e-03
8.317049e+00    -1.911948e-03
8.329262e+00    -1.838712e-03
8.341475e+00    -1.766063e-03
8.353688e+00    -1.694031e-03
8.365901e+00    -1.622627e-03
8.378115e+00    -1.551868e-03
8.390327e+00    -1.481779e-03
8.402540e+00    -1.412365e-03
8.414753e+00    -1.343665e-03
8.426967e+00    -1.275664e-03
8.439179e+00    -1.208400e-03
8.451392e+00    -1.141879e-03
8.463605e+00    -1.076119e-03
8.475819e+00    -1.011123e-03
8.488031e+00    -9.469179e-04
8.500244e+00    -8.835110e-04
8.512457e+00    -8.209133e-04
8.524671e+00    -7.591351e-04
8.536883e+00    -6.981896e-04
8.549096e+00    -6.380882e-04
8.561309e+00    -5.788417e-04
8.573523e+00    -5.204530e-04
8.585735e+00    -4.629420e-04
8.597948e+00    -4.063033e-04
8.610161e+00    -3.505640e-04
8.622375e+00    -2.957102e-04
8.634587e+00    -2.417656e-04
8.646800e+00    -1.887281e-04
8.659013e+00    -1.366069e-04
8.671227e+00    -8.540123e-05
8.683439e+00    -3.512960e-05
8.695652e+00    1.421460e-05
8.707865e+00    6.262089e-05
8.720078e+00    1.100989e-04
8.732291e+00    1.566250e-04
8.744504e+00    2.022083e-04
8.756717e+00    2.468454e-04
8.768930e+00    2.905366e-04
8.781143e+00    3.332710e-04
8.793356e+00    3.750585e-04
8.805569e+00    4.158904e-04
8.817782e+00    4.557759e-04
8.829995e+00    4.947024e-04
8.842208e+00    5.326828e-04
8.854421e+00    5.697104e-04
8.866634e+00    6.057897e-04
8.878847e+00    6.409238e-04
8.891060e+00    6.751141e-04
8.903273e+00    7.083656e-04
8.915486e+00    7.406722e-04
8.927699e+00    7.720455e-04
8.939912e+00    8.024865e-04
8.952125e+00    8.320029e-04
8.964338e+00    8.605989e-04
8.976551e+00    8.882752e-04
8.988764e+00    9.150361e-04
9.000977e+00    9.408975e-04
9.013190e+00    9.658517e-04
9.025403e+00    9.899171e-04
9.037616e+00    1.013091e-03
9.049829e+00    1.035387e-03
9.062042e+00    1.056804e-03
9.074255e+00    1.077359e-03
9.086468e+00    1.097051e-03
9.098680e+00    1.115896e-03
9.110894e+00    1.133899e-03
9.123107e+00    1.151064e-03
9.135320e+00    1.167407e-03
9.147532e+00    1.182932e-03
9.159746e+00    1.197656e-03
9.171959e+00    1.211577e-03
9.184172e+00    1.224712e-03
9.196384e+00    1.237071e-03
9.208598e+00    1.248662e-03
9.220811e+00    1.259494e-03
9.233024e+00    1.269583e-03
9.245236e+00    1.278936e-03
9.257450e+00    1.287566e-03
9.269663e+00    1.295481e-03
9.281876e+00    1.302693e-03
9.294088e+00    1.309215e-03
9.306302e+00    1.315060e-03
9.318515e+00    1.320239e-03
9.330728e+00    1.324764e-03
9.342940e+00    1.328641e-03
9.355154e+00    1.331890e-03
9.367367e+00    1.334522e-03
9.379580e+00    1.336545e-03
9.391793e+00    1.337976e-03
9.404006e+00    1.338823e-03
9.416219e+00    1.339105e-03
9.428432e+00    1.338827e-03
9.440645e+00    1.338008e-03
9.452858e+00    1.336658e-03
9.465071e+00    1.334790e-03
9.477283e+00    1.332417e-03
9.489497e+00    1.329552e-03
9.501710e+00    1.326204e-03
9.513923e+00    1.322396e-03
9.526135e+00    1.318130e-03
9.538349e+00    1.313424e-03
9.550562e+00    1.308294e-03
9.562775e+00    1.302743e-03
9.574987e+00    1.296790e-03
9.587201e+00    1.290452e-03
9.599414e+00    1.283739e-03
9.611627e+00    1.276655e-03
9.623839e+00    1.269225e-03
9.636053e+00    1.261456e-03
9.648266e+00    1.253356e-03
9.660479e+00    1.244950e-03
9.672691e+00    1.236239e-03
9.684905e+00    1.227238e-03
9.697118e+00    1.217965e-03
9.709331e+00    1.208420e-03
9.721543e+00    1.198628e-03
9.733757e+00    1.188594e-03
9.745970e+00    1.178332e-03
9.758183e+00    1.167852e-03
9.770395e+00    1.157167e-03
9.782609e+00    1.146284e-03
9.794822e+00    1.135224e-03
9.807034e+00    1.123987e-03
9.819247e+00    1.112590e-03
9.831461e+00    1.101043e-03
9.843674e+00    1.089355e-03
9.855886e+00    1.077541e-03
9.868099e+00    1.065603e-03
9.880313e+00    1.053563e-03
9.892526e+00    1.041418e-03
9.904738e+00    1.029192e-03
9.916951e+00    1.016873e-03
9.929165e+00    1.004489e-03
9.941378e+00    9.920426e-04
9.953590e+00    9.795458e-04
9.965803e+00    9.670058e-04
9.978017e+00    9.544301e-04
9.990230e+00    9.418305e-04
1.000244e+01    9.292094e-04
1.001466e+01    9.165743e-04
1.002687e+01    9.039399e-04
1.003908e+01    8.913076e-04
1.005129e+01    8.786899e-04
1.006351e+01    8.660920e-04
1.007572e+01    8.535190e-04
1.008793e+01    8.409772e-04
1.010015e+01    8.284645e-04
1.011236e+01    8.160188e-04
1.012457e+01    8.036095e-04
1.013679e+01    7.912617e-04
1.014900e+01    7.789732e-04
1.016121e+01    7.667528e-04
1.017342e+01    7.546030e-04
1.018564e+01    7.425332e-04
1.019785e+01    7.305420e-04
1.021006e+01    7.186400e-04
1.022228e+01    7.068253e-04
1.023449e+01    6.951074e-04
1.024670e+01    6.834818e-04
1.025891e+01    6.719618e-04
1.027113e+01    6.605419e-04
1.028334e+01    6.492345e-04
1.029555e+01    6.380231e-04
1.030777e+01    6.269419e-04
1.031998e+01    6.159670e-04
1.033219e+01    6.051073e-04
1.034441e+01    5.943701e-04
1.035662e+01    5.837496e-04
1.036883e+01    5.732520e-04
1.038105e+01    5.628768e-04
1.039326e+01    5.526229e-04
1.040547e+01    5.424899e-04
1.041768e+01    5.324936e-04
1.042990e+01    5.226163e-04
1.044211e+01    5.128619e-04
1.045432e+01    5.032363e-04
1.046654e+01    4.937375e-04
1.047875e+01    4.843620e-04
1.049096e+01    4.751049e-04
1.050318e+01    4.659839e-04
1.051539e+01    4.569765e-04
1.052760e+01    4.480956e-04
1.053981e+01    4.393358e-04
1.055203e+01    4.306923e-04
1.056424e+01    4.221676e-04
1.057645e+01    4.137569e-04
1.058867e+01    4.054631e-04
1.060088e+01    3.972855e-04
1.061309e+01    3.892074e-04
1.062531e+01    3.812449e-04
1.063752e+01    3.733828e-04
1.064973e+01    3.656248e-04
1.066194e+01    3.579682e-04
1.067416e+01    3.504074e-04
1.068637e+01    3.429409e-04
1.069858e+01    3.355707e-04
1.071080e+01    3.282823e-04
1.072301e+01    3.210810e-04
1.073522e+01    3.139640e-04
1.074744e+01    3.069257e-04
1.075965e+01    2.999590e-04
1.077186e+01    2.930646e-04
1.078407e+01    2.862409e-04
1.079629e+01    2.794901e-04
1.080850e+01    2.727850e-04
1.082071e+01    2.661442e-04
1.083293e+01    2.595585e-04
1.084514e+01    2.530164e-04
1.085735e+01    2.465241e-04
1.086957e+01    2.400775e-04
1.088178e+01    2.336654e-04
1.089399e+01    2.272867e-04
1.090620e+01    2.209390e-04
1.091842e+01    2.146220e-04
1.093063e+01    2.083233e-04
1.094284e+01    2.020467e-04
1.095506e+01    1.957816e-04
1.096727e+01    1.895268e-04
1.097948e+01    1.832827e-04
1.099170e+01    1.770424e-04
1.100391e+01    1.707973e-04
1.101612e+01    1.645502e-04
1.102833e+01    1.582956e-04
1.104055e+01    1.520278e-04
1.105276e+01    1.457458e-04
1.106497e+01    1.394439e-04
1.107719e+01    1.331190e-04
1.108940e+01    1.267719e-04
1.110161e+01    1.203936e-04
1.111382e+01    1.139809e-04
1.112604e+01    1.075343e-04
1.113825e+01    1.010477e-04
1.115046e+01    9.452074e-05
1.116268e+01    8.795051e-05
1.117489e+01    8.133007e-05
1.118710e+01    7.465693e-05
1.119932e+01    6.793687e-05
1.121153e+01    6.115953e-05
1.122374e+01    5.432075e-05
1.123596e+01    4.742481e-05
1.124817e+01    4.046433e-05
1.126038e+01    3.344043e-05
1.127259e+01    2.635015e-05
1.128481e+01    1.919166e-05
1.129702e+01    1.195894e-05
1.130923e+01    4.664007e-06
1.132145e+01    -2.707844e-06
1.133366e+01    -1.015500e-05
1.134587e+01    -1.768003e-05
1.135808e+01    -2.528118e-05
1.137030e+01    -3.295997e-05
1.138251e+01    -4.071504e-05
1.139472e+01    -4.854992e-05
1.140694e+01    -5.646575e-05
1.141915e+01    -6.445615e-05
1.143136e+01    -7.252885e-05
1.144358e+01    -8.068160e-05
1.145579e+01    -8.891481e-05
1.146800e+01    -9.722736e-05
1.148022e+01    -1.056172e-04
1.149243e+01    -1.140893e-04
1.150464e+01    -1.226310e-04
1.151685e+01    -1.312559e-04
1.152907e+01    -1.399532e-04
1.154128e+01    -1.487275e-04
1.155349e+01    -1.575717e-04
1.156571e+01    -1.664888e-04
1.157792e+01    -1.754749e-04
1.159013e+01    -1.845279e-04
1.160234e+01    -1.936541e-04
1.161456e+01    -2.028313e-04
1.162677e+01    -2.120754e-04
1.163898e+01    -2.213780e-04
1.165120e+01    -2.307336e-04
1.166341e+01    -2.401515e-04
1.167562e+01    -2.496160e-04
1.168784e+01    -2.591236e-04
1.170005e+01    -2.686766e-04
1.171226e+01    -2.782778e-04
1.172447e+01    -2.879137e-04
1.173669e+01    -2.975843e-04
1.174890e+01    -3.072846e-04
1.176111e+01    -3.170110e-04
1.177333e+01    -3.267607e-04
1.178554e+01    -3.365281e-04
1.179775e+01    -3.463029e-04
1.180997e+01    -3.561073e-04
1.182218e+01    -3.659052e-04
1.183439e+01    -3.757065e-04
1.184660e+01    -3.855045e-04
1.185882e+01    -3.952986e-04
1.187103e+01    -4.050735e-04
1.188324e+01    -4.148316e-04
1.189546e+01    -4.245729e-04
1.190767e+01    -4.342837e-04
1.191988e+01    -4.439611e-04
1.193210e+01    -4.536010e-04
1.194431e+01    -4.631970e-04
1.195652e+01    -4.727453e-04
1.196873e+01    -4.822401e-04
1.198095e+01    -4.916739e-04
1.199316e+01    -5.010454e-04
1.200537e+01    -5.103466e-04
1.201759e+01    -5.195611e-04
1.202980e+01    -5.287071e-04
1.204201e+01    -5.377616e-04
1.205423e+01    -5.467226e-04
1.206644e+01    -5.555854e-04
1.207865e+01    -5.643379e-04
1.209086e+01    -5.729848e-04
1.210308e+01    -5.815038e-04
1.211529e+01    -5.899197e-04
1.212750e+01    -5.981977e-04
1.213972e+01    -6.063420e-04
1.215193e+01    -6.143458e-04
1.216414e+01    -6.222051e-04
1.217636e+01    -6.299127e-04
1.218857e+01    -6.374685e-04
1.220078e+01    -6.448490e-04
1.221299e+01    -6.520704e-04
1.222521e+01    -6.591147e-04
1.223742e+01    -6.659800e-04
1.224963e+01    -6.726608e-04
1.226185e+01    -6.791507e-04
1.227406e+01    -6.854420e-04
1.228627e+01    -6.915312e-04
1.229849e+01    -6.974199e-04
1.231070e+01    -7.030854e-04
1.232291e+01    -7.085408e-04
1.233512e+01    -7.137747e-04
1.234734e+01    -7.187725e-04
1.235955e+01    -7.235454e-04
1.237176e+01    -7.280794e-04
1.238398e+01    -7.323710e-04
1.239619e+01    -7.364143e-04
1.240840e+01    -7.402123e-04
1.242062e+01    -7.437469e-04
1.243283e+01    -7.470245e-04
1.244504e+01    -7.500408e-04
1.245725e+01    -7.527869e-04
1.246947e+01    -7.552625e-04
1.248168e+01    -7.574596e-04
1.249389e+01    -7.593911e-04
1.250611e+01    -7.610202e-04
1.251832e+01    -7.623752e-04
1.253053e+01    -7.634364e-04
1.254275e+01    -7.642084e-04
1.255496e+01    -7.646856e-04
1.256717e+01    -7.648622e-04
1.257938e+01    -7.647431e-04
1.259160e+01    -7.643206e-04
1.260381e+01    -7.635865e-04
1.261602e+01    -7.625601e-04
1.262824e+01    -7.612147e-04
1.264045e+01    -7.595612e-04
1.265266e+01    -7.575967e-04
1.266488e+01    -7.553197e-04
1.267709e+01    -7.527274e-04
1.268930e+01    -7.498183e-04
1.270151e+01    -7.465982e-04
1.271373e+01    -7.430610e-04
1.272594e+01    -7.392021e-04
1.273815e+01    -7.350301e-04
1.275037e+01    -7.305371e-04
1.276258e+01    -7.257327e-04
1.277479e+01    -7.206096e-04
1.278701e+01    -7.151718e-04
1.279922e+01    -7.094135e-04
1.281143e+01    -7.033474e-04
1.282364e+01    -6.969649e-04
1.283586e+01    -6.902716e-04
1.284807e+01    -6.832688e-04
1.286028e+01    -6.759586e-04
1.287250e+01    -6.683383e-04
1.288471e+01    -6.604191e-04
1.289692e+01    -6.521930e-04
1.290914e+01    -6.436695e-04
1.292135e+01    -6.348523e-04
1.293356e+01    -6.257373e-04
1.294577e+01    -6.163346e-04
1.295799e+01    -6.066411e-04
1.297020e+01    -5.966682e-04
1.298241e+01    -5.864101e-04
1.299463e+01    -5.758794e-04
1.300684e+01    -5.650743e-04
1.301905e+01    -5.540028e-04
1.303127e+01    -5.426667e-04
1.304348e+01    -5.310687e-04
1.305569e+01    -5.192220e-04
1.306790e+01    -5.071259e-04
1.308012e+01    -4.947818e-04
1.309233e+01    -4.821988e-04
1.310454e+01    -4.693858e-04
1.311676e+01    -4.563392e-04
1.312897e+01    -4.430725e-04
1.314118e+01    -4.295917e-04
1.315340e+01    -4.158967e-04
1.316561e+01    -4.019996e-04
1.317782e+01    -3.879045e-04
1.319003e+01    -3.736217e-04
1.320225e+01    -3.591540e-04
1.321446e+01    -3.444966e-04
1.322667e+01    -3.296749e-04
1.323889e+01    -3.146912e-04
1.325110e+01    -2.995476e-04
1.326331e+01    -2.842542e-04
1.327553e+01    -2.688184e-04
1.328774e+01    -2.532506e-04
1.329995e+01    -2.375512e-04
1.331216e+01    -2.217335e-04
1.332438e+01    -2.058025e-04
1.333659e+01    -1.897678e-04
1.334880e+01    -1.736409e-04
1.336102e+01    -1.574197e-04
1.337323e+01    -1.411198e-04
1.338544e+01    -1.247473e-04
1.339766e+01    -1.083073e-04
1.340987e+01    -9.182003e-05
1.342208e+01    -7.527675e-05
1.343429e+01    -5.869759e-05
1.344651e+01    -4.208631e-05
1.345872e+01    -2.545124e-05
1.347093e+01    -8.803203e-06
1.348315e+01    7.849545e-06
1.349536e+01    2.449676e-05
1.350757e+01    4.114083e-05
1.351978e+01    5.776106e-05
1.353200e+01    7.435105e-05
1.354421e+01    9.090936e-05
1.355642e+01    1.074161e-04
1.356864e+01    1.238710e-04
1.358085e+01    1.402690e-04
1.359306e+01    1.565885e-04
1.360528e+01    1.728264e-04
1.361749e+01    1.889892e-04
1.362970e+01    2.050515e-04
1.364192e+01    2.210097e-04
1.365413e+01    2.368529e-04
1.366634e+01    2.525761e-04
1.367855e+01    2.681749e-04
1.369077e+01    2.836313e-04
1.370298e+01    2.989510e-04
1.371519e+01    3.141099e-04
1.372741e+01    3.291118e-04
1.373962e+01    3.439433e-04
1.375183e+01    3.585982e-04
1.376404e+01    3.730765e-04
1.377626e+01    3.873605e-04
1.378847e+01    4.014456e-04
1.380068e+01    4.153271e-04
1.381290e+01    4.289946e-04
1.382511e+01    4.424465e-04
1.383732e+01    4.556685e-04
1.384954e+01    4.686597e-04
1.386175e+01    4.814110e-04
1.387396e+01    4.939182e-04
1.388618e+01    5.061739e-04
1.389839e+01    5.181653e-04
1.391060e+01    5.298965e-04
1.392281e+01    5.413574e-04
1.393503e+01    5.525430e-04
1.394724e+01    5.634471e-04
1.395945e+01    5.740645e-04
1.397167e+01    5.843908e-04
1.398388e+01    5.944193e-04
1.399609e+01    6.041548e-04
1.400830e+01    6.135665e-04
1.402052e+01    6.226767e-04
1.403273e+01    6.314675e-04
1.404494e+01    6.399459e-04
1.405716e+01    6.480966e-04
1.406937e+01    6.559227e-04
1.408158e+01    6.634166e-04
1.409380e+01    6.705760e-04
1.410601e+01    6.774048e-04
1.411822e+01    6.838869e-04
1.413043e+01    6.900263e-04
1.414265e+01    6.958226e-04
1.415486e+01    7.012712e-04
1.416707e+01    7.063713e-04
1.417929e+01    7.111176e-04
1.419150e+01    7.155170e-04
1.420371e+01    7.195529e-04
1.421593e+01    7.232361e-04
1.422814e+01    7.265630e-04
1.424035e+01    7.295298e-04
1.425256e+01    7.321409e-04
1.426478e+01    7.343920e-04
1.427699e+01    7.362827e-04
1.428920e+01    7.378170e-04
1.430142e+01    7.389883e-04
1.431363e+01    7.398035e-04
1.432584e+01    7.402592e-04
1.433806e+01    7.403586e-04
1.435027e+01    7.401006e-04
1.436248e+01    7.394897e-04
1.437469e+01    7.385240e-04
1.438691e+01    7.372058e-04
1.439912e+01    7.355349e-04
1.441133e+01    7.335222e-04
1.442355e+01    7.311604e-04
1.443576e+01    7.284564e-04
1.444797e+01    7.254116e-04
1.446019e+01    7.220261e-04
1.447240e+01    7.183077e-04
1.448461e+01    7.142602e-04
1.449682e+01    7.098784e-04
1.450904e+01    7.051790e-04
1.452125e+01    7.001562e-04
1.453346e+01    6.948161e-04
1.454568e+01    6.891652e-04
1.455789e+01    6.832067e-04
1.457010e+01    6.769409e-04
1.458232e+01    6.703786e-04
1.459453e+01    6.635208e-04
1.460674e+01    6.563757e-04
1.461895e+01    6.489428e-04
1.463117e+01    6.412345e-04
1.464338e+01    6.332514e-04
1.465559e+01    6.250002e-04
1.466781e+01    6.164900e-04
1.468002e+01    6.077187e-04
1.469223e+01    5.987025e-04
1.470445e+01    5.894383e-04
1.471666e+01    5.799362e-04
1.472887e+01    5.702077e-04
1.474109e+01    5.602470e-04
1.475330e+01    5.500758e-04
1.476551e+01    5.396875e-04
1.477772e+01    5.290997e-04
1.478994e+01    5.183102e-04
1.480215e+01    5.073228e-04
1.481436e+01    4.961694e-04
1.482658e+01    4.848343e-04
1.483879e+01    4.733242e-04
1.485100e+01    4.616585e-04
1.486321e+01    4.498323e-04
1.487543e+01    4.378647e-04
1.488764e+01    4.257536e-04
1.489985e+01    4.135144e-04
1.491207e+01    4.011510e-04
1.492428e+01    3.886740e-04
1.493649e+01    3.760809e-04
1.494871e+01    3.633947e-04
1.496092e+01    3.506156e-04
1.497313e+01    3.377447e-04
1.498534e+01    3.247983e-04
1.499756e+01    3.117821e-04
1.500977e+01    2.987131e-04
1.502198e+01    2.855847e-04
1.503420e+01    2.724133e-04
1.504641e+01    2.591995e-04
1.505862e+01    2.459590e-04
1.507084e+01    2.326959e-04
1.508305e+01    2.194186e-04
1.509526e+01    2.061343e-04
1.510747e+01    1.928515e-04
1.511969e+01    1.795789e-04
1.513190e+01    1.663223e-04
1.514411e+01    1.530919e-04
1.515633e+01    1.398916e-04
1.516854e+01    1.267309e-04
1.518075e+01    1.136166e-04
1.519297e+01    1.005598e-04
1.520518e+01    8.756289e-05
1.521739e+01    7.463444e-05
1.522960e+01    6.178397e-05
1.524182e+01    4.901650e-05
1.525403e+01    3.634006e-05
1.526624e+01    2.376147e-05
1.527846e+01    1.128469e-05
1.529067e+01    -1.078792e-06
1.530288e+01    -1.332231e-05
1.531509e+01    -2.544781e-05
1.532731e+01    -3.743987e-05
1.533952e+01    -4.929531e-05
1.535173e+01    -6.100722e-05
1.536395e+01    -7.256793e-05
1.537616e+01    -8.397727e-05
1.538837e+01    -9.522319e-05
1.540059e+01    -1.063020e-04
1.541280e+01    -1.172090e-04
1.542501e+01    -1.279399e-04
1.543723e+01    -1.384866e-04
1.544944e+01    -1.488445e-04
1.546165e+01    -1.590117e-04
1.547386e+01    -1.689807e-04
1.548608e+01    -1.787463e-04
1.549829e+01    -1.883074e-04
1.551050e+01    -1.976535e-04
1.552272e+01    -2.067859e-04
1.553493e+01    -2.156925e-04
1.554714e+01    -2.243856e-04
1.555935e+01    -2.328471e-04
1.557157e+01    -2.410769e-04
1.558378e+01    -2.490743e-04
1.559599e+01    -2.568308e-04
1.560821e+01    -2.643513e-04
1.562042e+01    -2.716243e-04
1.563263e+01    -2.786517e-04
1.564485e+01    -2.854321e-04
1.565706e+01    -2.919609e-04
1.566927e+01    -2.982377e-04
1.568149e+01    -3.042572e-04
1.569370e+01    -3.100192e-04
1.570591e+01    -3.155269e-04
1.571812e+01    -3.207613e-04
1.573034e+01    -3.257561e-04
1.574255e+01    -3.304755e-04
1.575476e+01    -3.349318e-04
1.576698e+01    -3.391246e-04
1.577919e+01    -3.430520e-04
1.579140e+01    -3.467150e-04
1.580362e+01    -3.501161e-04
1.581583e+01    -3.532440e-04
1.582804e+01    -3.561081e-04
1.584025e+01    -3.587122e-04
1.585247e+01    -3.610463e-04
1.586468e+01    -3.631187e-04
1.587689e+01    -3.649268e-04
1.588911e+01    -3.664752e-04
1.590132e+01    -3.677579e-04
1.591353e+01    -3.687807e-04
1.592575e+01    -3.695483e-04
1.593796e+01    -3.700551e-04
1.595017e+01    -3.703083e-04
1.596238e+01    -3.703082e-04
1.597460e+01    -3.700564e-04
1.598681e+01    -3.695567e-04
1.599902e+01    -3.688113e-04
1.601124e+01    -3.678199e-04
1.602345e+01    -3.665871e-04
1.603566e+01    -3.651175e-04
1.604787e+01    -3.634128e-04
1.606009e+01    -3.614721e-04
1.607230e+01    -3.593024e-04
1.608451e+01    -3.569104e-04
1.609673e+01    -3.542980e-04
1.610894e+01    -3.514532e-04
1.612115e+01    -3.484079e-04
1.613337e+01    -3.451462e-04
1.614558e+01    -3.416759e-04
1.615779e+01    -3.380062e-04
1.617001e+01    -3.341335e-04
1.618222e+01    -3.300695e-04
1.619443e+01    -3.258089e-04
1.620664e+01    -3.213710e-04
1.621886e+01    -3.167487e-04
1.623107e+01    -3.119490e-04
1.624328e+01    -3.069784e-04
1.625550e+01    -3.018391e-04
1.626771e+01    -2.965359e-04
1.627992e+01    -2.910811e-04
1.629214e+01    -2.854711e-04
1.630435e+01    -2.797123e-04
1.631656e+01    -2.738193e-04
1.632877e+01    -2.677848e-04
1.634099e+01    -2.616235e-04
1.635320e+01    -2.553315e-04
1.636541e+01    -2.489157e-04
1.637763e+01    -2.423936e-04
1.638984e+01    -2.357558e-04
1.640205e+01    -2.290233e-04
1.641426e+01    -2.221811e-04
1.642648e+01    -2.152527e-04
1.643869e+01    -2.082360e-04
1.645090e+01    -2.011391e-04
1.646312e+01    -1.939646e-04
1.647533e+01    -1.867226e-04
1.648754e+01    -1.794150e-04
1.649976e+01    -1.720461e-04
1.651197e+01    -1.646294e-04
1.652418e+01    -1.571636e-04
1.653639e+01    -1.496572e-04
1.654861e+01    -1.421128e-04
1.656082e+01    -1.345385e-04
1.657303e+01    -1.269407e-04
1.658525e+01    -1.193220e-04
1.659746e+01    -1.116873e-04
1.660967e+01    -1.040519e-04
1.662189e+01    -9.640921e-05
1.663410e+01    -8.877110e-05
1.664631e+01    -8.113864e-05
1.665853e+01    -7.351816e-05
1.667074e+01    -6.592400e-05
1.668295e+01    -5.834799e-05
1.669516e+01    -5.080187e-05
1.670738e+01    -4.329150e-05
1.671959e+01    -3.582163e-05
1.673180e+01    -2.839510e-05
1.674402e+01    -2.101691e-05
1.675623e+01    -1.369510e-05
1.676844e+01    -6.430873e-06
1.678065e+01    7.678573e-07
1.679287e+01    7.897637e-06
1.680508e+01    1.496090e-05
1.681729e+01    2.193588e-05
1.682951e+01    2.883238e-05
1.684172e+01    3.564605e-05
1.685393e+01    4.236714e-05
1.686615e+01    4.899481e-05
1.687836e+01    5.552383e-05
1.689057e+01    6.195122e-05
1.690278e+01    6.827551e-05
1.691500e+01    7.447979e-05
1.692721e+01    8.057719e-05
1.693942e+01    8.655702e-05
1.695164e+01    9.241581e-05
1.696385e+01    9.814974e-05
1.697606e+01    1.037622e-04
1.698828e+01    1.092422e-04
1.700049e+01    1.145920e-04
1.701270e+01    1.198031e-04
1.702491e+01    1.248770e-04
1.703713e+01    1.298141e-04
1.704934e+01    1.346068e-04
1.706155e+01    1.392530e-04
1.707377e+01    1.437552e-04
1.708598e+01    1.481026e-04
1.709819e+01    1.523003e-04
1.711040e+01    1.563462e-04
1.712262e+01    1.602441e-04
1.713483e+01    1.639794e-04
1.714705e+01    1.675583e-04
1.715926e+01    1.709803e-04
1.717147e+01    1.742422e-04
1.718368e+01    1.773411e-04
1.719590e+01    1.802765e-04
1.720811e+01    1.830536e-04
1.722032e+01    1.856658e-04
1.723254e+01    1.881146e-04
1.724475e+01    1.904017e-04
1.725696e+01    1.925210e-04
1.726917e+01    1.944761e-04
1.728139e+01    1.962693e-04
1.729360e+01    1.978953e-04
1.730581e+01    1.993569e-04
1.731803e+01    2.006613e-04
1.733024e+01    2.017973e-04
1.734245e+01    2.027699e-04
1.735467e+01    2.035837e-04
1.736688e+01    2.042359e-04
1.737909e+01    2.047257e-04
1.739130e+01    2.050584e-04
1.740352e+01    2.052342e-04
1.741573e+01    2.052530e-04
1.742794e+01    2.051160e-04
1.744016e+01    2.048234e-04
1.745237e+01    2.043843e-04
1.746458e+01    2.037917e-04
1.747680e+01    2.030501e-04
1.748901e+01    2.021629e-04
1.750122e+01    2.011273e-04
1.751343e+01    1.999573e-04
1.752565e+01    1.986423e-04
1.753786e+01    1.971890e-04
1.755007e+01    1.956015e-04
1.756229e+01    1.938827e-04
1.757450e+01    1.920315e-04
1.758671e+01    1.900544e-04
1.759892e+01    1.879484e-04
1.761114e+01    1.857243e-04
1.762335e+01    1.833783e-04
1.763556e+01    1.809128e-04
1.764778e+01    1.783382e-04
1.765999e+01    1.756519e-04
1.767220e+01    1.728577e-04
1.768442e+01    1.699628e-04
1.769663e+01    1.669644e-04
1.770884e+01    1.638658e-04
1.772106e+01    1.606836e-04
1.773327e+01    1.573936e-04
1.774548e+01    1.540266e-04
1.775769e+01    1.505731e-04
1.776991e+01    1.470395e-04
1.778212e+01    1.434307e-04
1.779433e+01    1.397493e-04
1.780655e+01    1.359939e-04
1.781876e+01    1.321773e-04
1.783097e+01    1.282943e-04
1.784319e+01    1.243576e-04
1.785540e+01    1.203649e-04
1.786761e+01    1.163174e-04
1.787982e+01    1.122257e-04
1.789204e+01    1.080892e-04
1.790425e+01    1.039149e-04
1.791646e+01    9.970245e-05
1.792868e+01    9.546196e-05
1.794089e+01    9.118713e-05
1.795310e+01    8.689082e-05
1.796531e+01    8.257339e-05
1.797753e+01    7.823989e-05
1.798974e+01    7.389038e-05
1.800196e+01    6.953295e-05
1.801417e+01    6.516697e-05
1.802638e+01    6.080384e-05
1.803859e+01    5.643413e-05
1.805081e+01    5.207612e-05
1.806302e+01    4.772487e-05
1.807523e+01    4.338572e-05
1.808744e+01    3.906275e-05
1.809966e+01    3.475498e-05
1.811187e+01    3.047416e-05
1.812408e+01    2.621952e-05
1.813630e+01    2.199283e-05
1.814851e+01    1.780037e-05
1.816072e+01    1.364364e-05
1.817294e+01    9.523588e-06
1.818515e+01    5.447539e-06
1.819736e+01    1.416425e-06
1.820958e+01    -2.566609e-06
1.822179e+01    -6.497838e-06
1.823400e+01    -1.037226e-05
1.824621e+01    -1.419021e-05
1.825843e+01    -1.794857e-05
1.827064e+01    -2.164522e-05
1.828285e+01    -2.527481e-05
1.829507e+01    -2.883712e-05
1.830728e+01    -3.232894e-05
1.831949e+01    -3.574643e-05
1.833171e+01    -3.908342e-05
1.834392e+01    -4.235096e-05
1.835613e+01    -4.553725e-05
1.836834e+01    -4.863454e-05
1.838056e+01    -5.165552e-05
1.839277e+01    -5.459593e-05
1.840498e+01    -5.743396e-05
1.841720e+01    -6.019074e-05
1.842941e+01    -6.284990e-05
1.844162e+01    -6.542186e-05
1.845383e+01    -6.789668e-05
1.846605e+01    -7.027516e-05
1.847826e+01    -7.255469e-05
1.849047e+01    -7.473835e-05
1.850269e+01    -7.681909e-05
1.851490e+01    -7.880497e-05
1.852711e+01    -8.068257e-05
1.853933e+01    -8.245994e-05
1.855154e+01    -8.413062e-05
1.856375e+01    -8.569751e-05
1.857596e+01    -8.716091e-05
1.858818e+01    -8.851755e-05
1.860039e+01    -8.976652e-05
1.861260e+01    -9.090890e-05
1.862482e+01    -9.194238e-05
1.863703e+01    -9.287463e-05
1.864924e+01    -9.369757e-05
1.866146e+01    -9.440945e-05
1.867367e+01    -9.501603e-05
1.868588e+01    -9.551871e-05
1.869810e+01    -9.590737e-05
1.871031e+01    -9.619520e-05
1.872252e+01    -9.637623e-05
1.873473e+01    -9.644957e-05
1.874695e+01    -9.641843e-05
1.875916e+01    -9.628671e-05
1.877137e+01    -9.604436e-05
1.878359e+01    -9.570533e-05
1.879580e+01    -9.525867e-05
1.880801e+01    -9.471498e-05
1.882022e+01    -9.407441e-05
1.883244e+01    -9.333252e-05
1.884465e+01    -9.249224e-05
1.885686e+01    -9.155666e-05
1.886908e+01    -9.052645e-05
1.888129e+01    -8.940269e-05
1.889350e+01    -8.818423e-05
1.890572e+01    -8.688113e-05
1.891793e+01    -8.548988e-05
1.893014e+01    -8.400664e-05
1.894235e+01    -8.244390e-05
1.895457e+01    -8.079564e-05
1.896678e+01    -7.906565e-05
1.897899e+01    -7.725820e-05
1.899121e+01    -7.537086e-05
1.900342e+01    -7.341265e-05
1.901563e+01    -7.137712e-05
1.902785e+01    -6.927334e-05
1.904006e+01    -6.709995e-05
1.905227e+01    -6.485896e-05
1.906449e+01    -6.255628e-05
1.907670e+01    -6.019215e-05
1.908891e+01    -5.776935e-05
1.910112e+01    -5.529143e-05
1.911334e+01    -5.275802e-05
1.912555e+01    -5.016863e-05
1.913776e+01    -4.753506e-05
1.914997e+01    -4.485590e-05
1.916219e+01    -4.212722e-05
1.917440e+01    -3.936238e-05
1.918661e+01    -3.655778e-05
1.919883e+01    -3.371813e-05
1.921104e+01    -3.084598e-05
1.922325e+01    -2.794138e-05
1.923547e+01    -2.501102e-05
1.924768e+01    -2.205390e-05
1.925989e+01    -1.907585e-05
1.927211e+01    -1.608158e-05
1.928432e+01    -1.306121e-05
1.929653e+01    -1.003881e-05
1.930874e+01    -7.002244e-06
1.932096e+01    -3.956649e-06
1.933317e+01    -9.054475e-07
1.934538e+01    2.148246e-06
1.935760e+01    5.201233e-06
1.936981e+01    8.250827e-06
1.938202e+01    1.129346e-05
1.939424e+01    1.433254e-05
1.940645e+01    1.735482e-05
1.941866e+01    2.036408e-05
1.943087e+01    2.335786e-05
1.944309e+01    2.633352e-05
1.945530e+01    2.928694e-05
1.946751e+01    3.221078e-05
1.947973e+01    3.511310e-05
1.949194e+01    3.798107e-05
1.950415e+01    4.081616e-05
1.951637e+01    4.361966e-05
1.952858e+01    4.638504e-05
1.954079e+01    4.910992e-05
1.955301e+01    5.178862e-05
1.956522e+01    5.443148e-05
1.957743e+01    5.702085e-05
1.958964e+01    5.956396e-05
1.960186e+01    6.205225e-05
1.961407e+01    6.448610e-05
1.962628e+01    6.686704e-05
1.963849e+01    6.919104e-05
1.965071e+01    7.145363e-05
1.966292e+01    7.365353e-05
1.967513e+01    7.579237e-05
1.968735e+01    7.786226e-05
1.969956e+01    7.986426e-05
1.971177e+01    8.180109e-05
1.972399e+01    8.365975e-05
1.973620e+01    8.545711e-05
1.974841e+01    8.717240e-05
1.976063e+01    8.881255e-05
1.977284e+01    9.037703e-05
1.978505e+01    9.186074e-05
1.979726e+01    9.326721e-05
1.980948e+01    9.459330e-05
1.982169e+01    9.583292e-05
1.983390e+01    9.699466e-05
1.984612e+01    9.806443e-05
1.985833e+01    9.905305e-05
1.987054e+01    9.995580e-05
1.988276e+01    1.007709e-04
1.989497e+01    1.014931e-04
1.990718e+01    1.021324e-04
1.991939e+01    1.026821e-04
1.993161e+01    1.031408e-04
1.994382e+01    1.035082e-04
1.995603e+01    1.037829e-04
1.996825e+01    1.039685e-04
1.998046e+01    1.040612e-04
1.999267e+01    1.040648e-04
2.000488e+01    1.039750e-04
2.001710e+01    1.037940e-04
2.002931e+01    1.035220e-04
2.004152e+01    1.031572e-04
2.005374e+01    1.026962e-04
2.006595e+01    1.021466e-04
2.007816e+01    1.015060e-04
2.009038e+01    1.007675e-04
2.010259e+01    9.995099e-05
2.011480e+01    9.903518e-05
2.012702e+01    9.803974e-05
2.013923e+01    9.694762e-05
2.015144e+01    9.577081e-05
2.016365e+01    9.450513e-05
2.017587e+01    9.315053e-05
2.018808e+01    9.171356e-05
2.020029e+01    9.019137e-05
2.021251e+01    8.858330e-05
2.022472e+01    8.689295e-05
2.023693e+01    8.512542e-05
2.024915e+01    8.327254e-05
2.026136e+01    8.134266e-05
2.027357e+01    7.933509e-05
2.028578e+01    7.725590e-05
2.029800e+01    7.509511e-05
2.031021e+01    7.286043e-05
2.032242e+01    7.055662e-05
2.033464e+01    6.818095e-05
2.034685e+01    6.574113e-05
2.035906e+01    6.323385e-05
2.037127e+01    6.065537e-05
2.038349e+01    5.802076e-05
2.039570e+01    5.532426e-05
2.040791e+01    5.256464e-05
2.042013e+01    4.974534e-05
2.043234e+01    4.687311e-05
2.044455e+01    4.394976e-05
2.045677e+01    4.097285e-05
2.046898e+01    3.794599e-05
2.048119e+01    3.487205e-05
2.049340e+01    3.175501e-05
2.050562e+01    2.858688e-05
2.051783e+01    2.538983e-05
2.053004e+01    2.214776e-05
2.054226e+01    1.887083e-05
2.055447e+01    1.555928e-05
2.056668e+01    1.221765e-05
2.057890e+01    8.844732e-06
2.059111e+01    5.450561e-06
2.060332e+01    2.023833e-06
2.061554e+01    -1.422957e-06
2.062775e+01    -4.889446e-06
2.063996e+01    -8.370213e-06
2.065217e+01    -1.186924e-05
2.066439e+01    -1.537950e-05
2.067660e+01    -1.889074e-05
2.068881e+01    -2.242559e-05
2.070103e+01    -2.595794e-05
2.071324e+01    -2.949242e-05
2.072545e+01    -3.302525e-05
2.073767e+01    -3.655841e-05
2.074988e+01    -4.008054e-05
2.076209e+01    -4.360266e-05
2.077430e+01    -4.710938e-05
2.078652e+01    -5.060848e-05
2.079873e+01    -5.408787e-05
2.081094e+01    -5.756065e-05
2.082316e+01    -6.099883e-05
2.083537e+01    -6.441964e-05
2.084758e+01    -6.781254e-05
2.085979e+01    -7.118881e-05
2.087201e+01    -7.452938e-05
2.088422e+01    -7.783779e-05
2.089643e+01    -8.111604e-05
2.090865e+01    -8.435277e-05
2.092086e+01    -8.755279e-05
2.093307e+01    -9.071347e-05
2.094529e+01    -9.382938e-05
2.095750e+01    -9.690062e-05
2.096971e+01    -9.992381e-05
2.098192e+01    -1.028991e-04
2.099414e+01    -1.058218e-04
2.100635e+01    -1.086927e-04
2.101856e+01    -1.115000e-04
2.103078e+01    -1.142533e-04
2.104299e+01    -1.169542e-04
2.105520e+01    -1.195849e-04
2.106742e+01    -1.221561e-04
2.107963e+01    -1.246623e-04
2.109184e+01    -1.270987e-04
2.110406e+01    -1.294684e-04
2.111627e+01    -1.317745e-04
2.112848e+01    -1.339916e-04
2.114069e+01    -1.361450e-04
2.115291e+01    -1.382228e-04
2.116512e+01    -1.402214e-04
2.117733e+01    -1.421444e-04
2.118955e+01    -1.439879e-04
2.120176e+01    -1.457514e-04
2.121397e+01    -1.474290e-04
2.122618e+01    -1.490249e-04
2.123840e+01    -1.505348e-04
2.125061e+01    -1.519620e-04
2.126282e+01    -1.532983e-04
2.127504e+01    -1.545486e-04
2.128725e+01    -1.557138e-04
2.129946e+01    -1.567821e-04
2.131168e+01    -1.577636e-04
2.132389e+01    -1.586550e-04
2.133610e+01    -1.594501e-04
2.134831e+01    -1.601551e-04
2.136053e+01    -1.607679e-04
2.137274e+01    -1.612845e-04
2.138495e+01    -1.617089e-04
2.139717e+01    -1.620416e-04
2.140938e+01    -1.622706e-04
2.142159e+01    -1.624123e-04
2.143381e+01    -1.624498e-04
2.144602e+01    -1.623977e-04
2.145823e+01    -1.622484e-04
2.147044e+01    -1.620018e-04
2.148266e+01    -1.616618e-04
2.149487e+01    -1.612248e-04
2.150708e+01    -1.606903e-04
2.151930e+01    -1.600614e-04
2.153151e+01    -1.593388e-04
2.154372e+01    -1.585162e-04
2.155593e+01    -1.576043e-04
2.156815e+01    -1.565934e-04
2.158036e+01    -1.554907e-04
2.159258e+01    -1.542959e-04
2.160479e+01    -1.530084e-04
2.161700e+01    -1.516276e-04
2.162921e+01    -1.501564e-04
2.164143e+01    -1.485949e-04
2.165364e+01    -1.469431e-04
2.166585e+01    -1.452031e-04
2.167807e+01    -1.433725e-04
2.169028e+01    -1.414594e-04
2.170249e+01    -1.394582e-04
2.171470e+01    -1.373711e-04
2.172692e+01    -1.352098e-04
2.173913e+01    -1.329522e-04
2.175134e+01    -1.306191e-04
2.176356e+01    -1.282042e-04
2.177577e+01    -1.257143e-04
2.178798e+01    -1.231444e-04
2.180020e+01    -1.205000e-04
2.181241e+01    -1.177857e-04
2.182462e+01    -1.149917e-04
2.183683e+01    -1.121315e-04
2.184905e+01    -1.092011e-04
2.186126e+01    -1.061960e-04
2.187347e+01    -1.031359e-04
2.188569e+01    -1.000099e-04
2.189790e+01    -9.681383e-05
2.191011e+01    -9.356409e-05
2.192233e+01    -9.025219e-05
2.193454e+01    -8.688268e-05
2.194675e+01    -8.346000e-05
2.195897e+01    -7.998150e-05
2.197118e+01    -7.645409e-05
2.198339e+01    -7.287327e-05
2.199560e+01    -6.925146e-05
2.200782e+01    -6.557786e-05
2.202003e+01    -6.186852e-05
2.203224e+01    -5.811913e-05
2.204445e+01    -5.432261e-05
2.205667e+01    -5.049252e-05
2.206888e+01    -4.662658e-05
2.208109e+01    -4.273571e-05
2.209331e+01    -3.880945e-05
2.210552e+01    -3.485436e-05
2.211773e+01    -3.087694e-05
2.212995e+01    -2.687324e-05
2.214216e+01    -2.284854e-05
2.215437e+01    -1.880026e-05
2.216659e+01    -1.474198e-05
2.217880e+01    -1.066834e-05
2.219101e+01    -6.580311e-06
2.220322e+01    -2.487272e-06
2.221544e+01    1.620057e-06
2.222765e+01    5.728260e-06
2.223986e+01    9.840849e-06
2.225208e+01    1.395317e-05
2.226429e+01    1.806127e-05
2.227650e+01    2.216963e-05
2.228872e+01    2.626914e-05
2.230093e+01    3.035686e-05
2.231314e+01    3.444025e-05
2.232535e+01    3.850601e-05
2.233757e+01    4.256137e-05
2.234978e+01    4.659152e-05
2.236199e+01    5.060324e-05
2.237421e+01    5.459699e-05
2.238642e+01    5.856548e-05
2.239863e+01    6.250785e-05
2.241084e+01    6.641823e-05
2.242306e+01    7.029678e-05
2.243527e+01    7.414752e-05
2.244748e+01    7.796185e-05
2.245970e+01    8.173723e-05
2.247191e+01    8.547503e-05
2.248412e+01    8.916685e-05
2.249634e+01    9.281750e-05
2.250855e+01    9.642183e-05
2.252076e+01    9.998380e-05
2.253297e+01    1.034934e-04
2.254519e+01    1.069413e-04
2.255740e+01    1.103576e-04
2.256961e+01    1.137066e-04
2.258183e+01    1.170018e-04
2.259404e+01    1.202389e-04
2.260625e+01    1.234089e-04
2.261847e+01    1.265241e-04
2.263068e+01    1.295698e-04
2.264289e+01    1.325565e-04
2.265511e+01    1.354732e-04
2.266732e+01    1.383195e-04
2.267953e+01    1.410989e-04
2.269174e+01    1.438045e-04
2.270396e+01    1.464423e-04
2.271617e+01    1.490005e-04
2.272838e+01    1.514839e-04
2.274060e+01    1.538905e-04
2.275281e+01    1.562220e-04
2.276502e+01    1.584713e-04
2.277724e+01    1.606400e-04
2.278945e+01    1.627291e-04
2.280166e+01    1.647328e-04
2.281387e+01    1.666484e-04
2.282609e+01    1.684878e-04
2.283830e+01    1.702393e-04
2.285051e+01    1.719024e-04
2.286273e+01    1.734757e-04
2.287494e+01    1.749641e-04
2.288715e+01    1.763638e-04
2.289936e+01    1.776791e-04
2.291158e+01    1.788921e-04
2.292379e+01    1.800213e-04
2.293600e+01    1.810553e-04
2.294822e+01    1.820005e-04
2.296043e+01    1.828537e-04
2.297264e+01    1.836109e-04
2.298486e+01    1.842793e-04
2.299707e+01    1.848504e-04
2.300928e+01    1.853296e-04
2.302150e+01    1.857152e-04
2.303371e+01    1.860085e-04
2.304592e+01    1.862053e-04
2.305813e+01    1.863078e-04
2.307035e+01    1.863199e-04
2.308256e+01    1.862328e-04
2.309477e+01    1.860531e-04
2.310699e+01    1.857816e-04
2.311920e+01    1.854120e-04
2.313141e+01    1.849541e-04
2.314363e+01    1.844015e-04
2.315584e+01    1.837582e-04
2.316805e+01    1.830195e-04
2.318026e+01    1.821906e-04
2.319248e+01    1.812688e-04
2.320469e+01    1.802627e-04
2.321690e+01    1.791551e-04
2.322912e+01    1.779648e-04
2.324133e+01    1.766857e-04
2.325354e+01    1.753171e-04
2.326575e+01    1.738602e-04
2.327797e+01    1.723185e-04
2.329018e+01    1.706926e-04
2.330239e+01    1.689781e-04
2.331461e+01    1.671827e-04
2.332682e+01    1.653035e-04
2.333903e+01    1.633444e-04
2.335125e+01    1.613030e-04
2.336346e+01    1.591815e-04
2.337567e+01    1.569818e-04
2.338788e+01    1.547036e-04
2.340010e+01    1.523515e-04
2.341231e+01    1.499234e-04
2.342452e+01    1.474252e-04
2.343674e+01    1.448516e-04
2.344895e+01    1.422065e-04
2.346116e+01    1.394912e-04
2.347338e+01    1.367143e-04
2.348559e+01    1.338642e-04
2.349780e+01    1.309509e-04
2.351002e+01    1.279741e-04
2.352223e+01    1.249377e-04
2.353444e+01    1.218394e-04
2.354665e+01    1.186802e-04
2.355887e+01    1.154710e-04
2.357108e+01    1.121985e-04
2.358329e+01    1.088722e-04
2.359550e+01    1.054953e-04
2.360772e+01    1.020721e-04
2.361993e+01    9.859796e-05
2.363214e+01    9.508221e-05
2.364436e+01    9.151112e-05
2.365657e+01    8.790317e-05
2.366878e+01    8.425076e-05
2.368100e+01    8.056377e-05
2.369321e+01    7.683312e-05
2.370542e+01    7.307233e-05
2.371764e+01    6.927509e-05
2.372985e+01    6.544543e-05
2.374206e+01    6.158609e-05
2.375427e+01    5.769939e-05
2.376649e+01    5.378044e-05
2.377870e+01    4.984986e-05
2.379091e+01    4.588591e-05
2.380313e+01    4.191120e-05
2.381534e+01    3.790815e-05
2.382755e+01    3.389246e-05
2.383977e+01    2.986699e-05
2.385198e+01    2.582622e-05
2.386419e+01    2.177281e-05
2.387640e+01    1.771445e-05
2.388862e+01    1.364539e-05
2.390083e+01    9.577314e-06
2.391304e+01    5.499751e-06
2.392526e+01    1.425389e-06
2.393747e+01    -2.645364e-06
2.394968e+01    -6.718270e-06
2.396189e+01    -1.078163e-05
2.397411e+01    -1.483882e-05
2.398632e+01    -1.888591e-05
2.399854e+01    -2.292296e-05
2.401075e+01    -2.694677e-05
2.402296e+01    -3.095574e-05
2.403517e+01    -3.494899e-05
2.404739e+01    -3.892291e-05
2.405960e+01    -4.287332e-05
2.407181e+01    -4.680164e-05
2.408403e+01    -5.071168e-05
2.409624e+01    -5.459200e-05
2.410845e+01    -5.844480e-05
2.412066e+01    -6.226759e-05
2.413288e+01    -6.605880e-05
2.414509e+01    -6.981668e-05
2.415730e+01    -7.353921e-05
2.416952e+01    -7.722012e-05
2.418173e+01    -8.087410e-05
2.419394e+01    -8.448315e-05
2.420616e+01    -8.804761e-05
2.421837e+01    -9.157107e-05
2.423058e+01    -9.505014e-05
2.424279e+01    -9.847211e-05
2.425501e+01    -1.018687e-04
2.426722e+01    -1.052040e-04
2.427943e+01    -1.084902e-04
2.429165e+01    -1.117185e-04
2.430386e+01    -1.149012e-04
2.431607e+01    -1.180254e-04
2.432829e+01    -1.210939e-04
2.434050e+01    -1.241035e-04
2.435271e+01    -1.270513e-04
2.436492e+01    -1.299455e-04
2.437714e+01    -1.327743e-04
2.438935e+01    -1.355442e-04
2.440156e+01    -1.382448e-04
2.441378e+01    -1.408831e-04
2.442599e+01    -1.434592e-04
2.443820e+01    -1.459597e-04
2.445041e+01    -1.483952e-04
2.446263e+01    -1.507667e-04
2.447484e+01    -1.530606e-04
2.448705e+01    -1.552879e-04
2.449927e+01    -1.574433e-04
2.451148e+01    -1.595236e-04
2.452369e+01    -1.615340e-04
2.453591e+01    -1.634701e-04
2.454812e+01    -1.653292e-04
2.456033e+01    -1.671119e-04
2.457255e+01    -1.688214e-04
2.458476e+01    -1.704518e-04
2.459697e+01    -1.720055e-04
2.460918e+01    -1.734819e-04
2.462140e+01    -1.748766e-04
2.463361e+01    -1.761923e-04
2.464582e+01    -1.774392e-04
2.465804e+01    -1.785922e-04
2.467025e+01    -1.796755e-04
2.468246e+01    -1.806709e-04
2.469468e+01    -1.815911e-04
2.470689e+01    -1.824287e-04
2.471910e+01    -1.831855e-04
2.473131e+01    -1.838595e-04
2.474353e+01    -1.844538e-04
2.475574e+01    -1.849650e-04
2.476795e+01    -1.853960e-04
2.478017e+01    -1.857468e-04
2.479238e+01    -1.860156e-04
2.480459e+01    -1.862042e-04
2.481680e+01    -1.863075e-04
2.482902e+01    -1.863356e-04
2.484123e+01    -1.862813e-04
2.485344e+01    -1.861460e-04
2.486566e+01    -1.859294e-04
2.487787e+01    -1.856356e-04
2.489008e+01    -1.852596e-04
2.490230e+01    -1.848080e-04
2.491451e+01    -1.842741e-04
2.492672e+01    -1.836631e-04
2.493893e+01    -1.829748e-04
2.495115e+01    -1.822092e-04
2.496336e+01    -1.813672e-04
2.497557e+01    -1.804495e-04
2.498779e+01    -1.794524e-04
2.500000e+01    -1.783886e-04
