1  27.260318756103516
2  4264.42431640625
3  116.17469787597656
4  2376.2099609375
5  2488.36474609375
6  618.9457397460938
7  63.608154296875
8  929.8197021484375
9  1475.3399658203125
10  1011.8953857421875
11  246.84107971191406
12  45.15958023071289
13  487.8675537109375
14  848.2440185546875
15  643.0857543945312
16  191.87692260742188
17  17.266788482666016
18  214.19052124023438
19  447.9712829589844
20  420.09417724609375
21  182.81210327148438
22  11.50049114227295
23  54.6679573059082
24  195.5176544189453
25  250.79055786132812
26  161.74664306640625
27  39.74512481689453
28  12.008111953735352
29  80.14800262451172
30  141.97149658203125
31  121.42245483398438
32  46.46070861816406
33  1.9598536491394043
34  27.14727020263672
35  75.72113800048828
36  81.13301086425781
37  39.69071578979492
38  5.091845989227295
39  13.703371047973633
40  43.65671920776367
41  51.253517150878906
42  27.51795196533203
43  4.875441551208496
44  4.070605278015137
45  20.10576820373535
46  29.24750328063965
47  19.98476219177246
48  5.01320219039917
49  1.959686279296875
50  11.176481246948242
51  18.179346084594727
52  13.718948364257812
53  4.217316627502441
54  1.3654497861862183
55  6.665339469909668
56  11.051660537719727
57  8.19913387298584
58  2.3460137844085693
59  1.020185112953186
60  4.61021089553833
61  7.046042442321777
62  4.883234024047852
63  1.63533353805542
64  0.9541000127792358
65  2.92578125
66  4.319512844085693
67  3.1901493072509766
68  1.1448297500610352
69  0.7074561715126038
70  1.935722827911377
71  2.765566110610962
72  2.0333690643310547
73  0.8311216235160828
74  0.6982463598251343
75  1.5092500448226929
76  1.907454490661621
77  1.3264758586883545
78  0.6235509514808655
79  0.6767362952232361
80  1.1874750852584839
81  1.2930248975753784
82  0.8484506011009216
83  0.5162582397460938
84  0.6097309589385986
85  0.8931320905685425
86  0.9316403865814209
87  0.6844141483306885
88  0.49164432287216187
89  0.5631272792816162
90  0.7267078757286072
91  0.7205601930618286
92  0.5558677911758423
93  0.455399751663208
94  0.5197612047195435
95  0.612552285194397
96  0.585310161113739
97  0.480685293674469
98  0.4407494068145752
99  0.4947091341018677
100  0.5375675559043884
101  0.4985966086387634
102  0.43398040533065796
103  0.42383214831352234
104  0.45446985960006714
105  0.4702839255332947
106  0.4451235234737396
107  0.4115821123123169
108  0.40783482789993286
109  0.4268118739128113
110  0.43318504095077515
111  0.4147239327430725
112  0.39453089237213135
113  0.3939287066459656
114  0.40441465377807617
115  0.40433719754219055
116  0.39023488759994507
117  0.37858977913856506
118  0.37974923849105835
119  0.38506045937538147
120  0.3819515109062195
121  0.3717721998691559
122  0.3655955195426941
123  0.36658501625061035
124  0.36793047189712524
125  0.36445730924606323
126  0.3581371009349823
127  0.3542798161506653
128  0.35415926575660706
129  0.35407620668411255
130  0.3510100841522217
131  0.34647253155708313
132  0.3436780869960785
133  0.3430439829826355
134  0.3421297073364258
135  0.3392999470233917
136  0.33583536744117737
137  0.3336135149002075
138  0.3325708210468292
139  0.3311116397380829
140  0.328506737947464
141  0.32576102018356323
142  0.32391488552093506
143  0.32276636362075806
144  0.3212474584579468
145  0.31918051838874817
146  0.3171086311340332
147  0.3155149221420288
148  0.3142015039920807
149  0.3126712739467621
150  0.31083226203918457
151  0.30899250507354736
152  0.30744653940200806
153  0.3060668110847473
154  0.30455920100212097
155  0.302878201007843
156  0.3012077510356903
157  0.2997228503227234
158  0.2983340620994568
159  0.296855628490448
160  0.2952767610549927
161  0.2937263548374176
162  0.2922951877117157
163  0.2910521626472473
164  0.2897546589374542
165  0.28841331601142883
166  0.2870941758155823
167  0.28583821654319763
168  0.28460797667503357
169  0.28336724638938904
170  0.2820902466773987
171  0.28082960844039917
172  0.27960634231567383
173  0.2784091830253601
174  0.2772074341773987
175  0.2759818732738495
176  0.2747717499732971
177  0.27358824014663696
178  0.27242255210876465
179  0.271255761384964
180  0.2700796127319336
181  0.26891693472862244
182  0.2677692174911499
183  0.26674729585647583
184  0.2657334506511688
185  0.2647121250629425
186  0.2636946439743042
187  0.2626931667327881
188  0.2616984248161316
189  0.2607077360153198
190  0.259720116853714
191  0.25873854756355286
192  0.25776341557502747
193  0.2567979097366333
194  0.25583964586257935
195  0.2548789083957672
196  0.2539280354976654
197  0.25297826528549194
198  0.25203779339790344
199  0.25110292434692383
200  0.2501741051673889
