0.000000e+00    3.475132e-01
1.221299e-02    3.473621e-01
2.442599e-02    3.469093e-01
3.663898e-02    3.461564e-01
4.885198e-02    3.451059e-01
6.106497e-02    3.437612e-01
7.327797e-02    3.421271e-01
8.549096e-02    3.402088e-01
9.770396e-02    3.380128e-01
1.099169e-01    3.355464e-01
1.221299e-01    3.328175e-01
1.343429e-01    3.298351e-01
1.465559e-01    3.266088e-01
1.587689e-01    3.231487e-01
1.709819e-01    3.194658e-01
1.831949e-01    3.155715e-01
1.954079e-01    3.114775e-01
2.076209e-01    3.071963e-01
2.198339e-01    3.027405e-01
2.320469e-01    2.981229e-01
2.442599e-01    2.933566e-01
2.564729e-01    2.884549e-01
2.686859e-01    2.834310e-01
2.808989e-01    2.782983e-01
2.931119e-01    2.730699e-01
3.053249e-01    2.677587e-01
3.175378e-01    2.623777e-01
3.297509e-01    2.569395e-01
3.419639e-01    2.514561e-01
3.541768e-01    2.459395e-01
3.663898e-01    2.404011e-01
3.786028e-01    2.348517e-01
3.908158e-01    2.293018e-01
4.030288e-01    2.237611e-01
4.152418e-01    2.182391e-01
4.274548e-01    2.127442e-01
4.396678e-01    2.072844e-01
4.518808e-01    2.018671e-01
4.640938e-01    1.964989e-01
4.763068e-01    1.911857e-01
4.885198e-01    1.859327e-01
5.007328e-01    1.807445e-01
5.129458e-01    1.756250e-01
5.251588e-01    1.705774e-01
5.373718e-01    1.656041e-01
5.495847e-01    1.607070e-01
5.617977e-01    1.558872e-01
5.740107e-01    1.511455e-01
5.862237e-01    1.464817e-01
5.984367e-01    1.418954e-01
6.106497e-01    1.373854e-01
6.228627e-01    1.329501e-01
6.350757e-01    1.285874e-01
6.472887e-01    1.242949e-01
6.595017e-01    1.200696e-01
6.717147e-01    1.159083e-01
6.839277e-01    1.118074e-01
6.961407e-01    1.077631e-01
7.083537e-01    1.037711e-01
7.205667e-01    9.982727e-02
7.327797e-01    9.592700e-02
7.449927e-01    9.206572e-02
7.572057e-01    8.823868e-02
7.694187e-01    8.444109e-02
7.816316e-01    8.066815e-02
7.938446e-01    7.691509e-02
8.060576e-01    7.317706e-02
8.182706e-01    6.944941e-02
8.304836e-01    6.572750e-02
8.426966e-01    6.200686e-02
8.549096e-01    5.828313e-02
8.671226e-01    5.455211e-02
8.793356e-01    5.080983e-02
8.915486e-01    4.705247e-02
9.037616e-01    4.327647e-02
9.159746e-01    3.947847e-02
9.281876e-01    3.565541e-02
9.404006e-01    3.180444e-02
9.526136e-01    2.792298e-02
9.648266e-01    2.400874e-02
9.770396e-01    2.005969e-02
9.892526e-01    1.607408e-02
1.001466e+00    1.205046e-02
1.013679e+00    7.987636e-03
1.025892e+00    3.884687e-03
1.038105e+00    -2.589968e-04
1.050318e+00    -4.443815e-03
1.062531e+00    -8.669833e-03
1.074744e+00    -1.293694e-02
1.086957e+00    -1.724470e-02
1.099169e+00    -2.159249e-02
1.111382e+00    -2.597944e-02
1.123595e+00    -3.040447e-02
1.135808e+00    -3.486629e-02
1.148021e+00    -3.936341e-02
1.160234e+00    -4.389416e-02
1.172447e+00    -4.845672e-02
1.184660e+00    -5.304907e-02
1.196873e+00    -5.766911e-02
1.209086e+00    -6.231455e-02
1.221299e+00    -6.698300e-02
1.233512e+00    -7.167198e-02
1.245725e+00    -7.637892e-02
1.257938e+00    -8.110116e-02
1.270151e+00    -8.583599e-02
1.282364e+00    -9.058061e-02
1.294577e+00    -9.533224e-02
1.306790e+00    -1.000880e-01
1.319003e+00    -1.048451e-01
1.331216e+00    -1.096006e-01
1.343429e+00    -1.143515e-01
1.355642e+00    -1.190952e-01
1.367855e+00    -1.238288e-01
1.380068e+00    -1.285494e-01
1.392281e+00    -1.332542e-01
1.404494e+00    -1.379407e-01
1.416707e+00    -1.426060e-01
1.428920e+00    -1.472476e-01
1.441133e+00    -1.518629e-01
1.453346e+00    -1.564494e-01
1.465559e+00    -1.610047e-01
1.477772e+00    -1.655265e-01
1.489985e+00    -1.700126e-01
1.502198e+00    -1.744607e-01
1.514411e+00    -1.788688e-01
1.526624e+00    -1.832348e-01
1.538837e+00    -1.875569e-01
1.551050e+00    -1.918332e-01
1.563263e+00    -1.960619e-01
1.575476e+00    -2.002415e-01
1.587689e+00    -2.043704e-01
1.599902e+00    -2.084470e-01
1.612115e+00    -2.124701e-01
1.624328e+00    -2.164382e-01
1.636541e+00    -2.203503e-01
1.648754e+00    -2.242050e-01
1.660967e+00    -2.280014e-01
1.673180e+00    -2.317385e-01
1.685393e+00    -2.354153e-01
1.697606e+00    -2.390311e-01
1.709819e+00    -2.425850e-01
1.722032e+00    -2.460764e-01
1.734245e+00    -2.495046e-01
1.746458e+00    -2.528690e-01
1.758671e+00    -2.561691e-01
1.770884e+00    -2.594045e-01
1.783097e+00    -2.625746e-01
1.795310e+00    -2.656791e-01
1.807523e+00    -2.687177e-01
1.819736e+00    -2.716901e-01
1.831949e+00    -2.745961e-01
1.844162e+00    -2.774354e-01
1.856375e+00    -2.802079e-01
1.868588e+00    -2.829133e-01
1.880801e+00    -2.855517e-01
1.893014e+00    -2.881228e-01
1.905227e+00    -2.906267e-01
1.917440e+00    -2.930632e-01
1.929653e+00    -2.954323e-01
1.941866e+00    -2.977341e-01
1.954079e+00    -2.999684e-01
1.966292e+00    -3.021354e-01
1.978505e+00    -3.042351e-01
1.990718e+00    -3.062674e-01
2.002931e+00    -3.082325e-01
2.015144e+00    -3.101305e-01
2.027357e+00    -3.119613e-01
2.039570e+00    -3.137250e-01
2.051783e+00    -3.154218e-01
2.063996e+00    -3.170517e-01
2.076209e+00    -3.186149e-01
2.088422e+00    -3.201114e-01
2.100635e+00    -3.215413e-01
2.112848e+00    -3.229047e-01
2.125061e+00    -3.242018e-01
2.137274e+00    -3.254327e-01
2.149487e+00    -3.265975e-01
2.161700e+00    -3.276963e-01
2.173913e+00    -3.287293e-01
2.186126e+00    -3.296966e-01
2.198339e+00    -3.305983e-01
2.210552e+00    -3.314347e-01
2.222765e+00    -3.322059e-01
2.234978e+00    -3.329121e-01
2.247191e+00    -3.335534e-01
2.259404e+00    -3.341300e-01
2.271617e+00    -3.346421e-01
2.283830e+00    -3.350901e-01
2.296043e+00    -3.354740e-01
2.308256e+00    -3.357940e-01
2.320469e+00    -3.360504e-01
2.332682e+00    -3.362436e-01
2.344895e+00    -3.363737e-01
2.357108e+00    -3.364411e-01
2.369321e+00    -3.364459e-01
2.381534e+00    -3.363886e-01
2.393747e+00    -3.362695e-01
2.405960e+00    -3.360887e-01
2.418173e+00    -3.358469e-01
2.430386e+00    -3.355443e-01
2.442599e+00    -3.351813e-01
2.454812e+00    -3.347582e-01
2.467025e+00    -3.342756e-01
2.479238e+00    -3.337338e-01
2.491451e+00    -3.331333e-01
2.503664e+00    -3.324745e-01
2.515877e+00    -3.317579e-01
2.528090e+00    -3.309842e-01
2.540303e+00    -3.301536e-01
2.552516e+00    -3.292669e-01
2.564729e+00    -3.283245e-01
2.576942e+00    -3.273270e-01
2.589155e+00    -3.262750e-01
2.601368e+00    -3.251691e-01
2.613581e+00    -3.240098e-01
2.625794e+00    -3.227980e-01
2.638007e+00    -3.215342e-01
2.650220e+00    -3.202190e-01
2.662433e+00    -3.188531e-01
2.674646e+00    -3.174373e-01
2.686859e+00    -3.159721e-01
2.699072e+00    -3.144585e-01
2.711285e+00    -3.128970e-01
2.723498e+00    -3.112885e-01
2.735711e+00    -3.096337e-01
2.747924e+00    -3.079334e-01
2.760137e+00    -3.061883e-01
2.772350e+00    -3.043993e-01
2.784563e+00    -3.025671e-01
2.796776e+00    -3.006926e-01
2.808989e+00    -2.987767e-01
2.821202e+00    -2.968200e-01
2.833415e+00    -2.948234e-01
2.845628e+00    -2.927880e-01
2.857841e+00    -2.907144e-01
2.870054e+00    -2.886035e-01
2.882267e+00    -2.864563e-01
2.894480e+00    -2.842734e-01
2.906693e+00    -2.820561e-01
2.918906e+00    -2.798049e-01
2.931119e+00    -2.775208e-01
2.943332e+00    -2.752048e-01
2.955545e+00    -2.728577e-01
2.967758e+00    -2.704804e-01
2.979971e+00    -2.680739e-01
2.992184e+00    -2.656389e-01
3.004397e+00    -2.631765e-01
3.016610e+00    -2.606875e-01
3.028823e+00    -2.581728e-01
3.041036e+00    -2.556334e-01
3.053249e+00    -2.530700e-01
3.065462e+00    -2.504837e-01
3.077675e+00    -2.478754e-01
3.089888e+00    -2.452458e-01
3.102101e+00    -2.425960e-01
3.114314e+00    -2.399268e-01
3.126527e+00    -2.372391e-01
3.138740e+00    -2.345338e-01
3.150953e+00    -2.318118e-01
3.163166e+00    -2.290739e-01
3.175379e+00    -2.263211e-01
3.187592e+00    -2.235542e-01
3.199805e+00    -2.207741e-01
3.212018e+00    -2.179815e-01
3.224231e+00    -2.151775e-01
3.236444e+00    -2.123629e-01
3.248657e+00    -2.095384e-01
3.260870e+00    -2.067049e-01
3.273082e+00    -2.038634e-01
3.285295e+00    -2.010145e-01
3.297508e+00    -1.981591e-01
3.309721e+00    -1.952980e-01
3.321934e+00    -1.924321e-01
3.334147e+00    -1.895622e-01
3.346360e+00    -1.866890e-01
3.358573e+00    -1.838133e-01
3.370786e+00    -1.809359e-01
3.382999e+00    -1.780576e-01
3.395212e+00    -1.751791e-01
3.407425e+00    -1.723012e-01
3.419638e+00    -1.694246e-01
3.431851e+00    -1.665502e-01
3.444064e+00    -1.636785e-01
3.456277e+00    -1.608104e-01
3.468490e+00    -1.579465e-01
3.480703e+00    -1.550876e-01
3.492916e+00    -1.522343e-01
3.505129e+00    -1.493874e-01
3.517342e+00    -1.465475e-01
3.529555e+00    -1.437153e-01
3.541768e+00    -1.408914e-01
3.553981e+00    -1.380765e-01
3.566194e+00    -1.352712e-01
3.578407e+00    -1.324762e-01
3.590620e+00    -1.296921e-01
3.602833e+00    -1.269195e-01
3.615046e+00    -1.241590e-01
3.627259e+00    -1.214112e-01
3.639472e+00    -1.186766e-01
3.651685e+00    -1.159558e-01
3.663898e+00    -1.132495e-01
3.676111e+00    -1.105582e-01
3.688324e+00    -1.078823e-01
3.700537e+00    -1.052224e-01
3.712750e+00    -1.025791e-01
3.724963e+00    -9.995279e-02
3.737176e+00    -9.734403e-02
3.749389e+00    -9.475332e-02
3.761602e+00    -9.218107e-02
3.773815e+00    -8.962781e-02
3.786028e+00    -8.709395e-02
3.798241e+00    -8.457994e-02
3.810454e+00    -8.208622e-02
3.822667e+00    -7.961319e-02
3.834880e+00    -7.716129e-02
3.847093e+00    -7.473087e-02
3.859306e+00    -7.232237e-02
3.871519e+00    -6.993611e-02
3.883732e+00    -6.757248e-02
3.895945e+00    -6.523184e-02
3.908158e+00    -6.291451e-02
3.920371e+00    -6.062082e-02
3.932584e+00    -5.835109e-02
3.944797e+00    -5.610563e-02
3.957010e+00    -5.388473e-02
3.969223e+00    -5.168868e-02
3.981436e+00    -4.951774e-02
3.993649e+00    -4.737217e-02
4.005862e+00    -4.525223e-02
4.018075e+00    -4.315818e-02
4.030288e+00    -4.109015e-02
4.042501e+00    -3.904849e-02
4.054714e+00    -3.703326e-02
4.066927e+00    -3.504481e-02
4.079140e+00    -3.308316e-02
4.091353e+00    -3.114862e-02
4.103566e+00    -2.924123e-02
4.115779e+00    -2.736126e-02
4.127992e+00    -2.550872e-02
4.140205e+00    -2.368388e-02
4.152418e+00    -2.188670e-02
4.164631e+00    -2.011744e-02
4.176844e+00    -1.837605e-02
4.189057e+00    -1.666269e-02
4.201270e+00    -1.497750e-02
4.213483e+00    -1.332041e-02
4.225696e+00    -1.169160e-02
4.237909e+00    -1.009099e-02
4.250122e+00    -8.518767e-03
4.262335e+00    -6.974768e-03
4.274548e+00    -5.459183e-03
4.286761e+00    -3.971891e-03
4.298974e+00    -2.513000e-03
4.311187e+00    -1.082376e-03
4.323400e+00    3.198816e-04
4.335613e+00    1.693922e-03
4.347826e+00    3.039670e-03
4.360039e+00    4.357283e-03
4.372252e+00    5.646717e-03
4.384465e+00    6.908138e-03
4.396678e+00    8.141518e-03
4.408891e+00    9.347040e-03
4.421104e+00    1.052470e-02
4.433317e+00    1.167469e-02
4.445530e+00    1.279702e-02
4.457743e+00    1.389190e-02
4.469956e+00    1.495936e-02
4.482169e+00    1.599961e-02
4.494382e+00    1.701271e-02
4.506595e+00    1.799888e-02
4.518808e+00    1.895820e-02
4.531021e+00    1.989088e-02
4.543234e+00    2.079704e-02
4.555447e+00    2.167690e-02
4.567660e+00    2.253058e-02
4.579873e+00    2.335832e-02
4.592086e+00    2.416023e-02
4.604299e+00    2.493659e-02
4.616512e+00    2.568754e-02
4.628725e+00    2.641332e-02
4.640938e+00    2.711410e-02
4.653151e+00    2.779015e-02
4.665364e+00    2.844164e-02
4.677577e+00    2.906884e-02
4.689790e+00    2.967192e-02
4.702003e+00    3.025119e-02
4.714216e+00    3.080682e-02
4.726429e+00    3.133910e-02
4.738642e+00    3.184824e-02
4.750855e+00    3.233455e-02
4.763068e+00    3.279821e-02
4.775281e+00    3.323954e-02
4.787494e+00    3.365877e-02
4.799707e+00    3.405617e-02
4.811920e+00    3.443201e-02
4.824133e+00    3.478657e-02
4.836346e+00    3.512012e-02
4.848559e+00    3.543294e-02
4.860772e+00    3.572530e-02
4.872985e+00    3.599750e-02
4.885198e+00    3.624979e-02
4.897411e+00    3.648250e-02
4.909624e+00    3.669590e-02
4.921837e+00    3.689029e-02
4.934050e+00    3.706593e-02
4.946263e+00    3.722316e-02
4.958476e+00    3.736224e-02
4.970689e+00    3.748349e-02
4.982902e+00    3.758720e-02
4.995115e+00    3.767367e-02
5.007328e+00    3.774320e-02
5.019541e+00    3.779610e-02
5.031754e+00    3.783265e-02
5.043967e+00    3.785317e-02
5.056180e+00    3.785797e-02
5.068393e+00    3.784734e-02
5.080606e+00    3.782158e-02
5.092819e+00    3.778101e-02
5.105031e+00    3.772593e-02
5.117245e+00    3.765662e-02
5.129457e+00    3.757342e-02
5.141671e+00    3.747661e-02
5.153883e+00    3.736651e-02
5.166097e+00    3.724340e-02
5.178309e+00    3.710759e-02
5.190523e+00    3.695939e-02
5.202735e+00    3.679909e-02
5.214949e+00    3.662700e-02
5.227162e+00    3.644340e-02
5.239375e+00    3.624860e-02
5.251588e+00    3.604289e-02
5.263801e+00    3.582658e-02
5.276014e+00    3.559993e-02
5.288227e+00    3.536326e-02
5.300440e+00    3.511684e-02
5.312653e+00    3.486099e-02
5.324866e+00    3.459596e-02
5.337079e+00    3.432205e-02
5.349292e+00    3.403954e-02
5.361505e+00    3.374871e-02
5.373718e+00    3.344984e-02
5.385931e+00    3.314321e-02
5.398144e+00    3.282906e-02
5.410357e+00    3.250773e-02
5.422570e+00    3.217943e-02
5.434783e+00    3.184446e-02
5.446996e+00    3.150305e-02
5.459208e+00    3.115550e-02
5.471422e+00    3.080203e-02
5.483634e+00    3.044295e-02
5.495848e+00    3.007845e-02
5.508060e+00    2.970884e-02
5.520274e+00    2.933432e-02
5.532486e+00    2.895517e-02
5.544700e+00    2.857161e-02
5.556912e+00    2.818390e-02
5.569126e+00    2.779225e-02
5.581338e+00    2.739693e-02
5.593552e+00    2.699813e-02
5.605764e+00    2.659611e-02
5.617978e+00    2.619107e-02
5.630190e+00    2.578325e-02
5.642404e+00    2.537285e-02
5.654616e+00    2.496011e-02
5.666830e+00    2.454522e-02
5.679042e+00    2.412840e-02
5.691256e+00    2.370984e-02
5.703468e+00    2.328977e-02
5.715682e+00    2.286835e-02
5.727894e+00    2.244581e-02
5.740108e+00    2.202231e-02
5.752320e+00    2.159808e-02
5.764534e+00    2.117326e-02
5.776746e+00    2.074807e-02
5.788960e+00    2.032266e-02
5.801172e+00    1.989722e-02
5.813385e+00    1.947191e-02
5.825598e+00    1.904691e-02
5.837811e+00    1.862237e-02
5.850024e+00    1.819848e-02
5.862237e+00    1.777536e-02
5.874450e+00    1.735320e-02
5.886663e+00    1.693212e-02
5.898876e+00    1.651230e-02
5.911089e+00    1.609385e-02
5.923302e+00    1.567694e-02
5.935515e+00    1.526168e-02
5.947728e+00    1.484823e-02
5.959941e+00    1.443671e-02
5.972154e+00    1.402725e-02
5.984367e+00    1.361996e-02
5.996580e+00    1.321498e-02
6.008793e+00    1.281242e-02
6.021006e+00    1.241240e-02
6.033219e+00    1.201501e-02
6.045432e+00    1.162039e-02
6.057645e+00    1.122861e-02
6.069858e+00    1.083981e-02
6.082071e+00    1.045405e-02
6.094284e+00    1.007146e-02
6.106497e+00    9.692099e-03
6.118710e+00    9.316088e-03
6.130923e+00    8.943482e-03
6.143136e+00    8.574390e-03
6.155349e+00    8.208872e-03
6.167562e+00    7.847023e-03
6.179775e+00    7.488898e-03
6.191988e+00    7.134587e-03
6.204201e+00    6.784135e-03
6.216414e+00    6.437635e-03
6.228627e+00    6.095121e-03
6.240840e+00    5.756679e-03
6.253053e+00    5.422339e-03
6.265266e+00    5.092172e-03
6.277479e+00    4.766240e-03
6.289692e+00    4.444564e-03
6.301905e+00    4.127220e-03
6.314118e+00    3.814215e-03
6.326331e+00    3.505630e-03
6.338544e+00    3.201467e-03
6.350757e+00    2.901793e-03
6.362970e+00    2.606613e-03
6.375183e+00    2.315984e-03
6.387396e+00    2.029911e-03
6.399609e+00    1.748448e-03
6.411822e+00    1.471581e-03
6.424035e+00    1.199369e-03
6.436248e+00    9.318042e-04
6.448461e+00    6.689253e-04
6.460674e+00    4.107267e-04
6.472887e+00    1.572413e-04
6.485100e+00    -9.153990e-05
6.497313e+00    -3.355915e-04
6.509526e+00    -5.749202e-04
6.521739e+00    -8.095069e-04
6.533952e+00    -1.039365e-03
6.546165e+00    -1.264478e-03
6.558378e+00    -1.484863e-03
6.570591e+00    -1.700504e-03
6.582804e+00    -1.911425e-03
6.595017e+00    -2.117614e-03
6.607230e+00    -2.319098e-03
6.619443e+00    -2.515869e-03
6.631656e+00    -2.707953e-03
6.643869e+00    -2.895349e-03
6.656082e+00    -3.078086e-03
6.668295e+00    -3.256166e-03
6.680508e+00    -3.429620e-03
6.692721e+00    -3.598454e-03
6.704934e+00    -3.762699e-03
6.717147e+00    -3.922369e-03
6.729360e+00    -4.077497e-03
6.741573e+00    -4.228094e-03
6.753786e+00    -4.374201e-03
6.765999e+00    -4.515828e-03
6.778212e+00    -4.653021e-03
6.790425e+00    -4.785793e-03
6.802638e+00    -4.914187e-03
6.814851e+00    -5.038225e-03
6.827064e+00    -5.157949e-03
6.839277e+00    -5.273382e-03
6.851490e+00    -5.384570e-03
6.863703e+00    -5.491540e-03
6.875916e+00    -5.594336e-03
6.888129e+00    -5.692984e-03
6.900342e+00    -5.787534e-03
6.912555e+00    -5.878016e-03
6.924768e+00    -5.964483e-03
6.936981e+00    -6.046960e-03
6.949194e+00    -6.125495e-03
6.961407e+00    -6.200137e-03
6.973620e+00    -6.270922e-03
6.985833e+00    -6.337890e-03
6.998046e+00    -6.401097e-03
7.010259e+00    -6.460573e-03
7.022472e+00    -6.516376e-03
7.034685e+00    -6.568545e-03
7.046898e+00    -6.617129e-03
7.059111e+00    -6.662175e-03
7.071324e+00    -6.703730e-03
7.083537e+00    -6.741840e-03
7.095750e+00    -6.776559e-03
7.107963e+00    -6.807930e-03
7.120176e+00    -6.836003e-03
7.132389e+00    -6.860829e-03
7.144602e+00    -6.882457e-03
7.156815e+00    -6.900936e-03
7.169028e+00    -6.916320e-03
7.181241e+00    -6.928656e-03
7.193454e+00    -6.937995e-03
7.205667e+00    -6.944389e-03
7.217880e+00    -6.947890e-03
7.230093e+00    -6.948544e-03
7.242306e+00    -6.946412e-03
7.254519e+00    -6.941537e-03
7.266732e+00    -6.933975e-03
7.278944e+00    -6.923777e-03
7.291158e+00    -6.910993e-03
7.303371e+00    -6.895678e-03
7.315584e+00    -6.877881e-03
7.327797e+00    -6.857655e-03
7.340010e+00    -6.835052e-03
7.352223e+00    -6.810124e-03
7.364436e+00    -6.782922e-03
7.376649e+00    -6.753501e-03
7.388862e+00    -6.721906e-03
7.401075e+00    -6.688192e-03
7.413288e+00    -6.652418e-03
7.425501e+00    -6.614621e-03
7.437714e+00    -6.574864e-03
7.449927e+00    -6.533194e-03
7.462140e+00    -6.489659e-03
7.474353e+00    -6.444309e-03
7.486566e+00    -6.397204e-03
7.498779e+00    -6.348378e-03
7.510992e+00    -6.297904e-03
7.523205e+00    -6.245810e-03
7.535418e+00    -6.192157e-03
7.547631e+00    -6.136989e-03
7.559844e+00    -6.080358e-03
7.572057e+00    -6.022309e-03
7.584270e+00    -5.962898e-03
7.596483e+00    -5.902163e-03
7.608696e+00    -5.840160e-03
7.620909e+00    -5.776932e-03
7.633121e+00    -5.712527e-03
7.645335e+00    -5.646993e-03
7.657547e+00    -5.580375e-03
7.669761e+00    -5.512719e-03
7.681973e+00    -5.444072e-03
7.694187e+00    -5.374474e-03
7.706399e+00    -5.303976e-03
7.718613e+00    -5.232618e-03
7.730825e+00    -5.160449e-03
7.743039e+00    -5.087504e-03
7.755251e+00    -5.013836e-03
7.767465e+00    -4.939478e-03
7.779677e+00    -4.864483e-03
7.791891e+00    -4.788882e-03
7.804103e+00    -4.712724e-03
7.816317e+00    -4.636042e-03
7.828529e+00    -4.558885e-03
7.840743e+00    -4.481288e-03
7.852955e+00    -4.403293e-03
7.865169e+00    -4.324932e-03
7.877381e+00    -4.246254e-03
7.889595e+00    -4.167285e-03
7.901807e+00    -4.088071e-03
7.914021e+00    -4.008646e-03
7.926233e+00    -3.929047e-03
7.938447e+00    -3.849306e-03
7.950659e+00    -3.769468e-03
7.962873e+00    -3.689552e-03
7.975085e+00    -3.609606e-03
7.987298e+00    -3.529655e-03
7.999511e+00    -3.449742e-03
8.011724e+00    -3.369886e-03
8.023937e+00    -3.290130e-03
8.036150e+00    -3.210502e-03
8.048364e+00    -3.131027e-03
8.060576e+00    -3.051743e-03
8.072789e+00    -2.972680e-03
8.085002e+00    -2.893863e-03
8.097216e+00    -2.815315e-03
8.109428e+00    -2.737079e-03
8.121641e+00    -2.659173e-03
8.133854e+00    -2.581625e-03
8.146068e+00    -2.504454e-03
8.158280e+00    -2.427701e-03
8.170493e+00    -2.351382e-03
8.182706e+00    -2.275525e-03
8.194920e+00    -2.200144e-03
8.207132e+00    -2.125276e-03
8.219345e+00    -2.050938e-03
8.231558e+00    -1.977153e-03
8.243772e+00    -1.903936e-03
8.255984e+00    -1.831320e-03
8.268197e+00    -1.759319e-03
8.280410e+00    -1.687953e-03
8.292624e+00    -1.617237e-03
8.304836e+00    -1.547201e-03
8.317049e+00    -1.477856e-03
8.329262e+00    -1.409221e-03
8.341475e+00    -1.341305e-03
8.353688e+00    -1.274140e-03
8.365901e+00    -1.207732e-03
8.378115e+00    -1.142093e-03
8.390327e+00    -1.077249e-03
8.402540e+00    -1.013208e-03
8.414753e+00    -9.499841e-04
8.426967e+00    -8.875839e-04
8.439179e+00    -8.260323e-04
8.451392e+00    -7.653343e-04
8.463605e+00    -7.055032e-04
8.475819e+00    -6.465435e-04
8.488031e+00    -5.884753e-04
8.500244e+00    -5.313042e-04
8.512457e+00    -4.750367e-04
8.524671e+00    -4.196833e-04
8.536883e+00    -3.652518e-04
8.549096e+00    -3.117528e-04
8.561309e+00    -2.591918e-04
8.573523e+00    -2.075708e-04
8.585735e+00    -1.569049e-04
8.597948e+00    -1.071887e-04
8.610161e+00    -5.844016e-05
8.622375e+00    -1.064946e-05
8.634587e+00    3.616901e-05
8.646800e+00    8.201433e-05
8.659013e+00    1.268856e-04
8.671227e+00    1.707833e-04
8.683439e+00    2.136945e-04
8.695652e+00    2.556274e-04
8.707865e+00    2.965783e-04
8.720078e+00    3.365486e-04
8.732291e+00    3.755317e-04
8.744504e+00    4.135339e-04
8.756717e+00    4.505542e-04
8.768930e+00    4.865968e-04
8.781143e+00    5.216557e-04
8.793356e+00    5.557403e-04
8.805569e+00    5.888500e-04
8.817782e+00    6.209918e-04
8.829995e+00    6.521607e-04
8.842208e+00    6.823684e-04
8.854421e+00    7.116151e-04
8.866634e+00    7.399066e-04
8.878847e+00    7.672493e-04
8.891060e+00    7.936458e-04
8.903273e+00    8.191010e-04
8.915486e+00    8.436281e-04
8.927699e+00    8.672241e-04
8.939912e+00    8.898999e-04
8.952125e+00    9.116640e-04
8.964338e+00    9.325249e-04
8.976551e+00    9.524851e-04
8.988764e+00    9.715530e-04
9.000977e+00    9.897483e-04
9.013190e+00    1.007063e-03
9.025403e+00    1.023521e-03
9.037616e+00    1.039120e-03
9.049829e+00    1.053877e-03
9.062042e+00    1.067796e-03
9.074255e+00    1.080895e-03
9.086468e+00    1.093176e-03
9.098680e+00    1.104651e-03
9.110894e+00    1.115342e-03
9.123107e+00    1.125244e-03
9.135320e+00    1.134379e-03
9.147532e+00    1.142752e-03
9.159746e+00    1.150383e-03
9.171959e+00    1.157273e-03
9.184172e+00    1.163443e-03
9.196384e+00    1.168901e-03
9.208598e+00    1.173662e-03
9.220811e+00    1.177734e-03
9.233024e+00    1.181135e-03
9.245236e+00    1.183875e-03
9.257450e+00    1.185970e-03
9.269663e+00    1.187429e-03
9.281876e+00    1.188265e-03
9.294088e+00    1.188495e-03
9.306302e+00    1.188131e-03
9.318515e+00    1.187188e-03
9.330728e+00    1.185678e-03
9.342940e+00    1.183613e-03
9.355154e+00    1.181009e-03
9.367367e+00    1.177880e-03
9.379580e+00    1.174238e-03
9.391793e+00    1.170099e-03
9.404006e+00    1.165475e-03
9.416219e+00    1.160383e-03
9.428432e+00    1.154833e-03
9.440645e+00    1.148841e-03
9.452858e+00    1.142421e-03
9.465071e+00    1.135587e-03
9.477283e+00    1.128354e-03
9.489497e+00    1.120735e-03
9.501710e+00    1.112739e-03
9.513923e+00    1.104390e-03
9.526135e+00    1.095693e-03
9.538349e+00    1.086665e-03
9.550562e+00    1.077324e-03
9.562775e+00    1.067673e-03
9.574987e+00    1.057732e-03
9.587201e+00    1.047517e-03
9.599414e+00    1.037043e-03
9.611627e+00    1.026306e-03
9.623839e+00    1.015341e-03
9.636053e+00    1.004148e-03
9.648266e+00    9.927418e-04
9.660479e+00    9.811430e-04
9.672691e+00    9.693538e-04
9.684905e+00    9.573905e-04
9.697118e+00    9.452704e-04
9.709331e+00    9.329946e-04
9.721543e+00    9.205839e-04
9.733757e+00    9.080471e-04
9.745970e+00    8.953986e-04
9.758183e+00    8.826454e-04
9.770395e+00    8.698041e-04
9.782609e+00    8.568775e-04
9.794822e+00    8.438890e-04
9.807034e+00    8.308365e-04
9.819247e+00    8.177381e-04
9.831461e+00    8.046027e-04
9.843674e+00    7.914378e-04
9.855886e+00    7.782581e-04
9.868099e+00    7.650679e-04
9.880313e+00    7.518824e-04
9.892526e+00    7.387066e-04
9.904738e+00    7.255575e-04
9.916951e+00    7.124242e-04
9.929165e+00    6.993337e-04
9.941378e+00    6.862874e-04
9.953590e+00    6.732970e-04
9.965803e+00    6.603673e-04
9.978017e+00    6.475069e-04
9.990230e+00    6.347249e-04
1.000244e+01    6.220256e-04
1.001466e+01    6.094125e-04
1.002687e+01    5.968967e-04
1.003908e+01    5.844845e-04
1.005129e+01    5.721832e-04
1.006351e+01    5.599977e-04
1.007572e+01    5.479318e-04
1.008793e+01    5.359906e-04
1.010015e+01    5.241748e-04
1.011236e+01    5.125108e-04
1.012457e+01    5.009747e-04
1.013679e+01    4.895882e-04
1.014900e+01    4.783467e-04
1.016121e+01    4.672602e-04
1.017342e+01    4.563268e-04
1.018564e+01    4.455559e-04
1.019785e+01    4.349449e-04
1.021006e+01    4.245014e-04
1.022228e+01    4.142225e-04
1.023449e+01    4.041165e-04
1.024670e+01    3.941770e-04
1.025891e+01    3.844169e-04
1.027113e+01    3.748276e-04
1.028334e+01    3.654192e-04
1.029555e+01    3.561779e-04
1.030777e+01    3.471286e-04
1.031998e+01    3.382534e-04
1.033219e+01    3.295549e-04
1.034441e+01    3.210390e-04
1.035662e+01    3.127016e-04
1.036883e+01    3.045433e-04
1.038105e+01    2.965638e-04
1.039326e+01    2.887605e-04
1.040547e+01    2.811325e-04
1.041768e+01    2.736867e-04
1.042990e+01    2.664115e-04
1.044211e+01    2.593076e-04
1.045432e+01    2.523763e-04
1.046654e+01    2.456167e-04
1.047875e+01    2.390224e-04
1.049096e+01    2.325922e-04
1.050318e+01    2.263258e-04
1.051539e+01    2.202164e-04
1.052760e+01    2.142677e-04
1.053981e+01    2.084739e-04
1.055203e+01    2.028288e-04
1.056424e+01    1.973316e-04
1.057645e+01    1.919796e-04
1.058867e+01    1.867695e-04
1.060088e+01    1.816989e-04
1.061309e+01    1.767560e-04
1.062531e+01    1.719474e-04
1.063752e+01    1.672610e-04
1.064973e+01    1.626996e-04
1.066194e+01    1.582552e-04
1.067416e+01    1.539230e-04
1.068637e+01    1.496996e-04
1.069858e+01    1.455857e-04
1.071080e+01    1.415649e-04
1.072301e+01    1.376396e-04
1.073522e+01    1.338077e-04
1.074744e+01    1.300616e-04
1.075965e+01    1.263940e-04
1.077186e+01    1.228026e-04
1.078407e+01    1.192841e-04
1.079629e+01    1.158410e-04
1.080850e+01    1.124419e-04
1.082071e+01    1.091069e-04
1.083293e+01    1.058249e-04
1.084514e+01    1.025843e-04
1.085735e+01    9.938800e-05
1.086957e+01    9.622937e-05
1.088178e+01    9.309934e-05
1.089399e+01    8.999513e-05
1.090620e+01    8.691168e-05
1.091842e+01    8.384915e-05
1.093063e+01    8.079400e-05
1.094284e+01    7.774782e-05
1.095506e+01    7.470023e-05
1.096727e+01    7.164839e-05
1.097948e+01    6.859165e-05
1.099170e+01    6.552268e-05
1.100391e+01    6.243229e-05
1.101612e+01    5.932188e-05
1.102833e+01    5.618526e-05
1.104055e+01    5.301542e-05
1.105276e+01    4.981261e-05
1.106497e+01    4.656795e-05
1.107719e+01    4.327936e-05
1.108940e+01    3.994572e-05
1.110161e+01    3.655773e-05
1.111382e+01    3.311300e-05
1.112604e+01    2.961112e-05
1.113825e+01    2.604341e-05
1.115046e+01    2.240968e-05
1.116268e+01    1.870648e-05
1.117489e+01    1.492844e-05
1.118710e+01    1.107102e-05
1.119932e+01    7.139668e-06
1.121153e+01    3.122575e-06
1.122374e+01    -9.814830e-07
1.123596e+01    -5.172889e-06
1.124817e+01    -9.456846e-06
1.126038e+01    -1.383229e-05
1.127259e+01    -1.830272e-05
1.128481e+01    -2.287048e-05
1.129702e+01    -2.754543e-05
1.130923e+01    -3.230573e-05
1.132145e+01    -3.717541e-05
1.133366e+01    -4.214811e-05
1.134587e+01    -4.722895e-05
1.135808e+01    -5.241570e-05
1.137030e+01    -5.771042e-05
1.138251e+01    -6.310944e-05
1.139472e+01    -6.862002e-05
1.140694e+01    -7.423773e-05
1.141915e+01    -7.996430e-05
1.143136e+01    -8.579953e-05
1.144358e+01    -9.174443e-05
1.145579e+01    -9.779927e-05
1.146800e+01    -1.039619e-04
1.148022e+01    -1.102313e-04
1.149243e+01    -1.166116e-04
1.150464e+01    -1.230900e-04
1.151685e+01    -1.296790e-04
1.152907e+01    -1.363693e-04
1.154128e+01    -1.431633e-04
1.155349e+01    -1.500553e-04
1.156571e+01    -1.570489e-04
1.157792e+01    -1.641347e-04
1.159013e+01    -1.713178e-04
1.160234e+01    -1.785955e-04
1.161456e+01    -1.859570e-04
1.162677e+01    -1.934075e-04
1.163898e+01    -2.009428e-04
1.165120e+01    -2.085558e-04
1.166341e+01    -2.162548e-04
1.167562e+01    -2.240248e-04
1.168784e+01    -2.318630e-04
1.170005e+01    -2.397684e-04
1.171226e+01    -2.477466e-04
1.172447e+01    -2.557781e-04
1.173669e+01    -2.638691e-04
1.174890e+01    -2.720127e-04
1.176111e+01    -2.802021e-04
1.177333e+01    -2.884362e-04
1.178554e+01    -2.967085e-04
1.179775e+01    -3.050065e-04
1.180997e+01    -3.133556e-04
1.182218e+01    -3.217163e-04
1.183439e+01    -3.301004e-04
1.184660e+01    -3.384981e-04
1.185882e+01    -3.469092e-04
1.187103e+01    -3.553189e-04
1.188324e+01    -3.637318e-04
1.189546e+01    -3.721401e-04
1.190767e+01    -3.805364e-04
1.191988e+01    -3.889127e-04
1.193210e+01    -3.972694e-04
1.194431e+01    -4.055964e-04
1.195652e+01    -4.138894e-04
1.196873e+01    -4.221438e-04
1.198095e+01    -4.303509e-04
1.199316e+01    -4.385076e-04
1.200537e+01    -4.466084e-04
1.201759e+01    -4.546421e-04
1.202980e+01    -4.626065e-04
1.204201e+01    -4.704960e-04
1.205423e+01    -4.783047e-04
1.206644e+01    -4.860279e-04
1.207865e+01    -4.936504e-04
1.209086e+01    -5.011777e-04
1.210308e+01    -5.085890e-04
1.211529e+01    -5.159042e-04
1.212750e+01    -5.230934e-04
1.213972e+01    -5.301596e-04
1.215193e+01    -5.370934e-04
1.216414e+01    -5.438915e-04
1.217636e+01    -5.505471e-04
1.218857e+01    -5.570538e-04
1.220078e+01    -5.634054e-04
1.221299e+01    -5.695997e-04
1.222521e+01    -5.756267e-04
1.223742e+01    -5.814817e-04
1.224963e+01    -5.871612e-04
1.226185e+01    -5.926562e-04
1.227406e+01    -5.979616e-04
1.228627e+01    -6.030722e-04
1.229849e+01    -6.079885e-04
1.231070e+01    -6.126935e-04
1.232291e+01    -6.171928e-04
1.233512e+01    -6.214758e-04
1.234734e+01    -6.255361e-04
1.235955e+01    -6.293778e-04
1.237176e+01    -6.329863e-04
1.238398e+01    -6.363607e-04
1.239619e+01    -6.394943e-04
1.240840e+01    -6.423896e-04
1.242062e+01    -6.450337e-04
1.243283e+01    -6.474260e-04
1.244504e+01    -6.495654e-04
1.245725e+01    -6.514433e-04
1.246947e+01    -6.530597e-04
1.248168e+01    -6.544059e-04
1.249389e+01    -6.554885e-04
1.250611e+01    -6.562900e-04
1.251832e+01    -6.568198e-04
1.253053e+01    -6.570673e-04
1.254275e+01    -6.570358e-04
1.255496e+01    -6.567170e-04
1.256717e+01    -6.561106e-04
1.257938e+01    -6.552167e-04
1.259160e+01    -6.540313e-04
1.260381e+01    -6.525510e-04
1.261602e+01    -6.507763e-04
1.262824e+01    -6.487034e-04
1.264045e+01    -6.463354e-04
1.265266e+01    -6.436663e-04
1.266488e+01    -6.406975e-04
1.267709e+01    -6.374282e-04
1.268930e+01    -6.338554e-04
1.270151e+01    -6.299852e-04
1.271373e+01    -6.258113e-04
1.272594e+01    -6.213333e-04
1.273815e+01    -6.165550e-04
1.275037e+01    -6.114732e-04
1.276258e+01    -6.060956e-04
1.277479e+01    -6.004158e-04
1.278701e+01    -5.944377e-04
1.279922e+01    -5.881584e-04
1.281143e+01    -5.815863e-04
1.282364e+01    -5.747181e-04
1.283586e+01    -5.675560e-04
1.284807e+01    -5.601055e-04
1.286028e+01    -5.523671e-04
1.287250e+01    -5.443381e-04
1.288471e+01    -5.360288e-04
1.289692e+01    -5.274377e-04
1.290914e+01    -5.185688e-04
1.292135e+01    -5.094286e-04
1.293356e+01    -5.000132e-04
1.294577e+01    -4.903331e-04
1.295799e+01    -4.803849e-04
1.297020e+01    -4.701796e-04
1.298241e+01    -4.597176e-04
1.299463e+01    -4.490036e-04
1.300684e+01    -4.380428e-04
1.301905e+01    -4.268406e-04
1.303127e+01    -4.153988e-04
1.304348e+01    -4.037266e-04
1.305569e+01    -3.918268e-04
1.306790e+01    -3.797045e-04
1.308012e+01    -3.673655e-04
1.309233e+01    -3.548150e-04
1.310454e+01    -3.420636e-04
1.311676e+01    -3.291060e-04
1.312897e+01    -3.159585e-04
1.314118e+01    -3.026264e-04
1.315340e+01    -2.891099e-04
1.316561e+01    -2.754224e-04
1.317782e+01    -2.615676e-04
1.319003e+01    -2.475533e-04
1.320225e+01    -2.333908e-04
1.321446e+01    -2.190677e-04
1.322667e+01    -2.046124e-04
1.323889e+01    -1.900260e-04
1.325110e+01    -1.753134e-04
1.326331e+01    -1.604847e-04
1.327553e+01    -1.455463e-04
1.328774e+01    -1.305063e-04
1.329995e+01    -1.153696e-04
1.331216e+01    -1.001485e-04
1.332438e+01    -8.484778e-05
1.333659e+01    -6.947903e-05
1.334880e+01    -5.404733e-05
1.336102e+01    -3.855842e-05
1.337323e+01    -2.302447e-05
1.338544e+01    -7.452654e-06
1.339766e+01    8.150448e-06
1.340987e+01    2.377534e-05
1.342208e+01    3.941154e-05
1.343429e+01    5.505279e-05
1.344651e+01    7.069232e-05
1.345872e+01    8.632094e-05
1.347093e+01    1.019284e-04
1.348315e+01    1.175064e-04
1.349536e+01    1.330457e-04
1.350757e+01    1.485476e-04
1.351978e+01    1.639917e-04
1.353200e+01    1.793719e-04
1.354421e+01    1.946881e-04
1.355642e+01    2.099183e-04
1.356864e+01    2.250633e-04
1.358085e+01    2.401170e-04
1.359306e+01    2.550648e-04
1.360528e+01    2.698964e-04
1.361749e+01    2.846217e-04
1.362970e+01    2.992135e-04
1.364192e+01    3.136709e-04
1.365413e+01    3.279832e-04
1.366634e+01    3.421440e-04
1.367855e+01    3.561490e-04
1.369077e+01    3.699855e-04
1.370298e+01    3.836533e-04
1.371519e+01    3.971314e-04
1.372741e+01    4.104245e-04
1.373962e+01    4.235240e-04
1.375183e+01    4.364171e-04
1.376404e+01    4.491067e-04
1.377626e+01    4.615757e-04
1.378847e+01    4.738208e-04
1.380068e+01    4.858363e-04
1.381290e+01    4.976160e-04
1.382511e+01    5.091547e-04
1.383732e+01    5.204416e-04
1.384954e+01    5.314751e-04
1.386175e+01    5.422471e-04
1.387396e+01    5.527534e-04
1.388618e+01    5.629876e-04
1.389839e+01    5.729427e-04
1.391060e+01    5.826161e-04
1.392281e+01    5.920028e-04
1.393503e+01    6.010954e-04
1.394724e+01    6.098907e-04
1.395945e+01    6.183848e-04
1.397167e+01    6.265718e-04
1.398388e+01    6.344490e-04
1.399609e+01    6.420175e-04
1.400830e+01    6.492558e-04
1.402052e+01    6.561764e-04
1.403273e+01    6.627719e-04
1.404494e+01    6.690425e-04
1.405716e+01    6.749779e-04
1.406937e+01    6.805805e-04
1.408158e+01    6.858457e-04
1.409380e+01    6.907708e-04
1.410601e+01    6.953614e-04
1.411822e+01    6.995981e-04
1.413043e+01    7.034922e-04
1.414265e+01    7.070402e-04
1.415486e+01    7.102405e-04
1.416707e+01    7.130924e-04
1.417929e+01    7.155918e-04
1.419150e+01    7.177426e-04
1.420371e+01    7.195406e-04
1.421593e+01    7.209857e-04
1.422814e+01    7.220798e-04
1.424035e+01    7.228198e-04
1.425256e+01    7.232110e-04
1.426478e+01    7.232514e-04
1.427699e+01    7.229390e-04
1.428920e+01    7.222802e-04
1.430142e+01    7.212707e-04
1.431363e+01    7.199158e-04
1.432584e+01    7.182162e-04
1.433806e+01    7.161716e-04
1.435027e+01    7.137842e-04
1.436248e+01    7.110609e-04
1.437469e+01    7.080003e-04
1.438691e+01    7.046040e-04
1.439912e+01    7.008751e-04
1.441133e+01    6.968192e-04
1.442355e+01    6.924387e-04
1.443576e+01    6.877357e-04
1.444797e+01    6.827147e-04
1.446019e+01    6.773759e-04
1.447240e+01    6.717285e-04
1.448461e+01    6.657761e-04
1.449682e+01    6.595159e-04
1.450904e+01    6.529646e-04
1.452125e+01    6.461171e-04
1.453346e+01    6.389791e-04
1.454568e+01    6.315619e-04
1.455789e+01    6.238635e-04
1.457010e+01    6.158907e-04
1.458232e+01    6.076528e-04
1.459453e+01    5.991501e-04
1.460674e+01    5.903936e-04
1.461895e+01    5.813831e-04
1.463117e+01    5.721290e-04
1.464338e+01    5.626367e-04
1.465559e+01    5.529109e-04
1.466781e+01    5.429637e-04
1.468002e+01    5.327910e-04
1.469223e+01    5.224097e-04
1.470445e+01    5.118198e-04
1.471666e+01    5.010295e-04
1.472887e+01    4.900499e-04
1.474109e+01    4.788814e-04
1.475330e+01    4.675384e-04
1.476551e+01    4.560204e-04
1.477772e+01    4.443423e-04
1.478994e+01    4.325050e-04
1.480215e+01    4.205112e-04
1.481436e+01    4.083917e-04
1.482658e+01    3.961335e-04
1.483879e+01    3.837442e-04
1.485100e+01    3.712406e-04
1.486321e+01    3.586194e-04
1.487543e+01    3.459003e-04
1.488764e+01    3.330827e-04
1.489985e+01    3.201780e-04
1.491207e+01    3.071951e-04
1.492428e+01    2.941400e-04
1.493649e+01    2.810166e-04
1.494871e+01    2.678422e-04
1.496092e+01    2.546165e-04
1.497313e+01    2.413508e-04
1.498534e+01    2.280504e-04
1.499756e+01    2.147241e-04
1.500977e+01    2.013890e-04
1.502198e+01    1.880405e-04
1.503420e+01    1.746916e-04
1.504641e+01    1.613458e-04
1.505862e+01    1.480165e-04
1.507084e+01    1.347089e-04
1.508305e+01    1.214301e-04
1.509526e+01    1.081903e-04
1.510747e+01    9.499595e-05
1.511969e+01    8.184960e-05
1.513190e+01    6.876449e-05
1.514411e+01    5.574970e-05
1.515633e+01    4.280536e-05
1.516854e+01    2.994516e-05
1.518075e+01    1.717071e-05
1.519297e+01    4.493602e-06
1.520518e+01    -8.079660e-06
1.521739e+01    -2.054515e-05
1.522960e+01    -3.289388e-05
1.524182e+01    -4.511958e-05
1.525403e+01    -5.721534e-05
1.526624e+01    -6.917567e-05
1.527846e+01    -8.099517e-05
1.529067e+01    -9.266523e-05
1.530288e+01    -1.041779e-04
1.531509e+01    -1.155368e-04
1.532731e+01    -1.267258e-04
1.533952e+01    -1.377442e-04
1.535173e+01    -1.485838e-04
1.536395e+01    -1.592401e-04
1.537616e+01    -1.697108e-04
1.538837e+01    -1.799871e-04
1.540059e+01    -1.900632e-04
1.541280e+01    -1.999363e-04
1.542501e+01    -2.096052e-04
1.543723e+01    -2.190613e-04
1.544944e+01    -2.282966e-04
1.546165e+01    -2.373158e-04
1.547386e+01    -2.461098e-04
1.548608e+01    -2.546730e-04
1.549829e+01    -2.630047e-04
1.551050e+01    -2.711011e-04
1.552272e+01    -2.789584e-04
1.553493e+01    -2.865702e-04
1.554714e+01    -2.939398e-04
1.555935e+01    -3.010624e-04
1.557157e+01    -3.079291e-04
1.558378e+01    -3.145469e-04
1.559599e+01    -3.209050e-04
1.560821e+01    -3.270069e-04
1.562042e+01    -3.328478e-04
1.563263e+01    -3.384259e-04
1.564485e+01    -3.437416e-04
1.565706e+01    -3.487939e-04
1.566927e+01    -3.535795e-04
1.568149e+01    -3.580966e-04
1.569370e+01    -3.623433e-04
1.570591e+01    -3.663266e-04
1.571812e+01    -3.700362e-04
1.573034e+01    -3.734777e-04
1.574255e+01    -3.766483e-04
1.575476e+01    -3.795483e-04
1.576698e+01    -3.821789e-04
1.577919e+01    -3.845391e-04
1.579140e+01    -3.866302e-04
1.580362e+01    -3.884592e-04
1.581583e+01    -3.900089e-04
1.582804e+01    -3.912968e-04
1.584025e+01    -3.923195e-04
1.585247e+01    -3.930783e-04
1.586468e+01    -3.935730e-04
1.587689e+01    -3.938082e-04
1.588911e+01    -3.937844e-04
1.590132e+01    -3.935032e-04
1.591353e+01    -3.929650e-04
1.592575e+01    -3.921755e-04
1.593796e+01    -3.911335e-04
1.595017e+01    -3.898453e-04
1.596238e+01    -3.883122e-04
1.597460e+01    -3.865349e-04
1.598681e+01    -3.845200e-04
1.599902e+01    -3.822688e-04
1.601124e+01    -3.797838e-04
1.602345e+01    -3.770720e-04
1.603566e+01    -3.741322e-04
1.604787e+01    -3.709707e-04
1.606009e+01    -3.675909e-04
1.607230e+01    -3.639932e-04
1.608451e+01    -3.601910e-04
1.609673e+01    -3.561817e-04
1.610894e+01    -3.519640e-04
1.612115e+01    -3.475540e-04
1.613337e+01    -3.429505e-04
1.614558e+01    -3.381546e-04
1.615779e+01    -3.331793e-04
1.617001e+01    -3.280200e-04
1.618222e+01    -3.226895e-04
1.619443e+01    -3.171877e-04
1.620664e+01    -3.115227e-04
1.621886e+01    -3.056973e-04
1.623107e+01    -2.997197e-04
1.624328e+01    -2.935907e-04
1.625550e+01    -2.873186e-04
1.626771e+01    -2.809041e-04
1.627992e+01    -2.743615e-04
1.629214e+01    -2.676901e-04
1.630435e+01    -2.608930e-04
1.631656e+01    -2.539859e-04
1.632877e+01    -2.469647e-04
1.634099e+01    -2.398358e-04
1.635320e+01    -2.326101e-04
1.636541e+01    -2.252847e-04
1.637763e+01    -2.178765e-04
1.638984e+01    -2.103795e-04
1.640205e+01    -2.028179e-04
1.641426e+01    -1.951707e-04
1.642648e+01    -1.874651e-04
1.643869e+01    -1.796967e-04
1.645090e+01    -1.718750e-04
1.646312e+01    -1.640043e-04
1.647533e+01    -1.560912e-04
1.648754e+01    -1.481424e-04
1.649976e+01    -1.401586e-04
1.651197e+01    -1.321532e-04
1.652418e+01    -1.241270e-04
1.653639e+01    -1.160867e-04
1.654861e+01    -1.080367e-04
1.656082e+01    -9.998178e-05
1.657303e+01    -9.193186e-05
1.658525e+01    -8.388843e-05
1.659746e+01    -7.585326e-05
1.660967e+01    -6.784744e-05
1.662189e+01    -5.985523e-05
1.663410e+01    -5.190040e-05
1.664631e+01    -4.397366e-05
1.665853e+01    -3.608635e-05
1.667074e+01    -2.824677e-05
1.668295e+01    -2.045662e-05
1.669516e+01    -1.272047e-05
1.670738e+01    -5.043592e-06
1.671959e+01    2.569344e-06
1.673180e+01    1.011443e-05
1.674402e+01    1.758836e-05
1.675623e+01    2.498074e-05
1.676844e+01    3.229094e-05
1.678065e+01    3.951601e-05
1.679287e+01    4.664852e-05
1.680508e+01    5.368944e-05
1.681729e+01    6.062677e-05
1.682951e+01    6.746370e-05
1.684172e+01    7.419357e-05
1.685393e+01    8.081333e-05
1.686615e+01    8.732013e-05
1.687836e+01    9.370707e-05
1.689057e+01    9.997131e-05
1.690278e+01    1.061192e-04
1.691500e+01    1.121290e-04
1.692721e+01    1.180146e-04
1.693942e+01    1.237626e-04
1.695164e+01    1.293771e-04
1.696385e+01    1.348502e-04
1.697606e+01    1.401836e-04
1.698828e+01    1.453738e-04
1.700049e+01    1.504179e-04
1.701270e+01    1.553111e-04
1.702491e+01    1.600521e-04
1.703713e+01    1.646470e-04
1.704934e+01    1.690819e-04
1.706155e+01    1.733616e-04
1.707377e+01    1.774851e-04
1.708598e+01    1.814464e-04
1.709819e+01    1.852452e-04
1.711040e+01    1.888889e-04
1.712262e+01    1.923680e-04
1.713483e+01    1.956819e-04
1.714705e+01    1.988313e-04
1.715926e+01    2.018163e-04
1.717147e+01    2.046366e-04
1.718368e+01    2.072862e-04
1.719590e+01    2.097711e-04
1.720811e+01    2.120907e-04
1.722032e+01    2.142440e-04
1.723254e+01    2.162288e-04
1.724475e+01    2.180496e-04
1.725696e+01    2.196999e-04
1.726917e+01    2.211880e-04
1.728139e+01    2.225109e-04
1.729360e+01    2.236666e-04
1.730581e+01    2.246555e-04
1.731803e+01    2.254901e-04
1.733024e+01    2.261601e-04
1.734245e+01    2.266669e-04
1.735467e+01    2.270149e-04
1.736688e+01    2.272059e-04
1.737909e+01    2.272377e-04
1.739130e+01    2.271156e-04
1.740352e+01    2.268432e-04
1.741573e+01    2.264134e-04
1.742794e+01    2.258370e-04
1.744016e+01    2.251095e-04
1.745237e+01    2.242383e-04
1.746458e+01    2.232257e-04
1.747680e+01    2.220679e-04
1.748901e+01    2.207702e-04
1.750122e+01    2.193354e-04
1.751343e+01    2.177688e-04
1.752565e+01    2.160702e-04
1.753786e+01    2.142414e-04
1.755007e+01    2.122869e-04
1.756229e+01    2.102091e-04
1.757450e+01    2.080083e-04
1.758671e+01    2.056932e-04
1.759892e+01    2.032586e-04
1.761114e+01    2.007152e-04
1.762335e+01    1.980625e-04
1.763556e+01    1.953018e-04
1.764778e+01    1.924411e-04
1.765999e+01    1.894812e-04
1.767220e+01    1.864259e-04
1.768442e+01    1.832788e-04
1.769663e+01    1.800421e-04
1.770884e+01    1.767178e-04
1.772106e+01    1.733117e-04
1.773327e+01    1.698305e-04
1.774548e+01    1.662720e-04
1.775769e+01    1.626426e-04
1.776991e+01    1.589438e-04
1.778212e+01    1.551828e-04
1.779433e+01    1.513619e-04
1.780655e+01    1.474806e-04
1.781876e+01    1.435492e-04
1.783097e+01    1.395653e-04
1.784319e+01    1.355388e-04
1.785540e+01    1.314675e-04
1.786761e+01    1.273599e-04
1.787982e+01    1.232174e-04
1.789204e+01    1.190429e-04
1.790425e+01    1.148409e-04
1.791646e+01    1.106146e-04
1.792868e+01    1.063698e-04
1.794089e+01    1.021070e-04
1.795310e+01    9.783253e-05
1.796531e+01    9.354734e-05
1.797753e+01    8.926122e-05
1.798974e+01    8.496607e-05
1.800196e+01    8.067611e-05
1.801417e+01    7.639121e-05
1.802638e+01    7.211277e-05
1.803859e+01    6.784801e-05
1.805081e+01    6.359944e-05
1.806302e+01    5.936867e-05
1.807523e+01    5.515799e-05
1.808744e+01    5.097606e-05
1.809966e+01    4.681654e-05
1.811187e+01    4.269299e-05
1.812408e+01    3.860402e-05
1.813630e+01    3.455090e-05
1.814851e+01    3.054005e-05
1.816072e+01    2.657261e-05
1.817294e+01    2.265058e-05
1.818515e+01    1.877814e-05
1.819736e+01    1.495716e-05
1.820958e+01    1.118844e-05
1.822179e+01    7.479335e-06
1.823400e+01    3.829366e-06
1.824621e+01    2.447050e-07
1.825843e+01    -3.277091e-06
1.827064e+01    -6.731716e-06
1.828285e+01    -1.011638e-05
1.829507e+01    -1.343247e-05
1.830728e+01    -1.667580e-05
1.831949e+01    -1.984101e-05
1.833171e+01    -2.292410e-05
1.834392e+01    -2.593402e-05
1.835613e+01    -2.886099e-05
1.836834e+01    -3.170315e-05
1.838056e+01    -3.446365e-05
1.839277e+01    -3.714283e-05
1.840498e+01    -3.972696e-05
1.841720e+01    -4.222419e-05
1.842941e+01    -4.462997e-05
1.844162e+01    -4.694570e-05
1.845383e+01    -4.916836e-05
1.846605e+01    -5.129958e-05
1.847826e+01    -5.333585e-05
1.849047e+01    -5.527696e-05
1.850269e+01    -5.712273e-05
1.851490e+01    -5.887193e-05
1.852711e+01    -6.052211e-05
1.853933e+01    -6.207509e-05
1.855154e+01    -6.353128e-05
1.856375e+01    -6.489031e-05
1.857596e+01    -6.614852e-05
1.858818e+01    -6.730889e-05
1.860039e+01    -6.836985e-05
1.861260e+01    -6.933109e-05
1.862482e+01    -7.019617e-05
1.863703e+01    -7.096096e-05
1.864924e+01    -7.163198e-05
1.866146e+01    -7.220142e-05
1.867367e+01    -7.267535e-05
1.868588e+01    -7.305143e-05
1.869810e+01    -7.332710e-05
1.871031e+01    -7.351261e-05
1.872252e+01    -7.360423e-05
1.873473e+01    -7.359794e-05
1.874695e+01    -7.350056e-05
1.875916e+01    -7.331339e-05
1.877137e+01    -7.303161e-05
1.878359e+01    -7.266449e-05
1.879580e+01    -7.220209e-05
1.880801e+01    -7.165721e-05
1.882022e+01    -7.102822e-05
1.883244e+01    -7.031261e-05
1.884465e+01    -6.951383e-05
1.885686e+01    -6.863388e-05
1.886908e+01    -6.767531e-05
1.888129e+01    -6.663721e-05
1.889350e+01    -6.552061e-05
1.890572e+01    -6.433277e-05
1.891793e+01    -6.307359e-05
1.893014e+01    -6.173813e-05
1.894235e+01    -6.033885e-05
1.895457e+01    -5.887169e-05
1.896678e+01    -5.733891e-05
1.897899e+01    -5.574190e-05
1.899121e+01    -5.408558e-05
1.900342e+01    -5.237322e-05
1.901563e+01    -5.060055e-05
1.902785e+01    -4.877456e-05
1.904006e+01    -4.689863e-05
1.905227e+01    -4.497153e-05
1.906449e+01    -4.299986e-05
1.907670e+01    -4.098151e-05
1.908891e+01    -3.892131e-05
1.910112e+01    -3.682282e-05
1.911334e+01    -3.468344e-05
1.912555e+01    -3.251065e-05
1.913776e+01    -3.030743e-05
1.914997e+01    -2.807339e-05
1.916219e+01    -2.581024e-05
1.917440e+01    -2.352484e-05
1.918661e+01    -2.121579e-05
1.919883e+01    -1.888684e-05
1.921104e+01    -1.654332e-05
1.922325e+01    -1.418149e-05
1.923547e+01    -1.181044e-05
1.924768e+01    -9.429306e-06
1.925989e+01    -7.039322e-06
1.927211e+01    -4.648136e-06
1.928432e+01    -2.251283e-06
1.929653e+01    1.418375e-07
1.930874e+01    2.530294e-06
1.932096e+01    4.913869e-06
1.933317e+01    7.289993e-06
1.934538e+01    9.655138e-06
1.935760e+01    1.200640e-05
1.936981e+01    1.434037e-05
1.938202e+01    1.665692e-05
1.939424e+01    1.895422e-05
1.940645e+01    2.122774e-05
1.941866e+01    2.347337e-05
1.943087e+01    2.569685e-05
1.944309e+01    2.788863e-05
1.945530e+01    3.004648e-05
1.946751e+01    3.216778e-05
1.947973e+01    3.425607e-05
1.949194e+01    3.630302e-05
1.950415e+01    3.830807e-05
1.951637e+01    4.027385e-05
1.952858e+01    4.219238e-05
1.954079e+01    4.406336e-05
1.955301e+01    4.588723e-05
1.956522e+01    4.766069e-05
1.957743e+01    4.937844e-05
1.958964e+01    5.104330e-05
1.960186e+01    5.265047e-05
1.961407e+01    5.419938e-05
1.962628e+01    5.569161e-05
1.963849e+01    5.712179e-05
1.965071e+01    5.848878e-05
1.966292e+01    5.979340e-05
1.967513e+01    6.103148e-05
1.968735e+01    6.220170e-05
1.969956e+01    6.330201e-05
1.971177e+01    6.433775e-05
1.972399e+01    6.529959e-05
1.973620e+01    6.619350e-05
1.974841e+01    6.701229e-05
1.976063e+01    6.775540e-05
1.977284e+01    6.842743e-05
1.978505e+01    6.902008e-05
1.979726e+01    6.954212e-05
1.980948e+01    6.998290e-05
1.982169e+01    7.034797e-05
1.983390e+01    7.063510e-05
1.984612e+01    7.084056e-05
1.985833e+01    7.097019e-05
1.987054e+01    7.102049e-05
1.988276e+01    7.099180e-05
1.989497e+01    7.088346e-05
1.990718e+01    7.068920e-05
1.991939e+01    7.042014e-05
1.993161e+01    7.006994e-05
1.994382e+01    6.963981e-05
1.995603e+01    6.912674e-05
1.996825e+01    6.853546e-05
1.998046e+01    6.786379e-05
1.999267e+01    6.711532e-05
2.000488e+01    6.628576e-05
2.001710e+01    6.537851e-05
2.002931e+01    6.439147e-05
2.004152e+01    6.332855e-05
2.005374e+01    6.218655e-05
2.006595e+01    6.096882e-05
2.007816e+01    5.967643e-05
2.009038e+01    5.830241e-05
2.010259e+01    5.686758e-05
2.011480e+01    5.534603e-05
2.012702e+01    5.376630e-05
2.013923e+01    5.210645e-05
2.015144e+01    5.038074e-05
2.016365e+01    4.858340e-05
2.017587e+01    4.671777e-05
2.018808e+01    4.478998e-05
2.020029e+01    4.279327e-05
2.021251e+01    4.073429e-05
2.022472e+01    3.861351e-05
2.023693e+01    3.643178e-05
2.024915e+01    3.419265e-05
2.026136e+01    3.189298e-05
2.027357e+01    2.953895e-05
2.028578e+01    2.713785e-05
2.029800e+01    2.467334e-05
2.031021e+01    2.215839e-05
2.032242e+01    1.959963e-05
2.033464e+01    1.699099e-05
2.034685e+01    1.434007e-05
2.035906e+01    1.164495e-05
2.037127e+01    8.906471e-06
2.038349e+01    6.129674e-06
2.039570e+01    3.318564e-06
2.040791e+01    4.686590e-07
2.042013e+01    -2.418761e-06
2.043234e+01    -5.331749e-06
2.044455e+01    -8.271323e-06
2.045677e+01    -1.124176e-05
2.046898e+01    -1.423717e-05
2.048119e+01    -1.725370e-05
2.049340e+01    -2.028910e-05
2.050562e+01    -2.334913e-05
2.051783e+01    -2.641605e-05
2.053004e+01    -2.950107e-05
2.054226e+01    -3.259673e-05
2.055447e+01    -3.570203e-05
2.056668e+01    -3.881181e-05
2.057890e+01    -4.192823e-05
2.059111e+01    -4.504083e-05
2.060332e+01    -4.816178e-05
2.061554e+01    -5.127842e-05
2.062775e+01    -5.438853e-05
2.063996e+01    -5.749092e-05
2.065217e+01    -6.058651e-05
2.066439e+01    -6.366789e-05
2.067660e+01    -6.673405e-05
2.068881e+01    -6.978693e-05
2.070103e+01    -7.282001e-05
2.071324e+01    -7.583069e-05
2.072545e+01    -7.881853e-05
2.073767e+01    -8.178197e-05
2.074988e+01    -8.471405e-05
2.076209e+01    -8.761932e-05
2.077430e+01    -9.049046e-05
2.078652e+01    -9.333131e-05
2.079873e+01    -9.613133e-05
2.081094e+01    -9.890037e-05
2.082316e+01    -1.016178e-04
2.083537e+01    -1.042970e-04
2.084758e+01    -1.069302e-04
2.085979e+01    -1.095190e-04
2.087201e+01    -1.120564e-04
2.088422e+01    -1.145435e-04
2.089643e+01    -1.169811e-04
2.090865e+01    -1.193587e-04
2.092086e+01    -1.216824e-04
2.093307e+01    -1.239489e-04
2.094529e+01    -1.261519e-04
2.095750e+01    -1.282946e-04
2.096971e+01    -1.303745e-04
2.098192e+01    -1.323878e-04
2.099414e+01    -1.343359e-04
2.100635e+01    -1.362167e-04
2.101856e+01    -1.380202e-04
2.103078e+01    -1.397545e-04
2.104299e+01    -1.414228e-04
2.105520e+01    -1.430101e-04
2.106742e+01    -1.445241e-04
2.107963e+01    -1.459605e-04
2.109184e+01    -1.473168e-04
2.110406e+01    -1.485960e-04
2.111627e+01    -1.497985e-04
2.112848e+01    -1.509091e-04
2.114069e+01    -1.519440e-04
2.115291e+01    -1.528932e-04
2.116512e+01    -1.537560e-04
2.117733e+01    -1.545356e-04
2.118955e+01    -1.552287e-04
2.120176e+01    -1.558365e-04
2.121397e+01    -1.563530e-04
2.122618e+01    -1.567831e-04
2.123840e+01    -1.571224e-04
2.125061e+01    -1.573730e-04
2.126282e+01    -1.575323e-04
2.127504e+01    -1.576026e-04
2.128725e+01    -1.575880e-04
2.129946e+01    -1.574695e-04
2.131168e+01    -1.572646e-04
2.132389e+01    -1.569700e-04
2.133610e+01    -1.565814e-04
2.134831e+01    -1.561030e-04
2.136053e+01    -1.555326e-04
2.137274e+01    -1.548695e-04
2.138495e+01    -1.541150e-04
2.139717e+01    -1.532712e-04
2.140938e+01    -1.523328e-04
2.142159e+01    -1.513062e-04
2.143381e+01    -1.501844e-04
2.144602e+01    -1.489779e-04
2.145823e+01    -1.476790e-04
2.147044e+01    -1.462901e-04
2.148266e+01    -1.448132e-04
2.149487e+01    -1.432509e-04
2.150708e+01    -1.415968e-04
2.151930e+01    -1.398592e-04
2.153151e+01    -1.380370e-04
2.154372e+01    -1.361243e-04
2.155593e+01    -1.341324e-04
2.156815e+01    -1.320539e-04
2.158036e+01    -1.298952e-04
2.159258e+01    -1.276563e-04
2.160479e+01    -1.253355e-04
2.161700e+01    -1.229384e-04
2.162921e+01    -1.204634e-04
2.164143e+01    -1.179103e-04
2.165364e+01    -1.152836e-04
2.166585e+01    -1.125835e-04
2.167807e+01    -1.098065e-04
2.169028e+01    -1.069646e-04
2.170249e+01    -1.040532e-04
2.171470e+01    -1.010702e-04
2.172692e+01    -9.802197e-05
2.173913e+01    -9.491391e-05
2.175134e+01    -9.173585e-05
2.176356e+01    -8.849998e-05
2.177577e+01    -8.520513e-05
2.178798e+01    -8.184940e-05
2.180020e+01    -7.844155e-05
2.181241e+01    -7.498432e-05
2.182462e+01    -7.146339e-05
2.183683e+01    -6.789800e-05
2.184905e+01    -6.428403e-05
2.186126e+01    -6.062416e-05
2.187347e+01    -5.691821e-05
2.188569e+01    -5.317267e-05
2.189790e+01    -4.938315e-05
2.191011e+01    -4.555914e-05
2.192233e+01    -4.169754e-05
2.193454e+01    -3.780025e-05
2.194675e+01    -3.387345e-05
2.195897e+01    -2.991401e-05
2.197118e+01    -2.593080e-05
2.198339e+01    -2.191476e-05
2.199560e+01    -1.788482e-05
2.200782e+01    -1.382545e-05
2.202003e+01    -9.754400e-06
2.203224e+01    -5.666954e-06
2.204445e+01    -1.562233e-06
2.205667e+01    2.555429e-06
2.206888e+01    6.680286e-06
2.208109e+01    1.081310e-05
2.209331e+01    1.494862e-05
2.210552e+01    1.909454e-05
2.211773e+01    2.323202e-05
2.212995e+01    2.737519e-05
2.214216e+01    3.151232e-05
2.215437e+01    3.564588e-05
2.216659e+01    3.976498e-05
2.217880e+01    4.387741e-05
2.219101e+01    4.797625e-05
2.220322e+01    5.205469e-05
2.221544e+01    5.612121e-05
2.222765e+01    6.016673e-05
2.223986e+01    6.419008e-05
2.225208e+01    6.818810e-05
2.226429e+01    7.216020e-05
2.227650e+01    7.610505e-05
2.228872e+01    8.001803e-05
2.230093e+01    8.389383e-05
2.231314e+01    8.773967e-05
2.232535e+01    9.154683e-05
2.233757e+01    9.531683e-05
2.234978e+01    9.904045e-05
2.236199e+01    1.027229e-04
2.237421e+01    1.063649e-04
2.238642e+01    1.099516e-04
2.239863e+01    1.134962e-04
2.241084e+01    1.169828e-04
2.242306e+01    1.204175e-04
2.243527e+01    1.237995e-04
2.244748e+01    1.271239e-04
2.245970e+01    1.303885e-04
2.247191e+01    1.335940e-04
2.248412e+01    1.367362e-04
2.249634e+01    1.398139e-04
2.250855e+01    1.428256e-04
2.252076e+01    1.457733e-04
2.253297e+01    1.486485e-04
2.254519e+01    1.514545e-04
2.255740e+01    1.541901e-04
2.256961e+01    1.568493e-04
2.258183e+01    1.594352e-04
2.259404e+01    1.619465e-04
2.260625e+01    1.643731e-04
2.261847e+01    1.667289e-04
2.263068e+01    1.689991e-04
2.264289e+01    1.711905e-04
2.265511e+01    1.733012e-04
2.266732e+01    1.753231e-04
2.267953e+01    1.772622e-04
2.269174e+01    1.791185e-04
2.270396e+01    1.808870e-04
2.271617e+01    1.825642e-04
2.272838e+01    1.841528e-04
2.274060e+01    1.856554e-04
2.275281e+01    1.870656e-04
2.276502e+01    1.883852e-04
2.277724e+01    1.896120e-04
2.278945e+01    1.907484e-04
2.280166e+01    1.917888e-04
2.281387e+01    1.927342e-04
2.282609e+01    1.935916e-04
2.283830e+01    1.943510e-04
2.285051e+01    1.950161e-04
2.286273e+01    1.955816e-04
2.287494e+01    1.960560e-04
2.288715e+01    1.964365e-04
2.289936e+01    1.967224e-04
2.291158e+01    1.969026e-04
2.292379e+01    1.969917e-04
2.293600e+01    1.969830e-04
2.294822e+01    1.968774e-04
2.296043e+01    1.966803e-04
2.297264e+01    1.963822e-04
2.298486e+01    1.959900e-04
2.299707e+01    1.955010e-04
2.300928e+01    1.949174e-04
2.302150e+01    1.942394e-04
2.303371e+01    1.934641e-04
2.304592e+01    1.925944e-04
2.305813e+01    1.916307e-04
2.307035e+01    1.905756e-04
2.308256e+01    1.894246e-04
2.309477e+01    1.881810e-04
2.310699e+01    1.868502e-04
2.311920e+01    1.854199e-04
2.313141e+01    1.839067e-04
2.314363e+01    1.823019e-04
2.315584e+01    1.806077e-04
2.316805e+01    1.788263e-04
2.318026e+01    1.769562e-04
2.319248e+01    1.750016e-04
2.320469e+01    1.729659e-04
2.321690e+01    1.708356e-04
2.322912e+01    1.686276e-04
2.324133e+01    1.663395e-04
2.325354e+01    1.639693e-04
2.326575e+01    1.615201e-04
2.327797e+01    1.589898e-04
2.329018e+01    1.563899e-04
2.330239e+01    1.537044e-04
2.331461e+01    1.509502e-04
2.332682e+01    1.481215e-04
2.333903e+01    1.452224e-04
2.335125e+01    1.422538e-04
2.336346e+01    1.392154e-04
2.337567e+01    1.361094e-04
2.338788e+01    1.329376e-04
2.340010e+01    1.297027e-04
2.341231e+01    1.264060e-04
2.342452e+01    1.230491e-04
2.343674e+01    1.196331e-04
2.344895e+01    1.161583e-04
2.346116e+01    1.126285e-04
2.347338e+01    1.090463e-04
2.348559e+01    1.054083e-04
2.349780e+01    1.017238e-04
2.351002e+01    9.798707e-05
2.352223e+01    9.420922e-05
2.353444e+01    9.038375e-05
2.354665e+01    8.651480e-05
2.355887e+01    8.260657e-05
2.357108e+01    7.865787e-05
2.358329e+01    7.467170e-05
2.359550e+01    7.064780e-05
2.360772e+01    6.659573e-05
2.361993e+01    6.250886e-05
2.363214e+01    5.839783e-05
2.364436e+01    5.425338e-05
2.365657e+01    5.008589e-05
2.366878e+01    4.589360e-05
2.368100e+01    4.168367e-05
2.369321e+01    3.745029e-05
2.370542e+01    3.320101e-05
2.371764e+01    2.893724e-05
2.372985e+01    2.465904e-05
2.374206e+01    2.037076e-05
2.375427e+01    1.607300e-05
2.376649e+01    1.176680e-05
2.377870e+01    7.457449e-06
2.379091e+01    3.140070e-06
2.380313e+01    -1.170323e-06
2.381534e+01    -5.487818e-06
2.382755e+01    -9.799202e-06
2.383977e+01    -1.410162e-05
2.385198e+01    -1.840002e-05
2.386419e+01    -2.269057e-05
2.387640e+01    -2.696755e-05
2.388862e+01    -3.123563e-05
2.390083e+01    -3.548409e-05
2.391304e+01    -3.972044e-05
2.392526e+01    -4.393584e-05
2.393747e+01    -4.812749e-05
2.394968e+01    -5.230308e-05
2.396189e+01    -5.644938e-05
2.397411e+01    -6.057060e-05
2.398632e+01    -6.466170e-05
2.399854e+01    -6.872427e-05
2.401075e+01    -7.275518e-05
2.402296e+01    -7.675248e-05
2.403517e+01    -8.071153e-05
2.404739e+01    -8.463796e-05
2.405960e+01    -8.852090e-05
2.407181e+01    -9.236651e-05
2.408403e+01    -9.616697e-05
2.409624e+01    -9.992547e-05
2.410845e+01    -1.036387e-04
2.412066e+01    -1.073003e-04
2.413288e+01    -1.109174e-04
2.414509e+01    -1.144820e-04
2.415730e+01    -1.179938e-04
2.416952e+01    -1.214507e-04
2.418173e+01    -1.248571e-04
2.419394e+01    -1.282055e-04
2.420616e+01    -1.314915e-04
2.421837e+01    -1.347223e-04
2.423058e+01    -1.378908e-04
2.424279e+01    -1.409991e-04
2.425501e+01    -1.440436e-04
2.426722e+01    -1.470219e-04
2.427943e+01    -1.499369e-04
2.429165e+01    -1.527837e-04
2.430386e+01    -1.555616e-04
2.431607e+01    -1.582696e-04
2.432829e+01    -1.609094e-04
2.434050e+01    -1.634762e-04
2.435271e+01    -1.659698e-04
2.436492e+01    -1.683927e-04
2.437714e+01    -1.707404e-04
2.438935e+01    -1.730134e-04
2.440156e+01    -1.752092e-04
2.441378e+01    -1.773289e-04
2.442599e+01    -1.793729e-04
2.443820e+01    -1.813338e-04
2.445041e+01    -1.832180e-04
2.446263e+01    -1.850243e-04
2.447484e+01    -1.867439e-04
2.448705e+01    -1.883898e-04
2.449927e+01    -1.899516e-04
2.451148e+01    -1.914355e-04
2.452369e+01    -1.928282e-04
2.453591e+01    -1.941441e-04
2.454812e+01    -1.953754e-04
2.456033e+01    -1.965225e-04
2.457255e+01    -1.975872e-04
2.458476e+01    -1.985671e-04
2.459697e+01    -1.994621e-04
2.460918e+01    -2.002735e-04
2.462140e+01    -2.009983e-04
2.463361e+01    -2.016399e-04
2.464582e+01    -2.021975e-04
2.465804e+01    -2.026680e-04
2.467025e+01    -2.030597e-04
2.468246e+01    -2.033579e-04
2.469468e+01    -2.035769e-04
2.470689e+01    -2.037094e-04
2.471910e+01    -2.037589e-04
2.473131e+01    -2.037224e-04
2.474353e+01    -2.036035e-04
2.475574e+01    -2.033991e-04
2.476795e+01    -2.031128e-04
2.478017e+01    -2.027451e-04
2.479238e+01    -2.022922e-04
2.480459e+01    -2.017593e-04
2.481680e+01    -2.011410e-04
2.482902e+01    -2.004462e-04
2.484123e+01    -1.996720e-04
2.485344e+01    -1.988158e-04
2.486566e+01    -1.978793e-04
2.487787e+01    -1.968655e-04
2.489008e+01    -1.957731e-04
2.490230e+01    -1.946035e-04
2.491451e+01    -1.933572e-04
2.492672e+01    -1.920369e-04
2.493893e+01    -1.906399e-04
2.495115e+01    -1.891698e-04
2.496336e+01    -1.876259e-04
2.497557e+01    -1.860129e-04
2.498779e+01    -1.843207e-04
2.500000e+01    -1.825682e-04
