0.000000e+00    -1.273720e+00
1.221299e-02    -1.273031e+00
2.442599e-02    -1.270970e+00
3.663898e-02    -1.267555e+00
4.885198e-02    -1.262811e+00
6.106497e-02    -1.256778e+00
7.327797e-02    -1.249504e+00
8.549096e-02    -1.241046e+00
9.770396e-02    -1.231474e+00
1.099169e-01    -1.220863e+00
1.221299e-01    -1.209300e+00
1.343429e-01    -1.196875e+00
1.465559e-01    -1.183690e+00
1.587689e-01    -1.169850e+00
1.709819e-01    -1.155466e+00
1.831949e-01    -1.140653e+00
1.954079e-01    -1.125530e+00
2.076209e-01    -1.110219e+00
2.198339e-01    -1.094843e+00
2.320469e-01    -1.079525e+00
2.442599e-01    -1.064389e+00
2.564729e-01    -1.049557e+00
2.686859e-01    -1.035150e+00
2.808989e-01    -1.021285e+00
2.931119e-01    -1.008076e+00
3.053249e-01    -9.956325e-01
3.175378e-01    -9.840578e-01
3.297509e-01    -9.734498e-01
3.419639e-01    -9.638999e-01
3.541768e-01    -9.554919e-01
3.663898e-01    -9.483023e-01
3.786028e-01    -9.423991e-01
3.908158e-01    -9.378417e-01
4.030288e-01    -9.346810e-01
4.152418e-01    -9.329581e-01
4.274548e-01    -9.327057e-01
4.396678e-01    -9.339464e-01
4.518808e-01    -9.366937e-01
4.640938e-01    -9.409519e-01
4.763068e-01    -9.467155e-01
4.885198e-01    -9.539708e-01
5.007328e-01    -9.626946e-01
5.129458e-01    -9.728550e-01
5.251588e-01    -9.844129e-01
5.373718e-01    -9.973204e-01
5.495847e-01    -1.011523e+00
5.617977e-01    -1.026958e+00
5.740107e-01    -1.043558e+00
5.862237e-01    -1.061250e+00
5.984367e-01    -1.079953e+00
6.106497e-01    -1.099585e+00
6.228627e-01    -1.120056e+00
6.350757e-01    -1.141277e+00
6.472887e-01    -1.163152e+00
6.595017e-01    -1.185585e+00
6.717147e-01    -1.208479e+00
6.839277e-01    -1.231734e+00
6.961407e-01    -1.255252e+00
7.083537e-01    -1.278931e+00
7.205667e-01    -1.302676e+00
7.327797e-01    -1.326388e+00
7.449927e-01    -1.349971e+00
7.572057e-01    -1.373333e+00
7.694187e-01    -1.396383e+00
7.816316e-01    -1.419034e+00
7.938446e-01    -1.441202e+00
8.060576e-01    -1.462807e+00
8.182706e-01    -1.483773e+00
8.304836e-01    -1.504028e+00
8.426966e-01    -1.523506e+00
8.549096e-01    -1.542145e+00
8.671226e-01    -1.559888e+00
8.793356e-01    -1.576684e+00
8.915486e-01    -1.592486e+00
9.037616e-01    -1.607253e+00
9.159746e-01    -1.620949e+00
9.281876e-01    -1.633544e+00
9.404006e-01    -1.645012e+00
9.526136e-01    -1.655334e+00
9.648266e-01    -1.664496e+00
9.770396e-01    -1.672487e+00
9.892526e-01    -1.679302e+00
1.001466e+00    -1.684943e+00
1.013679e+00    -1.689412e+00
1.025892e+00    -1.692720e+00
1.038105e+00    -1.694879e+00
1.050318e+00    -1.695905e+00
1.062531e+00    -1.695820e+00
1.074744e+00    -1.694647e+00
1.086957e+00    -1.692414e+00
1.099169e+00    -1.689151e+00
1.111382e+00    -1.684889e+00
1.123595e+00    -1.679665e+00
1.135808e+00    -1.673515e+00
1.148021e+00    -1.666478e+00
1.160234e+00    -1.658595e+00
1.172447e+00    -1.649908e+00
1.184660e+00    -1.640459e+00
1.196873e+00    -1.630292e+00
1.209086e+00    -1.619451e+00
1.221299e+00    -1.607982e+00
1.233512e+00    -1.595928e+00
1.245725e+00    -1.583335e+00
1.257938e+00    -1.570246e+00
1.270151e+00    -1.556706e+00
1.282364e+00    -1.542758e+00
1.294577e+00    -1.528443e+00
1.306790e+00    -1.513804e+00
1.319003e+00    -1.498881e+00
1.331216e+00    -1.483713e+00
1.343429e+00    -1.468338e+00
1.355642e+00    -1.452791e+00
1.367855e+00    -1.437109e+00
1.380068e+00    -1.421323e+00
1.392281e+00    -1.405465e+00
1.404494e+00    -1.389566e+00
1.416707e+00    -1.373653e+00
1.428920e+00    -1.357753e+00
1.441133e+00    -1.341889e+00
1.453346e+00    -1.326085e+00
1.465559e+00    -1.310361e+00
1.477772e+00    -1.294737e+00
1.489985e+00    -1.279230e+00
1.502198e+00    -1.263855e+00
1.514411e+00    -1.248627e+00
1.526624e+00    -1.233557e+00
1.538837e+00    -1.218656e+00
1.551050e+00    -1.203934e+00
1.563263e+00    -1.189398e+00
1.575476e+00    -1.175053e+00
1.587689e+00    -1.160906e+00
1.599902e+00    -1.146959e+00
1.612115e+00    -1.133215e+00
1.624328e+00    -1.119674e+00
1.636541e+00    -1.106338e+00
1.648754e+00    -1.093204e+00
1.660967e+00    -1.080272e+00
1.673180e+00    -1.067538e+00
1.685393e+00    -1.055000e+00
1.697606e+00    -1.042653e+00
1.709819e+00    -1.030493e+00
1.722032e+00    -1.018513e+00
1.734245e+00    -1.006710e+00
1.746458e+00    -9.950762e-01
1.758671e+00    -9.836057e-01
1.770884e+00    -9.722921e-01
1.783097e+00    -9.611284e-01
1.795310e+00    -9.501079e-01
1.807523e+00    -9.392233e-01
1.819736e+00    -9.284679e-01
1.831949e+00    -9.178345e-01
1.844162e+00    -9.073163e-01
1.856375e+00    -8.969066e-01
1.868588e+00    -8.865985e-01
1.880801e+00    -8.763859e-01
1.893014e+00    -8.662626e-01
1.905227e+00    -8.562222e-01
1.917440e+00    -8.462592e-01
1.929653e+00    -8.363684e-01
1.941866e+00    -8.265446e-01
1.954079e+00    -8.167832e-01
1.966292e+00    -8.070796e-01
1.978505e+00    -7.974298e-01
1.990718e+00    -7.878301e-01
2.002931e+00    -7.782774e-01
2.015144e+00    -7.687685e-01
2.027357e+00    -7.593008e-01
2.039570e+00    -7.498724e-01
2.051783e+00    -7.404811e-01
2.063996e+00    -7.311257e-01
2.076209e+00    -7.218047e-01
2.088422e+00    -7.125174e-01
2.100635e+00    -7.032633e-01
2.112848e+00    -6.940422e-01
2.125061e+00    -6.848541e-01
2.137274e+00    -6.756993e-01
2.149487e+00    -6.665785e-01
2.161700e+00    -6.574926e-01
2.173913e+00    -6.484425e-01
2.186126e+00    -6.394296e-01
2.198339e+00    -6.304553e-01
2.210552e+00    -6.215211e-01
2.222765e+00    -6.126289e-01
2.234978e+00    -6.037807e-01
2.247191e+00    -5.949785e-01
2.259404e+00    -5.862242e-01
2.271617e+00    -5.775201e-01
2.283830e+00    -5.688687e-01
2.296043e+00    -5.602720e-01
2.308256e+00    -5.517325e-01
2.320469e+00    -5.432523e-01
2.332682e+00    -5.348343e-01
2.344895e+00    -5.264804e-01
2.357108e+00    -5.181929e-01
2.369321e+00    -5.099742e-01
2.381534e+00    -5.018266e-01
2.393747e+00    -4.937522e-01
2.405960e+00    -4.857529e-01
2.418173e+00    -4.778310e-01
2.430386e+00    -4.699882e-01
2.442599e+00    -4.622266e-01
2.454812e+00    -4.545477e-01
2.467025e+00    -4.469532e-01
2.479238e+00    -4.394447e-01
2.491451e+00    -4.320235e-01
2.503664e+00    -4.246909e-01
2.515877e+00    -4.174481e-01
2.528090e+00    -4.102962e-01
2.540303e+00    -4.032360e-01
2.552516e+00    -3.962685e-01
2.564729e+00    -3.893942e-01
2.576942e+00    -3.826138e-01
2.589155e+00    -3.759277e-01
2.601368e+00    -3.693362e-01
2.613581e+00    -3.628394e-01
2.625794e+00    -3.564378e-01
2.638007e+00    -3.501311e-01
2.650220e+00    -3.439194e-01
2.662433e+00    -3.378023e-01
2.674646e+00    -3.317796e-01
2.686859e+00    -3.258510e-01
2.699072e+00    -3.200159e-01
2.711285e+00    -3.142739e-01
2.723498e+00    -3.086243e-01
2.735711e+00    -3.030664e-01
2.747924e+00    -2.975995e-01
2.760137e+00    -2.922227e-01
2.772350e+00    -2.869353e-01
2.784563e+00    -2.817362e-01
2.796776e+00    -2.766246e-01
2.808989e+00    -2.715994e-01
2.821202e+00    -2.666596e-01
2.833415e+00    -2.618042e-01
2.845628e+00    -2.570319e-01
2.857841e+00    -2.523419e-01
2.870054e+00    -2.477328e-01
2.882267e+00    -2.432037e-01
2.894480e+00    -2.387532e-01
2.906693e+00    -2.343803e-01
2.918906e+00    -2.300839e-01
2.931119e+00    -2.258627e-01
2.943332e+00    -2.217156e-01
2.955545e+00    -2.176415e-01
2.967758e+00    -2.136393e-01
2.979971e+00    -2.097078e-01
2.992184e+00    -2.058458e-01
3.004397e+00    -2.020524e-01
3.016610e+00    -1.983264e-01
3.028823e+00    -1.946668e-01
3.041036e+00    -1.910725e-01
3.053249e+00    -1.875425e-01
3.065462e+00    -1.840759e-01
3.077675e+00    -1.806715e-01
3.089888e+00    -1.773286e-01
3.102101e+00    -1.740461e-01
3.114314e+00    -1.708231e-01
3.126527e+00    -1.676588e-01
3.138740e+00    -1.645522e-01
3.150953e+00    -1.615025e-01
3.163166e+00    -1.585090e-01
3.175379e+00    -1.555708e-01
3.187592e+00    -1.526870e-01
3.199805e+00    -1.498570e-01
3.212018e+00    -1.470800e-01
3.224231e+00    -1.443552e-01
3.236444e+00    -1.416820e-01
3.248657e+00    -1.390597e-01
3.260870e+00    -1.364875e-01
3.273082e+00    -1.339647e-01
3.285295e+00    -1.314908e-01
3.297508e+00    -1.290651e-01
3.309721e+00    -1.266869e-01
3.321934e+00    -1.243557e-01
3.334147e+00    -1.220708e-01
3.346360e+00    -1.198315e-01
3.358573e+00    -1.176373e-01
3.370786e+00    -1.154875e-01
3.382999e+00    -1.133817e-01
3.395212e+00    -1.113191e-01
3.407425e+00    -1.092993e-01
3.419638e+00    -1.073215e-01
3.431851e+00    -1.053853e-01
3.444064e+00    -1.034901e-01
3.456277e+00    -1.016352e-01
3.468490e+00    -9.982003e-02
3.480703e+00    -9.804411e-02
3.492916e+00    -9.630680e-02
3.505129e+00    -9.460752e-02
3.517342e+00    -9.294567e-02
3.529555e+00    -9.132069e-02
3.541768e+00    -8.973198e-02
3.553981e+00    -8.817893e-02
3.566194e+00    -8.666095e-02
3.578407e+00    -8.517747e-02
3.590620e+00    -8.372788e-02
3.602833e+00    -8.231156e-02
3.615046e+00    -8.092794e-02
3.627259e+00    -7.957640e-02
3.639472e+00    -7.825633e-02
3.651685e+00    -7.696711e-02
3.663898e+00    -7.570818e-02
3.676111e+00    -7.447891e-02
3.688324e+00    -7.327870e-02
3.700537e+00    -7.210691e-02
3.712750e+00    -7.096298e-02
3.724963e+00    -6.984625e-02
3.737176e+00    -6.875616e-02
3.749389e+00    -6.769211e-02
3.761602e+00    -6.665345e-02
3.773815e+00    -6.563962e-02
3.786028e+00    -6.465000e-02
3.798241e+00    -6.368402e-02
3.810454e+00    -6.274110e-02
3.822667e+00    -6.182062e-02
3.834880e+00    -6.092202e-02
3.847093e+00    -6.004474e-02
3.859306e+00    -5.918819e-02
3.871519e+00    -5.835181e-02
3.883732e+00    -5.753505e-02
3.895945e+00    -5.673737e-02
3.908158e+00    -5.595821e-02
3.920371e+00    -5.519705e-02
3.932584e+00    -5.445335e-02
3.944797e+00    -5.372661e-02
3.957010e+00    -5.301630e-02
3.969223e+00    -5.232194e-02
3.981436e+00    -5.164302e-02
3.993649e+00    -5.097906e-02
4.005862e+00    -5.032961e-02
4.018075e+00    -4.969418e-02
4.030288e+00    -4.907230e-02
4.042501e+00    -4.846357e-02
4.054714e+00    -4.786751e-02
4.066927e+00    -4.728374e-02
4.079140e+00    -4.671181e-02
4.091353e+00    -4.615133e-02
4.103566e+00    -4.560189e-02
4.115779e+00    -4.506315e-02
4.127992e+00    -4.453468e-02
4.140205e+00    -4.401616e-02
4.152418e+00    -4.350720e-02
4.164631e+00    -4.300750e-02
4.176844e+00    -4.251667e-02
4.189057e+00    -4.203444e-02
4.201270e+00    -4.156049e-02
4.213483e+00    -4.109448e-02
4.225696e+00    -4.063616e-02
4.237909e+00    -4.018521e-02
4.250122e+00    -3.974140e-02
4.262335e+00    -3.930440e-02
4.274548e+00    -3.887401e-02
4.286761e+00    -3.844996e-02
4.298974e+00    -3.803201e-02
4.311187e+00    -3.761993e-02
4.323400e+00    -3.721352e-02
4.335613e+00    -3.681253e-02
4.347826e+00    -3.641679e-02
4.360039e+00    -3.602605e-02
4.372252e+00    -3.564018e-02
4.384465e+00    -3.525896e-02
4.396678e+00    -3.488223e-02
4.408891e+00    -3.450980e-02
4.421104e+00    -3.414154e-02
4.433317e+00    -3.377726e-02
4.445530e+00    -3.341683e-02
4.457743e+00    -3.306011e-02
4.469956e+00    -3.270695e-02
4.482169e+00    -3.235722e-02
4.494382e+00    -3.201082e-02
4.506595e+00    -3.166759e-02
4.518808e+00    -3.132744e-02
4.531021e+00    -3.099025e-02
4.543234e+00    -3.065593e-02
4.555447e+00    -3.032436e-02
4.567660e+00    -2.999547e-02
4.579873e+00    -2.966914e-02
4.592086e+00    -2.934531e-02
4.604299e+00    -2.902389e-02
4.616512e+00    -2.870481e-02
4.628725e+00    -2.838798e-02
4.640938e+00    -2.807335e-02
4.653151e+00    -2.776084e-02
4.665364e+00    -2.745041e-02
4.677577e+00    -2.714197e-02
4.689790e+00    -2.683550e-02
4.702003e+00    -2.653093e-02
4.714216e+00    -2.622822e-02
4.726429e+00    -2.592732e-02
4.738642e+00    -2.562820e-02
4.750855e+00    -2.533080e-02
4.763068e+00    -2.503511e-02
4.775281e+00    -2.474108e-02
4.787494e+00    -2.444870e-02
4.799707e+00    -2.415793e-02
4.811920e+00    -2.386874e-02
4.824133e+00    -2.358112e-02
4.836346e+00    -2.329505e-02
4.848559e+00    -2.301050e-02
4.860772e+00    -2.272748e-02
4.872985e+00    -2.244594e-02
4.885198e+00    -2.216592e-02
4.897411e+00    -2.188736e-02
4.909624e+00    -2.161029e-02
4.921837e+00    -2.133469e-02
4.934050e+00    -2.106057e-02
4.946263e+00    -2.078792e-02
4.958476e+00    -2.051674e-02
4.970689e+00    -2.024703e-02
4.982902e+00    -1.997881e-02
4.995115e+00    -1.971208e-02
5.007328e+00    -1.944684e-02
5.019541e+00    -1.918311e-02
5.031754e+00    -1.892090e-02
5.043967e+00    -1.866022e-02
5.056180e+00    -1.840108e-02
5.068393e+00    -1.814349e-02
5.080606e+00    -1.788749e-02
5.092819e+00    -1.763307e-02
5.105031e+00    -1.738026e-02
5.117245e+00    -1.712907e-02
5.129457e+00    -1.687953e-02
5.141671e+00    -1.663164e-02
5.153883e+00    -1.638546e-02
5.166097e+00    -1.614097e-02
5.178309e+00    -1.589821e-02
5.190523e+00    -1.565720e-02
5.202735e+00    -1.541797e-02
5.214949e+00    -1.518053e-02
5.227162e+00    -1.494490e-02
5.239375e+00    -1.471113e-02
5.251588e+00    -1.447922e-02
5.263801e+00    -1.424921e-02
5.276014e+00    -1.402110e-02
5.288227e+00    -1.379495e-02
5.300440e+00    -1.357073e-02
5.312653e+00    -1.334853e-02
5.324866e+00    -1.312833e-02
5.337079e+00    -1.291016e-02
5.349292e+00    -1.269405e-02
5.361505e+00    -1.248002e-02
5.373718e+00    -1.226809e-02
5.385931e+00    -1.205829e-02
5.398144e+00    -1.185063e-02
5.410357e+00    -1.164515e-02
5.422570e+00    -1.144186e-02
5.434783e+00    -1.124078e-02
5.446996e+00    -1.104192e-02
5.459208e+00    -1.084532e-02
5.471422e+00    -1.065097e-02
5.483634e+00    -1.045892e-02
5.495848e+00    -1.026915e-02
5.508060e+00    -1.008171e-02
5.520274e+00    -9.896593e-03
5.532486e+00    -9.713822e-03
5.544700e+00    -9.533403e-03
5.556912e+00    -9.355358e-03
5.569126e+00    -9.179682e-03
5.581338e+00    -9.006402e-03
5.593552e+00    -8.835519e-03
5.605764e+00    -8.667037e-03
5.617978e+00    -8.500965e-03
5.630190e+00    -8.337323e-03
5.642404e+00    -8.176087e-03
5.654616e+00    -8.017288e-03
5.666830e+00    -7.860908e-03
5.679042e+00    -7.706976e-03
5.691256e+00    -7.555462e-03
5.703468e+00    -7.406385e-03
5.715682e+00    -7.259740e-03
5.727894e+00    -7.115520e-03
5.740108e+00    -6.973722e-03
5.752320e+00    -6.834356e-03
5.764534e+00    -6.697393e-03
5.776746e+00    -6.562849e-03
5.788960e+00    -6.430697e-03
5.801172e+00    -6.300955e-03
5.813385e+00    -6.173578e-03
5.825598e+00    -6.048587e-03
5.837811e+00    -5.925955e-03
5.850024e+00    -5.805678e-03
5.862237e+00    -5.687736e-03
5.874450e+00    -5.572121e-03
5.886663e+00    -5.458807e-03
5.898876e+00    -5.347779e-03
5.911089e+00    -5.239050e-03
5.923302e+00    -5.132568e-03
5.935515e+00    -5.028327e-03
5.947728e+00    -4.926309e-03
5.959941e+00    -4.826484e-03
5.972154e+00    -4.728849e-03
5.984367e+00    -4.633362e-03
5.996580e+00    -4.540017e-03
6.008793e+00    -4.448785e-03
6.021006e+00    -4.359637e-03
6.033219e+00    -4.272563e-03
6.045432e+00    -4.187515e-03
6.057645e+00    -4.104493e-03
6.069858e+00    -4.023458e-03
6.082071e+00    -3.944385e-03
6.094284e+00    -3.867248e-03
6.106497e+00    -3.792022e-03
6.118710e+00    -3.718677e-03
6.130923e+00    -3.647186e-03
6.143136e+00    -3.577514e-03
6.155349e+00    -3.509639e-03
6.167562e+00    -3.443539e-03
6.179775e+00    -3.379166e-03
6.191988e+00    -3.316502e-03
6.204201e+00    -3.255516e-03
6.216414e+00    -3.196168e-03
6.228627e+00    -3.138442e-03
6.240840e+00    -3.082302e-03
6.253053e+00    -3.027710e-03
6.265266e+00    -2.974636e-03
6.277479e+00    -2.923059e-03
6.289692e+00    -2.872936e-03
6.301905e+00    -2.824245e-03
6.314118e+00    -2.776941e-03
6.326331e+00    -2.731005e-03
6.338544e+00    -2.686398e-03
6.350757e+00    -2.643091e-03
6.362970e+00    -2.601049e-03
6.375183e+00    -2.560239e-03
6.387396e+00    -2.520650e-03
6.399609e+00    -2.482217e-03
6.411822e+00    -2.444930e-03
6.424035e+00    -2.408754e-03
6.436248e+00    -2.373654e-03
6.448461e+00    -2.339604e-03
6.460674e+00    -2.306573e-03
6.472887e+00    -2.274534e-03
6.485100e+00    -2.243445e-03
6.497313e+00    -2.213286e-03
6.509526e+00    -2.184028e-03
6.521739e+00    -2.155640e-03
6.533952e+00    -2.128094e-03
6.546165e+00    -2.101354e-03
6.558378e+00    -2.075400e-03
6.570591e+00    -2.050203e-03
6.582804e+00    -2.025734e-03
6.595017e+00    -2.001972e-03
6.607230e+00    -1.978875e-03
6.619443e+00    -1.956434e-03
6.631656e+00    -1.934609e-03
6.643869e+00    -1.913381e-03
6.656082e+00    -1.892725e-03
6.668295e+00    -1.872617e-03
6.680508e+00    -1.853032e-03
6.692721e+00    -1.833942e-03
6.704934e+00    -1.815334e-03
6.717147e+00    -1.797169e-03
6.729360e+00    -1.779438e-03
6.741573e+00    -1.762112e-03
6.753786e+00    -1.745175e-03
6.765999e+00    -1.728604e-03
6.778212e+00    -1.712376e-03
6.790425e+00    -1.696476e-03
6.802638e+00    -1.680886e-03
6.814851e+00    -1.665577e-03
6.827064e+00    -1.650539e-03
6.839277e+00    -1.635761e-03
6.851490e+00    -1.621212e-03
6.863703e+00    -1.606891e-03
6.875916e+00    -1.592773e-03
6.888129e+00    -1.578838e-03
6.900342e+00    -1.565088e-03
6.912555e+00    -1.551493e-03
6.924768e+00    -1.538051e-03
6.936981e+00    -1.524743e-03
6.949194e+00    -1.511552e-03
6.961407e+00    -1.498481e-03
6.973620e+00    -1.485512e-03
6.985833e+00    -1.472630e-03
6.998046e+00    -1.459823e-03
7.010259e+00    -1.447096e-03
7.022472e+00    -1.434423e-03
7.034685e+00    -1.421807e-03
7.046898e+00    -1.409232e-03
7.059111e+00    -1.396698e-03
7.071324e+00    -1.384194e-03
7.083537e+00    -1.371710e-03
7.095750e+00    -1.359255e-03
7.107963e+00    -1.346800e-03
7.120176e+00    -1.334363e-03
7.132389e+00    -1.321927e-03
7.144602e+00    -1.309484e-03
7.156815e+00    -1.297046e-03
7.169028e+00    -1.284601e-03
7.181241e+00    -1.272145e-03
7.193454e+00    -1.259679e-03
7.205667e+00    -1.247203e-03
7.217880e+00    -1.234710e-03
7.230093e+00    -1.222203e-03
7.242306e+00    -1.209686e-03
7.254519e+00    -1.197156e-03
7.266732e+00    -1.184615e-03
7.278944e+00    -1.172054e-03
7.291158e+00    -1.159488e-03
7.303371e+00    -1.146914e-03
7.315584e+00    -1.134332e-03
7.327797e+00    -1.121744e-03
7.340010e+00    -1.109157e-03
7.352223e+00    -1.096561e-03
7.364436e+00    -1.083980e-03
7.376649e+00    -1.071401e-03
7.388862e+00    -1.058832e-03
7.401075e+00    -1.046308e-03
7.413288e+00    -1.033743e-03
7.425501e+00    -1.021228e-03
7.437714e+00    -1.008749e-03
7.449927e+00    -9.963043e-04
7.462140e+00    -9.838790e-04
7.474353e+00    -9.715026e-04
7.486566e+00    -9.591752e-04
7.498779e+00    -9.469207e-04
7.510992e+00    -9.346833e-04
7.523205e+00    -9.225300e-04
7.535418e+00    -9.104472e-04
7.547631e+00    -8.984350e-04
7.559844e+00    -8.865075e-04
7.572057e+00    -8.746631e-04
7.584270e+00    -8.629165e-04
7.596483e+00    -8.512627e-04
7.608696e+00    -8.397267e-04
7.620909e+00    -8.282957e-04
7.633121e+00    -8.169858e-04
7.645335e+00    -8.057944e-04
7.657547e+00    -7.947429e-04
7.669761e+00    -7.838212e-04
7.681973e+00    -7.730446e-04
7.694187e+00    -7.624217e-04
7.706399e+00    -7.519422e-04
7.718613e+00    -7.416417e-04
7.730825e+00    -7.315007e-04
7.743039e+00    -7.215317e-04
7.755251e+00    -7.117434e-04
7.767465e+00    -7.021318e-04
7.779677e+00    -6.927215e-04
7.791891e+00    -6.835000e-04
7.804103e+00    -6.744742e-04
7.816317e+00    -6.656500e-04
7.828529e+00    -6.570431e-04
7.840743e+00    -6.486441e-04
7.852955e+00    -6.404654e-04
7.865169e+00    -6.325123e-04
7.877381e+00    -6.247759e-04
7.889595e+00    -6.172704e-04
7.901807e+00    -6.099984e-04
7.914021e+00    -6.029689e-04
7.926233e+00    -5.961781e-04
7.938447e+00    -5.896320e-04
7.950659e+00    -5.833405e-04
7.962873e+00    -5.772774e-04
7.975085e+00    -5.714696e-04
7.987298e+00    -5.659222e-04
7.999511e+00    -5.606399e-04
8.011724e+00    -5.556000e-04
8.023937e+00    -5.508226e-04
8.036150e+00    -5.463044e-04
8.048364e+00    -5.420572e-04
8.060576e+00    -5.380634e-04
8.072789e+00    -5.343321e-04
8.085002e+00    -5.308668e-04
8.097216e+00    -5.276587e-04
8.109428e+00    -5.247230e-04
8.121641e+00    -5.220433e-04
8.133854e+00    -5.196269e-04
8.146068e+00    -5.174655e-04
8.158280e+00    -5.155667e-04
8.170493e+00    -5.139257e-04
8.182706e+00    -5.125362e-04
8.194920e+00    -5.113966e-04
8.207132e+00    -5.105116e-04
8.219345e+00    -5.098716e-04
8.231558e+00    -5.094789e-04
8.243772e+00    -5.093269e-04
8.255984e+00    -5.094121e-04
8.268197e+00    -5.097332e-04
8.280410e+00    -5.102798e-04
8.292624e+00    -5.110585e-04
8.304836e+00    -5.120559e-04
8.317049e+00    -5.132707e-04
8.329262e+00    -5.146954e-04
8.341475e+00    -5.163302e-04
8.353688e+00    -5.181674e-04
8.365901e+00    -5.202020e-04
8.378115e+00    -5.224267e-04
8.390327e+00    -5.248410e-04
8.402540e+00    -5.274253e-04
8.414753e+00    -5.301999e-04
8.426967e+00    -5.331316e-04
8.439179e+00    -5.362240e-04
8.451392e+00    -5.394709e-04
8.463605e+00    -5.428671e-04
8.475819e+00    -5.464056e-04
8.488031e+00    -5.500750e-04
8.500244e+00    -5.538649e-04
8.512457e+00    -5.577760e-04
8.524671e+00    -5.618024e-04
8.536883e+00    -5.659207e-04
8.549096e+00    -5.701444e-04
8.561309e+00    -5.744446e-04
8.573523e+00    -5.788258e-04
8.585735e+00    -5.832727e-04
8.597948e+00    -5.877829e-04
8.610161e+00    -5.923518e-04
8.622375e+00    -5.969604e-04
8.634587e+00    -6.016127e-04
8.646800e+00    -6.062827e-04
8.659013e+00    -6.109719e-04
8.671227e+00    -6.156767e-04
8.683439e+00    -6.203813e-04
8.695652e+00    -6.250833e-04
8.707865e+00    -6.297617e-04
8.720078e+00    -6.344172e-04
8.732291e+00    -6.390455e-04
8.744504e+00    -6.436285e-04
8.756717e+00    -6.481622e-04
8.768930e+00    -6.526402e-04
8.781143e+00    -6.570489e-04
8.793356e+00    -6.613758e-04
8.805569e+00    -6.656348e-04
8.817782e+00    -6.698006e-04
8.829995e+00    -6.738586e-04
8.842208e+00    -6.778071e-04
8.854421e+00    -6.816444e-04
8.866634e+00    -6.853514e-04
8.878847e+00    -6.889292e-04
8.891060e+00    -6.923646e-04
8.903273e+00    -6.956565e-04
8.915486e+00    -6.987834e-04
8.927699e+00    -7.017481e-04
8.939912e+00    -7.045441e-04
8.952125e+00    -7.071646e-04
8.964338e+00    -7.095913e-04
8.976551e+00    -7.118303e-04
8.988764e+00    -7.138657e-04
9.000977e+00    -7.156914e-04
9.013190e+00    -7.173129e-04
9.025403e+00    -7.187073e-04
9.037616e+00    -7.198828e-04
9.049829e+00    -7.208158e-04
9.062042e+00    -7.215246e-04
9.074255e+00    -7.219850e-04
9.086468e+00    -7.221980e-04
9.098680e+00    -7.221753e-04
9.110894e+00    -7.218676e-04
9.123107e+00    -7.213091e-04
9.135320e+00    -7.204855e-04
9.147532e+00    -7.193894e-04
9.159746e+00    -7.180272e-04
9.171959e+00    -7.163747e-04
9.184172e+00    -7.144440e-04
9.196384e+00    -7.122312e-04
9.208598e+00    -7.097354e-04
9.220811e+00    -7.069474e-04
9.233024e+00    -7.038640e-04
9.245236e+00    -7.004850e-04
9.257450e+00    -6.968104e-04
9.269663e+00    -6.928378e-04
9.281876e+00    -6.885570e-04
9.294088e+00    -6.839869e-04
9.306302e+00    -6.791027e-04
9.318515e+00    -6.739132e-04
9.330728e+00    -6.684262e-04
9.342940e+00    -6.626372e-04
9.355154e+00    -6.565396e-04
9.367367e+00    -6.501322e-04
9.379580e+00    -6.434266e-04
9.391793e+00    -6.364221e-04
9.404006e+00    -6.291036e-04
9.416219e+00    -6.214925e-04
9.428432e+00    -6.135829e-04
9.440645e+00    -6.053740e-04
9.452858e+00    -5.968711e-04
9.465071e+00    -5.880706e-04
9.477283e+00    -5.789878e-04
9.489497e+00    -5.696084e-04
9.501710e+00    -5.599570e-04
9.513923e+00    -5.500237e-04
9.526135e+00    -5.398110e-04
9.538349e+00    -5.293255e-04
9.550562e+00    -5.185690e-04
9.562775e+00    -5.075503e-04
9.574987e+00    -4.962805e-04
9.587201e+00    -4.847420e-04
9.599414e+00    -4.729474e-04
9.611627e+00    -4.609318e-04
9.623839e+00    -4.486585e-04
9.636053e+00    -4.361600e-04
9.648266e+00    -4.234297e-04
9.660479e+00    -4.104734e-04
9.672691e+00    -3.973054e-04
9.684905e+00    -3.839265e-04
9.697118e+00    -3.703461e-04
9.709331e+00    -3.565758e-04
9.721543e+00    -3.425921e-04
9.733757e+00    -3.284422e-04
9.745970e+00    -3.141074e-04
9.758183e+00    -2.996121e-04
9.770395e+00    -2.849504e-04
9.782609e+00    -2.701379e-04
9.794822e+00    -2.551710e-04
9.807034e+00    -2.400820e-04
9.819247e+00    -2.248606e-04
9.831461e+00    -2.095136e-04
9.843674e+00    -1.940570e-04
9.855886e+00    -1.784947e-04
9.868099e+00    -1.628341e-04
9.880313e+00    -1.470862e-04
9.892526e+00    -1.312583e-04
9.904738e+00    -1.153663e-04
9.916951e+00    -9.941065e-05
9.929165e+00    -8.340370e-05
9.941378e+00    -6.735668e-05
9.953590e+00    -5.127031e-05
9.965803e+00    -3.516071e-05
9.978017e+00    -1.903629e-05
9.990230e+00    -2.908379e-06
1.000244e+01    1.322385e-05
1.001466e+01    2.934305e-05
1.002687e+01    4.544279e-05
1.003908e+01    6.151476e-05
1.005129e+01    7.754100e-05
1.006351e+01    9.352506e-05
1.007572e+01    1.094570e-04
1.008793e+01    1.253164e-04
1.010015e+01    1.410914e-04
1.011236e+01    1.568135e-04
1.012457e+01    1.724254e-04
1.013679e+01    1.879405e-04
1.014900e+01    2.033395e-04
1.016121e+01    2.186301e-04
1.017342e+01    2.337897e-04
1.018564e+01    2.488075e-04
1.019785e+01    2.636820e-04
1.021006e+01    2.784184e-04
1.022228e+01    2.929837e-04
1.023449e+01    3.073809e-04
1.024670e+01    3.216013e-04
1.025891e+01    3.356347e-04
1.027113e+01    3.494765e-04
1.028334e+01    3.631209e-04
1.029555e+01    3.765593e-04
1.030777e+01    3.897596e-04
1.031998e+01    4.027654e-04
1.033219e+01    4.155202e-04
1.034441e+01    4.280474e-04
1.035662e+01    4.403283e-04
1.036883e+01    4.523587e-04
1.038105e+01    4.641336e-04
1.039326e+01    4.756387e-04
1.040547e+01    4.868797e-04
1.041768e+01    4.978477e-04
1.042990e+01    5.085305e-04
1.044211e+01    5.189275e-04
1.045432e+01    5.290354e-04
1.046654e+01    5.388424e-04
1.047875e+01    5.483479e-04
1.049096e+01    5.575441e-04
1.050318e+01    5.664421e-04
1.051539e+01    5.750079e-04
1.052760e+01    5.832582e-04
1.053981e+01    5.911846e-04
1.055203e+01    5.987839e-04
1.056424e+01    6.060486e-04
1.057645e+01    6.129871e-04
1.058867e+01    6.195834e-04
1.060088e+01    6.258392e-04
1.061309e+01    6.317421e-04
1.062531e+01    6.373101e-04
1.063752e+01    6.425262e-04
1.064973e+01    6.473900e-04
1.066194e+01    6.519073e-04
1.067416e+01    6.560683e-04
1.068637e+01    6.598711e-04
1.069858e+01    6.633145e-04
1.071080e+01    6.664142e-04
1.072301e+01    6.691507e-04
1.073522e+01    6.715318e-04
1.074744e+01    6.735539e-04
1.075965e+01    6.752133e-04
1.077186e+01    6.765236e-04
1.078407e+01    6.774722e-04
1.079629e+01    6.780696e-04
1.080850e+01    6.783071e-04
1.082071e+01    6.781959e-04
1.083293e+01    6.777266e-04
1.084514e+01    6.769089e-04
1.085735e+01    6.757480e-04
1.086957e+01    6.742356e-04
1.088178e+01    6.723818e-04
1.089399e+01    6.701880e-04
1.090620e+01    6.676533e-04
1.091842e+01    6.647821e-04
1.093063e+01    6.615789e-04
1.094284e+01    6.580407e-04
1.095506e+01    6.541826e-04
1.096727e+01    6.499952e-04
1.097948e+01    6.455011e-04
1.099170e+01    6.406828e-04
1.100391e+01    6.355506e-04
1.101612e+01    6.301239e-04
1.102833e+01    6.243890e-04
1.104055e+01    6.183537e-04
1.105276e+01    6.120332e-04
1.106497e+01    6.054216e-04
1.107719e+01    5.985290e-04
1.108940e+01    5.913600e-04
1.110161e+01    5.839171e-04
1.111382e+01    5.762187e-04
1.112604e+01    5.682526e-04
1.113825e+01    5.600399e-04
1.115046e+01    5.515732e-04
1.116268e+01    5.428679e-04
1.117489e+01    5.339347e-04
1.118710e+01    5.247716e-04
1.119932e+01    5.153814e-04
1.121153e+01    5.057715e-04
1.122374e+01    4.959669e-04
1.123596e+01    4.859576e-04
1.124817e+01    4.757540e-04
1.126038e+01    4.653591e-04
1.127259e+01    4.547939e-04
1.128481e+01    4.440510e-04
1.129702e+01    4.331425e-04
1.130923e+01    4.220773e-04
1.132145e+01    4.108568e-04
1.133366e+01    3.994987e-04
1.134587e+01    3.880051e-04
1.135808e+01    3.763806e-04
1.137030e+01    3.646328e-04
1.138251e+01    3.527735e-04
1.139472e+01    3.408127e-04
1.140694e+01    3.287498e-04
1.141915e+01    3.165956e-04
1.143136e+01    3.043544e-04
1.144358e+01    2.920422e-04
1.145579e+01    2.796632e-04
1.146800e+01    2.672242e-04
1.148022e+01    2.547322e-04
1.149243e+01    2.421983e-04
1.150464e+01    2.296183e-04
1.151685e+01    2.170163e-04
1.152907e+01    2.043861e-04
1.154128e+01    1.917443e-04
1.155349e+01    1.790953e-04
1.156571e+01    1.664428e-04
1.157792e+01    1.538035e-04
1.159013e+01    1.411790e-04
1.160234e+01    1.285809e-04
1.161456e+01    1.160000e-04
1.162677e+01    1.034646e-04
1.163898e+01    9.096754e-05
1.165120e+01    7.852994e-05
1.166341e+01    6.613774e-05
1.167562e+01    5.381443e-05
1.168784e+01    4.155747e-05
1.170005e+01    2.939145e-05
1.171226e+01    1.729984e-05
1.172447e+01    5.294067e-06
1.173669e+01    -6.615461e-06
1.174890e+01    -1.841706e-05
1.176111e+01    -3.011124e-05
1.177333e+01    -4.169620e-05
1.178554e+01    -5.315632e-05
1.179775e+01    -6.449088e-05
1.180997e+01    -7.570157e-05
1.182218e+01    -8.676300e-05
1.183439e+01    -9.769279e-05
1.184660e+01    -1.084708e-04
1.185882e+01    -1.190979e-04
1.187103e+01    -1.295660e-04
1.188324e+01    -1.398753e-04
1.189546e+01    -1.500194e-04
1.190767e+01    -1.599919e-04
1.191988e+01    -1.697886e-04
1.193210e+01    -1.794071e-04
1.194431e+01    -1.888388e-04
1.195652e+01    -1.980850e-04
1.196873e+01    -2.071396e-04
1.198095e+01    -2.160049e-04
1.199316e+01    -2.246608e-04
1.200537e+01    -2.331302e-04
1.201759e+01    -2.413845e-04
1.202980e+01    -2.494376e-04
1.204201e+01    -2.572855e-04
1.205423e+01    -2.649167e-04
1.206644e+01    -2.723337e-04
1.207865e+01    -2.795293e-04
1.209086e+01    -2.865083e-04
1.210308e+01    -2.932581e-04
1.211529e+01    -2.998059e-04
1.212750e+01    -3.061216e-04
1.213972e+01    -3.122087e-04
1.215193e+01    -3.180688e-04
1.216414e+01    -3.237045e-04
1.217636e+01    -3.291071e-04
1.218857e+01    -3.342894e-04
1.220078e+01    -3.392345e-04
1.221299e+01    -3.439481e-04
1.222521e+01    -3.484270e-04
1.223742e+01    -3.526796e-04
1.224963e+01    -3.567058e-04
1.226185e+01    -3.604938e-04
1.227406e+01    -3.640519e-04
1.228627e+01    -3.673810e-04
1.229849e+01    -3.704855e-04
1.231070e+01    -3.733508e-04
1.232291e+01    -3.759964e-04
1.233512e+01    -3.784093e-04
1.234734e+01    -3.805941e-04
1.235955e+01    -3.825632e-04
1.237176e+01    -3.843042e-04
1.238398e+01    -3.858227e-04
1.239619e+01    -3.871230e-04
1.240840e+01    -3.882032e-04
1.242062e+01    -3.890652e-04
1.243283e+01    -3.897084e-04
1.244504e+01    -3.901545e-04
1.245725e+01    -3.903814e-04
1.246947e+01    -3.904027e-04
1.248168e+01    -3.902206e-04
1.249389e+01    -3.898280e-04
1.250611e+01    -3.892502e-04
1.251832e+01    -3.884685e-04
1.253053e+01    -3.874953e-04
1.254275e+01    -3.863344e-04
1.255496e+01    -3.849821e-04
1.256717e+01    -3.834495e-04
1.257938e+01    -3.817305e-04
1.259160e+01    -3.798409e-04
1.260381e+01    -3.777855e-04
1.261602e+01    -3.755398e-04
1.262824e+01    -3.731368e-04
1.264045e+01    -3.705689e-04
1.265266e+01    -3.678469e-04
1.266488e+01    -3.649670e-04
1.267709e+01    -3.619347e-04
1.268930e+01    -3.587624e-04
1.270151e+01    -3.554449e-04
1.271373e+01    -3.519773e-04
1.272594e+01    -3.483838e-04
1.273815e+01    -3.446587e-04
1.275037e+01    -3.407979e-04
1.276258e+01    -3.368273e-04
1.277479e+01    -3.327374e-04
1.278701e+01    -3.285269e-04
1.279922e+01    -3.242046e-04
1.281143e+01    -3.197891e-04
1.282364e+01    -3.152628e-04
1.283586e+01    -3.106485e-04
1.284807e+01    -3.059321e-04
1.286028e+01    -3.011325e-04
1.287250e+01    -2.962493e-04
1.288471e+01    -2.912861e-04
1.289692e+01    -2.862512e-04
1.290914e+01    -2.811357e-04
1.292135e+01    -2.759746e-04
1.293356e+01    -2.707380e-04
1.294577e+01    -2.654510e-04
1.295799e+01    -2.601013e-04
1.297020e+01    -2.547080e-04
1.298241e+01    -2.492745e-04
1.299463e+01    -2.437949e-04
1.300684e+01    -2.382855e-04
1.301905e+01    -2.327427e-04
1.303127e+01    -2.271733e-04
1.304348e+01    -2.215750e-04
1.305569e+01    -2.159657e-04
1.306790e+01    -2.103371e-04
1.308012e+01    -2.046979e-04
1.309233e+01    -1.990505e-04
1.310454e+01    -1.933971e-04
1.311676e+01    -1.877507e-04
1.312897e+01    -1.821011e-04
1.314118e+01    -1.764677e-04
1.315340e+01    -1.708396e-04
1.316561e+01    -1.652271e-04
1.317782e+01    -1.596397e-04
1.319003e+01    -1.540702e-04
1.320225e+01    -1.485335e-04
1.321446e+01    -1.430059e-04
1.322667e+01    -1.375246e-04
1.323889e+01    -1.320785e-04
1.325110e+01    -1.266736e-04
1.326331e+01    -1.213021e-04
1.327553e+01    -1.159779e-04
1.328774e+01    -1.107045e-04
1.329995e+01    -1.054883e-04
1.331216e+01    -1.003048e-04
1.332438e+01    -9.518857e-05
1.333659e+01    -9.013120e-05
1.334880e+01    -8.513097e-05
1.336102e+01    -8.019758e-05
1.337323e+01    -7.532741e-05
1.338544e+01    -7.052587e-05
1.339766e+01    -6.579066e-05
1.340987e+01    -6.111616e-05
1.342208e+01    -5.653709e-05
1.343429e+01    -5.202107e-05
1.344651e+01    -4.758886e-05
1.345872e+01    -4.322972e-05
1.347093e+01    -3.895075e-05
1.348315e+01    -3.475759e-05
1.349536e+01    -3.064225e-05
1.350757e+01    -2.661462e-05
1.351978e+01    -2.266597e-05
1.353200e+01    -1.881361e-05
1.354421e+01    -1.503892e-05
1.355642e+01    -1.136416e-05
1.356864e+01    -7.767569e-06
1.358085e+01    -4.273686e-06
1.359306e+01    -8.649222e-07
1.360528e+01    2.454537e-06
1.361749e+01    5.679849e-06
1.362970e+01    8.812265e-06
1.364192e+01    1.185048e-05
1.365413e+01    1.480142e-05
1.366634e+01    1.765592e-05
1.367855e+01    2.041371e-05
1.369077e+01    2.308446e-05
1.370298e+01    2.566034e-05
1.371519e+01    2.813274e-05
1.372741e+01    3.052113e-05
1.373962e+01    3.281787e-05
1.375183e+01    3.501723e-05
1.376404e+01    3.713258e-05
1.377626e+01    3.915146e-05
1.378847e+01    4.107842e-05
1.380068e+01    4.291896e-05
1.381290e+01    4.466749e-05
1.382511e+01    4.632785e-05
1.383732e+01    4.790550e-05
1.384954e+01    4.938805e-05
1.386175e+01    5.079628e-05
1.387396e+01    5.211090e-05
1.388618e+01    5.334280e-05
1.389839e+01    5.449318e-05
1.391060e+01    5.556489e-05
1.392281e+01    5.655851e-05
1.393503e+01    5.746966e-05
1.394724e+01    5.830204e-05
1.395945e+01    5.906363e-05
1.397167e+01    5.974885e-05
1.398388e+01    6.035941e-05
1.399609e+01    6.088723e-05
1.400830e+01    6.137150e-05
1.402052e+01    6.177646e-05
1.403273e+01    6.211177e-05
1.404494e+01    6.238359e-05
1.405716e+01    6.259107e-05
1.406937e+01    6.274271e-05
1.408158e+01    6.283379e-05
1.409380e+01    6.286032e-05
1.410601e+01    6.284112e-05
1.411822e+01    6.276098e-05
1.413043e+01    6.263453e-05
1.414265e+01    6.245339e-05
1.415486e+01    6.222542e-05
1.416707e+01    6.195427e-05
1.417929e+01    6.163768e-05
1.419150e+01    6.128875e-05
1.420371e+01    6.087144e-05
1.421593e+01    6.043390e-05
1.422814e+01    5.996324e-05
1.424035e+01    5.944907e-05
1.425256e+01    5.890545e-05
1.426478e+01    5.832794e-05
1.427699e+01    5.773112e-05
1.428920e+01    5.710118e-05
1.430142e+01    5.643684e-05
1.431363e+01    5.577091e-05
1.432584e+01    5.507712e-05
1.433806e+01    5.435930e-05
1.435027e+01    5.362196e-05
1.436248e+01    5.287476e-05
1.437469e+01    5.211433e-05
1.438691e+01    5.134221e-05
1.439912e+01    5.055931e-05
1.441133e+01    4.976720e-05
1.442355e+01    4.897062e-05
1.443576e+01    4.816833e-05
1.444797e+01    4.736601e-05
1.446019e+01    4.656039e-05
1.447240e+01    4.575753e-05
1.448461e+01    4.495828e-05
1.449682e+01    4.416913e-05
1.450904e+01    4.337234e-05
1.452125e+01    4.258583e-05
1.453346e+01    4.181102e-05
1.454568e+01    4.105081e-05
1.455789e+01    4.029606e-05
1.457010e+01    3.955055e-05
1.458232e+01    3.883323e-05
1.459453e+01    3.812099e-05
1.460674e+01    3.742890e-05
1.461895e+01    3.675757e-05
1.463117e+01    3.610230e-05
1.464338e+01    3.546913e-05
1.465559e+01    3.485684e-05
1.466781e+01    3.427161e-05
1.468002e+01    3.370211e-05
1.469223e+01    3.317021e-05
1.470445e+01    3.265514e-05
1.471666e+01    3.216511e-05
1.472887e+01    3.170804e-05
1.474109e+01    3.128039e-05
1.475330e+01    3.087963e-05
1.476551e+01    3.051480e-05
1.477772e+01    3.017520e-05
1.478994e+01    2.986567e-05
1.480215e+01    2.959670e-05
1.481436e+01    2.935277e-05
1.482658e+01    2.914733e-05
1.483879e+01    2.897387e-05
1.485100e+01    2.883679e-05
1.486321e+01    2.873076e-05
1.487543e+01    2.866410e-05
1.488764e+01    2.862901e-05
1.489985e+01    2.863282e-05
1.491207e+01    2.867412e-05
1.492428e+01    2.874555e-05
1.493649e+01    2.884966e-05
1.494871e+01    2.900054e-05
1.496092e+01    2.917937e-05
1.497313e+01    2.939758e-05
1.498534e+01    2.964978e-05
1.499756e+01    2.994192e-05
1.500977e+01    3.026135e-05
1.502198e+01    3.062442e-05
1.503420e+01    3.101904e-05
1.504641e+01    3.144710e-05
1.505862e+01    3.191180e-05
1.507084e+01    3.241152e-05
1.508305e+01    3.294361e-05
1.509526e+01    3.350969e-05
1.510747e+01    3.411113e-05
1.511969e+01    3.474152e-05
1.513190e+01    3.540206e-05
1.514411e+01    3.609676e-05
1.515633e+01    3.682100e-05
1.516854e+01    3.758308e-05
1.518075e+01    3.836892e-05
1.519297e+01    3.918072e-05
1.520518e+01    4.002158e-05
1.521739e+01    4.089318e-05
1.522960e+01    4.179259e-05
1.524182e+01    4.271560e-05
1.525403e+01    4.366312e-05
1.526624e+01    4.463522e-05
1.527846e+01    4.563623e-05
1.529067e+01    4.665412e-05
1.530288e+01    4.769195e-05
1.531509e+01    4.875121e-05
1.532731e+01    4.983773e-05
1.533952e+01    5.093620e-05
1.535173e+01    5.205647e-05
1.536395e+01    5.318903e-05
1.537616e+01    5.433653e-05
1.538837e+01    5.550416e-05
1.540059e+01    5.667959e-05
1.541280e+01    5.787591e-05
1.542501e+01    5.907313e-05
1.543723e+01    6.028744e-05
1.544944e+01    6.151249e-05
1.546165e+01    6.273924e-05
1.547386e+01    6.397657e-05
1.548608e+01    6.522243e-05
1.549829e+01    6.648821e-05
1.551050e+01    6.772451e-05
1.552272e+01    6.898333e-05
1.553493e+01    7.024161e-05
1.554714e+01    7.150471e-05
1.555935e+01    7.276533e-05
1.557157e+01    7.402178e-05
1.558378e+01    7.527915e-05
1.559599e+01    7.653585e-05
1.560821e+01    7.778006e-05
1.562042e+01    7.902340e-05
1.563263e+01    8.026540e-05
1.564485e+01    8.149450e-05
1.565706e+01    8.271585e-05
1.566927e+01    8.392661e-05
1.568149e+01    8.512782e-05
1.569370e+01    8.631019e-05
1.570591e+01    8.749570e-05
1.571812e+01    8.864951e-05
1.573034e+01    8.980527e-05
1.574255e+01    9.093623e-05
1.575476e+01    9.205337e-05
1.576698e+01    9.315659e-05
1.577919e+01    9.423318e-05
1.579140e+01    9.529382e-05
1.580362e+01    9.633654e-05
1.581583e+01    9.735555e-05
1.582804e+01    9.835372e-05
1.584025e+01    9.933126e-05
1.585247e+01    1.002813e-04
1.586468e+01    1.012121e-04
1.587689e+01    1.021135e-04
1.588911e+01    1.029942e-04
1.590132e+01    1.038442e-04
1.591353e+01    1.046708e-04
1.592575e+01    1.054682e-04
1.593796e+01    1.062397e-04
1.595017e+01    1.069763e-04
1.596238e+01    1.076936e-04
1.597460e+01    1.083768e-04
1.598681e+01    1.090275e-04
1.599902e+01    1.096516e-04
1.601124e+01    1.102402e-04
1.602345e+01    1.108007e-04
1.603566e+01    1.113235e-04
1.604787e+01    1.118200e-04
1.606009e+01    1.122828e-04
1.607230e+01    1.127078e-04
1.608451e+01    1.131004e-04
1.609673e+01    1.134560e-04
1.610894e+01    1.137779e-04
1.612115e+01    1.140723e-04
1.613337e+01    1.143272e-04
1.614558e+01    1.145476e-04
1.615779e+01    1.147315e-04
1.617001e+01    1.148799e-04
1.618222e+01    1.149898e-04
1.619443e+01    1.150647e-04
1.620664e+01    1.151096e-04
1.621886e+01    1.151142e-04
1.623107e+01    1.150821e-04
1.624328e+01    1.150133e-04
1.625550e+01    1.149119e-04
1.626771e+01    1.147679e-04
1.627992e+01    1.146000e-04
1.629214e+01    1.143892e-04
1.630435e+01    1.141310e-04
1.631656e+01    1.138614e-04
1.632877e+01    1.135454e-04
1.634099e+01    1.131942e-04
1.635320e+01    1.128060e-04
1.636541e+01    1.123895e-04
1.637763e+01    1.119332e-04
1.638984e+01    1.114477e-04
1.640205e+01    1.109191e-04
1.641426e+01    1.103625e-04
1.642648e+01    1.097725e-04
1.643869e+01    1.091468e-04
1.645090e+01    1.084907e-04
1.646312e+01    1.078014e-04
1.647533e+01    1.070776e-04
1.648754e+01    1.063234e-04
1.649976e+01    1.055398e-04
1.651197e+01    1.047207e-04
1.652418e+01    1.038715e-04
1.653639e+01    1.029914e-04
1.654861e+01    1.020827e-04
1.656082e+01    1.011437e-04
1.657303e+01    1.001767e-04
1.658525e+01    9.917645e-05
1.659746e+01    9.816187e-05
1.660967e+01    9.710162e-05
1.662189e+01    9.602458e-05
1.663410e+01    9.491554e-05
1.664631e+01    9.378720e-05
1.665853e+01    9.263337e-05
1.667074e+01    9.144782e-05
1.668295e+01    9.023785e-05
1.669516e+01    8.901231e-05
1.670738e+01    8.775327e-05
1.671959e+01    8.647439e-05
1.673180e+01    8.517939e-05
1.674402e+01    8.385828e-05
1.675623e+01    8.251580e-05
1.676844e+01    8.115027e-05
1.678065e+01    7.976632e-05
1.679287e+01    7.836762e-05
1.680508e+01    7.693745e-05
1.681729e+01    7.550589e-05
1.682951e+01    7.404631e-05
1.684172e+01    7.257083e-05
1.685393e+01    7.107737e-05
1.686615e+01    6.956712e-05
1.687836e+01    6.804131e-05
1.689057e+01    6.649458e-05
1.690278e+01    6.494407e-05
1.691500e+01    6.337679e-05
1.692721e+01    6.179222e-05
1.693942e+01    6.018860e-05
1.695164e+01    5.858105e-05
1.696385e+01    5.696235e-05
1.697606e+01    5.533420e-05
1.698828e+01    5.368195e-05
1.700049e+01    5.202913e-05
1.701270e+01    5.035719e-05
1.702491e+01    4.868695e-05
1.703713e+01    4.699991e-05
1.704934e+01    4.530876e-05
1.706155e+01    4.360596e-05
1.707377e+01    4.190040e-05
1.708598e+01    4.018171e-05
1.709819e+01    3.845281e-05
1.711040e+01    3.673202e-05
1.712262e+01    3.499981e-05
1.713483e+01    3.325860e-05
1.714705e+01    3.150883e-05
1.715926e+01    2.976544e-05
1.717147e+01    2.801196e-05
1.718368e+01    2.625186e-05
1.719590e+01    2.448081e-05
1.720811e+01    2.272212e-05
1.722032e+01    2.095767e-05
1.723254e+01    1.918544e-05
1.724475e+01    1.741357e-05
1.725696e+01    1.564107e-05
1.726917e+01    1.386426e-05
1.728139e+01    1.208296e-05
1.729360e+01    1.030421e-05
1.730581e+01    8.536881e-06
1.731803e+01    6.747272e-06
1.733024e+01    4.965972e-06
1.734245e+01    3.185836e-06
1.735467e+01    1.408582e-06
1.736688e+01    -3.736350e-07
1.737909e+01    -2.150708e-06
1.739130e+01    -3.925081e-06
1.740352e+01    -5.694892e-06
1.741573e+01    -7.475479e-06
1.742794e+01    -9.248593e-06
1.744016e+01    -1.101303e-05
1.745237e+01    -1.278115e-05
1.746458e+01    -1.454737e-05
1.747680e+01    -1.630564e-05
1.748901e+01    -1.806468e-05
1.750122e+01    -1.982156e-05
1.751343e+01    -2.156998e-05
1.752565e+01    -2.331673e-05
1.753786e+01    -2.505895e-05
1.755007e+01    -2.680374e-05
1.756229e+01    -2.853397e-05
1.757450e+01    -3.026126e-05
1.758671e+01    -3.199693e-05
1.759892e+01    -3.372233e-05
1.761114e+01    -3.543738e-05
1.762335e+01    -3.715209e-05
1.763556e+01    -3.886550e-05
1.764778e+01    -4.056943e-05
1.765999e+01    -4.227244e-05
1.767220e+01    -4.396639e-05
1.768442e+01    -4.565599e-05
1.769663e+01    -4.733361e-05
1.770884e+01    -4.902421e-05
1.772106e+01    -5.070350e-05
1.773327e+01    -5.236401e-05
1.774548e+01    -5.402667e-05
1.775769e+01    -5.567760e-05
1.776991e+01    -5.733270e-05
1.778212e+01    -5.897703e-05
1.779433e+01    -6.061100e-05
1.780655e+01    -6.224521e-05
1.781876e+01    -6.386679e-05
1.783097e+01    -6.548341e-05
1.784319e+01    -6.709105e-05
1.785540e+01    -6.868938e-05
1.786761e+01    -7.028866e-05
1.787982e+01    -7.187133e-05
1.789204e+01    -7.344918e-05
1.790425e+01    -7.502202e-05
1.791646e+01    -7.658858e-05
1.792868e+01    -7.813923e-05
1.794089e+01    -7.968796e-05
1.795310e+01    -8.122087e-05
1.796531e+01    -8.275459e-05
1.797753e+01    -8.427048e-05
1.798974e+01    -8.578147e-05
1.800196e+01    -8.728365e-05
1.801417e+01    -8.877868e-05
1.802638e+01    -9.025728e-05
1.803859e+01    -9.173073e-05
1.805081e+01    -9.319518e-05
1.806302e+01    -9.465370e-05
1.807523e+01    -9.608912e-05
1.808744e+01    -9.751804e-05
1.809966e+01    -9.893422e-05
1.811187e+01    -1.003487e-04
1.812408e+01    -1.017434e-04
1.813630e+01    -1.031228e-04
1.814851e+01    -1.044925e-04
1.816072e+01    -1.058566e-04
1.817294e+01    -1.072001e-04
1.818515e+01    -1.085284e-04
1.819736e+01    -1.098453e-04
1.820958e+01    -1.111506e-04
1.822179e+01    -1.124364e-04
1.823400e+01    -1.137051e-04
1.824621e+01    -1.149655e-04
1.825843e+01    -1.162088e-04
1.827064e+01    -1.174275e-04
1.828285e+01    -1.186419e-04
1.829507e+01    -1.198460e-04
1.830728e+01    -1.210118e-04
1.831949e+01    -1.221696e-04
1.833171e+01    -1.233043e-04
1.834392e+01    -1.244292e-04
1.835613e+01    -1.255296e-04
1.836834e+01    -1.266216e-04
1.838056e+01    -1.276742e-04
1.839277e+01    -1.287192e-04
1.840498e+01    -1.297444e-04
1.841720e+01    -1.307459e-04
1.842941e+01    -1.317281e-04
1.844162e+01    -1.326867e-04
1.845383e+01    -1.336230e-04
1.846605e+01    -1.345401e-04
1.847826e+01    -1.354262e-04
1.849047e+01    -1.362935e-04
1.850269e+01    -1.371517e-04
1.851490e+01    -1.379545e-04
1.852711e+01    -1.387433e-04
1.853933e+01    -1.395078e-04
1.855154e+01    -1.402424e-04
1.856375e+01    -1.409561e-04
1.857596e+01    -1.416421e-04
1.858818e+01    -1.422959e-04
1.860039e+01    -1.429229e-04
1.861260e+01    -1.435156e-04
1.862482e+01    -1.440877e-04
1.863703e+01    -1.446184e-04
1.864924e+01    -1.451233e-04
1.866146e+01    -1.456001e-04
1.867367e+01    -1.460416e-04
1.868588e+01    -1.464561e-04
1.869810e+01    -1.468285e-04
1.871031e+01    -1.471728e-04
1.872252e+01    -1.474817e-04
1.873473e+01    -1.477576e-04
1.874695e+01    -1.479984e-04
1.875916e+01    -1.482083e-04
1.877137e+01    -1.483769e-04
1.878359e+01    -1.485129e-04
1.879580e+01    -1.486106e-04
1.880801e+01    -1.486755e-04
1.882022e+01    -1.486931e-04
1.883244e+01    -1.486768e-04
1.884465e+01    -1.486283e-04
1.885686e+01    -1.485372e-04
1.886908e+01    -1.484090e-04
1.888129e+01    -1.482376e-04
1.889350e+01    -1.480242e-04
1.890572e+01    -1.477688e-04
1.891793e+01    -1.474854e-04
1.893014e+01    -1.471534e-04
1.894235e+01    -1.467741e-04
1.895457e+01    -1.463653e-04
1.896678e+01    -1.459010e-04
1.897899e+01    -1.454039e-04
1.899121e+01    -1.448579e-04
1.900342e+01    -1.442607e-04
1.901563e+01    -1.436418e-04
1.902785e+01    -1.429694e-04
1.904006e+01    -1.422495e-04
1.905227e+01    -1.414903e-04
1.906449e+01    -1.406842e-04
1.907670e+01    -1.398374e-04
1.908891e+01    -1.389442e-04
1.910112e+01    -1.380034e-04
1.911334e+01    -1.370122e-04
1.912555e+01    -1.359924e-04
1.913776e+01    -1.349207e-04
1.914997e+01    -1.338038e-04
1.916219e+01    -1.326427e-04
1.917440e+01    -1.314352e-04
1.918661e+01    -1.301831e-04
1.919883e+01    -1.288925e-04
1.921104e+01    -1.275474e-04
1.922325e+01    -1.261637e-04
1.923547e+01    -1.247344e-04
1.924768e+01    -1.232638e-04
1.925989e+01    -1.217460e-04
1.927211e+01    -1.201837e-04
1.928432e+01    -1.185788e-04
1.929653e+01    -1.169264e-04
1.930874e+01    -1.152349e-04
1.932096e+01    -1.135012e-04
1.933317e+01    -1.117217e-04
1.934538e+01    -1.099091e-04
1.935760e+01    -1.080423e-04
1.936981e+01    -1.061365e-04
1.938202e+01    -1.041929e-04
1.939424e+01    -1.022115e-04
1.940645e+01    -1.001777e-04
1.941866e+01    -9.810505e-05
1.943087e+01    -9.600818e-05
1.944309e+01    -9.386556e-05
1.945530e+01    -9.168335e-05
1.946751e+01    -8.946471e-05
1.947973e+01    -8.720497e-05
1.949194e+01    -8.491625e-05
1.950415e+01    -8.258119e-05
1.951637e+01    -8.022354e-05
1.952858e+01    -7.782609e-05
1.954079e+01    -7.539464e-05
1.955301e+01    -7.293653e-05
1.956522e+01    -7.043709e-05
1.957743e+01    -6.791716e-05
1.958964e+01    -6.535975e-05
1.960186e+01    -6.277557e-05
1.961407e+01    -6.016088e-05
1.962628e+01    -5.751953e-05
1.963849e+01    -5.485595e-05
1.965071e+01    -5.215348e-05
1.966292e+01    -4.943763e-05
1.967513e+01    -4.669919e-05
1.968735e+01    -4.393305e-05
1.969956e+01    -4.115491e-05
1.971177e+01    -3.834174e-05
1.972399e+01    -3.550958e-05
1.973620e+01    -3.267545e-05
1.974841e+01    -2.980896e-05
1.976063e+01    -2.692873e-05
1.977284e+01    -2.403895e-05
1.978505e+01    -2.113509e-05
1.979726e+01    -1.821027e-05
1.980948e+01    -1.528370e-05
1.982169e+01    -1.234503e-05
1.983390e+01    -9.395764e-06
1.984612e+01    -6.434508e-06
1.985833e+01    -3.471854e-06
1.987054e+01    -5.043694e-07
1.988276e+01    2.468296e-06
1.989497e+01    5.456328e-06
1.990718e+01    8.417701e-06
1.991939e+01    1.139281e-05
1.993161e+01    1.437293e-05
1.994382e+01    1.733791e-05
1.995603e+01    2.030609e-05
1.996825e+01    2.326054e-05
1.998046e+01    2.621836e-05
1.999267e+01    2.916029e-05
2.000488e+01    3.208651e-05
2.001710e+01    3.501569e-05
2.002931e+01    3.793911e-05
2.004152e+01    4.082458e-05
2.005374e+01    4.370807e-05
2.006595e+01    4.657934e-05
2.007816e+01    4.941621e-05
2.009038e+01    5.224126e-05
2.010259e+01    5.504541e-05
2.011480e+01    5.784031e-05
2.012702e+01    6.059092e-05
2.013923e+01    6.332318e-05
2.015144e+01    6.603240e-05
2.016365e+01    6.870966e-05
2.017587e+01    7.136154e-05
2.018808e+01    7.398339e-05
2.020029e+01    7.656327e-05
2.021251e+01    7.912249e-05
2.022472e+01    8.164076e-05
2.023693e+01    8.412125e-05
2.024915e+01    8.656044e-05
2.026136e+01    8.897067e-05
2.027357e+01    9.133542e-05
2.028578e+01    9.365947e-05
2.029800e+01    9.593474e-05
2.031021e+01    9.816873e-05
2.032242e+01    1.003648e-04
2.033464e+01    1.025102e-04
2.034685e+01    1.046054e-04
2.035906e+01    1.066557e-04
2.037127e+01    1.086560e-04
2.038349e+01    1.106004e-04
2.039570e+01    1.124816e-04
2.040791e+01    1.143339e-04
2.042013e+01    1.161213e-04
2.043234e+01    1.178461e-04
2.044455e+01    1.195220e-04
2.045677e+01    1.211336e-04
2.046898e+01    1.226852e-04
2.048119e+01    1.241870e-04
2.049340e+01    1.256268e-04
2.050562e+01    1.269848e-04
2.051783e+01    1.283085e-04
2.053004e+01    1.295582e-04
2.054226e+01    1.307432e-04
2.055447e+01    1.318606e-04
2.056668e+01    1.329162e-04
2.057890e+01    1.339006e-04
2.059111e+01    1.348225e-04
2.060332e+01    1.356804e-04
2.061554e+01    1.364531e-04
2.062775e+01    1.371746e-04
2.063996e+01    1.378131e-04
2.065217e+01    1.383856e-04
2.066439e+01    1.389001e-04
2.067660e+01    1.393220e-04
2.068881e+01    1.396815e-04
2.070103e+01    1.399759e-04
2.071324e+01    1.401855e-04
2.072545e+01    1.403305e-04
2.073767e+01    1.404037e-04
2.074988e+01    1.404018e-04
2.076209e+01    1.403229e-04
2.077430e+01    1.401732e-04
2.078652e+01    1.399476e-04
2.079873e+01    1.396408e-04
2.081094e+01    1.392708e-04
2.082316e+01    1.388239e-04
2.083537e+01    1.383071e-04
2.084758e+01    1.377138e-04
2.085979e+01    1.370386e-04
2.087201e+01    1.362941e-04
2.088422e+01    1.354780e-04
2.089643e+01    1.346057e-04
2.090865e+01    1.336287e-04
2.092086e+01    1.325835e-04
2.093307e+01    1.314787e-04
2.094529e+01    1.303009e-04
2.095750e+01    1.290410e-04
2.096971e+01    1.277176e-04
2.098192e+01    1.263351e-04
2.099414e+01    1.248637e-04
2.100635e+01    1.233252e-04
2.101856e+01    1.217153e-04
2.103078e+01    1.200415e-04
2.104299e+01    1.182988e-04
2.105520e+01    1.164885e-04
2.106742e+01    1.146108e-04
2.107963e+01    1.126712e-04
2.109184e+01    1.106740e-04
2.110406e+01    1.085944e-04
2.111627e+01    1.064575e-04
2.112848e+01    1.042564e-04
2.114069e+01    1.019993e-04
2.115291e+01    9.967742e-05
2.116512e+01    9.730388e-05
2.117733e+01    9.485745e-05
2.118955e+01    9.236517e-05
2.120176e+01    8.982136e-05
2.121397e+01    8.720820e-05
2.122618e+01    8.454270e-05
2.123840e+01    8.183352e-05
2.125061e+01    7.906315e-05
2.126282e+01    7.625379e-05
2.127504e+01    7.338233e-05
2.128725e+01    7.047508e-05
2.129946e+01    6.751869e-05
2.131168e+01    6.451196e-05
2.132389e+01    6.146840e-05
2.133610e+01    5.837454e-05
2.134831e+01    5.524827e-05
2.136053e+01    5.207956e-05
2.137274e+01    4.887200e-05
2.138495e+01    4.563213e-05
2.139717e+01    4.235217e-05
2.140938e+01    3.903944e-05
2.142159e+01    3.570197e-05
2.143381e+01    3.232369e-05
2.144602e+01    2.892624e-05
2.145823e+01    2.550114e-05
2.147044e+01    2.205274e-05
2.148266e+01    1.857027e-05
2.149487e+01    1.507901e-05
2.150708e+01    1.156307e-05
2.151930e+01    8.020826e-06
2.153151e+01    4.469621e-06
2.154372e+01    9.042851e-07
2.155593e+01    -2.675049e-06
2.156815e+01    -6.268965e-06
2.158036e+01    -9.873431e-06
2.159258e+01    -1.349392e-05
2.160479e+01    -1.709801e-05
2.161700e+01    -2.071905e-05
2.162921e+01    -2.434154e-05
2.164143e+01    -2.797104e-05
2.165364e+01    -3.159330e-05
2.166585e+01    -3.521484e-05
2.167807e+01    -3.882839e-05
2.169028e+01    -4.244276e-05
2.170249e+01    -4.605053e-05
2.171470e+01    -4.963897e-05
2.172692e+01    -5.322065e-05
2.173913e+01    -5.679147e-05
2.175134e+01    -6.034602e-05
2.176356e+01    -6.388901e-05
2.177577e+01    -6.740143e-05
2.178798e+01    -7.090332e-05
2.180020e+01    -7.437837e-05
2.181241e+01    -7.783023e-05
2.182462e+01    -8.126622e-05
2.183683e+01    -8.466710e-05
2.184905e+01    -8.804204e-05
2.186126e+01    -9.137845e-05
2.187347e+01    -9.470227e-05
2.188569e+01    -9.797836e-05
2.189790e+01    -1.012212e-04
2.191011e+01    -1.044266e-04
2.192233e+01    -1.076006e-04
2.193454e+01    -1.107316e-04
2.194675e+01    -1.138194e-04
2.195897e+01    -1.168634e-04
2.197118e+01    -1.198639e-04
2.198339e+01    -1.228298e-04
2.199560e+01    -1.257358e-04
2.200782e+01    -1.286049e-04
2.202003e+01    -1.314085e-04
2.203224e+01    -1.341654e-04
2.204445e+01    -1.368749e-04
2.205667e+01    -1.395301e-04
2.206888e+01    -1.421360e-04
2.208109e+01    -1.446723e-04
2.209331e+01    -1.471645e-04
2.210552e+01    -1.495904e-04
2.211773e+01    -1.519540e-04
2.212995e+01    -1.542587e-04
2.214216e+01    -1.565070e-04
2.215437e+01    -1.586879e-04
2.216659e+01    -1.608057e-04
2.217880e+01    -1.628594e-04
2.219101e+01    -1.648408e-04
2.220322e+01    -1.667627e-04
2.221544e+01    -1.686121e-04
2.222765e+01    -1.703968e-04
2.223986e+01    -1.721085e-04
2.225208e+01    -1.737482e-04
2.226429e+01    -1.753214e-04
2.227650e+01    -1.768201e-04
2.228872e+01    -1.782535e-04
2.230093e+01    -1.796095e-04
2.231314e+01    -1.808784e-04
2.232535e+01    -1.820915e-04
2.233757e+01    -1.832233e-04
2.234978e+01    -1.842810e-04
2.236199e+01    -1.852609e-04
2.237421e+01    -1.861528e-04
2.238642e+01    -1.869975e-04
2.239863e+01    -1.877420e-04
2.241084e+01    -1.884245e-04
2.242306e+01    -1.890219e-04
2.243527e+01    -1.895460e-04
2.244748e+01    -1.899844e-04
2.245970e+01    -1.903545e-04
2.247191e+01    -1.906365e-04
2.248412e+01    -1.908474e-04
2.249634e+01    -1.909827e-04
2.250855e+01    -1.910242e-04
2.252076e+01    -1.910101e-04
2.253297e+01    -1.909098e-04
2.254519e+01    -1.907374e-04
2.255740e+01    -1.904732e-04
2.256961e+01    -1.901400e-04
2.258183e+01    -1.897310e-04
2.259404e+01    -1.892493e-04
2.260625e+01    -1.886798e-04
2.261847e+01    -1.880393e-04
2.263068e+01    -1.873273e-04
2.264289e+01    -1.865369e-04
2.265511e+01    -1.856712e-04
2.266732e+01    -1.847324e-04
2.267953e+01    -1.837257e-04
2.269174e+01    -1.826452e-04
2.270396e+01    -1.814814e-04
2.271617e+01    -1.802649e-04
2.272838e+01    -1.789690e-04
2.274060e+01    -1.775996e-04
2.275281e+01    -1.761656e-04
2.276502e+01    -1.746620e-04
2.277724e+01    -1.730900e-04
2.278945e+01    -1.714493e-04
2.280166e+01    -1.697491e-04
2.281387e+01    -1.679776e-04
2.282609e+01    -1.661555e-04
2.283830e+01    -1.642607e-04
2.285051e+01    -1.623075e-04
2.286273e+01    -1.602934e-04
2.287494e+01    -1.582190e-04
2.288715e+01    -1.560850e-04
2.289936e+01    -1.538950e-04
2.291158e+01    -1.516437e-04
2.292379e+01    -1.493425e-04
2.293600e+01    -1.469875e-04
2.294822e+01    -1.445806e-04
2.296043e+01    -1.421194e-04
2.297264e+01    -1.396099e-04
2.298486e+01    -1.370520e-04
2.299707e+01    -1.344455e-04
2.300928e+01    -1.317929e-04
2.302150e+01    -1.291032e-04
2.303371e+01    -1.263656e-04
2.304592e+01    -1.235854e-04
2.305813e+01    -1.207660e-04
2.307035e+01    -1.179053e-04
2.308256e+01    -1.150100e-04
2.309477e+01    -1.120727e-04
2.310699e+01    -1.091155e-04
2.311920e+01    -1.061123e-04
2.313141e+01    -1.030835e-04
2.314363e+01    -1.000272e-04
2.315584e+01    -9.693869e-05
2.316805e+01    -9.381608e-05
2.318026e+01    -9.068212e-05
2.319248e+01    -8.752267e-05
2.320469e+01    -8.433615e-05
2.321690e+01    -8.113036e-05
2.322912e+01    -7.790781e-05
2.324133e+01    -7.466465e-05
2.325354e+01    -7.140875e-05
2.326575e+01    -6.813876e-05
2.327797e+01    -6.485370e-05
2.329018e+01    -6.155856e-05
2.330239e+01    -5.825947e-05
2.331461e+01    -5.494908e-05
2.332682e+01    -5.162932e-05
2.333903e+01    -4.830555e-05
2.335125e+01    -4.498265e-05
2.336346e+01    -4.166213e-05
2.337567e+01    -3.833423e-05
2.338788e+01    -3.500574e-05
2.340010e+01    -3.169093e-05
2.341231e+01    -2.837612e-05
2.342452e+01    -2.506928e-05
2.343674e+01    -2.176862e-05
2.344895e+01    -1.847750e-05
2.346116e+01    -1.519197e-05
2.347338e+01    -1.193659e-05
2.348559e+01    -8.678006e-06
2.349780e+01    -5.442707e-06
2.351002e+01    -2.227142e-06
2.352223e+01    9.712530e-07
2.353444e+01    4.151021e-06
2.354665e+01    7.311814e-06
2.355887e+01    1.044222e-05
2.357108e+01    1.354999e-05
2.358329e+01    1.663645e-05
2.359550e+01    1.969258e-05
2.360772e+01    2.272066e-05
2.361993e+01    2.571667e-05
2.363214e+01    2.868770e-05
2.364436e+01    3.161875e-05
2.365657e+01    3.451726e-05
2.366878e+01    3.738428e-05
2.368100e+01    4.020944e-05
2.369321e+01    4.300242e-05
2.370542e+01    4.575489e-05
2.371764e+01    4.847406e-05
2.372985e+01    5.113368e-05
2.374206e+01    5.377189e-05
2.375427e+01    5.636120e-05
2.376649e+01    5.890650e-05
2.377870e+01    6.140053e-05
2.379091e+01    6.385229e-05
2.380313e+01    6.625440e-05
2.381534e+01    6.861842e-05
2.382755e+01    7.092461e-05
2.383977e+01    7.317957e-05
2.385198e+01    7.539266e-05
2.386419e+01    7.754311e-05
2.387640e+01    7.964543e-05
2.388862e+01    8.169288e-05
2.390083e+01    8.368262e-05
2.391304e+01    8.562559e-05
2.392526e+01    8.750879e-05
2.393747e+01    8.933901e-05
2.394968e+01    9.111117e-05
2.396189e+01    9.282446e-05
2.397411e+01    9.448209e-05
2.398632e+01    9.608336e-05
2.399854e+01    9.762039e-05
2.401075e+01    9.909316e-05
2.402296e+01    1.005268e-04
2.403517e+01    1.018822e-04
2.404739e+01    1.031870e-04
2.405960e+01    1.044267e-04
2.407181e+01    1.056037e-04
2.408403e+01    1.067275e-04
2.409624e+01    1.077898e-04
2.410845e+01    1.087785e-04
2.412066e+01    1.097159e-04
2.413288e+01    1.105856e-04
2.414509e+01    1.113931e-04
2.415730e+01    1.121419e-04
2.416952e+01    1.128268e-04
2.418173e+01    1.134479e-04
2.419394e+01    1.140143e-04
2.420616e+01    1.145123e-04
2.421837e+01    1.149471e-04
2.423058e+01    1.153236e-04
2.424279e+01    1.156449e-04
2.425501e+01    1.158865e-04
2.426722e+01    1.160784e-04
2.427943e+01    1.162039e-04
2.429165e+01    1.162736e-04
2.430386e+01    1.162830e-04
2.431607e+01    1.162330e-04
2.432829e+01    1.161134e-04
2.434050e+01    1.159446e-04
2.435271e+01    1.157146e-04
2.436492e+01    1.154260e-04
2.437714e+01    1.150645e-04
2.438935e+01    1.146690e-04
2.440156e+01    1.142056e-04
2.441378e+01    1.136899e-04
2.442599e+01    1.131125e-04
2.443820e+01    1.124858e-04
2.445041e+01    1.117997e-04
2.446263e+01    1.110627e-04
2.447484e+01    1.102771e-04
2.448705e+01    1.094217e-04
2.449927e+01    1.085324e-04
2.451148e+01    1.075774e-04
2.452369e+01    1.065927e-04
2.453591e+01    1.055459e-04
2.454812e+01    1.044509e-04
2.456033e+01    1.033086e-04
2.457255e+01    1.021206e-04
2.458476e+01    1.008866e-04
2.459697e+01    9.960632e-05
2.460918e+01    9.828515e-05
2.462140e+01    9.692024e-05
2.463361e+01    9.550646e-05
2.464582e+01    9.405811e-05
2.465804e+01    9.256424e-05
2.467025e+01    9.103818e-05
2.468246e+01    8.946616e-05
2.469468e+01    8.786420e-05
2.470689e+01    8.622211e-05
2.471910e+01    8.454573e-05
2.473131e+01    8.283404e-05
2.474353e+01    8.108979e-05
2.475574e+01    7.931652e-05
2.476795e+01    7.750947e-05
2.478017e+01    7.567849e-05
2.479238e+01    7.382028e-05
2.480459e+01    7.192598e-05
2.481680e+01    7.000615e-05
2.482902e+01    6.807261e-05
2.484123e+01    6.611018e-05
2.485344e+01    6.412184e-05
2.486566e+01    6.211987e-05
2.487787e+01    6.008918e-05
2.489008e+01    5.804945e-05
2.490230e+01    5.598557e-05
2.491451e+01    5.390674e-05
2.492672e+01    5.181372e-05
2.493893e+01    4.971030e-05
2.495115e+01    4.758904e-05
2.496336e+01    4.545861e-05
2.497557e+01    4.331635e-05
2.498779e+01    4.116599e-05
2.500000e+01    3.901200e-05
