0.272777 0.272777 0.272777 1.000000
0.267321 0.267321 0.267321 1.000000
0.261866 0.261866 0.261866 1.000000
0.256410 0.256410 0.256410 1.000000
0.250955 0.250955 0.250955 1.000000
0.245499 0.245499 0.245499 1.000000
0.240044 0.240044 0.240044 1.000000
0.234588 0.234588 0.234588 1.000000
0.229133 0.229133 0.229133 1.000000
0.223677 0.223677 0.223677 1.000000
0.218221 0.218221 0.218221 1.000000
0.212766 0.212766 0.212766 1.000000
0.207310 0.207310 0.207310 1.000000
0.201855 0.201855 0.201855 1.000000
0.196399 0.196399 0.196399 1.000000
0.190944 0.190944 0.190944 1.000000
0.185488 0.185488 0.185488 1.000000
0.180033 0.180033 0.180033 1.000000
0.174577 0.174577 0.174577 1.000000
0.169122 0.169122 0.169122 1.000000
0.163666 0.163666 0.163666 1.000000
0.158211 0.158211 0.158211 1.000000
0.152755 0.152755 0.152755 1.000000
0.147300 0.147300 0.147300 1.000000
0.141844 0.141844 0.141844 1.000000
0.136388 0.136388 0.136388 1.000000
0.130933 0.130933 0.130933 1.000000
0.125477 0.125477 0.125477 1.000000
0.120022 0.120022 0.120022 1.000000
0.114566 0.114566 0.114566 1.000000
0.109111 0.109111 0.109111 1.000000
0.103655 0.103655 0.103655 1.000000
0.098200 0.098200 0.098200 1.000000
0.092744 0.092744 0.092744 1.000000
0.087289 0.087289 0.087289 1.000000
0.081833 0.081833 0.081833 1.000000
0.076378 0.076378 0.076378 1.000000
0.070922 0.070922 0.070922 1.000000
0.065466 0.065466 0.065466 1.000000
0.060011 0.060011 0.060011 1.000000
0.054555 0.054555 0.054555 1.000000
0.049100 0.049100 0.049100 1.000000
0.043644 0.043644 0.043644 1.000000
0.038189 0.038189 0.038189 1.000000
0.032733 0.032733 0.032733 1.000000
0.027278 0.027278 0.027278 1.000000
0.021822 0.021822 0.021822 1.000000
0.016367 0.016367 0.016367 1.000000
0.010911 0.010911 0.010911 1.000000
0.005456 0.005456 0.005456 1.000000
0.000000 0.000000 0.000000 1.000000
0.009406 0.000000 0.000000 1.000000
0.018812 0.000000 0.000000 1.000000
0.028218 0.000000 0.000000 1.000000
0.037624 0.000000 0.000000 1.000000
0.047030 0.000000 0.000000 1.000000
0.056437 0.000000 0.000000 1.000000
0.065843 0.000000 0.000000 1.000000
0.075249 0.000000 0.000000 1.000000
0.084655 0.000000 0.000000 1.000000
0.094061 0.000000 0.000000 1.000000
0.103467 0.000000 0.000000 1.000000
0.112873 0.000000 0.000000 1.000000
0.122279 0.000000 0.000000 1.000000
0.131685 0.000000 0.000000 1.000000
0.141091 0.000000 0.000000 1.000000
0.150498 0.000000 0.000000 1.000000
0.159904 0.000000 0.000000 1.000000
0.169310 0.000000 0.000000 1.000000
0.178716 0.000000 0.000000 1.000000
0.188122 0.000000 0.000000 1.000000
0.197528 0.000000 0.000000 1.000000
0.206934 0.000000 0.000000 1.000000
0.216340 0.000000 0.000000 1.000000
0.225746 0.000000 0.000000 1.000000
0.235152 0.000000 0.000000 1.000000
0.244559 0.000000 0.000000 1.000000
0.253965 0.000000 0.000000 1.000000
0.263371 0.000000 0.000000 1.000000
0.272777 0.000000 0.000000 1.000000
0.272777 0.009406 0.000000 1.000000
0.272777 0.018812 0.000000 1.000000
0.272777 0.028218 0.000000 1.000000
0.272777 0.037624 0.000000 1.000000
0.272777 0.047030 0.000000 1.000000
0.272777 0.056437 0.000000 1.000000
0.272777 0.065843 0.000000 1.000000
0.272777 0.075249 0.000000 1.000000
0.272777 0.084655 0.000000 1.000000
0.272777 0.094061 0.000000 1.000000
0.272777 0.103467 0.000000 1.000000
0.272777 0.112873 0.000000 1.000000
0.272777 0.122279 0.000000 1.000000
0.272777 0.131685 0.000000 1.000000
0.272777 0.141091 0.000000 1.000000
0.272777 0.150498 0.000000 1.000000
0.272777 0.159904 0.000000 1.000000
0.272777 0.169310 0.000000 1.000000
0.272777 0.178716 0.000000 1.000000
0.272777 0.188122 0.000000 1.000000
0.272777 0.197528 0.000000 1.000000
0.272777 0.206934 0.000000 1.000000
0.272777 0.216340 0.000000 1.000000
0.272777 0.225746 0.000000 1.000000
0.272777 0.235152 0.000000 1.000000
0.272777 0.244559 0.000000 1.000000
0.272777 0.253965 0.000000 1.000000
0.272777 0.263371 0.000000 1.000000
0.272777 0.272777 0.000000 1.000000
0.266124 0.266124 0.000000 1.000000
0.259471 0.259471 0.000000 1.000000
0.252818 0.252818 0.000000 1.000000
0.246164 0.246164 0.000000 1.000000
0.239511 0.239511 0.000000 1.000000
0.232858 0.232858 0.000000 1.000000
0.226205 0.226205 0.000000 1.000000
0.219552 0.219552 0.000000 1.000000
0.212899 0.212899 0.000000 1.000000
0.206246 0.206246 0.000000 1.000000
0.199593 0.199593 0.000000 1.000000
0.192940 0.192940 0.000000 1.000000
0.186287 0.186287 0.000000 1.000000
0.179634 0.179634 0.000000 1.000000
0.172980 0.172980 0.000000 1.000000
0.166327 0.166327 0.000000 1.000000
0.159674 0.159674 0.000000 1.000000
0.153021 0.153021 0.000000 1.000000
0.146368 0.146368 0.000000 1.000000
0.139715 0.139715 0.000000 1.000000
0.133062 0.133062 0.000000 1.000000
0.126409 0.126409 0.000000 1.000000
0.119756 0.119756 0.000000 1.000000
0.113103 0.113103 0.000000 1.000000
0.106450 0.106450 0.000000 1.000000
0.099796 0.099796 0.000000 1.000000
0.093143 0.093143 0.000000 1.000000
0.086490 0.086490 0.000000 1.000000
0.079837 0.079837 0.000000 1.000000
0.073184 0.073184 0.000000 1.000000
0.066531 0.066531 0.000000 1.000000
0.059878 0.059878 0.000000 1.000000
0.053225 0.053225 0.000000 1.000000
0.046572 0.046572 0.000000 1.000000
0.039919 0.039919 0.000000 1.000000
0.033265 0.033265 0.000000 1.000000
0.026612 0.026612 0.000000 1.000000
0.019959 0.019959 0.000000 1.000000
0.013306 0.013306 0.000000 1.000000
0.006653 0.006653 0.000000 1.000000
0.000000 0.000000 0.000000 1.000000
