0.000000e+00    -1.452160e+01
1.221299e-02    -1.450909e+01
2.442599e-02    -1.447162e+01
3.663898e-02    -1.440934e+01
4.885198e-02    -1.432249e+01
6.106497e-02    -1.421144e+01
7.327797e-02    -1.407662e+01
8.549096e-02    -1.391858e+01
9.770396e-02    -1.373795e+01
1.099169e-01    -1.353544e+01
1.221299e-01    -1.331187e+01
1.343429e-01    -1.306810e+01
1.465559e-01    -1.280510e+01
1.587689e-01    -1.252389e+01
1.709819e-01    -1.222554e+01
1.831949e-01    -1.191121e+01
1.954079e-01    -1.158207e+01
2.076209e-01    -1.123937e+01
2.198339e-01    -1.088437e+01
2.320469e-01    -1.051838e+01
2.442599e-01    -1.014272e+01
2.564729e-01    -9.758736e+00
2.686859e-01    -9.367767e+00
2.808989e-01    -8.971172e+00
2.931119e-01    -8.570300e+00
3.053249e-01    -8.166491e+00
3.175378e-01    -7.761064e+00
3.297509e-01    -7.355318e+00
3.419639e-01    -6.950527e+00
3.541768e-01    -6.547926e+00
3.663898e-01    -6.148712e+00
3.786028e-01    -5.754040e+00
3.908158e-01    -5.365012e+00
4.030288e-01    -4.982682e+00
4.152418e-01    -4.608046e+00
4.274548e-01    -4.242039e+00
4.396678e-01    -3.885534e+00
4.518808e-01    -3.539342e+00
4.640938e-01    -3.204203e+00
4.763068e-01    -2.880792e+00
4.885198e-01    -2.569714e+00
5.007328e-01    -2.271502e+00
5.129458e-01    -1.986620e+00
5.251588e-01    -1.715462e+00
5.373718e-01    -1.458351e+00
5.495847e-01    -1.215544e+00
5.617977e-01    -9.872258e-01
5.740107e-01    -7.735188e-01
5.862237e-01    -5.744793e-01
5.984367e-01    -3.901024e-01
6.106497e-01    -2.203225e-01
6.228627e-01    -6.501731e-02
6.350757e-01    7.598981e-02
6.472887e-01    2.029270e-01
6.595017e-01    3.160709e-01
6.717147e-01    4.157417e-01
6.839277e-01    5.023026e-01
6.961407e-01    5.761544e-01
7.083537e-01    6.377321e-01
7.205667e-01    6.875021e-01
7.327797e-01    7.259579e-01
7.449927e-01    7.536165e-01
7.572057e-01    7.710159e-01
7.694187e-01    7.787102e-01
7.816316e-01    7.772673e-01
7.938446e-01    7.672653e-01
8.060576e-01    7.492884e-01
8.182706e-01    7.239257e-01
8.304836e-01    6.917657e-01
8.426966e-01    6.533960e-01
8.549096e-01    6.093988e-01
8.671226e-01    5.603492e-01
8.793356e-01    5.068125e-01
8.915486e-01    4.493420e-01
9.037616e-01    3.884774e-01
9.159746e-01    3.247422e-01
9.281876e-01    2.586430e-01
9.404006e-01    1.906670e-01
9.526136e-01    1.212812e-01
9.648266e-01    5.093098e-02
9.770396e-01    -1.996050e-02
9.892526e-01    -9.099345e-02
1.001466e+00    -1.617919e-01
1.013679e+00    -2.320043e-01
1.025892e+00    -3.013040e-01
1.038105e+00    -3.693891e-01
1.050318e+00    -4.359826e-01
1.062531e+00    -5.008327e-01
1.074744e+00    -5.637119e-01
1.086957e+00    -6.244174e-01
1.099169e+00    -6.827701e-01
1.111382e+00    -7.386147e-01
1.123595e+00    -7.918181e-01
1.135808e+00    -8.422696e-01
1.148021e+00    -8.898800e-01
1.160234e+00    -9.345801e-01
1.172447e+00    -9.763204e-01
1.184660e+00    -1.015070e+00
1.196873e+00    -1.050816e+00
1.209086e+00    -1.083562e+00
1.221299e+00    -1.113326e+00
1.233512e+00    -1.140141e+00
1.245725e+00    -1.164054e+00
1.257938e+00    -1.185124e+00
1.270151e+00    -1.203420e+00
1.282364e+00    -1.219024e+00
1.294577e+00    -1.232023e+00
1.306790e+00    -1.242515e+00
1.319003e+00    -1.250603e+00
1.331216e+00    -1.256397e+00
1.343429e+00    -1.260013e+00
1.355642e+00    -1.261568e+00
1.367855e+00    -1.261184e+00
1.380068e+00    -1.258985e+00
1.392281e+00    -1.255096e+00
1.404494e+00    -1.249644e+00
1.416707e+00    -1.242753e+00
1.428920e+00    -1.234549e+00
1.441133e+00    -1.225155e+00
1.453346e+00    -1.214693e+00
1.465559e+00    -1.203280e+00
1.477772e+00    -1.191034e+00
1.489985e+00    -1.178065e+00
1.502198e+00    -1.164483e+00
1.514411e+00    -1.150390e+00
1.526624e+00    -1.135885e+00
1.538837e+00    -1.121065e+00
1.551050e+00    -1.106017e+00
1.563263e+00    -1.090825e+00
1.575476e+00    -1.075569e+00
1.587689e+00    -1.060321e+00
1.599902e+00    -1.045149e+00
1.612115e+00    -1.030115e+00
1.624328e+00    -1.015275e+00
1.636541e+00    -1.000681e+00
1.648754e+00    -9.863777e-01
1.660967e+00    -9.724059e-01
1.673180e+00    -9.588003e-01
1.685393e+00    -9.455910e-01
1.697606e+00    -9.328029e-01
1.709819e+00    -9.204563e-01
1.722032e+00    -9.085672e-01
1.734245e+00    -8.971469e-01
1.746458e+00    -8.862028e-01
1.758671e+00    -8.757382e-01
1.770884e+00    -8.657534e-01
1.783097e+00    -8.562446e-01
1.795310e+00    -8.472053e-01
1.807523e+00    -8.386259e-01
1.819736e+00    -8.304945e-01
1.831949e+00    -8.227965e-01
1.844162e+00    -8.155153e-01
1.856375e+00    -8.086325e-01
1.868588e+00    -8.021279e-01
1.880801e+00    -7.959802e-01
1.893014e+00    -7.901664e-01
1.905227e+00    -7.846634e-01
1.917440e+00    -7.794464e-01
1.929653e+00    -7.744909e-01
1.941866e+00    -7.697716e-01
1.954079e+00    -7.652633e-01
1.966292e+00    -7.609406e-01
1.978505e+00    -7.567785e-01
1.990718e+00    -7.527522e-01
2.002931e+00    -7.488376e-01
2.015144e+00    -7.450112e-01
2.027357e+00    -7.412496e-01
2.039570e+00    -7.375312e-01
2.051783e+00    -7.338348e-01
2.063996e+00    -7.301402e-01
2.076209e+00    -7.264284e-01
2.088422e+00    -7.226818e-01
2.100635e+00    -7.188834e-01
2.112848e+00    -7.150179e-01
2.125061e+00    -7.110711e-01
2.137274e+00    -7.070301e-01
2.149487e+00    -7.028834e-01
2.161700e+00    -6.986206e-01
2.173913e+00    -6.942328e-01
2.186126e+00    -6.897123e-01
2.198339e+00    -6.850526e-01
2.210552e+00    -6.802485e-01
2.222765e+00    -6.752959e-01
2.234978e+00    -6.701921e-01
2.247191e+00    -6.649354e-01
2.259404e+00    -6.595250e-01
2.271617e+00    -6.539613e-01
2.283830e+00    -6.482460e-01
2.296043e+00    -6.423810e-01
2.308256e+00    -6.363697e-01
2.320469e+00    -6.302157e-01
2.332682e+00    -6.239241e-01
2.344895e+00    -6.175000e-01
2.357108e+00    -6.109495e-01
2.369321e+00    -6.042790e-01
2.381534e+00    -5.974956e-01
2.393747e+00    -5.906068e-01
2.405960e+00    -5.836203e-01
2.418173e+00    -5.765443e-01
2.430386e+00    -5.693871e-01
2.442599e+00    -5.621573e-01
2.454812e+00    -5.548634e-01
2.467025e+00    -5.475146e-01
2.479238e+00    -5.401192e-01
2.491451e+00    -5.326863e-01
2.503664e+00    -5.252246e-01
2.515877e+00    -5.177426e-01
2.528090e+00    -5.102489e-01
2.540303e+00    -5.027519e-01
2.552516e+00    -4.952595e-01
2.564729e+00    -4.877798e-01
2.576942e+00    -4.803203e-01
2.589155e+00    -4.728883e-01
2.601368e+00    -4.654907e-01
2.613581e+00    -4.581343e-01
2.625794e+00    -4.508255e-01
2.638007e+00    -4.435702e-01
2.650220e+00    -4.363740e-01
2.662433e+00    -4.292421e-01
2.674646e+00    -4.221793e-01
2.686859e+00    -4.151901e-01
2.699072e+00    -4.082787e-01
2.711285e+00    -4.014484e-01
2.723498e+00    -3.947029e-01
2.735711e+00    -3.880449e-01
2.747924e+00    -3.814771e-01
2.760137e+00    -3.750015e-01
2.772350e+00    -3.686201e-01
2.784563e+00    -3.623344e-01
2.796776e+00    -3.561456e-01
2.808989e+00    -3.500544e-01
2.821202e+00    -3.440616e-01
2.833415e+00    -3.381673e-01
2.845628e+00    -3.323716e-01
2.857841e+00    -3.266742e-01
2.870054e+00    -3.210747e-01
2.882267e+00    -3.155724e-01
2.894480e+00    -3.101663e-01
2.906693e+00    -3.048554e-01
2.918906e+00    -2.996386e-01
2.931119e+00    -2.945142e-01
2.943332e+00    -2.894810e-01
2.955545e+00    -2.845370e-01
2.967758e+00    -2.796808e-01
2.979971e+00    -2.749103e-01
2.992184e+00    -2.702237e-01
3.004397e+00    -2.656191e-01
3.016610e+00    -2.610943e-01
3.028823e+00    -2.566474e-01
3.041036e+00    -2.522764e-01
3.053249e+00    -2.479791e-01
3.065462e+00    -2.437535e-01
3.077675e+00    -2.395976e-01
3.089888e+00    -2.355093e-01
3.102101e+00    -2.314866e-01
3.114314e+00    -2.275278e-01
3.126527e+00    -2.236307e-01
3.138740e+00    -2.197936e-01
3.150953e+00    -2.160147e-01
3.163166e+00    -2.122924e-01
3.175379e+00    -2.086250e-01
3.187592e+00    -2.050108e-01
3.199805e+00    -2.014484e-01
3.212018e+00    -1.979365e-01
3.224231e+00    -1.944736e-01
3.236444e+00    -1.910585e-01
3.248657e+00    -1.876900e-01
3.260870e+00    -1.843671e-01
3.273082e+00    -1.810887e-01
3.285295e+00    -1.778539e-01
3.297508e+00    -1.746618e-01
3.309721e+00    -1.715116e-01
3.321934e+00    -1.684027e-01
3.334147e+00    -1.653343e-01
3.346360e+00    -1.623058e-01
3.358573e+00    -1.593169e-01
3.370786e+00    -1.563669e-01
3.382999e+00    -1.534556e-01
3.395212e+00    -1.505825e-01
3.407425e+00    -1.477473e-01
3.419638e+00    -1.449499e-01
3.431851e+00    -1.421899e-01
3.444064e+00    -1.394671e-01
3.456277e+00    -1.367816e-01
3.468490e+00    -1.341331e-01
3.480703e+00    -1.315215e-01
3.492916e+00    -1.289468e-01
3.505129e+00    -1.264089e-01
3.517342e+00    -1.239077e-01
3.529555e+00    -1.214434e-01
3.541768e+00    -1.190157e-01
3.553981e+00    -1.166248e-01
3.566194e+00    -1.142706e-01
3.578407e+00    -1.119531e-01
3.590620e+00    -1.096723e-01
3.602833e+00    -1.074281e-01
3.615046e+00    -1.052205e-01
3.627259e+00    -1.030496e-01
3.639472e+00    -1.009151e-01
3.651685e+00    -9.881706e-02
3.663898e+00    -9.675543e-02
3.676111e+00    -9.473009e-02
3.688324e+00    -9.274091e-02
3.700537e+00    -9.078762e-02
3.712750e+00    -8.887044e-02
3.724963e+00    -8.698882e-02
3.737176e+00    -8.514274e-02
3.749389e+00    -8.333193e-02
3.761602e+00    -8.155619e-02
3.773815e+00    -7.981525e-02
3.786028e+00    -7.810884e-02
3.798241e+00    -7.643668e-02
3.810454e+00    -7.479847e-02
3.822667e+00    -7.319388e-02
3.834880e+00    -7.162257e-02
3.847093e+00    -7.008415e-02
3.859306e+00    -6.857831e-02
3.871519e+00    -6.710461e-02
3.883732e+00    -6.566269e-02
3.895945e+00    -6.425212e-02
3.908158e+00    -6.287248e-02
3.920371e+00    -6.152334e-02
3.932584e+00    -6.020428e-02
3.944797e+00    -5.891483e-02
3.957010e+00    -5.765454e-02
3.969223e+00    -5.642295e-02
3.981436e+00    -5.521961e-02
3.993649e+00    -5.404406e-02
4.005862e+00    -5.289581e-02
4.018075e+00    -5.177442e-02
4.030288e+00    -5.067938e-02
4.042501e+00    -4.961028e-02
4.054714e+00    -4.856660e-02
4.066927e+00    -4.754794e-02
4.079140e+00    -4.655379e-02
4.091353e+00    -4.558374e-02
4.103566e+00    -4.463729e-02
4.115779e+00    -4.371407e-02
4.127992e+00    -4.281356e-02
4.140205e+00    -4.193546e-02
4.152418e+00    -4.107920e-02
4.164631e+00    -4.024449e-02
4.176844e+00    -3.943086e-02
4.189057e+00    -3.863794e-02
4.201270e+00    -3.786546e-02
4.213483e+00    -3.711277e-02
4.225696e+00    -3.637978e-02
4.237909e+00    -3.566601e-02
4.250122e+00    -3.497118e-02
4.262335e+00    -3.429485e-02
4.274548e+00    -3.363683e-02
4.286761e+00    -3.299671e-02
4.298974e+00    -3.237424e-02
4.311187e+00    -3.176907e-02
4.323400e+00    -3.118098e-02
4.335613e+00    -3.060962e-02
4.347826e+00    -3.005479e-02
4.360039e+00    -2.951615e-02
4.372252e+00    -2.899352e-02
4.384465e+00    -2.848659e-02
4.396678e+00    -2.799519e-02
4.408891e+00    -2.751899e-02
4.421104e+00    -2.705783e-02
4.433317e+00    -2.661145e-02
4.445530e+00    -2.617966e-02
4.457743e+00    -2.576221e-02
4.469956e+00    -2.535892e-02
4.482169e+00    -2.496956e-02
4.494382e+00    -2.459393e-02
4.506595e+00    -2.423181e-02
4.518808e+00    -2.388305e-02
4.531021e+00    -2.354738e-02
4.543234e+00    -2.322469e-02
4.555447e+00    -2.291470e-02
4.567660e+00    -2.261726e-02
4.579873e+00    -2.233214e-02
4.592086e+00    -2.205921e-02
4.604299e+00    -2.179821e-02
4.616512e+00    -2.154898e-02
4.628725e+00    -2.131130e-02
4.640938e+00    -2.108500e-02
4.653151e+00    -2.086986e-02
4.665364e+00    -2.066569e-02
4.677577e+00    -2.047227e-02
4.689790e+00    -2.028942e-02
4.702003e+00    -2.011696e-02
4.714216e+00    -1.995460e-02
4.726429e+00    -1.980218e-02
4.738642e+00    -1.965950e-02
4.750855e+00    -1.952634e-02
4.763068e+00    -1.940245e-02
4.775281e+00    -1.928764e-02
4.787494e+00    -1.918167e-02
4.799707e+00    -1.908430e-02
4.811920e+00    -1.899539e-02
4.824133e+00    -1.891463e-02
4.836346e+00    -1.884178e-02
4.848559e+00    -1.877665e-02
4.860772e+00    -1.871898e-02
4.872985e+00    -1.866853e-02
4.885198e+00    -1.862510e-02
4.897411e+00    -1.858843e-02
4.909624e+00    -1.855822e-02
4.921837e+00    -1.853430e-02
4.934050e+00    -1.851645e-02
4.946263e+00    -1.850434e-02
4.958476e+00    -1.849781e-02
4.970689e+00    -1.849656e-02
4.982902e+00    -1.850039e-02
4.995115e+00    -1.850904e-02
5.007328e+00    -1.852226e-02
5.019541e+00    -1.853983e-02
5.031754e+00    -1.856148e-02
5.043967e+00    -1.858700e-02
5.056180e+00    -1.861615e-02
5.068393e+00    -1.864869e-02
5.080606e+00    -1.868438e-02
5.092819e+00    -1.872301e-02
5.105031e+00    -1.876433e-02
5.117245e+00    -1.880812e-02
5.129457e+00    -1.885415e-02
5.141671e+00    -1.890222e-02
5.153883e+00    -1.895209e-02
5.166097e+00    -1.900353e-02
5.178309e+00    -1.905639e-02
5.190523e+00    -1.911042e-02
5.202735e+00    -1.916541e-02
5.214949e+00    -1.922116e-02
5.227162e+00    -1.927749e-02
5.239375e+00    -1.933419e-02
5.251588e+00    -1.939108e-02
5.263801e+00    -1.944797e-02
5.276014e+00    -1.950469e-02
5.288227e+00    -1.956107e-02
5.300440e+00    -1.961691e-02
5.312653e+00    -1.967207e-02
5.324866e+00    -1.972641e-02
5.337079e+00    -1.977973e-02
5.349292e+00    -1.983189e-02
5.361505e+00    -1.988278e-02
5.373718e+00    -1.993221e-02
5.385931e+00    -1.998006e-02
5.398144e+00    -2.002627e-02
5.410357e+00    -2.007056e-02
5.422570e+00    -2.011293e-02
5.434783e+00    -2.015325e-02
5.446996e+00    -2.019139e-02
5.459208e+00    -2.022726e-02
5.471422e+00    -2.026072e-02
5.483634e+00    -2.029172e-02
5.495848e+00    -2.032014e-02
5.508060e+00    -2.034593e-02
5.520274e+00    -2.036895e-02
5.532486e+00    -2.038919e-02
5.544700e+00    -2.040654e-02
5.556912e+00    -2.042093e-02
5.569126e+00    -2.043232e-02
5.581338e+00    -2.044062e-02
5.593552e+00    -2.044580e-02
5.605764e+00    -2.044782e-02
5.617978e+00    -2.044662e-02
5.630190e+00    -2.044215e-02
5.642404e+00    -2.043438e-02
5.654616e+00    -2.042329e-02
5.666830e+00    -2.040883e-02
5.679042e+00    -2.039104e-02
5.691256e+00    -2.036982e-02
5.703468e+00    -2.034516e-02
5.715682e+00    -2.031715e-02
5.727894e+00    -2.028567e-02
5.740108e+00    -2.025077e-02
5.752320e+00    -2.021243e-02
5.764534e+00    -2.017066e-02
5.776746e+00    -2.012547e-02
5.788960e+00    -2.007686e-02
5.801172e+00    -2.002487e-02
5.813385e+00    -1.996944e-02
5.825598e+00    -1.991069e-02
5.837811e+00    -1.984858e-02
5.850024e+00    -1.978315e-02
5.862237e+00    -1.971444e-02
5.874450e+00    -1.964246e-02
5.886663e+00    -1.956725e-02
5.898876e+00    -1.948887e-02
5.911089e+00    -1.940728e-02
5.923302e+00    -1.932258e-02
5.935515e+00    -1.923482e-02
5.947728e+00    -1.914399e-02
5.959941e+00    -1.905021e-02
5.972154e+00    -1.895344e-02
5.984367e+00    -1.885380e-02
5.996580e+00    -1.875129e-02
6.008793e+00    -1.864600e-02
6.021006e+00    -1.853795e-02
6.033219e+00    -1.842721e-02
6.045432e+00    -1.831383e-02
6.057645e+00    -1.819790e-02
6.069858e+00    -1.807942e-02
6.082071e+00    -1.795849e-02
6.094284e+00    -1.783515e-02
6.106497e+00    -1.770950e-02
6.118710e+00    -1.758157e-02
6.130923e+00    -1.745141e-02
6.143136e+00    -1.731911e-02
6.155349e+00    -1.718472e-02
6.167562e+00    -1.704832e-02
6.179775e+00    -1.690996e-02
6.191988e+00    -1.676971e-02
6.204201e+00    -1.662763e-02
6.216414e+00    -1.648381e-02
6.228627e+00    -1.633828e-02
6.240840e+00    -1.619114e-02
6.253053e+00    -1.604242e-02
6.265266e+00    -1.589220e-02
6.277479e+00    -1.574056e-02
6.289692e+00    -1.558755e-02
6.301905e+00    -1.543323e-02
6.314118e+00    -1.527768e-02
6.326331e+00    -1.512093e-02
6.338544e+00    -1.496308e-02
6.350757e+00    -1.480417e-02
6.362970e+00    -1.464429e-02
6.375183e+00    -1.448346e-02
6.387396e+00    -1.432177e-02
6.399609e+00    -1.415923e-02
6.411822e+00    -1.399600e-02
6.424035e+00    -1.383205e-02
6.436248e+00    -1.366746e-02
6.448461e+00    -1.350230e-02
6.460674e+00    -1.333658e-02
6.472887e+00    -1.317045e-02
6.485100e+00    -1.300389e-02
6.497313e+00    -1.283696e-02
6.509526e+00    -1.266971e-02
6.521739e+00    -1.250223e-02
6.533952e+00    -1.233451e-02
6.546165e+00    -1.216665e-02
6.558378e+00    -1.199868e-02
6.570591e+00    -1.183064e-02
6.582804e+00    -1.166257e-02
6.595017e+00    -1.149454e-02
6.607230e+00    -1.132655e-02
6.619443e+00    -1.115869e-02
6.631656e+00    -1.099099e-02
6.643869e+00    -1.082344e-02
6.656082e+00    -1.065611e-02
6.668295e+00    -1.048907e-02
6.680508e+00    -1.032232e-02
6.692721e+00    -1.015589e-02
6.704934e+00    -9.989934e-03
6.717147e+00    -9.824150e-03
6.729360e+00    -9.658891e-03
6.741573e+00    -9.494090e-03
6.753786e+00    -9.329770e-03
6.765999e+00    -9.165961e-03
6.778212e+00    -9.002682e-03
6.790425e+00    -8.839976e-03
6.802638e+00    -8.677824e-03
6.814851e+00    -8.516301e-03
6.827064e+00    -8.355401e-03
6.839277e+00    -8.195155e-03
6.851490e+00    -8.035574e-03
6.863703e+00    -7.876689e-03
6.875916e+00    -7.718532e-03
6.888129e+00    -7.561079e-03
6.900342e+00    -7.404378e-03
6.912555e+00    -7.248448e-03
6.924768e+00    -7.093285e-03
6.936981e+00    -6.938938e-03
6.949194e+00    -6.785380e-03
6.961407e+00    -6.632654e-03
6.973620e+00    -6.480748e-03
6.985833e+00    -6.329703e-03
6.998046e+00    -6.179497e-03
7.010259e+00    -6.030164e-03
7.022472e+00    -5.881715e-03
7.034685e+00    -5.734148e-03
7.046898e+00    -5.587472e-03
7.059111e+00    -5.441714e-03
7.071324e+00    -5.296849e-03
7.083537e+00    -5.152924e-03
7.095750e+00    -5.010049e-03
7.107963e+00    -4.867830e-03
7.120176e+00    -4.726694e-03
7.132389e+00    -4.586511e-03
7.144602e+00    -4.447277e-03
7.156815e+00    -4.308995e-03
7.169028e+00    -4.171692e-03
7.181241e+00    -4.035350e-03
7.193454e+00    -3.899987e-03
7.205667e+00    -3.765614e-03
7.217880e+00    -3.632230e-03
7.230093e+00    -3.499847e-03
7.242306e+00    -3.368467e-03
7.254519e+00    -3.238083e-03
7.266732e+00    -3.108728e-03
7.278944e+00    -2.980388e-03
7.291158e+00    -2.853071e-03
7.303371e+00    -2.726789e-03
7.315584e+00    -2.601541e-03
7.327797e+00    -2.477343e-03
7.340010e+00    -2.354207e-03
7.352223e+00    -2.232102e-03
7.364436e+00    -2.111080e-03
7.376649e+00    -1.991116e-03
7.388862e+00    -1.872230e-03
7.401075e+00    -1.754439e-03
7.413288e+00    -1.637704e-03
7.425501e+00    -1.522076e-03
7.437714e+00    -1.407558e-03
7.449927e+00    -1.294142e-03
7.462140e+00    -1.181840e-03
7.474353e+00    -1.070654e-03
7.486566e+00    -9.606031e-04
7.498779e+00    -8.516830e-04
7.510992e+00    -7.439150e-04
7.523205e+00    -6.372904e-04
7.535418e+00    -5.318308e-04
7.547631e+00    -4.275327e-04
7.559844e+00    -3.244188e-04
7.572057e+00    -2.224777e-04
7.584270e+00    -1.217403e-04
7.596483e+00    -2.221061e-05
7.608696e+00    7.612709e-05
7.620909e+00    1.732287e-04
7.633121e+00    2.690901e-04
7.645335e+00    3.637317e-04
7.657547e+00    4.571185e-04
7.669761e+00    5.492380e-04
7.681973e+00    6.400934e-04
7.694187e+00    7.296638e-04
7.706399e+00    8.179258e-04
7.718613e+00    9.049435e-04
7.730825e+00    9.906186e-04
7.743039e+00    1.074991e-03
7.755251e+00    1.158030e-03
7.767465e+00    1.239738e-03
7.779677e+00    1.320106e-03
7.791891e+00    1.399130e-03
7.804103e+00    1.476761e-03
7.816317e+00    1.553056e-03
7.828529e+00    1.627957e-03
7.840743e+00    1.701483e-03
7.852955e+00    1.773607e-03
7.865169e+00    1.844316e-03
7.877381e+00    1.913647e-03
7.889595e+00    1.981550e-03
7.901807e+00    2.048049e-03
7.914021e+00    2.113078e-03
7.926233e+00    2.176678e-03
7.938447e+00    2.238837e-03
7.950659e+00    2.299532e-03
7.962873e+00    2.358789e-03
7.975085e+00    2.416578e-03
7.987298e+00    2.472880e-03
7.999511e+00    2.527703e-03
8.011724e+00    2.581049e-03
8.023937e+00    2.632908e-03
8.036150e+00    2.683274e-03
8.048364e+00    2.732145e-03
8.060576e+00    2.779511e-03
8.072789e+00    2.825371e-03
8.085002e+00    2.869729e-03
8.097216e+00    2.912591e-03
8.109428e+00    2.953907e-03
8.121641e+00    2.993731e-03
8.133854e+00    3.032040e-03
8.146068e+00    3.068840e-03
8.158280e+00    3.104116e-03
8.170493e+00    3.137880e-03
8.182706e+00    3.170129e-03
8.194920e+00    3.200881e-03
8.207132e+00    3.230113e-03
8.219345e+00    3.257840e-03
8.231558e+00    3.284070e-03
8.243772e+00    3.308794e-03
8.255984e+00    3.332025e-03
8.268197e+00    3.353759e-03
8.280410e+00    3.373994e-03
8.292624e+00    3.392781e-03
8.304836e+00    3.410064e-03
8.317049e+00    3.425879e-03
8.329262e+00    3.440237e-03
8.341475e+00    3.453134e-03
8.353688e+00    3.464582e-03
8.365901e+00    3.474585e-03
8.378115e+00    3.483153e-03
8.390327e+00    3.490298e-03
8.402540e+00    3.496092e-03
8.414753e+00    3.500341e-03
8.426967e+00    3.503275e-03
8.439179e+00    3.504808e-03
8.451392e+00    3.504974e-03
8.463605e+00    3.503775e-03
8.475819e+00    3.501232e-03
8.488031e+00    3.497347e-03
8.500244e+00    3.492158e-03
8.512457e+00    3.485635e-03
8.524671e+00    3.477821e-03
8.536883e+00    3.468736e-03
8.549096e+00    3.458381e-03
8.561309e+00    3.446783e-03
8.573523e+00    3.433947e-03
8.585735e+00    3.419897e-03
8.597948e+00    3.404671e-03
8.610161e+00    3.388209e-03
8.622375e+00    3.370611e-03
8.634587e+00    3.351846e-03
8.646800e+00    3.331977e-03
8.659013e+00    3.310987e-03
8.671227e+00    3.288901e-03
8.683439e+00    3.265733e-03
8.695652e+00    3.241511e-03
8.707865e+00    3.216233e-03
8.720078e+00    3.189989e-03
8.732291e+00    3.162708e-03
8.744504e+00    3.134447e-03
8.756717e+00    3.105237e-03
8.768930e+00    3.075079e-03
8.781143e+00    3.043999e-03
8.793356e+00    3.012042e-03
8.805569e+00    2.979170e-03
8.817782e+00    2.945454e-03
8.829995e+00    2.910900e-03
8.842208e+00    2.875546e-03
8.854421e+00    2.839386e-03
8.866634e+00    2.802444e-03
8.878847e+00    2.764764e-03
8.891060e+00    2.726361e-03
8.903273e+00    2.687284e-03
8.915486e+00    2.647444e-03
8.927699e+00    2.606981e-03
8.939912e+00    2.565872e-03
8.952125e+00    2.524146e-03
8.964338e+00    2.481829e-03
8.976551e+00    2.438934e-03
8.988764e+00    2.395485e-03
9.000977e+00    2.351511e-03
9.013190e+00    2.307011e-03
9.025403e+00    2.262041e-03
9.037616e+00    2.216600e-03
9.049829e+00    2.170726e-03
9.062042e+00    2.124391e-03
9.074255e+00    2.077678e-03
9.086468e+00    2.030579e-03
9.098680e+00    1.983132e-03
9.110894e+00    1.935314e-03
9.123107e+00    1.887194e-03
9.135320e+00    1.838770e-03
9.147532e+00    1.790066e-03
9.159746e+00    1.741100e-03
9.171959e+00    1.691908e-03
9.184172e+00    1.642478e-03
9.196384e+00    1.592862e-03
9.208598e+00    1.543047e-03
9.220811e+00    1.493070e-03
9.233024e+00    1.442972e-03
9.245236e+00    1.392742e-03
9.257450e+00    1.342406e-03
9.269663e+00    1.291981e-03
9.281876e+00    1.241501e-03
9.294088e+00    1.190958e-03
9.306302e+00    1.140396e-03
9.318515e+00    1.089824e-03
9.330728e+00    1.039266e-03
9.342940e+00    9.887014e-04
9.355154e+00    9.381933e-04
9.367367e+00    8.877561e-04
9.379580e+00    8.373788e-04
9.391793e+00    7.870863e-04
9.404006e+00    7.369181e-04
9.416219e+00    6.868554e-04
9.428432e+00    6.369248e-04
9.440645e+00    5.871589e-04
9.452858e+00    5.375582e-04
9.465071e+00    4.881353e-04
9.477283e+00    4.389037e-04
9.489497e+00    3.898792e-04
9.501710e+00    3.410646e-04
9.513923e+00    2.925040e-04
9.526135e+00    2.441836e-04
9.538349e+00    1.961172e-04
9.550562e+00    1.483331e-04
9.562775e+00    1.008233e-04
9.574987e+00    5.360522e-05
9.587201e+00    6.708058e-06
9.599414e+00    -3.987664e-05
9.611627e+00    -8.612302e-05
9.623839e+00    -1.320348e-04
9.636053e+00    -1.775993e-04
9.648266e+00    -2.228097e-04
9.660479e+00    -2.676312e-04
9.672691e+00    -3.120731e-04
9.684905e+00    -3.561389e-04
9.697118e+00    -3.997933e-04
9.709331e+00    -4.430691e-04
9.721543e+00    -4.858655e-04
9.733757e+00    -5.282731e-04
9.745970e+00    -5.702358e-04
9.758183e+00    -6.117616e-04
9.770395e+00    -6.528386e-04
9.782609e+00    -6.934629e-04
9.794822e+00    -7.336125e-04
9.807034e+00    -7.733047e-04
9.819247e+00    -8.125222e-04
9.831461e+00    -8.512639e-04
9.843674e+00    -8.895076e-04
9.855886e+00    -9.272575e-04
9.868099e+00    -9.645161e-04
9.880313e+00    -1.001260e-03
9.892526e+00    -1.037517e-03
9.904738e+00    -1.073254e-03
9.916951e+00    -1.108487e-03
9.929165e+00    -1.143199e-03
9.941378e+00    -1.177394e-03
9.953590e+00    -1.211059e-03
9.965803e+00    -1.244186e-03
9.978017e+00    -1.276791e-03
9.990230e+00    -1.308858e-03
1.000244e+01    -1.340399e-03
1.001466e+01    -1.371406e-03
1.002687e+01    -1.401841e-03
1.003908e+01    -1.431756e-03
1.005129e+01    -1.461120e-03
1.006351e+01    -1.489931e-03
1.007572e+01    -1.518194e-03
1.008793e+01    -1.545907e-03
1.010015e+01    -1.573123e-03
1.011236e+01    -1.599692e-03
1.012457e+01    -1.625758e-03
1.013679e+01    -1.651259e-03
1.014900e+01    -1.676213e-03
1.016121e+01    -1.700608e-03
1.017342e+01    -1.724461e-03
1.018564e+01    -1.747758e-03
1.019785e+01    -1.770510e-03
1.021006e+01    -1.792693e-03
1.022228e+01    -1.814334e-03
1.023449e+01    -1.835424e-03
1.024670e+01    -1.855972e-03
1.025891e+01    -1.875972e-03
1.027113e+01    -1.895432e-03
1.028334e+01    -1.914333e-03
1.029555e+01    -1.932725e-03
1.030777e+01    -1.950546e-03
1.031998e+01    -1.967838e-03
1.033219e+01    -1.984606e-03
1.034441e+01    -2.000810e-03
1.035662e+01    -2.016516e-03
1.036883e+01    -2.031679e-03
1.038105e+01    -2.046315e-03
1.039326e+01    -2.060436e-03
1.040547e+01    -2.074056e-03
1.041768e+01    -2.087093e-03
1.042990e+01    -2.099652e-03
1.044211e+01    -2.111699e-03
1.045432e+01    -2.123215e-03
1.046654e+01    -2.134236e-03
1.047875e+01    -2.144751e-03
1.049096e+01    -2.154816e-03
1.050318e+01    -2.164267e-03
1.051539e+01    -2.173288e-03
1.052760e+01    -2.181805e-03
1.053981e+01    -2.189836e-03
1.055203e+01    -2.197384e-03
1.056424e+01    -2.204441e-03
1.057645e+01    -2.211032e-03
1.058867e+01    -2.217131e-03
1.060088e+01    -2.222751e-03
1.061309e+01    -2.227933e-03
1.062531e+01    -2.232622e-03
1.063752e+01    -2.236859e-03
1.064973e+01    -2.240656e-03
1.066194e+01    -2.243975e-03
1.067416e+01    -2.246858e-03
1.068637e+01    -2.249291e-03
1.069858e+01    -2.251285e-03
1.071080e+01    -2.252835e-03
1.072301e+01    -2.253935e-03
1.073522e+01    -2.254607e-03
1.074744e+01    -2.254852e-03
1.075965e+01    -2.254681e-03
1.077186e+01    -2.254082e-03
1.078407e+01    -2.253057e-03
1.079629e+01    -2.251610e-03
1.080850e+01    -2.249758e-03
1.082071e+01    -2.247493e-03
1.083293e+01    -2.244819e-03
1.084514e+01    -2.241756e-03
1.085735e+01    -2.238286e-03
1.086957e+01    -2.234406e-03
1.088178e+01    -2.230136e-03
1.089399e+01    -2.225483e-03
1.090620e+01    -2.220434e-03
1.091842e+01    -2.215002e-03
1.093063e+01    -2.209200e-03
1.094284e+01    -2.203010e-03
1.095506e+01    -2.196451e-03
1.096727e+01    -2.189522e-03
1.097948e+01    -2.182218e-03
1.099170e+01    -2.174544e-03
1.100391e+01    -2.166525e-03
1.101612e+01    -2.158134e-03
1.102833e+01    -2.149395e-03
1.104055e+01    -2.140300e-03
1.105276e+01    -2.130859e-03
1.106497e+01    -2.121067e-03
1.107719e+01    -2.110935e-03
1.108940e+01    -2.100450e-03
1.110161e+01    -2.089634e-03
1.111382e+01    -2.078487e-03
1.112604e+01    -2.067017e-03
1.113825e+01    -2.055199e-03
1.115046e+01    -2.043055e-03
1.116268e+01    -2.030582e-03
1.117489e+01    -2.017793e-03
1.118710e+01    -2.004688e-03
1.119932e+01    -1.991264e-03
1.121153e+01    -1.977522e-03
1.122374e+01    -1.963482e-03
1.123596e+01    -1.949107e-03
1.124817e+01    -1.934437e-03
1.126038e+01    -1.919470e-03
1.127259e+01    -1.904198e-03
1.128481e+01    -1.888627e-03
1.129702e+01    -1.872735e-03
1.130923e+01    -1.856606e-03
1.132145e+01    -1.840167e-03
1.133366e+01    -1.823446e-03
1.134587e+01    -1.806442e-03
1.135808e+01    -1.789167e-03
1.137030e+01    -1.771611e-03
1.138251e+01    -1.753790e-03
1.139472e+01    -1.735694e-03
1.140694e+01    -1.717361e-03
1.141915e+01    -1.698732e-03
1.143136e+01    -1.679870e-03
1.144358e+01    -1.660751e-03
1.145579e+01    -1.641389e-03
1.146800e+01    -1.621779e-03
1.148022e+01    -1.601932e-03
1.149243e+01    -1.581847e-03
1.150464e+01    -1.561541e-03
1.151685e+01    -1.541004e-03
1.152907e+01    -1.520241e-03
1.154128e+01    -1.499269e-03
1.155349e+01    -1.478080e-03
1.156571e+01    -1.456673e-03
1.157792e+01    -1.435090e-03
1.159013e+01    -1.413278e-03
1.160234e+01    -1.391320e-03
1.161456e+01    -1.369108e-03
1.162677e+01    -1.346751e-03
1.163898e+01    -1.324211e-03
1.165120e+01    -1.301493e-03
1.166341e+01    -1.278628e-03
1.167562e+01    -1.255599e-03
1.168784e+01    -1.232404e-03
1.170005e+01    -1.209073e-03
1.171226e+01    -1.185583e-03
1.172447e+01    -1.162009e-03
1.173669e+01    -1.138282e-03
1.174890e+01    -1.114432e-03
1.176111e+01    -1.090471e-03
1.177333e+01    -1.066411e-03
1.178554e+01    -1.042243e-03
1.179775e+01    -1.017995e-03
1.180997e+01    -9.936681e-04
1.182218e+01    -9.692555e-04
1.183439e+01    -9.447780e-04
1.184660e+01    -9.202453e-04
1.185882e+01    -8.956681e-04
1.187103e+01    -8.710406e-04
1.188324e+01    -8.463572e-04
1.189546e+01    -8.216846e-04
1.190767e+01    -7.969711e-04
1.191988e+01    -7.722675e-04
1.193210e+01    -7.475416e-04
1.194431e+01    -7.228313e-04
1.195652e+01    -6.981432e-04
1.196873e+01    -6.734737e-04
1.198095e+01    -6.488423e-04
1.199316e+01    -6.242609e-04
1.200537e+01    -5.997250e-04
1.201759e+01    -5.751860e-04
1.202980e+01    -5.508444e-04
1.204201e+01    -5.265455e-04
1.205423e+01    -5.023204e-04
1.206644e+01    -4.781823e-04
1.207865e+01    -4.541672e-04
1.209086e+01    -4.302704e-04
1.210308e+01    -4.064833e-04
1.211529e+01    -3.828832e-04
1.212750e+01    -3.594072e-04
1.213972e+01    -3.360783e-04
1.215193e+01    -3.129227e-04
1.216414e+01    -2.899554e-04
1.217636e+01    -2.671708e-04
1.218857e+01    -2.446414e-04
1.220078e+01    -2.222020e-04
1.221299e+01    -2.000447e-04
1.222521e+01    -1.781007e-04
1.223742e+01    -1.563988e-04
1.224963e+01    -1.349377e-04
1.226185e+01    -1.137340e-04
1.227406e+01    -9.278917e-05
1.228627e+01    -7.211673e-05
1.229849e+01    -5.174239e-05
1.231070e+01    -3.161449e-05
1.232291e+01    -1.181718e-05
1.233512e+01    7.658404e-06
1.234734e+01    2.687320e-05
1.235955e+01    4.573741e-05
1.237176e+01    6.425931e-05
1.238398e+01    8.244959e-05
1.239619e+01    1.002950e-04
1.240840e+01    1.177724e-04
1.242062e+01    1.349197e-04
1.243283e+01    1.516829e-04
1.244504e+01    1.680599e-04
1.245725e+01    1.840615e-04
1.246947e+01    1.996708e-04
1.248168e+01    2.148814e-04
1.249389e+01    2.296369e-04
1.250611e+01    2.440856e-04
1.251832e+01    2.580613e-04
1.253053e+01    2.716300e-04
1.254275e+01    2.847724e-04
1.255496e+01    2.974697e-04
1.256717e+01    3.097541e-04
1.257938e+01    3.215752e-04
1.259160e+01    3.329608e-04
1.260381e+01    3.439413e-04
1.261602e+01    3.543668e-04
1.262824e+01    3.644109e-04
1.264045e+01    3.739995e-04
1.265266e+01    3.831066e-04
1.266488e+01    3.917569e-04
1.267709e+01    3.999498e-04
1.268930e+01    4.076670e-04
1.270151e+01    4.149196e-04
1.271373e+01    4.217039e-04
1.272594e+01    4.280269e-04
1.273815e+01    4.338665e-04
1.275037e+01    4.392590e-04
1.276258e+01    4.441608e-04
1.277479e+01    4.485905e-04
1.278701e+01    4.525584e-04
1.279922e+01    4.560798e-04
1.281143e+01    4.590882e-04
1.282364e+01    4.616591e-04
1.283586e+01    4.637550e-04
1.284807e+01    4.653982e-04
1.286028e+01    4.665828e-04
1.287250e+01    4.673137e-04
1.288471e+01    4.675676e-04
1.289692e+01    4.674045e-04
1.290914e+01    4.667897e-04
1.292135e+01    4.657128e-04
1.293356e+01    4.642264e-04
1.294577e+01    4.622918e-04
1.295799e+01    4.599361e-04
1.297020e+01    4.571369e-04
1.298241e+01    4.539590e-04
1.299463e+01    4.503364e-04
1.300684e+01    4.463265e-04
1.301905e+01    4.419135e-04
1.303127e+01    4.370977e-04
1.304348e+01    4.319460e-04
1.305569e+01    4.263559e-04
1.306790e+01    4.203972e-04
1.308012e+01    4.141028e-04
1.309233e+01    4.074480e-04
1.310454e+01    4.004479e-04
1.311676e+01    3.930957e-04
1.312897e+01    3.854252e-04
1.314118e+01    3.774216e-04
1.315340e+01    3.691038e-04
1.316561e+01    3.604912e-04
1.317782e+01    3.515711e-04
1.319003e+01    3.423423e-04
1.320225e+01    3.328747e-04
1.321446e+01    3.231405e-04
1.322667e+01    3.131268e-04
1.323889e+01    3.028608e-04
1.325110e+01    2.923570e-04
1.326331e+01    2.816428e-04
1.327553e+01    2.706943e-04
1.328774e+01    2.595183e-04
1.329995e+01    2.481452e-04
1.331216e+01    2.366023e-04
1.332438e+01    2.248732e-04
1.333659e+01    2.129816e-04
1.334880e+01    2.008989e-04
1.336102e+01    1.886833e-04
1.337323e+01    1.763212e-04
1.338544e+01    1.638410e-04
1.339766e+01    1.512614e-04
1.340987e+01    1.385071e-04
1.342208e+01    1.257148e-04
1.343429e+01    1.128160e-04
1.344651e+01    9.982770e-05
1.345872e+01    8.678585e-05
1.347093e+01    7.367995e-05
1.348315e+01    6.051771e-05
1.349536e+01    4.730628e-05
1.350757e+01    3.408473e-05
1.351978e+01    2.083647e-05
1.353200e+01    7.573304e-06
1.354421e+01    -5.688909e-06
1.355642e+01    -1.895159e-05
1.356864e+01    -3.218278e-05
1.358085e+01    -4.538145e-05
1.359306e+01    -5.858464e-05
1.360528e+01    -7.173386e-05
1.361749e+01    -8.481480e-05
1.362970e+01    -9.784212e-05
1.364192e+01    -1.108046e-04
1.365413e+01    -1.236983e-04
1.366634e+01    -1.364941e-04
1.367855e+01    -1.491926e-04
1.369077e+01    -1.618131e-04
1.370298e+01    -1.743109e-04
1.371519e+01    -1.866924e-04
1.372741e+01    -1.989553e-04
1.373962e+01    -2.111252e-04
1.375183e+01    -2.231399e-04
1.376404e+01    -2.349987e-04
1.377626e+01    -2.467268e-04
1.378847e+01    -2.582970e-04
1.380068e+01    -2.696961e-04
1.381290e+01    -2.809561e-04
1.382511e+01    -2.920326e-04
1.383732e+01    -3.029334e-04
1.384954e+01    -3.136577e-04
1.386175e+01    -3.241850e-04
1.387396e+01    -3.345284e-04
1.388618e+01    -3.446711e-04
1.389839e+01    -3.546511e-04
1.391060e+01    -3.644014e-04
1.392281e+01    -3.739510e-04
1.393503e+01    -3.832830e-04
1.394724e+01    -3.924067e-04
1.395945e+01    -4.013172e-04
1.397167e+01    -4.099990e-04
1.398388e+01    -4.184705e-04
1.399609e+01    -4.266937e-04
1.400830e+01    -4.347252e-04
1.402052e+01    -4.424914e-04
1.403273e+01    -4.500652e-04
1.404494e+01    -4.573712e-04
1.405716e+01    -4.644539e-04
1.406937e+01    -4.712916e-04
1.408158e+01    -4.778919e-04
1.409380e+01    -4.842582e-04
1.410601e+01    -4.903730e-04
1.411822e+01    -4.962385e-04
1.413043e+01    -5.018687e-04
1.414265e+01    -5.072512e-04
1.415486e+01    -5.123857e-04
1.416707e+01    -5.172746e-04
1.417929e+01    -5.219168e-04
1.419150e+01    -5.262559e-04
1.420371e+01    -5.304549e-04
1.421593e+01    -5.343580e-04
1.422814e+01    -5.379960e-04
1.424035e+01    -5.414021e-04
1.425256e+01    -5.445497e-04
1.426478e+01    -5.474617e-04
1.427699e+01    -5.501047e-04
1.428920e+01    -5.525111e-04
1.430142e+01    -5.546748e-04
1.431363e+01    -5.565840e-04
1.432584e+01    -5.582568e-04
1.433806e+01    -5.596707e-04
1.435027e+01    -5.608412e-04
1.436248e+01    -5.617701e-04
1.437469e+01    -5.624573e-04
1.438691e+01    -5.628919e-04
1.439912e+01    -5.631021e-04
1.441133e+01    -5.630404e-04
1.442355e+01    -5.627581e-04
1.443576e+01    -5.622312e-04
1.444797e+01    -5.614613e-04
1.446019e+01    -5.604600e-04
1.447240e+01    -5.592183e-04
1.448461e+01    -5.577250e-04
1.449682e+01    -5.560133e-04
1.450904e+01    -5.540572e-04
1.452125e+01    -5.518690e-04
1.453346e+01    -5.494491e-04
1.454568e+01    -5.467945e-04
1.455789e+01    -5.438895e-04
1.457010e+01    -5.407926e-04
1.458232e+01    -5.374390e-04
1.459453e+01    -5.338662e-04
1.460674e+01    -5.300604e-04
1.461895e+01    -5.260300e-04
1.463117e+01    -5.217561e-04
1.464338e+01    -5.172722e-04
1.465559e+01    -5.125629e-04
1.466781e+01    -5.076274e-04
1.468002e+01    -5.024745e-04
1.469223e+01    -4.970800e-04
1.470445e+01    -4.914812e-04
1.471666e+01    -4.856684e-04
1.472887e+01    -4.796059e-04
1.474109e+01    -4.733599e-04
1.475330e+01    -4.668571e-04
1.476551e+01    -4.601527e-04
1.477772e+01    -4.532263e-04
1.478994e+01    -4.460929e-04
1.480215e+01    -4.387397e-04
1.481436e+01    -4.311586e-04
1.482658e+01    -4.233653e-04
1.483879e+01    -4.153634e-04
1.485100e+01    -4.071473e-04
1.486321e+01    -3.987210e-04
1.487543e+01    -3.900705e-04
1.488764e+01    -3.812268e-04
1.489985e+01    -3.721482e-04
1.491207e+01    -3.628778e-04
1.492428e+01    -3.533838e-04
1.493649e+01    -3.437192e-04
1.494871e+01    -3.338146e-04
1.496092e+01    -3.236817e-04
1.497313e+01    -3.134141e-04
1.498534e+01    -3.029199e-04
1.499756e+01    -2.922229e-04
1.500977e+01    -2.813099e-04
1.502198e+01    -2.702127e-04
1.503420e+01    -2.589082e-04
1.504641e+01    -2.474214e-04
1.505862e+01    -2.357364e-04
1.507084e+01    -2.238620e-04
1.508305e+01    -2.117886e-04
1.509526e+01    -1.995414e-04
1.510747e+01    -1.871281e-04
1.511969e+01    -1.744856e-04
1.513190e+01    -1.616886e-04
1.514411e+01    -1.487084e-04
1.515633e+01    -1.355511e-04
1.516854e+01    -1.222287e-04
1.518075e+01    -1.087310e-04
1.519297e+01    -9.505535e-05
1.520518e+01    -8.123896e-05
1.521739e+01    -6.724238e-05
1.522960e+01    -5.309107e-05
1.524182e+01    -3.878625e-05
1.525403e+01    -2.433100e-05
1.526624e+01    -9.727293e-06
1.527846e+01    5.027259e-06
1.529067e+01    1.991028e-05
1.530288e+01    3.492825e-05
1.531509e+01    5.007888e-05
1.532731e+01    6.536233e-05
1.533952e+01    8.076295e-05
1.535173e+01    9.627812e-05
1.536395e+01    1.119072e-04
1.537616e+01    1.276430e-04
1.538837e+01    1.434811e-04
1.540059e+01    1.594123e-04
1.541280e+01    1.754411e-04
1.542501e+01    1.915402e-04
1.543723e+01    2.077358e-04
1.544944e+01    2.239939e-04
1.546165e+01    2.403206e-04
1.547386e+01    2.567116e-04
1.548608e+01    2.731581e-04
1.549829e+01    2.896488e-04
1.551050e+01    3.061743e-04
1.552272e+01    3.227498e-04
1.553493e+01    3.393600e-04
1.554714e+01    3.559639e-04
1.555935e+01    3.726026e-04
1.557157e+01    3.892291e-04
1.558378e+01    4.058719e-04
1.559599e+01    4.225071e-04
1.560821e+01    4.391096e-04
1.562042e+01    4.557040e-04
1.563263e+01    4.722623e-04
1.564485e+01    4.887761e-04
1.565706e+01    5.052547e-04
1.566927e+01    5.216624e-04
1.568149e+01    5.380145e-04
1.569370e+01    5.542823e-04
1.570591e+01    5.704831e-04
1.571812e+01    5.866630e-04
1.573034e+01    6.025819e-04
1.574255e+01    6.184957e-04
1.575476e+01    6.342810e-04
1.576698e+01    6.499429e-04
1.577919e+01    6.654704e-04
1.579140e+01    6.808593e-04
1.580362e+01    6.961022e-04
1.581583e+01    7.111740e-04
1.582804e+01    7.260827e-04
1.584025e+01    7.408055e-04
1.585247e+01    7.553740e-04
1.586468e+01    7.697350e-04
1.587689e+01    7.838930e-04
1.588911e+01    7.978164e-04
1.590132e+01    8.115763e-04
1.591353e+01    8.250842e-04
1.592575e+01    8.383560e-04
1.593796e+01    8.513911e-04
1.595017e+01    8.641729e-04
1.596238e+01    8.766962e-04
1.597460e+01    8.889650e-04
1.598681e+01    9.009499e-04
1.599902e+01    9.126416e-04
1.601124e+01    9.240567e-04
1.602345e+01    9.351862e-04
1.603566e+01    9.459952e-04
1.604787e+01    9.564884e-04
1.606009e+01    9.666817e-04
1.607230e+01    9.765375e-04
1.608451e+01    9.860650e-04
1.609673e+01    9.952544e-04
1.610894e+01    1.004143e-03
1.612115e+01    1.012604e-03
1.613337e+01    1.020739e-03
1.614558e+01    1.028524e-03
1.615779e+01    1.035936e-03
1.617001e+01    1.042976e-03
1.618222e+01    1.049635e-03
1.619443e+01    1.055942e-03
1.620664e+01    1.061820e-03
1.621886e+01    1.067323e-03
1.623107e+01    1.072438e-03
1.624328e+01    1.077154e-03
1.625550e+01    1.081470e-03
1.626771e+01    1.085388e-03
1.627992e+01    1.088892e-03
1.629214e+01    1.091998e-03
1.630435e+01    1.094676e-03
1.631656e+01    1.096947e-03
1.632877e+01    1.098809e-03
1.634099e+01    1.100221e-03
1.635320e+01    1.101274e-03
1.636541e+01    1.101875e-03
1.637763e+01    1.102064e-03
1.638984e+01    1.101836e-03
1.640205e+01    1.101181e-03
1.641426e+01    1.100104e-03
1.642648e+01    1.098616e-03
1.643869e+01    1.096710e-03
1.645090e+01    1.094373e-03
1.646312e+01    1.091626e-03
1.647533e+01    1.088462e-03
1.648754e+01    1.084889e-03
1.649976e+01    1.080916e-03
1.651197e+01    1.076509e-03
1.652418e+01    1.071706e-03
1.653639e+01    1.066497e-03
1.654861e+01    1.060894e-03
1.656082e+01    1.054884e-03
1.657303e+01    1.048493e-03
1.658525e+01    1.041710e-03
1.659746e+01    1.034542e-03
1.660967e+01    1.026983e-03
1.662189e+01    1.019059e-03
1.663410e+01    1.010752e-03
1.664631e+01    1.002105e-03
1.665853e+01    9.930824e-04
1.667074e+01    9.836999e-04
1.668295e+01    9.739904e-04
1.669516e+01    9.639249e-04
1.670738e+01    9.535330e-04
1.671959e+01    9.427990e-04
1.673180e+01    9.317534e-04
1.674402e+01    9.203871e-04
1.675623e+01    9.087148e-04
1.676844e+01    8.967409e-04
1.678065e+01    8.844658e-04
1.679287e+01    8.719156e-04
1.680508e+01    8.590916e-04
1.681729e+01    8.459646e-04
1.682951e+01    8.325835e-04
1.684172e+01    8.189596e-04
1.685393e+01    8.050734e-04
1.686615e+01    7.909506e-04
1.687836e+01    7.765964e-04
1.689057e+01    7.620413e-04
1.690278e+01    7.472293e-04
1.691500e+01    7.322337e-04
1.692721e+01    7.170295e-04
1.693942e+01    7.016408e-04
1.695164e+01    6.860630e-04
1.696385e+01    6.703112e-04
1.697606e+01    6.544281e-04
1.698828e+01    6.383440e-04
1.700049e+01    6.221465e-04
1.701270e+01    6.057884e-04
1.702491e+01    5.893080e-04
1.703713e+01    5.727051e-04
1.704934e+01    5.560042e-04
1.706155e+01    5.391902e-04
1.707377e+01    5.222869e-04
1.708598e+01    5.052896e-04
1.709819e+01    4.882163e-04
1.711040e+01    4.710396e-04
1.712262e+01    4.538857e-04
1.713483e+01    4.366257e-04
1.714705e+01    4.193355e-04
1.715926e+01    4.020154e-04
1.717147e+01    3.846512e-04
1.718368e+01    3.672697e-04
1.719590e+01    3.498609e-04
1.720811e+01    3.324692e-04
1.722032e+01    3.150834e-04
1.723254e+01    2.976850e-04
1.724475e+01    2.803122e-04
1.725696e+01    2.629726e-04
1.726917e+01    2.456581e-04
1.728139e+01    2.283787e-04
1.729360e+01    2.111545e-04
1.730581e+01    1.940074e-04
1.731803e+01    1.768631e-04
1.733024e+01    1.598035e-04
1.734245e+01    1.428178e-04
1.735467e+01    1.259172e-04
1.736688e+01    1.090934e-04
1.737909e+01    9.235655e-05
1.739130e+01    7.572089e-05
1.740352e+01    5.918137e-05
1.741573e+01    4.277430e-05
1.742794e+01    2.644003e-05
1.744016e+01    1.023734e-05
1.745237e+01    -5.838428e-06
1.746458e+01    -2.179754e-05
1.747680e+01    -3.762589e-05
1.748901e+01    -5.330256e-05
1.750122e+01    -6.886284e-05
1.751343e+01    -8.426308e-05
1.752565e+01    -9.952251e-05
1.753786e+01    -1.146440e-04
1.755007e+01    -1.295960e-04
1.756229e+01    -1.443902e-04
1.757450e+01    -1.590346e-04
1.758671e+01    -1.735085e-04
1.759892e+01    -1.878172e-04
1.761114e+01    -2.019528e-04
1.762335e+01    -2.159268e-04
1.763556e+01    -2.297251e-04
1.764778e+01    -2.433452e-04
1.765999e+01    -2.567882e-04
1.767220e+01    -2.700440e-04
1.768442e+01    -2.831221e-04
1.769663e+01    -2.960136e-04
1.770884e+01    -3.087221e-04
1.772106e+01    -3.211594e-04
1.773327e+01    -3.335771e-04
1.774548e+01    -3.457147e-04
1.775769e+01    -3.576614e-04
1.776991e+01    -3.694136e-04
1.778212e+01    -3.809754e-04
1.779433e+01    -3.923269e-04
1.780655e+01    -4.035078e-04
1.781876e+01    -4.144670e-04
1.783097e+01    -4.252371e-04
1.784319e+01    -4.358032e-04
1.785540e+01    -4.461517e-04
1.786761e+01    -4.563387e-04
1.787982e+01    -4.663094e-04
1.789204e+01    -4.760785e-04
1.790425e+01    -4.856455e-04
1.791646e+01    -4.950110e-04
1.792868e+01    -5.041650e-04
1.794089e+01    -5.131418e-04
1.795310e+01    -5.218987e-04
1.796531e+01    -5.304549e-04
1.797753e+01    -5.388205e-04
1.798974e+01    -5.469664e-04
1.800196e+01    -5.549096e-04
1.801417e+01    -5.626912e-04
1.802638e+01    -5.702098e-04
1.803859e+01    -5.775914e-04
1.805081e+01    -5.847292e-04
1.806302e+01    -5.916902e-04
1.807523e+01    -5.984223e-04
1.808744e+01    -6.049721e-04
1.809966e+01    -6.113187e-04
1.811187e+01    -6.174746e-04
1.812408e+01    -6.233944e-04
1.813630e+01    -6.291468e-04
1.814851e+01    -6.346815e-04
1.816072e+01    -6.400130e-04
1.817294e+01    -6.451504e-04
1.818515e+01    -6.500875e-04
1.819736e+01    -6.548176e-04
1.820958e+01    -6.593483e-04
1.822179e+01    -6.636782e-04
1.823400e+01    -6.677906e-04
1.824621e+01    -6.717254e-04
1.825843e+01    -6.754348e-04
1.827064e+01    -6.789606e-04
1.828285e+01    -6.822789e-04
1.829507e+01    -6.854041e-04
1.830728e+01    -6.883118e-04
1.831949e+01    -6.910187e-04
1.833171e+01    -6.935145e-04
1.834392e+01    -6.958302e-04
1.835613e+01    -6.979365e-04
1.836834e+01    -6.998189e-04
1.838056e+01    -7.015300e-04
1.839277e+01    -7.030485e-04
1.840498e+01    -7.043115e-04
1.841720e+01    -7.054099e-04
1.842941e+01    -7.062760e-04
1.844162e+01    -7.069840e-04
1.845383e+01    -7.074570e-04
1.846605e+01    -7.077212e-04
1.847826e+01    -7.077887e-04
1.849047e+01    -7.076501e-04
1.850269e+01    -7.072905e-04
1.851490e+01    -7.067481e-04
1.852711e+01    -7.059922e-04
1.853933e+01    -7.050398e-04
1.855154e+01    -7.038510e-04
1.856375e+01    -7.024619e-04
1.857596e+01    -7.008776e-04
1.858818e+01    -6.990702e-04
1.860039e+01    -6.970610e-04
1.861260e+01    -6.948443e-04
1.862482e+01    -6.924002e-04
1.863703e+01    -6.897915e-04
1.864924e+01    -6.869386e-04
1.866146e+01    -6.838897e-04
1.867367e+01    -6.806121e-04
1.868588e+01    -6.771539e-04
1.869810e+01    -6.734773e-04
1.871031e+01    -6.695869e-04
1.872252e+01    -6.654975e-04
1.873473e+01    -6.611978e-04
1.874695e+01    -6.566853e-04
1.875916e+01    -6.519810e-04
1.877137e+01    -6.470592e-04
1.878359e+01    -6.419360e-04
1.879580e+01    -6.366128e-04
1.880801e+01    -6.310872e-04
1.882022e+01    -6.253684e-04
1.883244e+01    -6.194303e-04
1.884465e+01    -6.133069e-04
1.885686e+01    -6.069776e-04
1.886908e+01    -6.004598e-04
1.888129e+01    -5.937300e-04
1.889350e+01    -5.868145e-04
1.890572e+01    -5.797211e-04
1.891793e+01    -5.724283e-04
1.893014e+01    -5.649442e-04
1.894235e+01    -5.572727e-04
1.895457e+01    -5.494149e-04
1.896678e+01    -5.413690e-04
1.897899e+01    -5.331656e-04
1.899121e+01    -5.247586e-04
1.900342e+01    -5.161866e-04
1.901563e+01    -5.074443e-04
1.902785e+01    -4.985386e-04
1.904006e+01    -4.894488e-04
1.905227e+01    -4.802038e-04
1.906449e+01    -4.707952e-04
1.907670e+01    -4.612403e-04
1.908891e+01    -4.515189e-04
1.910112e+01    -4.416637e-04
1.911334e+01    -4.316726e-04
1.912555e+01    -4.214962e-04
1.913776e+01    -4.112082e-04
1.914997e+01    -4.007972e-04
1.916219e+01    -3.902282e-04
1.917440e+01    -3.795433e-04
1.918661e+01    -3.687412e-04
1.919883e+01    -3.578326e-04
1.921104e+01    -3.468023e-04
1.922325e+01    -3.356614e-04
1.923547e+01    -3.244170e-04
1.924768e+01    -3.130701e-04
1.925989e+01    -3.016437e-04
1.927211e+01    -2.901363e-04
1.928432e+01    -2.785016e-04
1.929653e+01    -2.668506e-04
1.930874e+01    -2.550980e-04
1.932096e+01    -2.432781e-04
1.933317e+01    -2.313983e-04
1.934538e+01    -2.194653e-04
1.935760e+01    -2.074817e-04
1.936981e+01    -1.954528e-04
1.938202e+01    -1.833847e-04
1.939424e+01    -1.712630e-04
1.940645e+01    -1.591544e-04
1.941866e+01    -1.469856e-04
1.943087e+01    -1.348456e-04
1.944309e+01    -1.226827e-04
1.945530e+01    -1.104949e-04
1.946751e+01    -9.833701e-05
1.947973e+01    -8.616877e-05
1.949194e+01    -7.403620e-05
1.950415e+01    -6.191264e-05
1.951637e+01    -4.982876e-05
1.952858e+01    -3.776805e-05
1.954079e+01    -2.575187e-05
1.955301e+01    -1.382532e-05
1.956522e+01    -1.865395e-06
1.957743e+01    9.983327e-06
1.958964e+01    2.178651e-05
1.960186e+01    3.349490e-05
1.961407e+01    4.513078e-05
1.962628e+01    5.669080e-05
1.963849e+01    6.816516e-05
1.965071e+01    7.954596e-05
1.966292e+01    9.081020e-05
1.967513e+01    1.019823e-04
1.968735e+01    1.130275e-04
1.969956e+01    1.239716e-04
1.971177e+01    1.347911e-04
1.972399e+01    1.454584e-04
1.973620e+01    1.560275e-04
1.974841e+01    1.664411e-04
1.976063e+01    1.767287e-04
1.977284e+01    1.868343e-04
1.978505e+01    1.968008e-04
1.979726e+01    2.066183e-04
1.980948e+01    2.162780e-04
1.982169e+01    2.257321e-04
1.983390e+01    2.350505e-04
1.984612e+01    2.441721e-04
1.985833e+01    2.531065e-04
1.987054e+01    2.618702e-04
1.988276e+01    2.704321e-04
1.989497e+01    2.787802e-04
1.990718e+01    2.869866e-04
1.991939e+01    2.949680e-04
1.993161e+01    3.027427e-04
1.994382e+01    3.102995e-04
1.995603e+01    3.176506e-04
1.996825e+01    3.247885e-04
1.998046e+01    3.317161e-04
1.999267e+01    3.384219e-04
2.000488e+01    3.449025e-04
2.001710e+01    3.511771e-04
2.002931e+01    3.572472e-04
2.004152e+01    3.630428e-04
2.005374e+01    3.685993e-04
2.006595e+01    3.739602e-04
2.007816e+01    3.790632e-04
2.009038e+01    3.839403e-04
2.010259e+01    3.885878e-04
2.011480e+01    3.930310e-04
2.012702e+01    3.971980e-04
2.013923e+01    4.011314e-04
2.015144e+01    4.048407e-04
2.016365e+01    4.083145e-04
2.017587e+01    4.115327e-04
2.018808e+01    4.145267e-04
2.020029e+01    4.172893e-04
2.021251e+01    4.197985e-04
2.022472e+01    4.220781e-04
2.023693e+01    4.241447e-04
2.024915e+01    4.259345e-04
2.026136e+01    4.275079e-04
2.027357e+01    4.288508e-04
2.028578e+01    4.299566e-04
2.029800e+01    4.308322e-04
2.031021e+01    4.314850e-04
2.032242e+01    4.319082e-04
2.033464e+01    4.320938e-04
2.034685e+01    4.320784e-04
2.035906e+01    4.318503e-04
2.037127e+01    4.313539e-04
2.038349e+01    4.306941e-04
2.039570e+01    4.297924e-04
2.040791e+01    4.286838e-04
2.042013e+01    4.273799e-04
2.043234e+01    4.258341e-04
2.044455e+01    4.241097e-04
2.045677e+01    4.221859e-04
2.046898e+01    4.200682e-04
2.048119e+01    4.177488e-04
2.049340e+01    4.152416e-04
2.050562e+01    4.125160e-04
2.051783e+01    4.096775e-04
2.053004e+01    4.066066e-04
2.054226e+01    4.033775e-04
2.055447e+01    3.999649e-04
2.056668e+01    3.963995e-04
2.057890e+01    3.926567e-04
2.059111e+01    3.887514e-04
2.060332e+01    3.847036e-04
2.061554e+01    3.804812e-04
2.062775e+01    3.761148e-04
2.063996e+01    3.716004e-04
2.065217e+01    3.669581e-04
2.066439e+01    3.621763e-04
2.067660e+01    3.573092e-04
2.068881e+01    3.521981e-04
2.070103e+01    3.470284e-04
2.071324e+01    3.417259e-04
2.072545e+01    3.363188e-04
2.073767e+01    3.308025e-04
2.074988e+01    3.251818e-04
2.076209e+01    3.194195e-04
2.077430e+01    3.135900e-04
2.078652e+01    3.076622e-04
2.079873e+01    3.016322e-04
2.081094e+01    2.954928e-04
2.082316e+01    2.893257e-04
2.083537e+01    2.830614e-04
2.084758e+01    2.767498e-04
2.085979e+01    2.702826e-04
2.087201e+01    2.637981e-04
2.088422e+01    2.572493e-04
2.089643e+01    2.506474e-04
2.090865e+01    2.439783e-04
2.092086e+01    2.372607e-04
2.093307e+01    2.304991e-04
2.094529e+01    2.236880e-04
2.095750e+01    2.168400e-04
2.096971e+01    2.099673e-04
2.098192e+01    2.030532e-04
2.099414e+01    1.961119e-04
2.100635e+01    1.891378e-04
2.101856e+01    1.821566e-04
2.103078e+01    1.751499e-04
2.104299e+01    1.681069e-04
2.105520e+01    1.610831e-04
2.106742e+01    1.540327e-04
2.107963e+01    1.469783e-04
2.109184e+01    1.399278e-04
2.110406e+01    1.328681e-04
2.111627e+01    1.257897e-04
2.112848e+01    1.187864e-04
2.114069e+01    1.117462e-04
2.115291e+01    1.047252e-04
2.116512e+01    9.773283e-05
2.117733e+01    9.072898e-05
2.118955e+01    8.375077e-05
2.120176e+01    7.680638e-05
2.121397e+01    6.988502e-05
2.122618e+01    6.299227e-05
2.123840e+01    5.612831e-05
2.125061e+01    4.927762e-05
2.126282e+01    4.249587e-05
2.127504e+01    3.574062e-05
2.128725e+01    2.904091e-05
2.129946e+01    2.232614e-05
2.131168e+01    1.568648e-05
2.132389e+01    9.085023e-06
2.133610e+01    2.543093e-06
2.134831e+01    -3.945985e-06
2.136053e+01    -1.040046e-05
2.137274e+01    -1.679310e-05
2.138495e+01    -2.314291e-05
2.139717e+01    -2.943794e-05
2.140938e+01    -3.564435e-05
2.142159e+01    -4.183975e-05
2.143381e+01    -4.793241e-05
2.144602e+01    -5.398010e-05
2.145823e+01    -5.996691e-05
2.147044e+01    -6.588369e-05
2.148266e+01    -7.174053e-05
2.149487e+01    -7.753012e-05
2.150708e+01    -8.324812e-05
2.151930e+01    -8.890327e-05
2.153151e+01    -9.447720e-05
2.154372e+01    -9.998023e-05
2.155593e+01    -1.054194e-04
2.156815e+01    -1.107721e-04
2.158036e+01    -1.160611e-04
2.159258e+01    -1.212666e-04
2.160479e+01    -1.263928e-04
2.161700e+01    -1.314422e-04
2.162921e+01    -1.364112e-04
2.164143e+01    -1.413101e-04
2.165364e+01    -1.461128e-04
2.166585e+01    -1.508371e-04
2.167807e+01    -1.554846e-04
2.169028e+01    -1.600413e-04
2.170249e+01    -1.645099e-04
2.171470e+01    -1.688978e-04
2.172692e+01    -1.732671e-04
2.173913e+01    -1.773996e-04
2.175134e+01    -1.815395e-04
2.176356e+01    -1.855497e-04
2.177577e+01    -1.895041e-04
2.178798e+01    -1.933548e-04
2.180020e+01    -1.971062e-04
2.181241e+01    -2.007613e-04
2.182462e+01    -2.043430e-04
2.183683e+01    -2.078228e-04
2.184905e+01    -2.112087e-04
2.186126e+01    -2.144367e-04
2.187347e+01    -2.176755e-04
2.188569e+01    -2.207783e-04
2.189790e+01    -2.237434e-04
2.191011e+01    -2.266507e-04
2.192233e+01    -2.294517e-04
2.193454e+01    -2.321326e-04
2.194675e+01    -2.347286e-04
2.195897e+01    -2.372163e-04
2.197118e+01    -2.396030e-04
2.198339e+01    -2.418995e-04
2.199560e+01    -2.440637e-04
2.200782e+01    -2.461481e-04
2.202003e+01    -2.481168e-04
2.203224e+01    -2.499995e-04
2.204445e+01    -2.517345e-04
2.205667e+01    -2.533848e-04
2.206888e+01    -2.548873e-04
2.208109e+01    -2.563642e-04
2.209331e+01    -2.576771e-04
2.210552e+01    -2.589065e-04
2.211773e+01    -2.600007e-04
2.212995e+01    -2.610004e-04
2.214216e+01    -2.618947e-04
2.215437e+01    -2.626537e-04
2.216659e+01    -2.633065e-04
2.217880e+01    -2.638591e-04
2.219101e+01    -2.642848e-04
2.220322e+01    -2.646225e-04
2.221544e+01    -2.648208e-04
2.222765e+01    -2.649236e-04
2.223986e+01    -2.648931e-04
2.225208e+01    -2.647549e-04
2.226429e+01    -2.645213e-04
2.227650e+01    -2.641499e-04
2.228872e+01    -2.636825e-04
2.230093e+01    -2.630950e-04
2.231314e+01    -2.623845e-04
2.232535e+01    -2.615675e-04
2.233757e+01    -2.606202e-04
2.234978e+01    -2.595942e-04
2.236199e+01    -2.584345e-04
2.237421e+01    -2.571821e-04
2.238642e+01    -2.557760e-04
2.239863e+01    -2.542679e-04
2.241084e+01    -2.526763e-04
2.242306e+01    -2.509395e-04
2.243527e+01    -2.491125e-04
2.244748e+01    -2.471629e-04
2.245970e+01    -2.451040e-04
2.247191e+01    -2.429236e-04
2.248412e+01    -2.406724e-04
2.249634e+01    -2.382851e-04
2.250855e+01    -2.357935e-04
2.252076e+01    -2.332012e-04
2.253297e+01    -2.304873e-04
2.254519e+01    -2.277761e-04
2.255740e+01    -2.247712e-04
2.256961e+01    -2.217504e-04
2.258183e+01    -2.186341e-04
2.259404e+01    -2.154190e-04
2.260625e+01    -2.120959e-04
2.261847e+01    -2.086768e-04
2.263068e+01    -2.051812e-04
2.264289e+01    -2.015646e-04
2.265511e+01    -1.978712e-04
2.266732e+01    -1.940805e-04
2.267953e+01    -1.901954e-04
2.269174e+01    -1.862427e-04
2.270396e+01    -1.821773e-04
2.271617e+01    -1.780420e-04
2.272838e+01    -1.738249e-04
2.274060e+01    -1.695272e-04
2.275281e+01    -1.651466e-04
2.276502e+01    -1.606854e-04
2.277724e+01    -1.561560e-04
2.278945e+01    -1.515548e-04
2.280166e+01    -1.468789e-04
2.281387e+01    -1.421478e-04
2.282609e+01    -1.373403e-04
2.283830e+01    -1.324703e-04
2.285051e+01    -1.275401e-04
2.286273e+01    -1.225563e-04
2.287494e+01    -1.175168e-04
2.288715e+01    -1.124126e-04
2.289936e+01    -1.072572e-04
2.291158e+01    -1.020612e-04
2.292379e+01    -9.681558e-05
2.293600e+01    -9.152491e-05
2.294822e+01    -8.618279e-05
2.296043e+01    -8.083030e-05
2.297264e+01    -7.542747e-05
2.298486e+01    -6.998202e-05
2.299707e+01    -6.452668e-05
2.300928e+01    -5.902152e-05
2.302150e+01    -5.351921e-05
2.303371e+01    -4.795945e-05
2.304592e+01    -4.240230e-05
2.305813e+01    -3.682857e-05
2.307035e+01    -3.123248e-05
2.308256e+01    -2.562575e-05
2.309477e+01    -2.002774e-05
2.310699e+01    -1.442619e-05
2.311920e+01    -8.798263e-06
2.313141e+01    -3.194727e-06
2.314363e+01    2.408808e-06
2.315584e+01    8.024334e-06
2.316805e+01    1.359859e-05
2.318026e+01    1.917180e-05
2.319248e+01    2.472324e-05
2.320469e+01    3.026822e-05
2.321690e+01    3.578438e-05
2.322912e+01    4.129001e-05
2.324133e+01    4.676252e-05
2.325354e+01    5.219370e-05
2.326575e+01    5.759683e-05
2.327797e+01    6.298395e-05
2.329018e+01    6.830768e-05
2.330239e+01    7.361220e-05
2.331461e+01    7.886550e-05
2.332682e+01    8.408027e-05
2.333903e+01    8.924952e-05
2.335125e+01    9.435473e-05
2.336346e+01    9.940972e-05
2.337567e+01    1.044194e-04
2.338788e+01    1.093615e-04
2.340010e+01    1.142555e-04
2.341231e+01    1.190818e-04
2.342452e+01    1.238568e-04
2.343674e+01    1.285484e-04
2.344895e+01    1.331784e-04
2.346116e+01    1.377228e-04
2.347338e+01    1.422307e-04
2.348559e+01    1.466469e-04
2.349780e+01    1.509786e-04
2.351002e+01    1.552312e-04
2.352223e+01    1.594183e-04
2.353444e+01    1.635145e-04
2.354665e+01    1.675232e-04
2.355887e+01    1.714805e-04
2.357108e+01    1.753041e-04
2.358329e+01    1.790434e-04
2.359550e+01    1.827281e-04
2.360772e+01    1.863112e-04
2.361993e+01    1.898026e-04
2.363214e+01    1.932320e-04
2.364436e+01    1.965041e-04
2.365657e+01    1.997225e-04
2.366878e+01    2.028354e-04
2.368100e+01    2.058568e-04
2.369321e+01    2.087699e-04
2.370542e+01    2.116034e-04
2.371764e+01    2.143345e-04
2.372985e+01    2.169453e-04
2.374206e+01    2.194870e-04
2.375427e+01    2.219136e-04
2.376649e+01    2.242048e-04
2.377870e+01    2.264799e-04
2.379091e+01    2.285959e-04
2.380313e+01    2.306408e-04
2.381534e+01    2.325533e-04
2.382755e+01    2.343690e-04
2.383977e+01    2.360966e-04
2.385198e+01    2.377229e-04
2.386419e+01    2.392368e-04
2.387640e+01    2.406471e-04
2.388862e+01    2.419611e-04
2.390083e+01    2.431765e-04
2.391304e+01    2.442745e-04
2.392526e+01    2.452859e-04
2.393747e+01    2.461938e-04
2.394968e+01    2.470010e-04
2.396189e+01    2.477115e-04
2.397411e+01    2.483195e-04
2.398632e+01    2.488334e-04
2.399854e+01    2.492369e-04
2.401075e+01    2.495558e-04
2.402296e+01    2.497797e-04
2.403517e+01    2.498747e-04
2.404739e+01    2.499271e-04
2.405960e+01    2.498712e-04
2.407181e+01    2.497401e-04
2.408403e+01    2.494490e-04
2.409624e+01    2.491119e-04
2.410845e+01    2.486732e-04
2.412066e+01    2.481462e-04
2.413288e+01    2.475392e-04
2.414509e+01    2.468329e-04
2.415730e+01    2.460464e-04
2.416952e+01    2.452089e-04
2.418173e+01    2.442203e-04
2.419394e+01    2.431780e-04
2.420616e+01    2.420474e-04
2.421837e+01    2.408430e-04
2.423058e+01    2.395476e-04
2.424279e+01    2.382945e-04
2.425501e+01    2.367300e-04
2.426722e+01    2.352027e-04
2.427943e+01    2.336006e-04
2.429165e+01    2.319551e-04
2.430386e+01    2.301814e-04
2.431607e+01    2.283522e-04
2.432829e+01    2.264473e-04
2.434050e+01    2.244930e-04
2.435271e+01    2.224790e-04
2.436492e+01    2.203515e-04
2.437714e+01    2.181755e-04
2.438935e+01    2.159364e-04
2.440156e+01    2.136527e-04
2.441378e+01    2.112871e-04
2.442599e+01    2.088561e-04
2.443820e+01    2.063822e-04
2.445041e+01    2.038453e-04
2.446263e+01    2.012315e-04
2.447484e+01    1.985721e-04
2.448705e+01    1.958624e-04
2.449927e+01    1.930981e-04
2.451148e+01    1.903099e-04
2.452369e+01    1.873957e-04
2.453591e+01    1.844704e-04
2.454812e+01    1.814994e-04
2.456033e+01    1.784783e-04
2.457255e+01    1.753886e-04
2.458476e+01    1.722713e-04
2.459697e+01    1.690990e-04
2.460918e+01    1.658859e-04
2.462140e+01    1.626433e-04
2.463361e+01    1.593532e-04
2.464582e+01    1.559539e-04
2.465804e+01    1.526092e-04
2.467025e+01    1.491941e-04
2.468246e+01    1.457192e-04
2.469468e+01    1.422175e-04
2.470689e+01    1.386774e-04
2.471910e+01    1.350991e-04
2.473131e+01    1.314864e-04
2.474353e+01    1.278454e-04
2.475574e+01    1.241675e-04
2.476795e+01    1.204491e-04
2.478017e+01    1.167169e-04
2.479238e+01    1.129375e-04
2.480459e+01    1.091313e-04
2.481680e+01    1.052887e-04
2.482902e+01    1.014271e-04
2.484123e+01    9.755201e-05
2.485344e+01    9.363293e-05
2.486566e+01    8.970386e-05
2.487787e+01    8.572714e-05
2.489008e+01    8.175314e-05
2.490230e+01    7.771932e-05
2.491451e+01    7.369183e-05
2.492672e+01    6.964688e-05
2.493893e+01    6.557081e-05
2.495115e+01    6.147800e-05
2.496336e+01    5.736048e-05
2.497557e+01    5.322967e-05
2.498779e+01    4.907617e-05
2.500000e+01    4.490996e-05
