0.000000e+00    -8.428877e+00
1.221299e-02    -8.421136e+00
2.442599e-02    -8.397943e+00
3.663898e-02    -8.359393e+00
4.885198e-02    -8.305640e+00
6.106497e-02    -8.236902e+00
7.327797e-02    -8.153456e+00
8.549096e-02    -8.055634e+00
9.770396e-02    -7.943830e+00
1.099169e-01    -7.818485e+00
1.221299e-01    -7.680098e+00
1.343429e-01    -7.529211e+00
1.465559e-01    -7.366416e+00
1.587689e-01    -7.192345e+00
1.709819e-01    -7.007667e+00
1.831949e-01    -6.813091e+00
1.954079e-01    -6.609353e+00
2.076209e-01    -6.397214e+00
2.198339e-01    -6.177466e+00
2.320469e-01    -5.950912e+00
2.442599e-01    -5.718371e+00
2.564729e-01    -5.480677e+00
2.686859e-01    -5.238665e+00
2.808989e-01    -4.993175e+00
2.931119e-01    -4.745042e+00
3.053249e-01    -4.495099e+00
3.175378e-01    -4.244164e+00
3.297509e-01    -3.993046e+00
3.419639e-01    -3.742534e+00
3.541768e-01    -3.493396e+00
3.663898e-01    -3.246376e+00
3.786028e-01    -3.002194e+00
3.908158e-01    -2.761534e+00
4.030288e-01    -2.525054e+00
4.152418e-01    -2.293375e+00
4.274548e-01    -2.067079e+00
4.396678e-01    -1.846713e+00
4.518808e-01    -1.632783e+00
4.640938e-01    -1.425752e+00
4.763068e-01    -1.226043e+00
4.885198e-01    -1.034037e+00
5.007328e-01    -8.500679e-01
5.129458e-01    -6.744291e-01
5.251588e-01    -5.073700e-01
5.373718e-01    -3.490961e-01
5.495847e-01    -1.997709e-01
5.617977e-01    -5.951552e-02
5.740107e-01    7.158986e-02
5.862237e-01    1.935051e-01
5.984367e-01    3.062284e-01
6.106497e-01    4.097956e-01
6.228627e-01    5.042778e-01
6.350757e-01    5.897804e-01
6.472887e-01    6.664402e-01
6.595017e-01    7.344253e-01
6.717147e-01    7.939302e-01
6.839277e-01    8.451769e-01
6.961407e-01    8.884109e-01
7.083537e-01    9.238992e-01
7.205667e-01    9.519286e-01
7.327797e-01    9.728029e-01
7.449927e-01    9.868419e-01
7.572057e-01    9.943771e-01
7.694187e-01    9.957520e-01
7.816316e-01    9.913180e-01
7.938446e-01    9.814337e-01
8.060576e-01    9.664620e-01
8.182706e-01    9.467687e-01
8.304836e-01    9.227204e-01
8.426966e-01    8.946832e-01
8.549096e-01    8.630201e-01
8.671226e-01    8.280901e-01
8.793356e-01    7.902467e-01
8.915486e-01    7.498365e-01
9.037616e-01    7.071975e-01
9.159746e-01    6.626584e-01
9.281876e-01    6.165376e-01
9.404006e-01    5.691416e-01
9.526136e-01    5.207652e-01
9.648266e-01    4.716892e-01
9.770396e-01    4.221818e-01
9.892526e-01    3.724961e-01
1.001466e+00    3.228713e-01
1.013679e+00    2.735310e-01
1.025892e+00    2.246841e-01
1.038105e+00    1.765239e-01
1.050318e+00    1.292283e-01
1.062531e+00    8.296011e-02
1.074744e+00    3.786655e-02
1.086957e+00    -5.920075e-03
1.099169e+00    -4.828230e-02
1.111382e+00    -8.911722e-02
1.123595e+00    -1.283361e-01
1.135808e+00    -1.658637e-01
1.148021e+00    -2.016386e-01
1.160234e+00    -2.356116e-01
1.172447e+00    -2.677461e-01
1.184660e+00    -2.980168e-01
1.196873e+00    -3.264098e-01
1.209086e+00    -3.529212e-01
1.221299e+00    -3.775574e-01
1.233512e+00    -4.003335e-01
1.245725e+00    -4.212732e-01
1.257938e+00    -4.404080e-01
1.270151e+00    -4.577765e-01
1.282364e+00    -4.734238e-01
1.294577e+00    -4.874006e-01
1.306790e+00    -4.997632e-01
1.319003e+00    -5.105716e-01
1.331216e+00    -5.198905e-01
1.343429e+00    -5.277874e-01
1.355642e+00    -5.343328e-01
1.367855e+00    -5.395988e-01
1.380068e+00    -5.436600e-01
1.392281e+00    -5.465910e-01
1.404494e+00    -5.484679e-01
1.416707e+00    -5.493662e-01
1.428920e+00    -5.493619e-01
1.441133e+00    -5.485293e-01
1.453346e+00    -5.469426e-01
1.465559e+00    -5.446739e-01
1.477772e+00    -5.417939e-01
1.489985e+00    -5.383714e-01
1.502198e+00    -5.344725e-01
1.514411e+00    -5.301610e-01
1.526624e+00    -5.254981e-01
1.538837e+00    -5.205423e-01
1.551050e+00    -5.153487e-01
1.563263e+00    -5.099695e-01
1.575476e+00    -5.044536e-01
1.587689e+00    -4.988470e-01
1.599902e+00    -4.931918e-01
1.612115e+00    -4.875272e-01
1.624328e+00    -4.818889e-01
1.636541e+00    -4.763092e-01
1.648754e+00    -4.708173e-01
1.660967e+00    -4.654392e-01
1.673180e+00    -4.601976e-01
1.685393e+00    -4.551120e-01
1.697606e+00    -4.501993e-01
1.709819e+00    -4.454731e-01
1.722032e+00    -4.409446e-01
1.734245e+00    -4.366221e-01
1.746458e+00    -4.325117e-01
1.758671e+00    -4.286167e-01
1.770884e+00    -4.249387e-01
1.783097e+00    -4.214767e-01
1.795310e+00    -4.182281e-01
1.807523e+00    -4.151885e-01
1.819736e+00    -4.123520e-01
1.831949e+00    -4.097108e-01
1.844162e+00    -4.072563e-01
1.856375e+00    -4.049785e-01
1.868588e+00    -4.028662e-01
1.880801e+00    -4.009079e-01
1.893014e+00    -3.990907e-01
1.905227e+00    -3.974016e-01
1.917440e+00    -3.958269e-01
1.929653e+00    -3.943526e-01
1.941866e+00    -3.929645e-01
1.954079e+00    -3.916484e-01
1.966292e+00    -3.903899e-01
1.978505e+00    -3.891749e-01
1.990718e+00    -3.879896e-01
2.002931e+00    -3.868199e-01
2.015144e+00    -3.856527e-01
2.027357e+00    -3.844752e-01
2.039570e+00    -3.832750e-01
2.051783e+00    -3.820401e-01
2.063996e+00    -3.807594e-01
2.076209e+00    -3.794224e-01
2.088422e+00    -3.780193e-01
2.100635e+00    -3.765408e-01
2.112848e+00    -3.749787e-01
2.125061e+00    -3.733253e-01
2.137274e+00    -3.715737e-01
2.149487e+00    -3.697182e-01
2.161700e+00    -3.677534e-01
2.173913e+00    -3.656747e-01
2.186126e+00    -3.634787e-01
2.198339e+00    -3.611623e-01
2.210552e+00    -3.587236e-01
2.222765e+00    -3.561610e-01
2.234978e+00    -3.534740e-01
2.247191e+00    -3.506626e-01
2.259404e+00    -3.477274e-01
2.271617e+00    -3.446696e-01
2.283830e+00    -3.414915e-01
2.296043e+00    -3.381952e-01
2.308256e+00    -3.347839e-01
2.320469e+00    -3.312609e-01
2.332682e+00    -3.276302e-01
2.344895e+00    -3.238963e-01
2.357108e+00    -3.200637e-01
2.369321e+00    -3.161376e-01
2.381534e+00    -3.121233e-01
2.393747e+00    -3.080264e-01
2.405960e+00    -3.038527e-01
2.418173e+00    -2.996082e-01
2.430386e+00    -2.952991e-01
2.442599e+00    -2.909317e-01
2.454812e+00    -2.865121e-01
2.467025e+00    -2.820469e-01
2.479238e+00    -2.775425e-01
2.491451e+00    -2.730050e-01
2.503664e+00    -2.684409e-01
2.515877e+00    -2.638564e-01
2.528090e+00    -2.592576e-01
2.540303e+00    -2.546506e-01
2.552516e+00    -2.500412e-01
2.564729e+00    -2.454351e-01
2.576942e+00    -2.408378e-01
2.589155e+00    -2.362547e-01
2.601368e+00    -2.316908e-01
2.613581e+00    -2.271510e-01
2.625794e+00    -2.226401e-01
2.638007e+00    -2.181624e-01
2.650220e+00    -2.137221e-01
2.662433e+00    -2.093231e-01
2.674646e+00    -2.049690e-01
2.686859e+00    -2.006632e-01
2.699072e+00    -1.964090e-01
2.711285e+00    -1.922089e-01
2.723498e+00    -1.880659e-01
2.735711e+00    -1.839821e-01
2.747924e+00    -1.799598e-01
2.760137e+00    -1.760006e-01
2.772350e+00    -1.721063e-01
2.784563e+00    -1.682782e-01
2.796776e+00    -1.645175e-01
2.808989e+00    -1.608251e-01
2.821202e+00    -1.572017e-01
2.833415e+00    -1.536478e-01
2.845628e+00    -1.501638e-01
2.857841e+00    -1.467499e-01
2.870054e+00    -1.434058e-01
2.882267e+00    -1.401317e-01
2.894480e+00    -1.369270e-01
2.906693e+00    -1.337913e-01
2.918906e+00    -1.307240e-01
2.931119e+00    -1.277244e-01
2.943332e+00    -1.247916e-01
2.955545e+00    -1.219248e-01
2.967758e+00    -1.191230e-01
2.979971e+00    -1.163850e-01
2.992184e+00    -1.137097e-01
3.004397e+00    -1.110959e-01
3.016610e+00    -1.085424e-01
3.028823e+00    -1.060479e-01
3.041036e+00    -1.036110e-01
3.053249e+00    -1.012304e-01
3.065462e+00    -9.890477e-02
3.077675e+00    -9.663271e-02
3.089888e+00    -9.441287e-02
3.102101e+00    -9.224385e-02
3.114314e+00    -9.012435e-02
3.126527e+00    -8.805299e-02
3.138740e+00    -8.602846e-02
3.150953e+00    -8.404946e-02
3.163166e+00    -8.211473e-02
3.175379e+00    -8.022302e-02
3.187592e+00    -7.837310e-02
3.199805e+00    -7.656382e-02
3.212018e+00    -7.479410e-02
3.224231e+00    -7.306275e-02
3.236444e+00    -7.136875e-02
3.248657e+00    -6.971110e-02
3.260870e+00    -6.808881e-02
3.273082e+00    -6.650098e-02
3.285295e+00    -6.494666e-02
3.297508e+00    -6.342504e-02
3.309721e+00    -6.193530e-02
3.321934e+00    -6.047669e-02
3.334147e+00    -5.904845e-02
3.346360e+00    -5.764991e-02
3.358573e+00    -5.628039e-02
3.370786e+00    -5.493929e-02
3.382999e+00    -5.362600e-02
3.395212e+00    -5.233997e-02
3.407425e+00    -5.108069e-02
3.419638e+00    -4.984762e-02
3.431851e+00    -4.864031e-02
3.444064e+00    -4.745830e-02
3.456277e+00    -4.630117e-02
3.468490e+00    -4.516849e-02
3.480703e+00    -4.405988e-02
3.492916e+00    -4.297497e-02
3.505129e+00    -4.191338e-02
3.517342e+00    -4.087479e-02
3.529555e+00    -3.985884e-02
3.541768e+00    -3.886521e-02
3.553981e+00    -3.789358e-02
3.566194e+00    -3.694361e-02
3.578407e+00    -3.601503e-02
3.590620e+00    -3.510750e-02
3.602833e+00    -3.422074e-02
3.615046e+00    -3.335442e-02
3.627259e+00    -3.250826e-02
3.639472e+00    -3.168195e-02
3.651685e+00    -3.087517e-02
3.663898e+00    -3.008762e-02
3.676111e+00    -2.931901e-02
3.688324e+00    -2.856901e-02
3.700537e+00    -2.783721e-02
3.712750e+00    -2.712355e-02
3.724963e+00    -2.642745e-02
3.737176e+00    -2.574867e-02
3.749389e+00    -2.508687e-02
3.761602e+00    -2.444174e-02
3.773815e+00    -2.381291e-02
3.786028e+00    -2.320004e-02
3.798241e+00    -2.260279e-02
3.810454e+00    -2.202082e-02
3.822667e+00    -2.145378e-02
3.834880e+00    -2.090131e-02
3.847093e+00    -2.036305e-02
3.859306e+00    -1.983867e-02
3.871519e+00    -1.932779e-02
3.883732e+00    -1.883008e-02
3.895945e+00    -1.834519e-02
3.908158e+00    -1.787274e-02
3.920371e+00    -1.741242e-02
3.932584e+00    -1.696387e-02
3.944797e+00    -1.652676e-02
3.957010e+00    -1.610075e-02
3.969223e+00    -1.568551e-02
3.981436e+00    -1.528072e-02
3.993649e+00    -1.488606e-02
4.005862e+00    -1.450121e-02
4.018075e+00    -1.412590e-02
4.030288e+00    -1.375979e-02
4.042501e+00    -1.340263e-02
4.054714e+00    -1.305411e-02
4.066927e+00    -1.271400e-02
4.079140e+00    -1.238200e-02
4.091353e+00    -1.205790e-02
4.103566e+00    -1.174142e-02
4.115779e+00    -1.143237e-02
4.127992e+00    -1.113051e-02
4.140205e+00    -1.083565e-02
4.152418e+00    -1.054756e-02
4.164631e+00    -1.026609e-02
4.176844e+00    -9.991047e-03
4.189057e+00    -9.722278e-03
4.201270e+00    -9.459674e-03
4.213483e+00    -9.202964e-03
4.225696e+00    -8.952147e-03
4.237909e+00    -8.707057e-03
4.250122e+00    -8.467600e-03
4.262335e+00    -8.233641e-03
4.274548e+00    -8.005137e-03
4.286761e+00    -7.781980e-03
4.298974e+00    -7.564114e-03
4.311187e+00    -7.351459e-03
4.323400e+00    -7.143984e-03
4.335613e+00    -6.941626e-03
4.347826e+00    -6.744368e-03
4.360039e+00    -6.552158e-03
4.372252e+00    -6.364989e-03
4.384465e+00    -6.182831e-03
4.396678e+00    -6.005693e-03
4.408891e+00    -5.833534e-03
4.421104e+00    -5.666382e-03
4.433317e+00    -5.504222e-03
4.445530e+00    -5.347079e-03
4.457743e+00    -5.194939e-03
4.469956e+00    -5.047834e-03
4.482169e+00    -4.905771e-03
4.494382e+00    -4.768758e-03
4.506595e+00    -4.636814e-03
4.518808e+00    -4.509977e-03
4.531021e+00    -4.388241e-03
4.543234e+00    -4.271647e-03
4.555447e+00    -4.160187e-03
4.567660e+00    -4.053904e-03
4.579873e+00    -3.952786e-03
4.592086e+00    -3.856894e-03
4.604299e+00    -3.766197e-03
4.616512e+00    -3.680722e-03
4.628725e+00    -3.600482e-03
4.640938e+00    -3.525478e-03
4.653151e+00    -3.455709e-03
4.665364e+00    -3.391179e-03
4.677577e+00    -3.331878e-03
4.689790e+00    -3.277804e-03
4.702003e+00    -3.228959e-03
4.714216e+00    -3.185270e-03
4.726429e+00    -3.146773e-03
4.738642e+00    -3.113423e-03
4.750855e+00    -3.085188e-03
4.763068e+00    -3.062021e-03
4.775281e+00    -3.043900e-03
4.787494e+00    -3.030758e-03
4.799707e+00    -3.022551e-03
4.811920e+00    -3.019266e-03
4.824133e+00    -3.020784e-03
4.836346e+00    -3.027052e-03
4.848559e+00    -3.038013e-03
4.860772e+00    -3.053581e-03
4.872985e+00    -3.073681e-03
4.885198e+00    -3.098227e-03
4.897411e+00    -3.127147e-03
4.909624e+00    -3.160283e-03
4.921837e+00    -3.197600e-03
4.934050e+00    -3.238994e-03
4.946263e+00    -3.284314e-03
4.958476e+00    -3.333493e-03
4.970689e+00    -3.386392e-03
4.982902e+00    -3.442905e-03
4.995115e+00    -3.502903e-03
5.007328e+00    -3.566263e-03
5.019541e+00    -3.632868e-03
5.031754e+00    -3.702564e-03
5.043967e+00    -3.775233e-03
5.056180e+00    -3.850743e-03
5.068393e+00    -3.928950e-03
5.080606e+00    -4.009701e-03
5.092819e+00    -4.092883e-03
5.105031e+00    -4.178326e-03
5.117245e+00    -4.265896e-03
5.129457e+00    -4.355435e-03
5.141671e+00    -4.446816e-03
5.153883e+00    -4.539868e-03
5.166097e+00    -4.634437e-03
5.178309e+00    -4.730416e-03
5.190523e+00    -4.827616e-03
5.202735e+00    -4.925890e-03
5.214949e+00    -5.025094e-03
5.227162e+00    -5.125077e-03
5.239375e+00    -5.225685e-03
5.251588e+00    -5.326773e-03
5.263801e+00    -5.428196e-03
5.276014e+00    -5.529799e-03
5.288227e+00    -5.631447e-03
5.300440e+00    -5.732993e-03
5.312653e+00    -5.834273e-03
5.324866e+00    -5.935192e-03
5.337079e+00    -6.035573e-03
5.349292e+00    -6.135286e-03
5.361505e+00    -6.234222e-03
5.373718e+00    -6.332220e-03
5.385931e+00    -6.429148e-03
5.398144e+00    -6.524943e-03
5.410357e+00    -6.619362e-03
5.422570e+00    -6.712379e-03
5.434783e+00    -6.803851e-03
5.446996e+00    -6.893666e-03
5.459208e+00    -6.981709e-03
5.471422e+00    -7.067858e-03
5.483634e+00    -7.152026e-03
5.495848e+00    -7.234107e-03
5.508060e+00    -7.314007e-03
5.520274e+00    -7.391603e-03
5.532486e+00    -7.466845e-03
5.544700e+00    -7.539627e-03
5.556912e+00    -7.609859e-03
5.569126e+00    -7.677468e-03
5.581338e+00    -7.742368e-03
5.593552e+00    -7.804504e-03
5.605764e+00    -7.863796e-03
5.617978e+00    -7.920193e-03
5.630190e+00    -7.973608e-03
5.642404e+00    -8.024006e-03
5.654616e+00    -8.071331e-03
5.666830e+00    -8.115531e-03
5.679042e+00    -8.156584e-03
5.691256e+00    -8.194421e-03
5.703468e+00    -8.229004e-03
5.715682e+00    -8.260357e-03
5.727894e+00    -8.288387e-03
5.740108e+00    -8.313106e-03
5.752320e+00    -8.334484e-03
5.764534e+00    -8.352513e-03
5.776746e+00    -8.367177e-03
5.788960e+00    -8.378473e-03
5.801172e+00    -8.386408e-03
5.813385e+00    -8.390936e-03
5.825598e+00    -8.392124e-03
5.837811e+00    -8.389951e-03
5.850024e+00    -8.384430e-03
5.862237e+00    -8.375588e-03
5.874450e+00    -8.363429e-03
5.886663e+00    -8.347985e-03
5.898876e+00    -8.329296e-03
5.911089e+00    -8.307347e-03
5.923302e+00    -8.282213e-03
5.935515e+00    -8.253928e-03
5.947728e+00    -8.222508e-03
5.959941e+00    -8.188022e-03
5.972154e+00    -8.150489e-03
5.984367e+00    -8.109988e-03
5.996580e+00    -8.066537e-03
6.008793e+00    -8.020220e-03
6.021006e+00    -7.971072e-03
6.033219e+00    -7.919155e-03
6.045432e+00    -7.864544e-03
6.057645e+00    -7.807302e-03
6.069858e+00    -7.747477e-03
6.082071e+00    -7.685150e-03
6.094284e+00    -7.620381e-03
6.106497e+00    -7.553272e-03
6.118710e+00    -7.483879e-03
6.130923e+00    -7.412260e-03
6.143136e+00    -7.338518e-03
6.155349e+00    -7.262715e-03
6.167562e+00    -7.184943e-03
6.179775e+00    -7.105275e-03
6.191988e+00    -7.023805e-03
6.204201e+00    -6.940599e-03
6.216414e+00    -6.855761e-03
6.228627e+00    -6.769354e-03
6.240840e+00    -6.681480e-03
6.253053e+00    -6.592217e-03
6.265266e+00    -6.501650e-03
6.277479e+00    -6.409872e-03
6.289692e+00    -6.316960e-03
6.301905e+00    -6.223002e-03
6.314118e+00    -6.128100e-03
6.326331e+00    -6.032317e-03
6.338544e+00    -5.935747e-03
6.350757e+00    -5.838475e-03
6.362970e+00    -5.740598e-03
6.375183e+00    -5.642181e-03
6.387396e+00    -5.543316e-03
6.399609e+00    -5.444072e-03
6.411822e+00    -5.344564e-03
6.424035e+00    -5.244844e-03
6.436248e+00    -5.144993e-03
6.448461e+00    -5.045105e-03
6.460674e+00    -4.945225e-03
6.472887e+00    -4.845491e-03
6.485100e+00    -4.745920e-03
6.497313e+00    -4.646598e-03
6.509526e+00    -4.547603e-03
6.521739e+00    -4.449008e-03
6.533952e+00    -4.350868e-03
6.546165e+00    -4.253264e-03
6.558378e+00    -4.156251e-03
6.570591e+00    -4.059897e-03
6.582804e+00    -3.964253e-03
6.595017e+00    -3.869384e-03
6.607230e+00    -3.775340e-03
6.619443e+00    -3.682186e-03
6.631656e+00    -3.589975e-03
6.643869e+00    -3.498726e-03
6.656082e+00    -3.408509e-03
6.668295e+00    -3.319384e-03
6.680508e+00    -3.231374e-03
6.692721e+00    -3.144516e-03
6.704934e+00    -3.058925e-03
6.717147e+00    -2.974428e-03
6.729360e+00    -2.891259e-03
6.741573e+00    -2.809387e-03
6.753786e+00    -2.728839e-03
6.765999e+00    -2.649642e-03
6.778212e+00    -2.571817e-03
6.790425e+00    -2.495395e-03
6.802638e+00    -2.420366e-03
6.814851e+00    -2.346784e-03
6.827064e+00    -2.274643e-03
6.839277e+00    -2.203959e-03
6.851490e+00    -2.134742e-03
6.863703e+00    -2.067000e-03
6.875916e+00    -2.000754e-03
6.888129e+00    -1.935977e-03
6.900342e+00    -1.872692e-03
6.912555e+00    -1.810899e-03
6.924768e+00    -1.750580e-03
6.936981e+00    -1.691757e-03
6.949194e+00    -1.634396e-03
6.961407e+00    -1.578506e-03
6.973620e+00    -1.524062e-03
6.985833e+00    -1.471068e-03
6.998046e+00    -1.419493e-03
7.010259e+00    -1.369331e-03
7.022472e+00    -1.320571e-03
7.034685e+00    -1.273180e-03
7.046898e+00    -1.227142e-03
7.059111e+00    -1.182444e-03
7.071324e+00    -1.139046e-03
7.083537e+00    -1.096941e-03
7.095750e+00    -1.056174e-03
7.107963e+00    -1.016460e-03
7.120176e+00    -9.780388e-04
7.132389e+00    -9.407947e-04
7.144602e+00    -9.046888e-04
7.156815e+00    -8.696888e-04
7.169028e+00    -8.357774e-04
7.181241e+00    -8.029038e-04
7.193454e+00    -7.710466e-04
7.205667e+00    -7.401671e-04
7.217880e+00    -7.102352e-04
7.230093e+00    -6.812148e-04
7.242306e+00    -6.530704e-04
7.254519e+00    -6.257559e-04
7.266732e+00    -5.992531e-04
7.278944e+00    -5.735148e-04
7.291158e+00    -5.485041e-04
7.303371e+00    -5.241886e-04
7.315584e+00    -5.005279e-04
7.327797e+00    -4.774942e-04
7.340010e+00    -4.550488e-04
7.352223e+00    -4.331403e-04
7.364436e+00    -4.117512e-04
7.376649e+00    -3.908364e-04
7.388862e+00    -3.703630e-04
7.401075e+00    -3.503030e-04
7.413288e+00    -3.305968e-04
7.425501e+00    -3.112379e-04
7.437714e+00    -2.921834e-04
7.449927e+00    -2.733979e-04
7.462140e+00    -2.548521e-04
7.474353e+00    -2.365094e-04
7.486566e+00    -2.183454e-04
7.498779e+00    -2.003240e-04
7.510992e+00    -1.824269e-04
7.523205e+00    -1.646128e-04
7.535418e+00    -1.468628e-04
7.547631e+00    -1.291454e-04
7.559844e+00    -1.114415e-04
7.572057e+00    -9.371802e-05
7.584270e+00    -7.596288e-05
7.596483e+00    -5.815345e-05
7.608696e+00    -4.024734e-05
7.620909e+00    -2.225661e-05
7.633121e+00    -4.150726e-06
7.645335e+00    1.410047e-05
7.657547e+00    3.250165e-05
7.669761e+00    5.106251e-05
7.681973e+00    6.980890e-05
7.694187e+00    8.873970e-05
7.706399e+00    1.078629e-04
7.718613e+00    1.272349e-04
7.730825e+00    1.468069e-04
7.743039e+00    1.666183e-04
7.755251e+00    1.866623e-04
7.767465e+00    2.069496e-04
7.779677e+00    2.274897e-04
7.791891e+00    2.482859e-04
7.804103e+00    2.693130e-04
7.816317e+00    2.906146e-04
7.828529e+00    3.121591e-04
7.840743e+00    3.339628e-04
7.852955e+00    3.560118e-04
7.865169e+00    3.782978e-04
7.877381e+00    4.008429e-04
7.889595e+00    4.236152e-04
7.901807e+00    4.466310e-04
7.914021e+00    4.698411e-04
7.926233e+00    4.932674e-04
7.938447e+00    5.168989e-04
7.950659e+00    5.407126e-04
7.962873e+00    5.647124e-04
7.975085e+00    5.888756e-04
7.987298e+00    6.131822e-04
7.999511e+00    6.376242e-04
8.011724e+00    6.621844e-04
8.023937e+00    6.868498e-04
8.036150e+00    7.116018e-04
8.048364e+00    7.364250e-04
8.060576e+00    7.612939e-04
8.072789e+00    7.861940e-04
8.085002e+00    8.111103e-04
8.097216e+00    8.360262e-04
8.109428e+00    8.608922e-04
8.121641e+00    8.857230e-04
8.133854e+00    9.104821e-04
8.146068e+00    9.351546e-04
8.158280e+00    9.597089e-04
8.170493e+00    9.841295e-04
8.182706e+00    1.008391e-03
8.194920e+00    1.032483e-03
8.207132e+00    1.056368e-03
8.219345e+00    1.080030e-03
8.231558e+00    1.103451e-03
8.243772e+00    1.126598e-03
8.255984e+00    1.149456e-03
8.268197e+00    1.171998e-03
8.280410e+00    1.194195e-03
8.292624e+00    1.216056e-03
8.304836e+00    1.237517e-03
8.317049e+00    1.258578e-03
8.329262e+00    1.279215e-03
8.341475e+00    1.299407e-03
8.353688e+00    1.319131e-03
8.365901e+00    1.338364e-03
8.378115e+00    1.357087e-03
8.390327e+00    1.375281e-03
8.402540e+00    1.392966e-03
8.414753e+00    1.409996e-03
8.426967e+00    1.426491e-03
8.439179e+00    1.442370e-03
8.451392e+00    1.457630e-03
8.463605e+00    1.472250e-03
8.475819e+00    1.486220e-03
8.488031e+00    1.499515e-03
8.500244e+00    1.512136e-03
8.512457e+00    1.524044e-03
8.524671e+00    1.535246e-03
8.536883e+00    1.545726e-03
8.549096e+00    1.555469e-03
8.561309e+00    1.564469e-03
8.573523e+00    1.572711e-03
8.585735e+00    1.580188e-03
8.597948e+00    1.586911e-03
8.610161e+00    1.592814e-03
8.622375e+00    1.597952e-03
8.634587e+00    1.602284e-03
8.646800e+00    1.605836e-03
8.659013e+00    1.608577e-03
8.671227e+00    1.610515e-03
8.683439e+00    1.611638e-03
8.695652e+00    1.611954e-03
8.707865e+00    1.611447e-03
8.720078e+00    1.610164e-03
8.732291e+00    1.608047e-03
8.744504e+00    1.605122e-03
8.756717e+00    1.601398e-03
8.768930e+00    1.596871e-03
8.781143e+00    1.591543e-03
8.793356e+00    1.585437e-03
8.805569e+00    1.578522e-03
8.817782e+00    1.570840e-03
8.829995e+00    1.562384e-03
8.842208e+00    1.553174e-03
8.854421e+00    1.543207e-03
8.866634e+00    1.532490e-03
8.878847e+00    1.521051e-03
8.891060e+00    1.508896e-03
8.903273e+00    1.496051e-03
8.915486e+00    1.482471e-03
8.927699e+00    1.468233e-03
8.939912e+00    1.453327e-03
8.952125e+00    1.437773e-03
8.964338e+00    1.421588e-03
8.976551e+00    1.404784e-03
8.988764e+00    1.387376e-03
9.000977e+00    1.369393e-03
9.013190e+00    1.350832e-03
9.025403e+00    1.331734e-03
9.037616e+00    1.312107e-03
9.049829e+00    1.291973e-03
9.062042e+00    1.271332e-03
9.074255e+00    1.250233e-03
9.086468e+00    1.228681e-03
9.098680e+00    1.206707e-03
9.110894e+00    1.184305e-03
9.123107e+00    1.161525e-03
9.135320e+00    1.138374e-03
9.147532e+00    1.114877e-03
9.159746e+00    1.091055e-03
9.171959e+00    1.066935e-03
9.184172e+00    1.042524e-03
9.196384e+00    1.017860e-03
9.208598e+00    9.929476e-04
9.220811e+00    9.678171e-04
9.233024e+00    9.425048e-04
9.245236e+00    9.170144e-04
9.257450e+00    8.913729e-04
9.269663e+00    8.655971e-04
9.281876e+00    8.397215e-04
9.294088e+00    8.137509e-04
9.306302e+00    7.877215e-04
9.318515e+00    7.616484e-04
9.330728e+00    7.355590e-04
9.342940e+00    7.094475e-04
9.355154e+00    6.833636e-04
9.367367e+00    6.573244e-04
9.379580e+00    6.313335e-04
9.391793e+00    6.054184e-04
9.404006e+00    5.796044e-04
9.416219e+00    5.538950e-04
9.428432e+00    5.283126e-04
9.440645e+00    5.028880e-04
9.452858e+00    4.776256e-04
9.465071e+00    4.525419e-04
9.477283e+00    4.276526e-04
9.489497e+00    4.029754e-04
9.501710e+00    3.785148e-04
9.513923e+00    3.543090e-04
9.526135e+00    3.303505e-04
9.538349e+00    3.066565e-04
9.550562e+00    2.832473e-04
9.562775e+00    2.601226e-04
9.574987e+00    2.372970e-04
9.587201e+00    2.147930e-04
9.599414e+00    1.926083e-04
9.611627e+00    1.707595e-04
9.623839e+00    1.492476e-04
9.636053e+00    1.280846e-04
9.648266e+00    1.072724e-04
9.660479e+00    8.683431e-05
9.672691e+00    6.676529e-05
9.684905e+00    4.706408e-05
9.697118e+00    2.775029e-05
9.709331e+00    8.801160e-06
9.721543e+00    -9.720734e-06
9.733757e+00    -2.787223e-05
9.745970e+00    -4.562483e-05
9.758183e+00    -6.298334e-05
9.770395e+00    -7.994498e-05
9.782609e+00    -9.651199e-05
9.794822e+00    -1.126747e-04
9.807034e+00    -1.284474e-04
9.819247e+00    -1.438247e-04
9.831461e+00    -1.588126e-04
9.843674e+00    -1.734046e-04
9.855886e+00    -1.876067e-04
9.868099e+00    -2.014303e-04
9.880313e+00    -2.148671e-04
9.892526e+00    -2.279410e-04
9.904738e+00    -2.406383e-04
9.916951e+00    -2.529818e-04
9.929165e+00    -2.649632e-04
9.941378e+00    -2.765989e-04
9.953590e+00    -2.878885e-04
9.965803e+00    -2.988357e-04
9.978017e+00    -3.094594e-04
9.990230e+00    -3.197620e-04
1.000244e+01    -3.297584e-04
1.001466e+01    -3.394576e-04
1.002687e+01    -3.488424e-04
1.003908e+01    -3.579592e-04
1.005129e+01    -3.667960e-04
1.006351e+01    -3.753657e-04
1.007572e+01    -3.836799e-04
1.008793e+01    -3.917518e-04
1.010015e+01    -3.996221e-04
1.011236e+01    -4.072112e-04
1.012457e+01    -4.146177e-04
1.013679e+01    -4.218164e-04
1.014900e+01    -4.288288e-04
1.016121e+01    -4.356594e-04
1.017342e+01    -4.423274e-04
1.018564e+01    -4.488366e-04
1.019785e+01    -4.552063e-04
1.021006e+01    -4.614333e-04
1.022228e+01    -4.675416e-04
1.023449e+01    -4.735384e-04
1.024670e+01    -4.794396e-04
1.025891e+01    -4.852499e-04
1.027113e+01    -4.909863e-04
1.028334e+01    -4.966471e-04
1.029555e+01    -5.022733e-04
1.030777e+01    -5.078308e-04
1.031998e+01    -5.133628e-04
1.033219e+01    -5.188748e-04
1.034441e+01    -5.243515e-04
1.035662e+01    -5.298457e-04
1.036883e+01    -5.353329e-04
1.038105e+01    -5.408333e-04
1.039326e+01    -5.463602e-04
1.040547e+01    -5.519307e-04
1.041768e+01    -5.574978e-04
1.042990e+01    -5.631325e-04
1.044211e+01    -5.688230e-04
1.045432e+01    -5.745608e-04
1.046654e+01    -5.803687e-04
1.047875e+01    -5.862504e-04
1.049096e+01    -5.922435e-04
1.050318e+01    -5.982469e-04
1.051539e+01    -6.043784e-04
1.052760e+01    -6.105946e-04
1.053981e+01    -6.169096e-04
1.055203e+01    -6.233272e-04
1.056424e+01    -6.298413e-04
1.057645e+01    -6.364704e-04
1.058867e+01    -6.431962e-04
1.060088e+01    -6.500321e-04
1.061309e+01    -6.569893e-04
1.062531e+01    -6.640470e-04
1.063752e+01    -6.712208e-04
1.064973e+01    -6.785194e-04
1.066194e+01    -6.859144e-04
1.067416e+01    -6.934284e-04
1.068637e+01    -7.010498e-04
1.069858e+01    -7.087814e-04
1.071080e+01    -7.166144e-04
1.072301e+01    -7.245406e-04
1.073522e+01    -7.325688e-04
1.074744e+01    -7.406927e-04
1.075965e+01    -7.489102e-04
1.077186e+01    -7.572132e-04
1.078407e+01    -7.655887e-04
1.079629e+01    -7.740341e-04
1.080850e+01    -7.825546e-04
1.082071e+01    -7.911338e-04
1.083293e+01    -7.997656e-04
1.084514e+01    -8.084527e-04
1.085735e+01    -8.171749e-04
1.086957e+01    -8.259212e-04
1.088178e+01    -8.346916e-04
1.089399e+01    -8.434830e-04
1.090620e+01    -8.522743e-04
1.091842e+01    -8.610609e-04
1.093063e+01    -8.698431e-04
1.094284e+01    -8.785940e-04
1.095506e+01    -8.873174e-04
1.096727e+01    -8.959970e-04
1.097948e+01    -9.046217e-04
1.099170e+01    -9.131762e-04
1.100391e+01    -9.216678e-04
1.101612e+01    -9.300667e-04
1.102833e+01    -9.383726e-04
1.104055e+01    -9.465701e-04
1.105276e+01    -9.546479e-04
1.106497e+01    -9.625934e-04
1.107719e+01    -9.703979e-04
1.108940e+01    -9.780439e-04
1.110161e+01    -9.855237e-04
1.111382e+01    -9.928342e-04
1.112604e+01    -9.999573e-04
1.113825e+01    -1.006871e-03
1.115046e+01    -1.013571e-03
1.116268e+01    -1.020044e-03
1.117489e+01    -1.026286e-03
1.118710e+01    -1.032285e-03
1.119932e+01    -1.038019e-03
1.121153e+01    -1.043480e-03
1.122374e+01    -1.048670e-03
1.123596e+01    -1.053552e-03
1.124817e+01    -1.058138e-03
1.126038e+01    -1.062412e-03
1.127259e+01    -1.066362e-03
1.128481e+01    -1.069977e-03
1.129702e+01    -1.073228e-03
1.130923e+01    -1.076166e-03
1.132145e+01    -1.078725e-03
1.133366e+01    -1.080917e-03
1.134587e+01    -1.082725e-03
1.135808e+01    -1.084153e-03
1.137030e+01    -1.085180e-03
1.138251e+01    -1.085808e-03
1.139472e+01    -1.086025e-03
1.140694e+01    -1.085839e-03
1.141915e+01    -1.085208e-03
1.143136e+01    -1.084164e-03
1.144358e+01    -1.082683e-03
1.145579e+01    -1.080768e-03
1.146800e+01    -1.078408e-03
1.148022e+01    -1.075602e-03
1.149243e+01    -1.072341e-03
1.150464e+01    -1.068634e-03
1.151685e+01    -1.064469e-03
1.152907e+01    -1.059841e-03
1.154128e+01    -1.054759e-03
1.155349e+01    -1.049211e-03
1.156571e+01    -1.043196e-03
1.157792e+01    -1.036732e-03
1.159013e+01    -1.029789e-03
1.160234e+01    -1.022414e-03
1.161456e+01    -1.014532e-03
1.162677e+01    -1.006216e-03
1.163898e+01    -9.974393e-04
1.165120e+01    -9.882037e-04
1.166341e+01    -9.785271e-04
1.167562e+01    -9.684007e-04
1.168784e+01    -9.578221e-04
1.170005e+01    -9.468145e-04
1.171226e+01    -9.353596e-04
1.172447e+01    -9.235076e-04
1.173669e+01    -9.112188e-04
1.174890e+01    -8.985142e-04
1.176111e+01    -8.854023e-04
1.177333e+01    -8.718944e-04
1.178554e+01    -8.579898e-04
1.179775e+01    -8.437066e-04
1.180997e+01    -8.290539e-04
1.182218e+01    -8.140306e-04
1.183439e+01    -7.986516e-04
1.184660e+01    -7.829320e-04
1.185882e+01    -7.668834e-04
1.187103e+01    -7.505039e-04
1.188324e+01    -7.338022e-04
1.189546e+01    -7.168209e-04
1.190767e+01    -6.995391e-04
1.191988e+01    -6.819895e-04
1.193210e+01    -6.641640e-04
1.194431e+01    -6.460944e-04
1.195652e+01    -6.277880e-04
1.196873e+01    -6.092534e-04
1.198095e+01    -5.905093e-04
1.199316e+01    -5.715726e-04
1.200537e+01    -5.524462e-04
1.201759e+01    -5.331118e-04
1.202980e+01    -5.137004e-04
1.204201e+01    -4.941252e-04
1.205423e+01    -4.744139e-04
1.206644e+01    -4.545844e-04
1.207865e+01    -4.346678e-04
1.209086e+01    -4.146712e-04
1.210308e+01    -3.945962e-04
1.211529e+01    -3.745001e-04
1.212750e+01    -3.543549e-04
1.213972e+01    -3.341843e-04
1.215193e+01    -3.140116e-04
1.216414e+01    -2.938565e-04
1.217636e+01    -2.737263e-04
1.218857e+01    -2.536720e-04
1.220078e+01    -2.336008e-04
1.221299e+01    -2.136440e-04
1.222521e+01    -1.937665e-04
1.223742e+01    -1.739934e-04
1.224963e+01    -1.543322e-04
1.226185e+01    -1.348056e-04
1.227406e+01    -1.154197e-04
1.228627e+01    -9.619339e-05
1.229849e+01    -7.714766e-05
1.231070e+01    -5.826510e-05
1.232291e+01    -3.959943e-05
1.233512e+01    -2.115583e-05
1.234734e+01    -2.903191e-06
1.235955e+01    1.509590e-05
1.237176e+01    3.283719e-05
1.238398e+01    5.032050e-05
1.239619e+01    6.753377e-05
1.240840e+01    8.445371e-05
1.242062e+01    1.010948e-04
1.243283e+01    1.174202e-04
1.244504e+01    1.334260e-04
1.245725e+01    1.491079e-04
1.246947e+01    1.644516e-04
1.248168e+01    1.794492e-04
1.249389e+01    1.940580e-04
1.250611e+01    2.083685e-04
1.251832e+01    2.222720e-04
1.253053e+01    2.358048e-04
1.254275e+01    2.489506e-04
1.255496e+01    2.616945e-04
1.256717e+01    2.740553e-04
1.257938e+01    2.859943e-04
1.259160e+01    2.975299e-04
1.260381e+01    3.086770e-04
1.261602e+01    3.193377e-04
1.262824e+01    3.296206e-04
1.264045e+01    3.394779e-04
1.265266e+01    3.488926e-04
1.266488e+01    3.578766e-04
1.267709e+01    3.664294e-04
1.268930e+01    3.745387e-04
1.270151e+01    3.822125e-04
1.271373e+01    3.894464e-04
1.272594e+01    3.962453e-04
1.273815e+01    4.025951e-04
1.275037e+01    4.085202e-04
1.276258e+01    4.139936e-04
1.277479e+01    4.190284e-04
1.278701e+01    4.236302e-04
1.279922e+01    4.278100e-04
1.281143e+01    4.315338e-04
1.282364e+01    4.348422e-04
1.283586e+01    4.377195e-04
1.284807e+01    4.401766e-04
1.286028e+01    4.422156e-04
1.287250e+01    4.438428e-04
1.288471e+01    4.450446e-04
1.289692e+01    4.458611e-04
1.290914e+01    4.462735e-04
1.292135e+01    4.462801e-04
1.293356e+01    4.459153e-04
1.294577e+01    4.451590e-04
1.295799e+01    4.440304e-04
1.297020e+01    4.425202e-04
1.298241e+01    4.406718e-04
1.299463e+01    4.384458e-04
1.300684e+01    4.358867e-04
1.301905e+01    4.329857e-04
1.303127e+01    4.297447e-04
1.304348e+01    4.262133e-04
1.305569e+01    4.223280e-04
1.306790e+01    4.181379e-04
1.308012e+01    4.136680e-04
1.309233e+01    4.089075e-04
1.310454e+01    4.038657e-04
1.311676e+01    3.985476e-04
1.312897e+01    3.929752e-04
1.314118e+01    3.871447e-04
1.315340e+01    3.810704e-04
1.316561e+01    3.747702e-04
1.317782e+01    3.682374e-04
1.319003e+01    3.614770e-04
1.320225e+01    3.545373e-04
1.321446e+01    3.473986e-04
1.322667e+01    3.400646e-04
1.323889e+01    3.325519e-04
1.325110e+01    3.248728e-04
1.326331e+01    3.170469e-04
1.327553e+01    3.090638e-04
1.328774e+01    3.009316e-04
1.329995e+01    2.926713e-04
1.331216e+01    2.842998e-04
1.332438e+01    2.758157e-04
1.333659e+01    2.672313e-04
1.334880e+01    2.585340e-04
1.336102e+01    2.497609e-04
1.337323e+01    2.409068e-04
1.338544e+01    2.319896e-04
1.339766e+01    2.230269e-04
1.340987e+01    2.139688e-04
1.342208e+01    2.049041e-04
1.343429e+01    1.957895e-04
1.344651e+01    1.866423e-04
1.345872e+01    1.774806e-04
1.347093e+01    1.683017e-04
1.348315e+01    1.591105e-04
1.349536e+01    1.499091e-04
1.350757e+01    1.407296e-04
1.351978e+01    1.315544e-04
1.353200e+01    1.223954e-04
1.354421e+01    1.132602e-04
1.355642e+01    1.041502e-04
1.356864e+01    9.508277e-05
1.358085e+01    8.605848e-05
1.359306e+01    7.705482e-05
1.360528e+01    6.810292e-05
1.361749e+01    5.922030e-05
1.362970e+01    5.038840e-05
1.364192e+01    4.161588e-05
1.365413e+01    3.290271e-05
1.366634e+01    2.426637e-05
1.367855e+01    1.570571e-05
1.369077e+01    7.206006e-06
1.370298e+01    -1.208022e-06
1.371519e+01    -9.537673e-06
1.372741e+01    -1.778967e-05
1.373962e+01    -2.597911e-05
1.375183e+01    -3.406809e-05
1.376404e+01    -4.205988e-05
1.377626e+01    -4.997573e-05
1.378847e+01    -5.779707e-05
1.380068e+01    -6.551913e-05
1.381290e+01    -7.316477e-05
1.382511e+01    -8.071031e-05
1.383732e+01    -8.816265e-05
1.384954e+01    -9.552341e-05
1.386175e+01    -1.027840e-04
1.387396e+01    -1.099533e-04
1.388618e+01    -1.170271e-04
1.389839e+01    -1.240291e-04
1.391060e+01    -1.309220e-04
1.392281e+01    -1.377279e-04
1.393503e+01    -1.444363e-04
1.394724e+01    -1.510596e-04
1.395945e+01    -1.575947e-04
1.397167e+01    -1.640374e-04
1.398388e+01    -1.703995e-04
1.399609e+01    -1.766609e-04
1.400830e+01    -1.828643e-04
1.402052e+01    -1.889615e-04
1.403273e+01    -1.950012e-04
1.404494e+01    -2.009409e-04
1.405716e+01    -2.068111e-04
1.406937e+01    -2.125998e-04
1.408158e+01    -2.183144e-04
1.409380e+01    -2.239590e-04
1.410601e+01    -2.295221e-04
1.411822e+01    -2.350184e-04
1.413043e+01    -2.404484e-04
1.414265e+01    -2.458094e-04
1.415486e+01    -2.511025e-04
1.416707e+01    -2.563323e-04
1.417929e+01    -2.614984e-04
1.419150e+01    -2.665655e-04
1.420371e+01    -2.716443e-04
1.421593e+01    -2.766321e-04
1.422814e+01    -2.815520e-04
1.424035e+01    -2.864228e-04
1.425256e+01    -2.912316e-04
1.426478e+01    -2.959915e-04
1.427699e+01    -3.006874e-04
1.428920e+01    -3.053320e-04
1.430142e+01    -3.099249e-04
1.431363e+01    -3.144654e-04
1.432584e+01    -3.189553e-04
1.433806e+01    -3.233854e-04
1.435027e+01    -3.277624e-04
1.436248e+01    -3.320907e-04
1.437469e+01    -3.363662e-04
1.438691e+01    -3.405813e-04
1.439912e+01    -3.447546e-04
1.441133e+01    -3.488541e-04
1.442355e+01    -3.529115e-04
1.443576e+01    -3.569096e-04
1.444797e+01    -3.608460e-04
1.446019e+01    -3.647300e-04
1.447240e+01    -3.685506e-04
1.448461e+01    -3.722990e-04
1.449682e+01    -3.759996e-04
1.450904e+01    -3.796215e-04
1.452125e+01    -3.831797e-04
1.453346e+01    -3.866698e-04
1.454568e+01    -3.900852e-04
1.455789e+01    -3.934143e-04
1.457010e+01    -3.966923e-04
1.458232e+01    -3.998712e-04
1.459453e+01    -4.029745e-04
1.460674e+01    -4.059896e-04
1.461895e+01    -4.089152e-04
1.463117e+01    -4.117393e-04
1.464338e+01    -4.144766e-04
1.465559e+01    -4.171150e-04
1.466781e+01    -4.196483e-04
1.468002e+01    -4.220787e-04
1.469223e+01    -4.243892e-04
1.470445e+01    -4.265948e-04
1.471666e+01    -4.286866e-04
1.472887e+01    -4.306381e-04
1.474109e+01    -4.324873e-04
1.475330e+01    -4.341794e-04
1.476551e+01    -4.357493e-04
1.477772e+01    -4.371763e-04
1.478994e+01    -4.384663e-04
1.480215e+01    -4.396070e-04
1.481436e+01    -4.405855e-04
1.482658e+01    -4.414119e-04
1.483879e+01    -4.420806e-04
1.485100e+01    -4.425827e-04
1.486321e+01    -4.429168e-04
1.487543e+01    -4.430679e-04
1.488764e+01    -4.430540e-04
1.489985e+01    -4.428394e-04
1.491207e+01    -4.424503e-04
1.492428e+01    -4.418599e-04
1.493649e+01    -4.410968e-04
1.494871e+01    -4.401154e-04
1.496092e+01    -4.389132e-04
1.497313e+01    -4.375504e-04
1.498534e+01    -4.359612e-04
1.499756e+01    -4.341580e-04
1.500977e+01    -4.321239e-04
1.502198e+01    -4.298798e-04
1.503420e+01    -4.274051e-04
1.504641e+01    -4.247108e-04
1.505862e+01    -4.217845e-04
1.507084e+01    -4.186260e-04
1.508305e+01    -4.152281e-04
1.509526e+01    -4.115994e-04
1.510747e+01    -4.077433e-04
1.511969e+01    -4.036192e-04
1.513190e+01    -3.992671e-04
1.514411e+01    -3.946664e-04
1.515633e+01    -3.898185e-04
1.516854e+01    -3.847293e-04
1.518075e+01    -3.793888e-04
1.519297e+01    -3.737905e-04
1.520518e+01    -3.679608e-04
1.521739e+01    -3.618680e-04
1.522960e+01    -3.555288e-04
1.524182e+01    -3.489416e-04
1.525403e+01    -3.421038e-04
1.526624e+01    -3.350177e-04
1.527846e+01    -3.276825e-04
1.529067e+01    -3.201061e-04
1.530288e+01    -3.122866e-04
1.531509e+01    -3.042242e-04
1.532731e+01    -2.959186e-04
1.533952e+01    -2.873775e-04
1.535173e+01    -2.786040e-04
1.536395e+01    -2.695956e-04
1.537616e+01    -2.603597e-04
1.538837e+01    -2.508984e-04
1.540059e+01    -2.412172e-04
1.541280e+01    -2.313125e-04
1.542501e+01    -2.212074e-04
1.543723e+01    -2.108831e-04
1.544944e+01    -2.003603e-04
1.546165e+01    -1.896366e-04
1.547386e+01    -1.787193e-04
1.548608e+01    -1.676131e-04
1.549829e+01    -1.563283e-04
1.551050e+01    -1.448689e-04
1.552272e+01    -1.332320e-04
1.553493e+01    -1.214269e-04
1.554714e+01    -1.094823e-04
1.555935e+01    -9.737576e-05
1.557157e+01    -8.513665e-05
1.558378e+01    -7.275206e-05
1.559599e+01    -6.023931e-05
1.560821e+01    -4.761601e-05
1.562042e+01    -3.487280e-05
1.563263e+01    -2.202928e-05
1.564485e+01    -9.091973e-06
1.565706e+01    3.940919e-06
1.566927e+01    1.704207e-05
1.568149e+01    3.021775e-05
1.569370e+01    4.344816e-05
1.570591e+01    5.673644e-05
1.571812e+01    7.011383e-05
1.573034e+01    8.341713e-05
1.574255e+01    9.681041e-05
1.575476e+01    1.102090e-04
1.576698e+01    1.236122e-04
1.577919e+01    1.370090e-04
1.579140e+01    1.503930e-04
1.580362e+01    1.637534e-04
1.581583e+01    1.770754e-04
1.582804e+01    1.903530e-04
1.584025e+01    2.035712e-04
1.585247e+01    2.167457e-04
1.586468e+01    2.298377e-04
1.587689e+01    2.428448e-04
1.588911e+01    2.557418e-04
1.590132e+01    2.685779e-04
1.591353e+01    2.812826e-04
1.592575e+01    2.938658e-04
1.593796e+01    3.063215e-04
1.595017e+01    3.186385e-04
1.596238e+01    3.308035e-04
1.597460e+01    3.428190e-04
1.598681e+01    3.546631e-04
1.599902e+01    3.663228e-04
1.601124e+01    3.778075e-04
1.602345e+01    3.891051e-04
1.603566e+01    4.001922e-04
1.604787e+01    4.110666e-04
1.606009e+01    4.217341e-04
1.607230e+01    4.321704e-04
1.608451e+01    4.423729e-04
1.609673e+01    4.523374e-04
1.610894e+01    4.620772e-04
1.612115e+01    4.715179e-04
1.613337e+01    4.807143e-04
1.614558e+01    4.896504e-04
1.615779e+01    4.983049e-04
1.617001e+01    5.066830e-04
1.618222e+01    5.147706e-04
1.619443e+01    5.225868e-04
1.620664e+01    5.300777e-04
1.621886e+01    5.372776e-04
1.623107e+01    5.441740e-04
1.624328e+01    5.507590e-04
1.625550e+01    5.570306e-04
1.626771e+01    5.629889e-04
1.627992e+01    5.686175e-04
1.629214e+01    5.739292e-04
1.630435e+01    5.789078e-04
1.631656e+01    5.835521e-04
1.632877e+01    5.878725e-04
1.634099e+01    5.918372e-04
1.635320e+01    5.955023e-04
1.636541e+01    5.988110e-04
1.637763e+01    6.017851e-04
1.638984e+01    6.044222e-04
1.640205e+01    6.067168e-04
1.641426e+01    6.086692e-04
1.642648e+01    6.102879e-04
1.643869e+01    6.115705e-04
1.645090e+01    6.125038e-04
1.646312e+01    6.131068e-04
1.647533e+01    6.133723e-04
1.648754e+01    6.133069e-04
1.649976e+01    6.129158e-04
1.651197e+01    6.121804e-04
1.652418e+01    6.111253e-04
1.653639e+01    6.097436e-04
1.654861e+01    6.080462e-04
1.656082e+01    6.060216e-04
1.657303e+01    6.036939e-04
1.658525e+01    6.010543e-04
1.659746e+01    5.981039e-04
1.660967e+01    5.948523e-04
1.662189e+01    5.913075e-04
1.663410e+01    5.874622e-04
1.664631e+01    5.833474e-04
1.665853e+01    5.789405e-04
1.667074e+01    5.742552e-04
1.668295e+01    5.693131e-04
1.669516e+01    5.640956e-04
1.670738e+01    5.586311e-04
1.671959e+01    5.529049e-04
1.673180e+01    5.469384e-04
1.674402e+01    5.407310e-04
1.675623e+01    5.342943e-04
1.676844e+01    5.276333e-04
1.678065e+01    5.207477e-04
1.679287e+01    5.136599e-04
1.680508e+01    5.063696e-04
1.681729e+01    4.988661e-04
1.682951e+01    4.911791e-04
1.684172e+01    4.833172e-04
1.685393e+01    4.752715e-04
1.686615e+01    4.670642e-04
1.687836e+01    4.586944e-04
1.689057e+01    4.501909e-04
1.690278e+01    4.415132e-04
1.691500e+01    4.327149e-04
1.692721e+01    4.237818e-04
1.693942e+01    4.147325e-04
1.695164e+01    4.055625e-04
1.696385e+01    3.962880e-04
1.697606e+01    3.869318e-04
1.698828e+01    3.774608e-04
1.700049e+01    3.679241e-04
1.701270e+01    3.583011e-04
1.702491e+01    3.486127e-04
1.703713e+01    3.388645e-04
1.704934e+01    3.290679e-04
1.706155e+01    3.192209e-04
1.707377e+01    3.093383e-04
1.708598e+01    2.994142e-04
1.709819e+01    2.894735e-04
1.711040e+01    2.794919e-04
1.712262e+01    2.695428e-04
1.713483e+01    2.595602e-04
1.714705e+01    2.495853e-04
1.715926e+01    2.396241e-04
1.717147e+01    2.296650e-04
1.718368e+01    2.197273e-04
1.719590e+01    2.098049e-04
1.720811e+01    1.999283e-04
1.722032e+01    1.900889e-04
1.723254e+01    1.802727e-04
1.724475e+01    1.705127e-04
1.725696e+01    1.608084e-04
1.726917e+01    1.511537e-04
1.728139e+01    1.415599e-04
1.729360e+01    1.320354e-04
1.730581e+01    1.225930e-04
1.731803e+01    1.131907e-04
1.733024e+01    1.038785e-04
1.734245e+01    9.464777e-05
1.735467e+01    8.550206e-05
1.736688e+01    7.644443e-05
1.737909e+01    6.747246e-05
1.739130e+01    5.859746e-05
1.740352e+01    4.981457e-05
1.741573e+01    4.114867e-05
1.742794e+01    3.255862e-05
1.744016e+01    2.407675e-05
1.745237e+01    1.570864e-05
1.746458e+01    7.439907e-06
1.747680e+01    -7.230046e-07
1.748901e+01    -8.764677e-06
1.750122e+01    -1.670898e-05
1.751343e+01    -2.453345e-05
1.752565e+01    -3.224671e-05
1.753786e+01    -3.985612e-05
1.755007e+01    -4.734067e-05
1.756229e+01    -5.471667e-05
1.757450e+01    -6.197881e-05
1.758671e+01    -6.912202e-05
1.759892e+01    -7.615635e-05
1.761114e+01    -8.307290e-05
1.762335e+01    -8.988185e-05
1.763556e+01    -9.657758e-05
1.764778e+01    -1.031597e-04
1.765999e+01    -1.096322e-04
1.767220e+01    -1.159894e-04
1.768442e+01    -1.222384e-04
1.769663e+01    -1.283772e-04
1.770884e+01    -1.344117e-04
1.772106e+01    -1.402873e-04
1.773327e+01    -1.461632e-04
1.774548e+01    -1.518794e-04
1.775769e+01    -1.574973e-04
1.776991e+01    -1.630083e-04
1.778212e+01    -1.684241e-04
1.779433e+01    -1.737327e-04
1.780655e+01    -1.789614e-04
1.781876e+01    -1.840780e-04
1.783097e+01    -1.891077e-04
1.784319e+01    -1.940443e-04
1.785540e+01    -1.988788e-04
1.786761e+01    -2.036495e-04
1.787982e+01    -2.083229e-04
1.789204e+01    -2.129109e-04
1.790425e+01    -2.174178e-04
1.791646e+01    -2.218412e-04
1.792868e+01    -2.261792e-04
1.794089e+01    -2.304543e-04
1.795310e+01    -2.346420e-04
1.796531e+01    -2.387555e-04
1.797753e+01    -2.428033e-04
1.798974e+01    -2.467699e-04
1.800196e+01    -2.506657e-04
1.801417e+01    -2.545146e-04
1.802638e+01    -2.582604e-04
1.803859e+01    -2.619830e-04
1.805081e+01    -2.656132e-04
1.806302e+01    -2.691921e-04
1.807523e+01    -2.726935e-04
1.808744e+01    -2.761464e-04
1.809966e+01    -2.795350e-04
1.811187e+01    -2.828751e-04
1.812408e+01    -2.861306e-04
1.813630e+01    -2.893491e-04
1.814851e+01    -2.924991e-04
1.816072e+01    -2.955885e-04
1.817294e+01    -2.986278e-04
1.818515e+01    -3.016141e-04
1.819736e+01    -3.045357e-04
1.820958e+01    -3.074010e-04
1.822179e+01    -3.102114e-04
1.823400e+01    -3.129578e-04
1.824621e+01    -3.156565e-04
1.825843e+01    -3.182882e-04
1.827064e+01    -3.208668e-04
1.828285e+01    -3.233884e-04
1.829507e+01    -3.258517e-04
1.830728e+01    -3.282499e-04
1.831949e+01    -3.305881e-04
1.833171e+01    -3.328585e-04
1.834392e+01    -3.350793e-04
1.835613e+01    -3.372356e-04
1.836834e+01    -3.393086e-04
1.838056e+01    -3.413412e-04
1.839277e+01    -3.433052e-04
1.840498e+01    -3.451766e-04
1.841720e+01    -3.469951e-04
1.842941e+01    -3.487291e-04
1.844162e+01    -3.504134e-04
1.845383e+01    -3.520019e-04
1.846605e+01    -3.535158e-04
1.847826e+01    -3.549556e-04
1.849047e+01    -3.563138e-04
1.850269e+01    -3.575758e-04
1.851490e+01    -3.587750e-04
1.852711e+01    -3.598736e-04
1.853933e+01    -3.608939e-04
1.855154e+01    -3.618008e-04
1.856375e+01    -3.626214e-04
1.857596e+01    -3.633560e-04
1.858818e+01    -3.639759e-04
1.860039e+01    -3.645084e-04
1.861260e+01    -3.649304e-04
1.862482e+01    -3.652383e-04
1.863703e+01    -3.654661e-04
1.864924e+01    -3.655625e-04
1.866146e+01    -3.655549e-04
1.867367e+01    -3.654206e-04
1.868588e+01    -3.651874e-04
1.869810e+01    -3.648270e-04
1.871031e+01    -3.643457e-04
1.872252e+01    -3.637462e-04
1.873473e+01    -3.630156e-04
1.874695e+01    -3.621603e-04
1.875916e+01    -3.611840e-04
1.877137e+01    -3.600697e-04
1.878359e+01    -3.588230e-04
1.879580e+01    -3.574447e-04
1.880801e+01    -3.559341e-04
1.882022e+01    -3.542916e-04
1.883244e+01    -3.524997e-04
1.884465e+01    -3.505741e-04
1.885686e+01    -3.485053e-04
1.886908e+01    -3.463002e-04
1.888129e+01    -3.439416e-04
1.889350e+01    -3.414436e-04
1.890572e+01    -3.388111e-04
1.891793e+01    -3.360247e-04
1.893014e+01    -3.330943e-04
1.894235e+01    -3.300135e-04
1.895457e+01    -3.267871e-04
1.896678e+01    -3.234101e-04
1.897899e+01    -3.198968e-04
1.899121e+01    -3.162241e-04
1.900342e+01    -3.124079e-04
1.901563e+01    -3.084446e-04
1.902785e+01    -3.043427e-04
1.904006e+01    -3.000855e-04
1.905227e+01    -2.956857e-04
1.906449e+01    -2.911424e-04
1.907670e+01    -2.864636e-04
1.908891e+01    -2.816329e-04
1.910112e+01    -2.766756e-04
1.911334e+01    -2.715810e-04
1.912555e+01    -2.663283e-04
1.913776e+01    -2.609559e-04
1.914997e+01    -2.554568e-04
1.916219e+01    -2.498114e-04
1.917440e+01    -2.440446e-04
1.918661e+01    -2.381508e-04
1.919883e+01    -2.321420e-04
1.921104e+01    -2.260108e-04
1.922325e+01    -2.197552e-04
1.923547e+01    -2.133874e-04
1.924768e+01    -2.069073e-04
1.925989e+01    -2.003242e-04
1.927211e+01    -1.936407e-04
1.928432e+01    -1.868263e-04
1.929653e+01    -1.799579e-04
1.930874e+01    -1.729770e-04
1.932096e+01    -1.659015e-04
1.933317e+01    -1.587461e-04
1.934538e+01    -1.515072e-04
1.935760e+01    -1.441907e-04
1.936981e+01    -1.368030e-04
1.938202e+01    -1.293462e-04
1.939424e+01    -1.218108e-04
1.940645e+01    -1.142418e-04
1.941866e+01    -1.065942e-04
1.943087e+01    -9.892351e-05
1.944309e+01    -9.119755e-05
1.945530e+01    -8.342136e-05
1.946751e+01    -7.562572e-05
1.947973e+01    -6.778823e-05
1.949194e+01    -5.993556e-05
1.950415e+01    -5.206341e-05
1.951637e+01    -4.417737e-05
1.952858e+01    -3.627587e-05
1.954079e+01    -2.837495e-05
1.955301e+01    -2.050419e-05
1.956522e+01    -1.258725e-05
1.957743e+01    -4.715057e-06
1.958964e+01    3.154059e-06
1.960186e+01    1.098256e-05
1.961407e+01    1.878348e-05
1.962628e+01    2.655608e-05
1.963849e+01    3.429300e-05
1.965071e+01    4.198340e-05
1.966292e+01    4.961657e-05
1.967513e+01    5.720245e-05
1.968735e+01    6.472084e-05
1.969956e+01    7.218083e-05
1.971177e+01    7.957108e-05
1.972399e+01    8.686791e-05
1.973620e+01    9.411226e-05
1.974841e+01    1.012586e-04
1.976063e+01    1.083250e-04
1.977284e+01    1.152795e-04
1.978505e+01    1.221453e-04
1.979726e+01    1.289104e-04
1.980948e+01    1.355752e-04
1.982169e+01    1.420975e-04
1.983390e+01    1.485313e-04
1.984612e+01    1.548314e-04
1.985833e+01    1.610060e-04
1.987054e+01    1.670566e-04
1.988276e+01    1.729730e-04
1.989497e+01    1.787345e-04
1.990718e+01    1.843998e-04
1.991939e+01    1.899004e-04
1.993161e+01    1.952602e-04
1.994382e+01    2.004602e-04
1.995603e+01    2.055133e-04
1.996825e+01    2.104121e-04
1.998046e+01    2.151575e-04
1.999267e+01    2.197414e-04
2.000488e+01    2.241665e-04
2.001710e+01    2.284297e-04
2.002931e+01    2.325453e-04
2.004152e+01    2.364651e-04
2.005374e+01    2.402093e-04
2.006595e+01    2.438006e-04
2.007816e+01    2.472143e-04
2.009038e+01    2.504536e-04
2.010259e+01    2.535265e-04
2.011480e+01    2.564422e-04
2.012702e+01    2.591572e-04
2.013923e+01    2.617051e-04
2.015144e+01    2.640755e-04
2.016365e+01    2.662781e-04
2.017587e+01    2.682917e-04
2.018808e+01    2.701447e-04
2.020029e+01    2.718201e-04
2.021251e+01    2.733102e-04
2.022472e+01    2.746286e-04
2.023693e+01    2.757979e-04
2.024915e+01    2.767596e-04
2.026136e+01    2.775685e-04
2.027357e+01    2.782054e-04
2.028578e+01    2.786713e-04
2.029800e+01    2.789710e-04
2.031021e+01    2.791088e-04
2.032242e+01    2.790802e-04
2.033464e+01    2.788865e-04
2.034685e+01    2.785501e-04
2.035906e+01    2.780539e-04
2.037127e+01    2.773754e-04
2.038349e+01    2.765790e-04
2.039570e+01    2.756171e-04
2.040791e+01    2.745084e-04
2.042013e+01    2.732645e-04
2.043234e+01    2.718586e-04
2.044455e+01    2.703292e-04
2.045677e+01    2.686652e-04
2.046898e+01    2.668692e-04
2.048119e+01    2.649412e-04
2.049340e+01    2.628879e-04
2.050562e+01    2.606944e-04
2.051783e+01    2.584239e-04
2.053004e+01    2.560098e-04
2.054226e+01    2.534915e-04
2.055447e+01    2.508607e-04
2.056668e+01    2.481331e-04
2.057890e+01    2.452991e-04
2.059111e+01    2.423691e-04
2.060332e+01    2.393452e-04
2.061554e+01    2.362288e-04
2.062775e+01    2.330263e-04
2.063996e+01    2.297416e-04
2.065217e+01    2.263865e-04
2.066439e+01    2.229539e-04
2.067660e+01    2.194851e-04
2.068881e+01    2.158733e-04
2.070103e+01    2.122422e-04
2.071324e+01    2.085429e-04
2.072545e+01    2.047981e-04
2.073767e+01    2.009992e-04
2.074988e+01    1.971585e-04
2.076209e+01    1.932498e-04
2.077430e+01    1.893185e-04
2.078652e+01    1.853514e-04
2.079873e+01    1.813455e-04
2.081094e+01    1.772897e-04
2.082316e+01    1.732451e-04
2.083537e+01    1.691706e-04
2.084758e+01    1.650889e-04
2.085979e+01    1.609388e-04
2.087201e+01    1.568070e-04
2.088422e+01    1.526624e-04
2.089643e+01    1.485142e-04
2.090865e+01    1.443595e-04
2.092086e+01    1.402041e-04
2.093307e+01    1.360491e-04
2.094529e+01    1.318966e-04
2.095750e+01    1.277542e-04
2.096971e+01    1.236288e-04
2.098192e+01    1.195107e-04
2.099414e+01    1.154050e-04
2.100635e+01    1.113131e-04
2.101856e+01    1.072556e-04
2.103078e+01    1.032085e-04
2.104299e+01    9.917514e-05
2.105520e+01    9.518745e-05
2.106742e+01    9.121315e-05
2.107963e+01    8.727092e-05
2.109184e+01    8.336437e-05
2.110406e+01    7.948611e-05
2.111627e+01    7.562223e-05
2.112848e+01    7.184141e-05
2.114069e+01    6.806845e-05
2.115291e+01    6.433588e-05
2.116512e+01    6.065227e-05
2.117733e+01    5.699007e-05
2.118955e+01    5.337401e-05
2.120176e+01    4.979962e-05
2.121397e+01    4.627442e-05
2.122618e+01    4.279269e-05
2.123840e+01    3.935106e-05
2.125061e+01    3.594435e-05
2.126282e+01    3.260354e-05
2.127504e+01    2.930139e-05
2.128725e+01    2.605456e-05
2.129946e+01    2.281855e-05
2.131168e+01    1.965067e-05
2.132389e+01    1.652155e-05
2.133610e+01    1.345022e-05
2.134831e+01    1.042249e-05
2.136053e+01    7.433875e-06
2.137274e+01    4.495640e-06
2.138495e+01    1.598542e-06
2.139717e+01    -1.257143e-06
2.140938e+01    -4.048019e-06
2.142159e+01    -6.824477e-06
2.143381e+01    -9.530064e-06
2.144602e+01    -1.220404e-05
2.145823e+01    -1.483747e-05
2.147044e+01    -1.742321e-05
2.148266e+01    -1.997166e-05
2.149487e+01    -2.247976e-05
2.150708e+01    -2.494519e-05
2.151930e+01    -2.737530e-05
2.153151e+01    -2.976080e-05
2.154372e+01    -3.210864e-05
2.155593e+01    -3.442561e-05
2.156815e+01    -3.669988e-05
2.158036e+01    -3.894082e-05
2.159258e+01    -4.114872e-05
2.160479e+01    -4.331915e-05
2.161700e+01    -4.545770e-05
2.162921e+01    -4.756290e-05
2.164143e+01    -4.964172e-05
2.165364e+01    -5.168042e-05
2.166585e+01    -5.369444e-05
2.167807e+01    -5.568001e-05
2.169028e+01    -5.763531e-05
2.170249e+01    -5.955884e-05
2.171470e+01    -6.145726e-05
2.172692e+01    -6.337510e-05
2.173913e+01    -6.517454e-05
2.175134e+01    -6.700526e-05
2.176356e+01    -6.878743e-05
2.177577e+01    -7.056856e-05
2.178798e+01    -7.231475e-05
2.180020e+01    -7.403819e-05
2.181241e+01    -7.573578e-05
2.182462e+01    -7.741967e-05
2.183683e+01    -7.908067e-05
2.184905e+01    -8.071784e-05
2.186126e+01    -8.229705e-05
2.187347e+01    -8.392078e-05
2.188569e+01    -8.550043e-05
2.189790e+01    -8.703802e-05
2.191011e+01    -8.857864e-05
2.192233e+01    -9.009178e-05
2.193454e+01    -9.157443e-05
2.194675e+01    -9.304841e-05
2.195897e+01    -9.449568e-05
2.197118e+01    -9.592366e-05
2.198339e+01    -9.733847e-05
2.199560e+01    -9.871691e-05
2.200782e+01    -1.000852e-04
2.202003e+01    -1.014307e-04
2.203224e+01    -1.027654e-04
2.204445e+01    -1.040506e-04
2.205667e+01    -1.053267e-04
2.206888e+01    -1.065562e-04
2.208109e+01    -1.078139e-04
2.209331e+01    -1.090119e-04
2.210552e+01    -1.102006e-04
2.211773e+01    -1.113490e-04
2.212995e+01    -1.124813e-04
2.214216e+01    -1.135884e-04
2.215437e+01    -1.146542e-04
2.216659e+01    -1.156965e-04
2.217880e+01    -1.167143e-04
2.219101e+01    -1.176972e-04
2.220322e+01    -1.186625e-04
2.221544e+01    -1.195757e-04
2.222765e+01    -1.204727e-04
2.223986e+01    -1.213219e-04
2.225208e+01    -1.221432e-04
2.226429e+01    -1.229376e-04
2.227650e+01    -1.236825e-04
2.228872e+01    -1.243985e-04
2.230093e+01    -1.250755e-04
2.231314e+01    -1.257097e-04
2.232535e+01    -1.263045e-04
2.233757e+01    -1.268492e-04
2.234978e+01    -1.273734e-04
2.236199e+01    -1.278427e-04
2.237421e+01    -1.282802e-04
2.238642e+01    -1.286459e-04
2.239863e+01    -1.289763e-04
2.241084e+01    -1.292705e-04
2.242306e+01    -1.295024e-04
2.243527e+01    -1.296968e-04
2.244748e+01    -1.298335e-04
2.245970e+01    -1.299213e-04
2.247191e+01    -1.299472e-04
2.248412e+01    -1.299460e-04
2.249634e+01    -1.298753e-04
2.250855e+01    -1.297535e-04
2.252076e+01    -1.295781e-04
2.253297e+01    -1.293357e-04
2.254519e+01    -1.291067e-04
2.255740e+01    -1.287030e-04
2.256961e+01    -1.282934e-04
2.258183e+01    -1.278321e-04
2.259404e+01    -1.273106e-04
2.260625e+01    -1.267258e-04
2.261847e+01    -1.260836e-04
2.263068e+01    -1.253911e-04
2.264289e+01    -1.246228e-04
2.265511e+01    -1.238059e-04
2.266732e+01    -1.229245e-04
2.267953e+01    -1.219795e-04
2.269174e+01    -1.209852e-04
2.270396e+01    -1.199149e-04
2.271617e+01    -1.187909e-04
2.272838e+01    -1.176065e-04
2.274060e+01    -1.163662e-04
2.275281e+01    -1.150595e-04
2.276502e+01    -1.136906e-04
2.277724e+01    -1.122642e-04
2.278945e+01    -1.107807e-04
2.280166e+01    -1.092358e-04
2.281387e+01    -1.076386e-04
2.282609e+01    -1.059782e-04
2.283830e+01    -1.042603e-04
2.285051e+01    -1.024868e-04
2.286273e+01    -1.006595e-04
2.287494e+01    -9.877878e-05
2.288715e+01    -9.683674e-05
2.289936e+01    -9.483891e-05
2.291158e+01    -9.279844e-05
2.292379e+01    -9.070153e-05
2.293600e+01    -8.855324e-05
2.294822e+01    -8.634845e-05
2.296043e+01    -8.411508e-05
2.297264e+01    -8.182367e-05
2.298486e+01    -7.948073e-05
2.299707e+01    -7.710874e-05
2.300928e+01    -7.467685e-05
2.302150e+01    -7.222244e-05
2.303371e+01    -6.970522e-05
2.304592e+01    -6.716300e-05
2.305813e+01    -6.458370e-05
2.307035e+01    -6.196427e-05
2.308256e+01    -5.931183e-05
2.309477e+01    -5.663699e-05
2.310699e+01    -5.393350e-05
2.311920e+01    -5.118651e-05
2.313141e+01    -4.842636e-05
2.314363e+01    -4.563952e-05
2.315584e+01    -4.281657e-05
2.316805e+01    -3.999786e-05
2.318026e+01    -3.715046e-05
2.319248e+01    -3.428792e-05
2.320469e+01    -3.140557e-05
2.321690e+01    -2.851407e-05
2.322912e+01    -2.560398e-05
2.324133e+01    -2.268839e-05
2.325354e+01    -1.977419e-05
2.326575e+01    -1.685234e-05
2.327797e+01    -1.391736e-05
2.329018e+01    -1.099100e-05
2.330239e+01    -8.061877e-06
2.331461e+01    -5.137030e-06
2.332682e+01    -2.214219e-06
2.333903e+01    7.023918e-07
2.335125e+01    3.602123e-06
2.336346e+01    6.494345e-06
2.337567e+01    9.376672e-06
2.338788e+01    1.223682e-05
2.340010e+01    1.508906e-05
2.341231e+01    1.791836e-05
2.342452e+01    2.073485e-05
2.343674e+01    2.351793e-05
2.344895e+01    2.628140e-05
2.346116e+01    2.900773e-05
2.347338e+01    3.173083e-05
2.348559e+01    3.441091e-05
2.349780e+01    3.705514e-05
2.351002e+01    3.966494e-05
2.352223e+01    4.225259e-05
2.353444e+01    4.479606e-05
2.354665e+01    4.729949e-05
2.355887e+01    4.978545e-05
2.357108e+01    5.219961e-05
2.358329e+01    5.457469e-05
2.359550e+01    5.692808e-05
2.360772e+01    5.923022e-05
2.361993e+01    6.148679e-05
2.363214e+01    6.371582e-05
2.364436e+01    6.585754e-05
2.365657e+01    6.797514e-05
2.366878e+01    7.003782e-05
2.368100e+01    7.205384e-05
2.369321e+01    7.400964e-05
2.370542e+01    7.592680e-05
2.371764e+01    7.778770e-05
2.372985e+01    7.958208e-05
2.374206e+01    8.134209e-05
2.375427e+01    8.303767e-05
2.376649e+01    8.465603e-05
2.377870e+01    8.627299e-05
2.379091e+01    8.779796e-05
2.380313e+01    8.928779e-05
2.381534e+01    9.069545e-05
2.382755e+01    9.205721e-05
2.383977e+01    9.336944e-05
2.385198e+01    9.462367e-05
2.386419e+01    9.581630e-05
2.387640e+01    9.695080e-05
2.388862e+01    9.803093e-05
2.390083e+01    9.905873e-05
2.391304e+01    1.000195e-04
2.392526e+01    1.009327e-04
2.393747e+01    1.017893e-04
2.394968e+01    1.025894e-04
2.396189e+01    1.033378e-04
2.397411e+01    1.040301e-04
2.398632e+01    1.046726e-04
2.399854e+01    1.052519e-04
2.401075e+01    1.057893e-04
2.402296e+01    1.062711e-04
2.403517e+01    1.066852e-04
2.404739e+01    1.070817e-04
2.405960e+01    1.074189e-04
2.407181e+01    1.077214e-04
2.408403e+01    1.079301e-04
2.409624e+01    1.081214e-04
2.410845e+01    1.082624e-04
2.412066e+01    1.083577e-04
2.413288e+01    1.084153e-04
2.414509e+01    1.084214e-04
2.415730e+01    1.083909e-04
2.416952e+01    1.083419e-04
2.418173e+01    1.082094e-04
2.419394e+01    1.080580e-04
2.420616e+01    1.078642e-04
2.421837e+01    1.076407e-04
2.423058e+01    1.073732e-04
2.424279e+01    1.071479e-04
2.425501e+01    1.067432e-04
2.426722e+01    1.063778e-04
2.427943e+01    1.059824e-04
2.429165e+01    1.055737e-04
2.430386e+01    1.051055e-04
2.431607e+01    1.046191e-04
2.432829e+01    1.041035e-04
2.434050e+01    1.035755e-04
2.435271e+01    1.030274e-04
2.436492e+01    1.024278e-04
2.437714e+01    1.018164e-04
2.438935e+01    1.011869e-04
2.440156e+01    1.005482e-04
2.441378e+01    9.987815e-05
2.442599e+01    9.918878e-05
2.443820e+01    9.849193e-05
2.445041e+01    9.777709e-05
2.446263e+01    9.703492e-05
2.447484e+01    9.628575e-05
2.448705e+01    9.552880e-05
2.449927e+01    9.475592e-05
2.451148e+01    9.399228e-05
2.452369e+01    9.316961e-05
2.453591e+01    9.236278e-05
2.454812e+01    9.154953e-05
2.456033e+01    9.072615e-05
2.457255e+01    8.988222e-05
2.458476e+01    8.904216e-05
2.459697e+01    8.819284e-05
2.460918e+01    8.733507e-05
2.462140e+01    8.648211e-05
2.463361e+01    8.562271e-05
2.464582e+01    8.471346e-05
2.465804e+01    8.386219e-05
2.467025e+01    8.298524e-05
2.468246e+01    8.209209e-05
2.469468e+01    8.120276e-05
2.470689e+01    8.031074e-05
2.471910e+01    7.941166e-05
2.473131e+01    7.851068e-05
2.474353e+01    7.761065e-05
2.475574e+01    7.670582e-05
2.476795e+01    7.579475e-05
2.478017e+01    7.488995e-05
2.479238e+01    7.397005e-05
2.480459e+01    7.305393e-05
2.481680e+01    7.212847e-05
2.482902e+01    7.120587e-05
2.484123e+01    7.028712e-05
2.485344e+01    6.935585e-05
2.486566e+01    6.842978e-05
2.487787e+01    6.748606e-05
2.489008e+01    6.655362e-05
2.490230e+01    6.559469e-05
2.491451e+01    6.464963e-05
2.492672e+01    6.370012e-05
2.493893e+01    6.273866e-05
2.495115e+01    6.177396e-05
2.496336e+01    6.079904e-05
2.497557e+01    5.982014e-05
2.498779e+01    5.883362e-05
2.500000e+01    5.783532e-05
