0.000000e+00    -3.084335e+01
1.221299e-02    -3.081656e+01
2.442599e-02    -3.073629e+01
3.663898e-02    -3.060285e+01
4.885198e-02    -3.041676e+01
6.106497e-02    -3.017876e+01
7.327797e-02    -2.988976e+01
8.549096e-02    -2.955089e+01
9.770396e-02    -2.916345e+01
1.099169e-01    -2.872893e+01
1.221299e-01    -2.824901e+01
1.343429e-01    -2.772549e+01
1.465559e-01    -2.716037e+01
1.587689e-01    -2.655576e+01
1.709819e-01    -2.591391e+01
1.831949e-01    -2.523721e+01
1.954079e-01    -2.452813e+01
2.076209e-01    -2.378923e+01
2.198339e-01    -2.302317e+01
2.320469e-01    -2.223266e+01
2.442599e-01    -2.142048e+01
2.564729e-01    -2.058941e+01
2.686859e-01    -1.974231e+01
2.808989e-01    -1.888199e+01
2.931119e-01    -1.801131e+01
3.053249e-01    -1.713306e+01
3.175378e-01    -1.625006e+01
3.297509e-01    -1.536502e+01
3.419639e-01    -1.448066e+01
3.541768e-01    -1.359959e+01
3.663898e-01    -1.272436e+01
3.786028e-01    -1.185743e+01
3.908158e-01    -1.100117e+01
4.030288e-01    -1.015783e+01
4.152418e-01    -9.329566e+00
4.274548e-01    -8.518399e+00
4.396678e-01    -7.726230e+00
4.518808e-01    -6.954831e+00
4.640938e-01    -6.205832e+00
4.763068e-01    -5.480733e+00
4.885198e-01    -4.780887e+00
5.007328e-01    -4.107501e+00
5.129458e-01    -3.461642e+00
5.251588e-01    -2.844231e+00
5.373718e-01    -2.256043e+00
5.495847e-01    -1.697713e+00
5.617977e-01    -1.169733e+00
5.740107e-01    -6.724585e-01
5.862237e-01    -2.061102e-01
5.984367e-01    2.292221e-01
6.106497e-01    6.335745e-01
6.228627e-01    1.007104e+00
6.350757e-01    1.350084e+00
6.472887e-01    1.662896e+00
6.595017e-01    1.946028e+00
6.717147e-01    2.200060e+00
6.839277e-01    2.425667e+00
6.961407e-01    2.623606e+00
7.083537e-01    2.794710e+00
7.205667e-01    2.939882e+00
7.327797e-01    3.060086e+00
7.449927e-01    3.156341e+00
7.572057e-01    3.229714e+00
7.694187e-01    3.281312e+00
7.816316e-01    3.312276e+00
7.938446e-01    3.323773e+00
8.060576e-01    3.316992e+00
8.182706e-01    3.293131e+00
8.304836e-01    3.253399e+00
8.426966e-01    3.199007e+00
8.549096e-01    3.131159e+00
8.671226e-01    3.051050e+00
8.793356e-01    2.959860e+00
8.915486e-01    2.858751e+00
9.037616e-01    2.748858e+00
9.159746e-01    2.631291e+00
9.281876e-01    2.507128e+00
9.404006e-01    2.377408e+00
9.526136e-01    2.243136e+00
9.648266e-01    2.105275e+00
9.770396e-01    1.964743e+00
9.892526e-01    1.822417e+00
1.001466e+00    1.679122e+00
1.013679e+00    1.535639e+00
1.025892e+00    1.392697e+00
1.038105e+00    1.250979e+00
1.050318e+00    1.111113e+00
1.062531e+00    9.736806e-01
1.074744e+00    8.392113e-01
1.086957e+00    7.081858e-01
1.099169e+00    5.810348e-01
1.111382e+00    4.581410e-01
1.123595e+00    3.398403e-01
1.135808e+00    2.264219e-01
1.148021e+00    1.181308e-01
1.160234e+00    1.516845e-02
1.172447e+00    -8.230472e-02
1.184660e+00    -1.741681e-01
1.196873e+00    -2.603391e-01
1.209086e+00    -3.407704e-01
1.221299e+00    -4.154488e-01
1.233512e+00    -4.843926e-01
1.245725e+00    -5.476500e-01
1.257938e+00    -6.052960e-01
1.270151e+00    -6.574311e-01
1.282364e+00    -7.041788e-01
1.294577e+00    -7.456833e-01
1.306790e+00    -7.821082e-01
1.319003e+00    -8.136322e-01
1.331216e+00    -8.404498e-01
1.343429e+00    -8.627678e-01
1.355642e+00    -8.808031e-01
1.367855e+00    -8.947819e-01
1.380068e+00    -9.049369e-01
1.392281e+00    -9.115056e-01
1.404494e+00    -9.147297e-01
1.416707e+00    -9.148519e-01
1.428920e+00    -9.121159e-01
1.441133e+00    -9.067640e-01
1.453346e+00    -8.990365e-01
1.465559e+00    -8.891699e-01
1.477772e+00    -8.773963e-01
1.489985e+00    -8.639420e-01
1.502198e+00    -8.490266e-01
1.514411e+00    -8.328627e-01
1.526624e+00    -8.156545e-01
1.538837e+00    -7.975976e-01
1.551050e+00    -7.788782e-01
1.563263e+00    -7.596730e-01
1.575476e+00    -7.401481e-01
1.587689e+00    -7.204598e-01
1.599902e+00    -7.007531e-01
1.612115e+00    -6.811628e-01
1.624328e+00    -6.618128e-01
1.636541e+00    -6.428157e-01
1.648754e+00    -6.242739e-01
1.660967e+00    -6.062787e-01
1.673180e+00    -5.889114e-01
1.685393e+00    -5.722424e-01
1.697606e+00    -5.563326e-01
1.709819e+00    -5.412328e-01
1.722032e+00    -5.269850e-01
1.734245e+00    -5.136216e-01
1.746458e+00    -5.011669e-01
1.758671e+00    -4.896365e-01
1.770884e+00    -4.790391e-01
1.783097e+00    -4.693754e-01
1.795310e+00    -4.606397e-01
1.807523e+00    -4.528200e-01
1.819736e+00    -4.458985e-01
1.831949e+00    -4.398520e-01
1.844162e+00    -4.346527e-01
1.856375e+00    -4.302683e-01
1.868588e+00    -4.266629e-01
1.880801e+00    -4.237970e-01
1.893014e+00    -4.216285e-01
1.905227e+00    -4.201127e-01
1.917440e+00    -4.192028e-01
1.929653e+00    -4.188510e-01
1.941866e+00    -4.190076e-01
1.954079e+00    -4.196227e-01
1.966292e+00    -4.206458e-01
1.978505e+00    -4.220265e-01
1.990718e+00    -4.237145e-01
2.002931e+00    -4.256602e-01
2.015144e+00    -4.278148e-01
2.027357e+00    -4.301309e-01
2.039570e+00    -4.325622e-01
2.051783e+00    -4.350640e-01
2.063996e+00    -4.375935e-01
2.076209e+00    -4.401098e-01
2.088422e+00    -4.425740e-01
2.100635e+00    -4.449497e-01
2.112848e+00    -4.472026e-01
2.125061e+00    -4.493007e-01
2.137274e+00    -4.512148e-01
2.149487e+00    -4.529181e-01
2.161700e+00    -4.543861e-01
2.173913e+00    -4.555971e-01
2.186126e+00    -4.565320e-01
2.198339e+00    -4.571741e-01
2.210552e+00    -4.575093e-01
2.222765e+00    -4.575258e-01
2.234978e+00    -4.572144e-01
2.247191e+00    -4.565682e-01
2.259404e+00    -4.555823e-01
2.271617e+00    -4.542541e-01
2.283830e+00    -4.525833e-01
2.296043e+00    -4.505712e-01
2.308256e+00    -4.482213e-01
2.320469e+00    -4.455382e-01
2.332682e+00    -4.425291e-01
2.344895e+00    -4.392018e-01
2.357108e+00    -4.355660e-01
2.369321e+00    -4.316324e-01
2.381534e+00    -4.274131e-01
2.393747e+00    -4.229209e-01
2.405960e+00    -4.181695e-01
2.418173e+00    -4.131739e-01
2.430386e+00    -4.079490e-01
2.442599e+00    -4.025108e-01
2.454812e+00    -3.968753e-01
2.467025e+00    -3.910591e-01
2.479238e+00    -3.850790e-01
2.491451e+00    -3.789518e-01
2.503664e+00    -3.726942e-01
2.515877e+00    -3.663231e-01
2.528090e+00    -3.598552e-01
2.540303e+00    -3.533067e-01
2.552516e+00    -3.466938e-01
2.564729e+00    -3.400322e-01
2.576942e+00    -3.333370e-01
2.589155e+00    -3.266230e-01
2.601368e+00    -3.199044e-01
2.613581e+00    -3.131949e-01
2.625794e+00    -3.065074e-01
2.638007e+00    -2.998543e-01
2.650220e+00    -2.932472e-01
2.662433e+00    -2.866971e-01
2.674646e+00    -2.802141e-01
2.686859e+00    -2.738076e-01
2.699072e+00    -2.674867e-01
2.711285e+00    -2.612588e-01
2.723498e+00    -2.551315e-01
2.735711e+00    -2.491113e-01
2.747924e+00    -2.432039e-01
2.760137e+00    -2.374142e-01
2.772350e+00    -2.317466e-01
2.784563e+00    -2.262048e-01
2.796776e+00    -2.207918e-01
2.808989e+00    -2.155100e-01
2.821202e+00    -2.103608e-01
2.833415e+00    -2.053457e-01
2.845628e+00    -2.004651e-01
2.857841e+00    -1.957192e-01
2.870054e+00    -1.911073e-01
2.882267e+00    -1.866288e-01
2.894480e+00    -1.822821e-01
2.906693e+00    -1.780656e-01
2.918906e+00    -1.739772e-01
2.931119e+00    -1.700144e-01
2.943332e+00    -1.661746e-01
2.955545e+00    -1.624546e-01
2.967758e+00    -1.588514e-01
2.979971e+00    -1.553615e-01
2.992184e+00    -1.519812e-01
3.004397e+00    -1.487069e-01
3.016610e+00    -1.455347e-01
3.028823e+00    -1.424606e-01
3.041036e+00    -1.394808e-01
3.053249e+00    -1.365910e-01
3.065462e+00    -1.337874e-01
3.077675e+00    -1.310658e-01
3.089888e+00    -1.284224e-01
3.102101e+00    -1.258532e-01
3.114314e+00    -1.233542e-01
3.126527e+00    -1.209218e-01
3.138740e+00    -1.185522e-01
3.150953e+00    -1.162418e-01
3.163166e+00    -1.139874e-01
3.175379e+00    -1.117854e-01
3.187592e+00    -1.096328e-01
3.199805e+00    -1.075265e-01
3.212018e+00    -1.054638e-01
3.224231e+00    -1.034418e-01
3.236444e+00    -1.014581e-01
3.248657e+00    -9.951019e-02
3.260870e+00    -9.759598e-02
3.273082e+00    -9.571338e-02
3.285295e+00    -9.386049e-02
3.297508e+00    -9.203563e-02
3.309721e+00    -9.023717e-02
3.321934e+00    -8.846379e-02
3.334147e+00    -8.671419e-02
3.346360e+00    -8.498725e-02
3.358573e+00    -8.328199e-02
3.370786e+00    -8.159760e-02
3.382999e+00    -7.993335e-02
3.395212e+00    -7.828863e-02
3.407425e+00    -7.666299e-02
3.419638e+00    -7.505602e-02
3.431851e+00    -7.346749e-02
3.444064e+00    -7.189715e-02
3.456277e+00    -7.034491e-02
3.468490e+00    -6.881074e-02
3.480703e+00    -6.729468e-02
3.492916e+00    -6.579681e-02
3.505129e+00    -6.431729e-02
3.517342e+00    -6.285627e-02
3.529555e+00    -6.141403e-02
3.541768e+00    -5.999077e-02
3.553981e+00    -5.858678e-02
3.566194e+00    -5.720233e-02
3.578407e+00    -5.583777e-02
3.590620e+00    -5.449338e-02
3.602833e+00    -5.316947e-02
3.615046e+00    -5.186633e-02
3.627259e+00    -5.058428e-02
3.639472e+00    -4.932359e-02
3.651685e+00    -4.808449e-02
3.663898e+00    -4.686723e-02
3.676111e+00    -4.567206e-02
3.688324e+00    -4.449917e-02
3.700537e+00    -4.334843e-02
3.712750e+00    -4.222072e-02
3.724963e+00    -4.111540e-02
3.737176e+00    -4.003280e-02
3.749389e+00    -3.897293e-02
3.761602e+00    -3.793581e-02
3.773815e+00    -3.692139e-02
3.786028e+00    -3.592957e-02
3.798241e+00    -3.496024e-02
3.810454e+00    -3.401333e-02
3.822667e+00    -3.308861e-02
3.834880e+00    -3.218590e-02
3.847093e+00    -3.130495e-02
3.859306e+00    -3.044551e-02
3.871519e+00    -2.960729e-02
3.883732e+00    -2.878999e-02
3.895945e+00    -2.799328e-02
3.908158e+00    -2.721675e-02
3.920371e+00    -2.646009e-02
3.932584e+00    -2.572287e-02
3.944797e+00    -2.500473e-02
3.957010e+00    -2.430519e-02
3.969223e+00    -2.362385e-02
3.981436e+00    -2.296026e-02
3.993649e+00    -2.231401e-02
4.005862e+00    -2.168459e-02
4.018075e+00    -2.107160e-02
4.030288e+00    -2.047455e-02
4.042501e+00    -1.989301e-02
4.054714e+00    -1.932652e-02
4.066927e+00    -1.877465e-02
4.079140e+00    -1.823695e-02
4.091353e+00    -1.771301e-02
4.103566e+00    -1.720239e-02
4.115779e+00    -1.670470e-02
4.127992e+00    -1.621952e-02
4.140205e+00    -1.574657e-02
4.152418e+00    -1.528531e-02
4.164631e+00    -1.483553e-02
4.176844e+00    -1.439685e-02
4.189057e+00    -1.396897e-02
4.201270e+00    -1.355173e-02
4.213483e+00    -1.314441e-02
4.225696e+00    -1.274721e-02
4.237909e+00    -1.235971e-02
4.250122e+00    -1.198172e-02
4.262335e+00    -1.161298e-02
4.274548e+00    -1.125337e-02
4.286761e+00    -1.090268e-02
4.298974e+00    -1.056078e-02
4.311187e+00    -1.022753e-02
4.323400e+00    -9.902811e-03
4.335613e+00    -9.586515e-03
4.347826e+00    -9.278578e-03
4.360039e+00    -8.978903e-03
4.372252e+00    -8.687449e-03
4.384465e+00    -8.404167e-03
4.396678e+00    -8.129057e-03
4.408891e+00    -7.862013e-03
4.421104e+00    -7.603092e-03
4.433317e+00    -7.352261e-03
4.445530e+00    -7.109572e-03
4.457743e+00    -6.874969e-03
4.469956e+00    -6.648528e-03
4.482169e+00    -6.430255e-03
4.494382e+00    -6.220154e-03
4.506595e+00    -6.018259e-03
4.518808e+00    -5.824671e-03
4.531021e+00    -5.639339e-03
4.543234e+00    -5.462370e-03
4.555447e+00    -5.293728e-03
4.567660e+00    -5.133505e-03
4.579873e+00    -4.981671e-03
4.592086e+00    -4.838367e-03
4.604299e+00    -4.703531e-03
4.616512e+00    -4.577198e-03
4.628725e+00    -4.459409e-03
4.640938e+00    -4.350164e-03
4.653151e+00    -4.249458e-03
4.665364e+00    -4.157314e-03
4.677577e+00    -4.073701e-03
4.689790e+00    -3.998626e-03
4.702003e+00    -3.932121e-03
4.714216e+00    -3.873957e-03
4.726429e+00    -3.824292e-03
4.738642e+00    -3.783019e-03
4.750855e+00    -3.750074e-03
4.763068e+00    -3.725349e-03
4.775281e+00    -3.708833e-03
4.787494e+00    -3.700361e-03
4.799707e+00    -3.699845e-03
4.811920e+00    -3.707359e-03
4.824133e+00    -3.722572e-03
4.836346e+00    -3.745397e-03
4.848559e+00    -3.775757e-03
4.860772e+00    -3.813453e-03
4.872985e+00    -3.858366e-03
4.885198e+00    -3.910338e-03
4.897411e+00    -3.969252e-03
4.909624e+00    -4.034720e-03
4.921837e+00    -4.106768e-03
4.934050e+00    -4.185210e-03
4.946263e+00    -4.269676e-03
4.958476e+00    -4.360140e-03
4.970689e+00    -4.456287e-03
4.982902e+00    -4.557958e-03
4.995115e+00    -4.664908e-03
5.007328e+00    -4.776903e-03
5.019541e+00    -4.893752e-03
5.031754e+00    -5.015163e-03
5.043967e+00    -5.140930e-03
5.056180e+00    -5.270840e-03
5.068393e+00    -5.404626e-03
5.080606e+00    -5.542008e-03
5.092819e+00    -5.682832e-03
5.105031e+00    -5.826763e-03
5.117245e+00    -5.973596e-03
5.129457e+00    -6.123060e-03
5.141671e+00    -6.274940e-03
5.153883e+00    -6.428948e-03
5.166097e+00    -6.584797e-03
5.178309e+00    -6.742407e-03
5.190523e+00    -6.901389e-03
5.202735e+00    -7.061522e-03
5.214949e+00    -7.222570e-03
5.227162e+00    -7.384301e-03
5.239375e+00    -7.546480e-03
5.251588e+00    -7.708858e-03
5.263801e+00    -7.871235e-03
5.276014e+00    -8.033356e-03
5.288227e+00    -8.195031e-03
5.300440e+00    -8.356011e-03
5.312653e+00    -8.516094e-03
5.324866e+00    -8.675134e-03
5.337079e+00    -8.832839e-03
5.349292e+00    -8.989026e-03
5.361505e+00    -9.143604e-03
5.373718e+00    -9.296272e-03
5.385931e+00    -9.446857e-03
5.398144e+00    -9.595394e-03
5.410357e+00    -9.741306e-03
5.422570e+00    -9.884751e-03
5.434783e+00    -1.002551e-02
5.446996e+00    -1.016341e-02
5.459208e+00    -1.029833e-02
5.471422e+00    -1.043007e-02
5.483634e+00    -1.055857e-02
5.495848e+00    -1.068367e-02
5.508060e+00    -1.080529e-02
5.520274e+00    -1.092321e-02
5.532486e+00    -1.103747e-02
5.544700e+00    -1.114789e-02
5.556912e+00    -1.125437e-02
5.569126e+00    -1.135685e-02
5.581338e+00    -1.145520e-02
5.593552e+00    -1.154940e-02
5.605764e+00    -1.163937e-02
5.617978e+00    -1.172504e-02
5.630190e+00    -1.180632e-02
5.642404e+00    -1.188318e-02
5.654616e+00    -1.195558e-02
5.666830e+00    -1.202346e-02
5.679042e+00    -1.208687e-02
5.691256e+00    -1.214569e-02
5.703468e+00    -1.219986e-02
5.715682e+00    -1.224956e-02
5.727894e+00    -1.229457e-02
5.740108e+00    -1.233499e-02
5.752320e+00    -1.237078e-02
5.764534e+00    -1.240197e-02
5.776746e+00    -1.242856e-02
5.788960e+00    -1.245056e-02
5.801172e+00    -1.246802e-02
5.813385e+00    -1.248083e-02
5.825598e+00    -1.248921e-02
5.837811e+00    -1.249310e-02
5.850024e+00    -1.249252e-02
5.862237e+00    -1.248758e-02
5.874450e+00    -1.247824e-02
5.886663e+00    -1.246460e-02
5.898876e+00    -1.244675e-02
5.911089e+00    -1.242457e-02
5.923302e+00    -1.239830e-02
5.935515e+00    -1.236796e-02
5.947728e+00    -1.233355e-02
5.959941e+00    -1.229523e-02
5.972154e+00    -1.225297e-02
5.984367e+00    -1.220696e-02
5.996580e+00    -1.215714e-02
6.008793e+00    -1.210372e-02
6.021006e+00    -1.204668e-02
6.033219e+00    -1.198613e-02
6.045432e+00    -1.192219e-02
6.057645e+00    -1.185495e-02
6.069858e+00    -1.178442e-02
6.082071e+00    -1.171076e-02
6.094284e+00    -1.163400e-02
6.106497e+00    -1.155436e-02
6.118710e+00    -1.147184e-02
6.130923e+00    -1.138651e-02
6.143136e+00    -1.129853e-02
6.155349e+00    -1.120796e-02
6.167562e+00    -1.111492e-02
6.179775e+00    -1.101950e-02
6.191988e+00    -1.092181e-02
6.204201e+00    -1.082193e-02
6.216414e+00    -1.071999e-02
6.228627e+00    -1.061605e-02
6.240840e+00    -1.051024e-02
6.253053e+00    -1.040263e-02
6.265266e+00    -1.029335e-02
6.277479e+00    -1.018248e-02
6.289692e+00    -1.007012e-02
6.301905e+00    -9.956352e-03
6.314118e+00    -9.841306e-03
6.326331e+00    -9.725029e-03
6.338544e+00    -9.607645e-03
6.350757e+00    -9.489221e-03
6.362970e+00    -9.369926e-03
6.375183e+00    -9.249747e-03
6.387396e+00    -9.128815e-03
6.399609e+00    -9.007171e-03
6.411822e+00    -8.885039e-03
6.424035e+00    -8.762367e-03
6.436248e+00    -8.639270e-03
6.448461e+00    -8.515855e-03
6.460674e+00    -8.392112e-03
6.472887e+00    -8.268313e-03
6.485100e+00    -8.144371e-03
6.497313e+00    -8.020355e-03
6.509526e+00    -7.896403e-03
6.521739e+00    -7.772570e-03
6.533952e+00    -7.648882e-03
6.546165e+00    -7.525458e-03
6.558378e+00    -7.402331e-03
6.570591e+00    -7.279573e-03
6.582804e+00    -7.157215e-03
6.595017e+00    -7.035331e-03
6.607230e+00    -6.913960e-03
6.619443e+00    -6.793173e-03
6.631656e+00    -6.673052e-03
6.643869e+00    -6.553502e-03
6.656082e+00    -6.434663e-03
6.668295e+00    -6.316622e-03
6.680508e+00    -6.199352e-03
6.692721e+00    -6.082870e-03
6.704934e+00    -5.967478e-03
6.717147e+00    -5.852483e-03
6.729360e+00    -5.738610e-03
6.741573e+00    -5.625666e-03
6.753786e+00    -5.513673e-03
6.765999e+00    -5.402646e-03
6.778212e+00    -5.292597e-03
6.790425e+00    -5.183572e-03
6.802638e+00    -5.075494e-03
6.814851e+00    -4.968492e-03
6.827064e+00    -4.862511e-03
6.839277e+00    -4.757559e-03
6.851490e+00    -4.653662e-03
6.863703e+00    -4.550797e-03
6.875916e+00    -4.449040e-03
6.888129e+00    -4.348285e-03
6.900342e+00    -4.248584e-03
6.912555e+00    -4.149959e-03
6.924768e+00    -4.052350e-03
6.936981e+00    -3.955822e-03
6.949194e+00    -3.860299e-03
6.961407e+00    -3.765805e-03
6.973620e+00    -3.672300e-03
6.985833e+00    -3.579820e-03
6.998046e+00    -3.488304e-03
7.010259e+00    -3.397750e-03
7.022472e+00    -3.308180e-03
7.034685e+00    -3.219524e-03
7.046898e+00    -3.131784e-03
7.059111e+00    -3.044963e-03
7.071324e+00    -2.958993e-03
7.083537e+00    -2.873918e-03
7.095750e+00    -2.789955e-03
7.107963e+00    -2.706197e-03
7.120176e+00    -2.623543e-03
7.132389e+00    -2.541672e-03
7.144602e+00    -2.460553e-03
7.156815e+00    -2.380129e-03
7.169028e+00    -2.300446e-03
7.181241e+00    -2.221417e-03
7.193454e+00    -2.143053e-03
7.205667e+00    -2.065328e-03
7.217880e+00    -1.988231e-03
7.230093e+00    -1.911732e-03
7.242306e+00    -1.835811e-03
7.254519e+00    -1.760410e-03
7.266732e+00    -1.685574e-03
7.278944e+00    -1.611241e-03
7.291158e+00    -1.537392e-03
7.303371e+00    -1.464018e-03
7.315584e+00    -1.391087e-03
7.327797e+00    -1.318610e-03
7.340010e+00    -1.246566e-03
7.352223e+00    -1.174883e-03
7.364436e+00    -1.103605e-03
7.376649e+00    -1.032682e-03
7.388862e+00    -9.621165e-04
7.401075e+00    -8.918896e-04
7.413288e+00    -8.219746e-04
7.425501e+00    -7.523831e-04
7.437714e+00    -6.830785e-04
7.449927e+00    -6.140568e-04
7.462140e+00    -5.453324e-04
7.474353e+00    -4.768543e-04
7.486566e+00    -4.086417e-04
7.498779e+00    -3.406561e-04
7.510992e+00    -2.729693e-04
7.523205e+00    -2.054911e-04
7.535418e+00    -1.382549e-04
7.547631e+00    -7.124663e-05
7.559844e+00    -4.482303e-06
7.572057e+00    6.206287e-05
7.584270e+00    1.283614e-04
7.596483e+00    1.944026e-04
7.608696e+00    2.602660e-04
7.620909e+00    3.258369e-04
7.633121e+00    3.911451e-04
7.645335e+00    4.562361e-04
7.657547e+00    5.210591e-04
7.669761e+00    5.855840e-04
7.681973e+00    6.498418e-04
7.694187e+00    7.137921e-04
7.706399e+00    7.773857e-04
7.718613e+00    8.407977e-04
7.730825e+00    9.037945e-04
7.743039e+00    9.664837e-04
7.755251e+00    1.028796e-03
7.767465e+00    1.090736e-03
7.779677e+00    1.152317e-03
7.791891e+00    1.213505e-03
7.804103e+00    1.274207e-03
7.816317e+00    1.334531e-03
7.828529e+00    1.394385e-03
7.840743e+00    1.453778e-03
7.852955e+00    1.512671e-03
7.865169e+00    1.571026e-03
7.877381e+00    1.628911e-03
7.889595e+00    1.686217e-03
7.901807e+00    1.742998e-03
7.914021e+00    1.799110e-03
7.926233e+00    1.854625e-03
7.938447e+00    1.909512e-03
7.950659e+00    1.963722e-03
7.962873e+00    2.017265e-03
7.975085e+00    2.070099e-03
7.987298e+00    2.122176e-03
7.999511e+00    2.173502e-03
8.011724e+00    2.224036e-03
8.023937e+00    2.273771e-03
8.036150e+00    2.322678e-03
8.048364e+00    2.370734e-03
8.060576e+00    2.417896e-03
8.072789e+00    2.464154e-03
8.085002e+00    2.509497e-03
8.097216e+00    2.553907e-03
8.109428e+00    2.597288e-03
8.121641e+00    2.639709e-03
8.133854e+00    2.681112e-03
8.146068e+00    2.721481e-03
8.158280e+00    2.760776e-03
8.170493e+00    2.798993e-03
8.182706e+00    2.836102e-03
8.194920e+00    2.872116e-03
8.207132e+00    2.906973e-03
8.219345e+00    2.940673e-03
8.231558e+00    2.973221e-03
8.243772e+00    3.004557e-03
8.255984e+00    3.034686e-03
8.268197e+00    3.063585e-03
8.280410e+00    3.091209e-03
8.292624e+00    3.117655e-03
8.304836e+00    3.142771e-03
8.317049e+00    3.166607e-03
8.329262e+00    3.189155e-03
8.341475e+00    3.210389e-03
8.353688e+00    3.230300e-03
8.365901e+00    3.248871e-03
8.378115e+00    3.266094e-03
8.390327e+00    3.281974e-03
8.402540e+00    3.296618e-03
8.414753e+00    3.309612e-03
8.426967e+00    3.321396e-03
8.439179e+00    3.331765e-03
8.451392e+00    3.340762e-03
8.463605e+00    3.348364e-03
8.475819e+00    3.354595e-03
8.488031e+00    3.359419e-03
8.500244e+00    3.362881e-03
8.512457e+00    3.364906e-03
8.524671e+00    3.365564e-03
8.536883e+00    3.364835e-03
8.549096e+00    3.362731e-03
8.561309e+00    3.359253e-03
8.573523e+00    3.354394e-03
8.585735e+00    3.348181e-03
8.597948e+00    3.340655e-03
8.610161e+00    3.331686e-03
8.622375e+00    3.321438e-03
8.634587e+00    3.309824e-03
8.646800e+00    3.296948e-03
8.659013e+00    3.282743e-03
8.671227e+00    3.267251e-03
8.683439e+00    3.250466e-03
8.695652e+00    3.232427e-03
8.707865e+00    3.213086e-03
8.720078e+00    3.192639e-03
8.732291e+00    3.170889e-03
8.744504e+00    3.147941e-03
8.756717e+00    3.123828e-03
8.768930e+00    3.098545e-03
8.781143e+00    3.072106e-03
8.793356e+00    3.044588e-03
8.805569e+00    3.015900e-03
8.817782e+00    2.986166e-03
8.829995e+00    2.955363e-03
8.842208e+00    2.923552e-03
8.854421e+00    2.890716e-03
8.866634e+00    2.856870e-03
8.878847e+00    2.822084e-03
8.891060e+00    2.786383e-03
8.903273e+00    2.749853e-03
8.915486e+00    2.712256e-03
8.927699e+00    2.673898e-03
8.939912e+00    2.634706e-03
8.952125e+00    2.594724e-03
8.964338e+00    2.553978e-03
8.976551e+00    2.512488e-03
8.988764e+00    2.470280e-03
9.000977e+00    2.427395e-03
9.013190e+00    2.383843e-03
9.025403e+00    2.339683e-03
9.037616e+00    2.294935e-03
9.049829e+00    2.249623e-03
9.062042e+00    2.203727e-03
9.074255e+00    2.157358e-03
9.086468e+00    2.110507e-03
9.098680e+00    2.063259e-03
9.110894e+00    2.015488e-03
9.123107e+00    1.967386e-03
9.135320e+00    1.918912e-03
9.147532e+00    1.870106e-03
9.159746e+00    1.821008e-03
9.171959e+00    1.771648e-03
9.184172e+00    1.722013e-03
9.196384e+00    1.672192e-03
9.208598e+00    1.622159e-03
9.220811e+00    1.571963e-03
9.233024e+00    1.521684e-03
9.245236e+00    1.471281e-03
9.257450e+00    1.420814e-03
9.269663e+00    1.370290e-03
9.281876e+00    1.319775e-03
9.294088e+00    1.269250e-03
9.306302e+00    1.218783e-03
9.318515e+00    1.168385e-03
9.330728e+00    1.118104e-03
9.342940e+00    1.067882e-03
9.355154e+00    1.017843e-03
9.367367e+00    9.679943e-04
9.379580e+00    9.183147e-04
9.391793e+00    8.688571e-04
9.404006e+00    8.196617e-04
9.416219e+00    7.707081e-04
9.428432e+00    7.220290e-04
9.440645e+00    6.736940e-04
9.452858e+00    6.256810e-04
9.465071e+00    5.780099e-04
9.477283e+00    5.306997e-04
9.489497e+00    4.837739e-04
9.501710e+00    4.372405e-04
9.513923e+00    3.911687e-04
9.526135e+00    3.455186e-04
9.538349e+00    3.003177e-04
9.550562e+00    2.555987e-04
9.562775e+00    2.113533e-04
9.574987e+00    1.676104e-04
9.587201e+00    1.243994e-04
9.599414e+00    8.168553e-05
9.611627e+00    3.957485e-05
9.623839e+00    -2.026750e-06
9.636053e+00    -4.305222e-05
9.648266e+00    -8.352295e-05
9.660479e+00    -1.233787e-04
9.672691e+00    -1.626323e-04
9.684905e+00    -2.013057e-04
9.697118e+00    -2.393478e-04
9.709331e+00    -2.768210e-04
9.721543e+00    -3.135595e-04
9.733757e+00    -3.497141e-04
9.745970e+00    -3.852239e-04
9.758183e+00    -4.200845e-04
9.770395e+00    -4.543002e-04
9.782609e+00    -4.878626e-04
9.794822e+00    -5.207575e-04
9.807034e+00    -5.529944e-04
9.819247e+00    -5.845779e-04
9.831461e+00    -6.155116e-04
9.843674e+00    -6.457603e-04
9.855886e+00    -6.753400e-04
9.868099e+00    -7.042766e-04
9.880313e+00    -7.325233e-04
9.892526e+00    -7.601532e-04
9.904738e+00    -7.871109e-04
9.916951e+00    -8.134327e-04
9.929165e+00    -8.390970e-04
9.941378e+00    -8.641267e-04
9.953590e+00    -8.885151e-04
9.965803e+00    -9.122424e-04
9.978017e+00    -9.353546e-04
9.990230e+00    -9.578366e-04
1.000244e+01    -9.797283e-04
1.001466e+01    -1.001012e-03
1.002687e+01    -1.021623e-03
1.003908e+01    -1.041692e-03
1.005129e+01    -1.061146e-03
1.006351e+01    -1.080011e-03
1.007572e+01    -1.098296e-03
1.008793e+01    -1.116014e-03
1.010015e+01    -1.133266e-03
1.011236e+01    -1.149808e-03
1.012457e+01    -1.165880e-03
1.013679e+01    -1.181404e-03
1.014900e+01    -1.196409e-03
1.016121e+01    -1.210894e-03
1.017342e+01    -1.224895e-03
1.018564e+01    -1.238388e-03
1.019785e+01    -1.251412e-03
1.021006e+01    -1.263947e-03
1.022228e+01    -1.276016e-03
1.023449e+01    -1.287639e-03
1.024670e+01    -1.298833e-03
1.025891e+01    -1.309594e-03
1.027113e+01    -1.319942e-03
1.028334e+01    -1.329860e-03
1.029555e+01    -1.339448e-03
1.030777e+01    -1.348568e-03
1.031998e+01    -1.357364e-03
1.033219e+01    -1.365795e-03
1.034441e+01    -1.373823e-03
1.035662e+01    -1.381579e-03
1.036883e+01    -1.388971e-03
1.038105e+01    -1.396048e-03
1.039326e+01    -1.402824e-03
1.040547e+01    -1.409356e-03
1.041768e+01    -1.415459e-03
1.042990e+01    -1.421362e-03
1.044211e+01    -1.426999e-03
1.045432e+01    -1.432337e-03
1.046654e+01    -1.437443e-03
1.047875e+01    -1.442309e-03
1.049096e+01    -1.447050e-03
1.050318e+01    -1.451333e-03
1.051539e+01    -1.455521e-03
1.052760e+01    -1.459484e-03
1.053981e+01    -1.463251e-03
1.055203e+01    -1.466833e-03
1.056424e+01    -1.470207e-03
1.057645e+01    -1.473442e-03
1.058867e+01    -1.476463e-03
1.060088e+01    -1.479307e-03
1.061309e+01    -1.482042e-03
1.062531e+01    -1.484581e-03
1.063752e+01    -1.486984e-03
1.064973e+01    -1.489284e-03
1.066194e+01    -1.491403e-03
1.067416e+01    -1.493416e-03
1.068637e+01    -1.495293e-03
1.069858e+01    -1.497052e-03
1.071080e+01    -1.498693e-03
1.072301e+01    -1.500177e-03
1.073522e+01    -1.501563e-03
1.074744e+01    -1.502841e-03
1.075965e+01    -1.504021e-03
1.077186e+01    -1.505093e-03
1.078407e+01    -1.506036e-03
1.079629e+01    -1.506871e-03
1.080850e+01    -1.507593e-03
1.082071e+01    -1.508218e-03
1.083293e+01    -1.508721e-03
1.084514e+01    -1.509147e-03
1.085735e+01    -1.509456e-03
1.086957e+01    -1.509622e-03
1.088178e+01    -1.509683e-03
1.089399e+01    -1.509650e-03
1.090620e+01    -1.509480e-03
1.091842e+01    -1.509197e-03
1.093063e+01    -1.508816e-03
1.094284e+01    -1.508283e-03
1.095506e+01    -1.507642e-03
1.096727e+01    -1.506866e-03
1.097948e+01    -1.505958e-03
1.099170e+01    -1.504894e-03
1.100391e+01    -1.503718e-03
1.101612e+01    -1.502380e-03
1.102833e+01    -1.500905e-03
1.104055e+01    -1.499264e-03
1.105276e+01    -1.497482e-03
1.106497e+01    -1.495520e-03
1.107719e+01    -1.493397e-03
1.108940e+01    -1.491078e-03
1.110161e+01    -1.488584e-03
1.111382e+01    -1.485932e-03
1.112604e+01    -1.483093e-03
1.113825e+01    -1.480024e-03
1.115046e+01    -1.476746e-03
1.116268e+01    -1.473249e-03
1.117489e+01    -1.469558e-03
1.118710e+01    -1.465643e-03
1.119932e+01    -1.461488e-03
1.121153e+01    -1.457077e-03
1.122374e+01    -1.452465e-03
1.123596e+01    -1.447544e-03
1.124817e+01    -1.442384e-03
1.126038e+01    -1.436971e-03
1.127259e+01    -1.431289e-03
1.128481e+01    -1.425320e-03
1.129702e+01    -1.419002e-03
1.130923e+01    -1.412527e-03
1.132145e+01    -1.405697e-03
1.133366e+01    -1.398587e-03
1.134587e+01    -1.391158e-03
1.135808e+01    -1.383437e-03
1.137030e+01    -1.375382e-03
1.138251e+01    -1.367024e-03
1.139472e+01    -1.358330e-03
1.140694e+01    -1.349360e-03
1.141915e+01    -1.339981e-03
1.143136e+01    -1.330309e-03
1.144358e+01    -1.320291e-03
1.145579e+01    -1.309944e-03
1.146800e+01    -1.299248e-03
1.148022e+01    -1.288204e-03
1.149243e+01    -1.276804e-03
1.150464e+01    -1.265071e-03
1.151685e+01    -1.252984e-03
1.152907e+01    -1.240523e-03
1.154128e+01    -1.227721e-03
1.155349e+01    -1.214563e-03
1.156571e+01    -1.201021e-03
1.157792e+01    -1.187181e-03
1.159013e+01    -1.172918e-03
1.160234e+01    -1.158404e-03
1.161456e+01    -1.143378e-03
1.162677e+01    -1.128087e-03
1.163898e+01    -1.112425e-03
1.165120e+01    -1.096407e-03
1.166341e+01    -1.080067e-03
1.167562e+01    -1.063376e-03
1.168784e+01    -1.046312e-03
1.170005e+01    -1.028949e-03
1.171226e+01    -1.011201e-03
1.172447e+01    -9.932325e-04
1.173669e+01    -9.748810e-04
1.174890e+01    -9.562108e-04
1.176111e+01    -9.372411e-04
1.177333e+01    -9.179690e-04
1.178554e+01    -8.983890e-04
1.179775e+01    -8.785476e-04
1.180997e+01    -8.584179e-04
1.182218e+01    -8.380127e-04
1.183439e+01    -8.173333e-04
1.184660e+01    -7.964181e-04
1.185882e+01    -7.752745e-04
1.187103e+01    -7.538794e-04
1.188324e+01    -7.322115e-04
1.189546e+01    -7.104081e-04
1.190767e+01    -6.883589e-04
1.191988e+01    -6.661540e-04
1.193210e+01    -6.437195e-04
1.194431e+01    -6.211407e-04
1.195652e+01    -5.984157e-04
1.196873e+01    -5.755299e-04
1.198095e+01    -5.525126e-04
1.199316e+01    -5.294009e-04
1.200537e+01    -5.061504e-04
1.201759e+01    -4.826796e-04
1.202980e+01    -4.593979e-04
1.204201e+01    -4.359627e-04
1.205423e+01    -4.124453e-04
1.206644e+01    -3.888586e-04
1.207865e+01    -3.652890e-04
1.209086e+01    -3.417034e-04
1.210308e+01    -3.181039e-04
1.211529e+01    -2.945940e-04
1.212750e+01    -2.710818e-04
1.213972e+01    -2.476050e-04
1.215193e+01    -2.242114e-04
1.216414e+01    -2.009172e-04
1.217636e+01    -1.777172e-04
1.218857e+01    -1.547501e-04
1.220078e+01    -1.316692e-04
1.221299e+01    -1.088761e-04
1.222521e+01    -8.621854e-05
1.223742e+01    -6.374891e-05
1.224963e+01    -4.146057e-05
1.226185e+01    -1.939469e-05
1.227406e+01    2.461275e-06
1.228627e+01    2.408039e-05
1.229849e+01    4.541608e-05
1.231070e+01    6.656671e-05
1.232291e+01    8.738141e-05
1.233512e+01    1.078609e-04
1.234734e+01    1.281464e-04
1.235955e+01    1.480670e-04
1.237176e+01    1.676214e-04
1.238398e+01    1.868436e-04
1.239619e+01    2.057130e-04
1.240840e+01    2.241798e-04
1.242062e+01    2.423298e-04
1.243283e+01    2.600436e-04
1.244504e+01    2.773463e-04
1.245725e+01    2.942346e-04
1.246947e+01    3.106920e-04
1.248168e+01    3.266998e-04
1.249389e+01    3.421371e-04
1.250611e+01    3.573446e-04
1.251832e+01    3.719459e-04
1.253053e+01    3.860971e-04
1.254275e+01    3.997645e-04
1.255496e+01    4.128947e-04
1.256717e+01    4.255711e-04
1.257938e+01    4.376806e-04
1.259160e+01    4.492943e-04
1.260381e+01    4.604842e-04
1.261602e+01    4.708933e-04
1.262824e+01    4.809339e-04
1.264045e+01    4.904420e-04
1.265266e+01    4.993590e-04
1.266488e+01    5.077336e-04
1.267709e+01    5.155745e-04
1.268930e+01    5.228462e-04
1.270151e+01    5.295670e-04
1.271373e+01    5.357151e-04
1.272594e+01    5.413350e-04
1.273815e+01    5.463613e-04
1.275037e+01    5.508721e-04
1.276258e+01    5.547907e-04
1.277479e+01    5.581437e-04
1.278701e+01    5.609492e-04
1.279922e+01    5.632389e-04
1.281143e+01    5.648917e-04
1.282364e+01    5.660403e-04
1.283586e+01    5.666284e-04
1.284807e+01    5.666773e-04
1.286028e+01    5.661914e-04
1.287250e+01    5.651737e-04
1.288471e+01    5.635717e-04
1.289692e+01    5.615204e-04
1.290914e+01    5.589247e-04
1.292135e+01    5.557957e-04
1.293356e+01    5.522032e-04
1.294577e+01    5.480892e-04
1.295799e+01    5.434887e-04
1.297020e+01    5.383620e-04
1.298241e+01    5.328527e-04
1.299463e+01    5.267980e-04
1.300684e+01    5.203313e-04
1.301905e+01    5.134123e-04
1.303127e+01    5.060324e-04
1.304348e+01    4.983377e-04
1.305569e+01    4.901043e-04
1.306790e+01    4.814647e-04
1.308012e+01    4.724986e-04
1.309233e+01    4.631426e-04
1.310454e+01    4.534264e-04
1.311676e+01    4.433253e-04
1.312897e+01    4.329066e-04
1.314118e+01    4.221455e-04
1.315340e+01    4.110609e-04
1.316561e+01    3.996942e-04
1.317782e+01    3.880178e-04
1.319003e+01    3.760106e-04
1.320225e+01    3.638404e-04
1.321446e+01    3.513871e-04
1.322667e+01    3.386746e-04
1.323889e+01    3.257299e-04
1.325110e+01    3.125837e-04
1.326331e+01    2.992670e-04
1.327553e+01    2.857433e-04
1.328774e+01    2.720156e-04
1.329995e+01    2.581417e-04
1.331216e+01    2.441498e-04
1.332438e+01    2.300251e-04
1.333659e+01    2.158006e-04
1.334880e+01    2.014039e-04
1.336102e+01    1.869531e-04
1.337323e+01    1.724106e-04
1.338544e+01    1.578283e-04
1.339766e+01    1.432366e-04
1.340987e+01    1.284427e-04
1.342208e+01    1.137873e-04
1.343429e+01    9.906250e-05
1.344651e+01    8.432318e-05
1.345872e+01    6.961536e-05
1.347093e+01    5.491961e-05
1.348315e+01    4.024736e-05
1.349536e+01    2.559258e-05
1.350757e+01    1.103226e-05
1.351978e+01    -3.483231e-06
1.353200e+01    -1.791403e-05
1.354421e+01    -3.227533e-05
1.355642e+01    -4.653798e-05
1.356864e+01    -6.067850e-05
1.358085e+01    -7.467924e-05
1.359306e+01    -8.864699e-05
1.360528e+01    -1.024611e-04
1.361749e+01    -1.161064e-04
1.362970e+01    -1.296107e-04
1.364192e+01    -1.429708e-04
1.365413e+01    -1.561901e-04
1.366634e+01    -1.692071e-04
1.367855e+01    -1.820344e-04
1.369077e+01    -1.947372e-04
1.370298e+01    -2.072147e-04
1.371519e+01    -2.194844e-04
1.372741e+01    -2.315682e-04
1.373962e+01    -2.435342e-04
1.375183e+01    -2.552377e-04
1.376404e+01    -2.667085e-04
1.377626e+01    -2.779963e-04
1.378847e+01    -2.890523e-04
1.380068e+01    -2.998675e-04
1.381290e+01    -3.105113e-04
1.382511e+01    -3.209016e-04
1.383732e+01    -3.310674e-04
1.384954e+01    -3.410061e-04
1.386175e+01    -3.507010e-04
1.387396e+01    -3.601615e-04
1.388618e+01    -3.693816e-04
1.389839e+01    -3.784458e-04
1.391060e+01    -3.872205e-04
1.392281e+01    -3.957771e-04
1.393503e+01    -4.040816e-04
1.394724e+01    -4.121615e-04
1.395945e+01    -4.200251e-04
1.397167e+01    -4.276359e-04
1.398388e+01    -4.350412e-04
1.399609e+01    -4.421646e-04
1.400830e+01    -4.491607e-04
1.402052e+01    -4.558497e-04
1.403273e+01    -4.624008e-04
1.404494e+01    -4.686631e-04
1.405716e+01    -4.747356e-04
1.406937e+01    -4.805818e-04
1.408158e+01    -4.862264e-04
1.409380e+01    -4.916680e-04
1.410601e+01    -4.969017e-04
1.411822e+01    -5.019017e-04
1.413043e+01    -5.067350e-04
1.414265e+01    -5.113652e-04
1.415486e+01    -5.157991e-04
1.416707e+01    -5.200494e-04
1.417929e+01    -5.241145e-04
1.419150e+01    -5.278906e-04
1.420371e+01    -5.316932e-04
1.421593e+01    -5.352302e-04
1.422814e+01    -5.385695e-04
1.424035e+01    -5.417616e-04
1.425256e+01    -5.447772e-04
1.426478e+01    -5.476500e-04
1.427699e+01    -5.503308e-04
1.428920e+01    -5.528751e-04
1.430142e+01    -5.552666e-04
1.431363e+01    -5.575116e-04
1.432584e+01    -5.596317e-04
1.433806e+01    -5.615703e-04
1.435027e+01    -5.633695e-04
1.436248e+01    -5.650449e-04
1.437469e+01    -5.665977e-04
1.438691e+01    -5.679876e-04
1.439912e+01    -5.692914e-04
1.441133e+01    -5.703936e-04
1.442355e+01    -5.714244e-04
1.443576e+01    -5.723161e-04
1.444797e+01    -5.730778e-04
1.446019e+01    -5.737347e-04
1.447240e+01    -5.742642e-04
1.448461e+01    -5.746430e-04
1.449682e+01    -5.749540e-04
1.450904e+01    -5.751110e-04
1.452125e+01    -5.751563e-04
1.453346e+01    -5.750944e-04
1.454568e+01    -5.749159e-04
1.455789e+01    -5.745740e-04
1.457010e+01    -5.741933e-04
1.458232e+01    -5.736559e-04
1.459453e+01    -5.730086e-04
1.460674e+01    -5.722365e-04
1.461895e+01    -5.713532e-04
1.463117e+01    -5.703096e-04
1.464338e+01    -5.691782e-04
1.465559e+01    -5.679242e-04
1.466781e+01    -5.665428e-04
1.468002e+01    -5.650372e-04
1.469223e+01    -5.633825e-04
1.470445e+01    -5.616157e-04
1.471666e+01    -5.597296e-04
1.472887e+01    -5.576526e-04
1.474109e+01    -5.555156e-04
1.475330e+01    -5.531500e-04
1.476551e+01    -5.506835e-04
1.477772e+01    -5.480518e-04
1.478994e+01    -5.452899e-04
1.480215e+01    -5.423718e-04
1.481436e+01    -5.392624e-04
1.482658e+01    -5.360025e-04
1.483879e+01    -5.325894e-04
1.485100e+01    -5.290043e-04
1.486321e+01    -5.252433e-04
1.487543e+01    -5.212872e-04
1.488764e+01    -5.171810e-04
1.489985e+01    -5.128432e-04
1.491207e+01    -5.083563e-04
1.492428e+01    -5.036329e-04
1.493649e+01    -4.987898e-04
1.494871e+01    -4.936890e-04
1.496092e+01    -4.883164e-04
1.497313e+01    -4.828957e-04
1.498534e+01    -4.772053e-04
1.499756e+01    -4.712975e-04
1.500977e+01    -4.651332e-04
1.502198e+01    -4.587824e-04
1.503420e+01    -4.521773e-04
1.504641e+01    -4.453697e-04
1.505862e+01    -4.383239e-04
1.507084e+01    -4.310445e-04
1.508305e+01    -4.235099e-04
1.509526e+01    -4.157611e-04
1.510747e+01    -4.078148e-04
1.511969e+01    -3.995215e-04
1.513190e+01    -3.910339e-04
1.514411e+01    -3.822902e-04
1.515633e+01    -3.732900e-04
1.516854e+01    -3.640664e-04
1.518075e+01    -3.545690e-04
1.519297e+01    -3.447939e-04
1.520518e+01    -3.348135e-04
1.521739e+01    -3.245389e-04
1.522960e+01    -3.140171e-04
1.524182e+01    -3.032428e-04
1.525403e+01    -2.922043e-04
1.526624e+01    -2.809136e-04
1.527846e+01    -2.693571e-04
1.529067e+01    -2.575637e-04
1.530288e+01    -2.455230e-04
1.531509e+01    -2.332186e-04
1.532731e+01    -2.206681e-04
1.533952e+01    -2.078693e-04
1.535173e+01    -1.948418e-04
1.536395e+01    -1.815585e-04
1.537616e+01    -1.680442e-04
1.538837e+01    -1.543004e-04
1.540059e+01    -1.403303e-04
1.541280e+01    -1.261263e-04
1.542501e+01    -1.117245e-04
1.543723e+01    -9.707902e-05
1.544944e+01    -8.224959e-05
1.546165e+01    -6.720306e-05
1.547386e+01    -5.195611e-05
1.548608e+01    -3.652076e-05
1.549829e+01    -2.092337e-05
1.551050e+01    -5.123360e-06
1.552272e+01    1.085443e-05
1.553493e+01    2.701646e-05
1.554714e+01    4.326928e-05
1.555935e+01    5.972054e-05
1.557157e+01    7.626760e-05
1.558378e+01    9.298816e-05
1.559599e+01    1.098219e-04
1.560821e+01    1.267413e-04
1.562042e+01    1.437958e-04
1.563263e+01    1.609222e-04
1.564485e+01    1.781298e-04
1.565706e+01    1.954338e-04
1.566927e+01    2.127720e-04
1.568149e+01    2.301761e-04
1.569370e+01    2.476051e-04
1.570591e+01    2.650707e-04
1.571812e+01    2.827263e-04
1.573034e+01    3.000080e-04
1.574255e+01    3.175180e-04
1.575476e+01    3.349735e-04
1.576698e+01    3.524005e-04
1.577919e+01    3.697840e-04
1.579140e+01    3.871156e-04
1.580362e+01    4.043898e-04
1.581583e+01    4.215518e-04
1.582804e+01    4.386308e-04
1.584025e+01    4.555779e-04
1.585247e+01    4.724796e-04
1.586468e+01    4.892174e-04
1.587689e+01    5.058054e-04
1.588911e+01    5.221817e-04
1.590132e+01    5.385156e-04
1.591353e+01    5.546069e-04
1.592575e+01    5.705046e-04
1.593796e+01    5.862062e-04
1.595017e+01    6.016932e-04
1.596238e+01    6.169386e-04
1.597460e+01    6.319729e-04
1.598681e+01    6.467378e-04
1.599902e+01    6.612039e-04
1.601124e+01    6.754324e-04
1.602345e+01    6.893913e-04
1.603566e+01    7.030228e-04
1.604787e+01    7.163256e-04
1.606009e+01    7.293466e-04
1.607230e+01    7.420101e-04
1.608451e+01    7.543432e-04
1.609673e+01    7.663242e-04
1.610894e+01    7.780340e-04
1.612115e+01    7.892007e-04
1.613337e+01    8.000563e-04
1.614558e+01    8.105437e-04
1.615779e+01    8.206209e-04
1.617001e+01    8.302924e-04
1.618222e+01    8.395455e-04
1.619443e+01    8.484385e-04
1.620664e+01    8.568096e-04
1.621886e+01    8.647816e-04
1.623107e+01    8.723218e-04
1.624328e+01    8.794154e-04
1.625550e+01    8.860577e-04
1.626771e+01    8.922539e-04
1.627992e+01    8.979692e-04
1.629214e+01    9.032453e-04
1.630435e+01    9.080310e-04
1.631656e+01    9.123298e-04
1.632877e+01    9.161806e-04
1.634099e+01    9.194789e-04
1.635320e+01    9.224312e-04
1.636541e+01    9.248173e-04
1.637763e+01    9.267472e-04
1.638984e+01    9.281854e-04
1.640205e+01    9.291468e-04
1.641426e+01    9.295981e-04
1.642648e+01    9.295930e-04
1.643869e+01    9.291086e-04
1.645090e+01    9.281050e-04
1.646312e+01    9.266406e-04
1.647533e+01    9.246968e-04
1.648754e+01    9.222830e-04
1.649976e+01    9.194170e-04
1.651197e+01    9.160328e-04
1.652418e+01    9.122067e-04
1.653639e+01    9.079129e-04
1.654861e+01    9.031711e-04
1.656082e+01    8.979615e-04
1.657303e+01    8.923241e-04
1.658525e+01    8.862489e-04
1.659746e+01    8.797159e-04
1.660967e+01    8.727704e-04
1.662189e+01    8.653998e-04
1.663410e+01    8.576034e-04
1.664631e+01    8.494417e-04
1.665853e+01    8.408540e-04
1.667074e+01    8.318715e-04
1.668295e+01    8.225539e-04
1.669516e+01    8.128290e-04
1.670738e+01    8.027712e-04
1.671959e+01    7.923312e-04
1.673180e+01    7.815631e-04
1.674402e+01    7.704601e-04
1.675623e+01    7.590394e-04
1.676844e+01    7.473107e-04
1.678065e+01    7.352600e-04
1.679287e+01    7.229451e-04
1.680508e+01    7.103699e-04
1.681729e+01    6.974417e-04
1.682951e+01    6.842893e-04
1.684172e+01    6.709162e-04
1.685393e+01    6.572799e-04
1.686615e+01    6.434295e-04
1.687836e+01    6.293608e-04
1.689057e+01    6.151505e-04
1.690278e+01    6.006471e-04
1.691500e+01    5.860239e-04
1.692721e+01    5.712131e-04
1.693942e+01    5.562731e-04
1.695164e+01    5.411516e-04
1.696385e+01    5.259008e-04
1.697606e+01    5.106007e-04
1.698828e+01    4.951049e-04
1.700049e+01    4.795741e-04
1.701270e+01    4.639203e-04
1.702491e+01    4.482020e-04
1.703713e+01    4.324219e-04
1.704934e+01    4.166131e-04
1.706155e+01    4.007487e-04
1.707377e+01    3.848611e-04
1.708598e+01    3.689438e-04
1.709819e+01    3.530404e-04
1.711040e+01    3.370320e-04
1.712262e+01    3.212320e-04
1.713483e+01    3.053513e-04
1.714705e+01    2.895203e-04
1.715926e+01    2.737480e-04
1.717147e+01    2.579918e-04
1.718368e+01    2.423174e-04
1.719590e+01    2.266778e-04
1.720811e+01    2.111570e-04
1.722032e+01    1.957306e-04
1.723254e+01    1.803529e-04
1.724475e+01    1.650971e-04
1.725696e+01    1.499702e-04
1.726917e+01    1.349435e-04
1.728139e+01    1.200393e-04
1.729360e+01    1.052905e-04
1.730581e+01    9.070813e-05
1.731803e+01    7.618258e-05
1.733024e+01    6.184556e-05
1.734245e+01    4.766117e-05
1.735467e+01    3.365181e-05
1.736688e+01    1.980104e-05
1.737909e+01    6.112685e-06
1.739130e+01    -7.388619e-06
1.740352e+01    -2.072893e-05
1.741573e+01    -3.380943e-05
1.742794e+01    -4.679049e-05
1.744016e+01    -5.956008e-05
1.745237e+01    -7.211095e-05
1.746458e+01    -8.448991e-05
1.747680e+01    -9.667101e-05
1.748901e+01    -1.086179e-04
1.750122e+01    -1.204044e-04
1.751343e+01    -1.319578e-04
1.752565e+01    -1.433204e-04
1.753786e+01    -1.544928e-04
1.755007e+01    -1.654348e-04
1.756229e+01    -1.761802e-04
1.757450e+01    -1.867277e-04
1.758671e+01    -1.970495e-04
1.759892e+01    -2.071718e-04
1.761114e+01    -2.170920e-04
1.762335e+01    -2.268190e-04
1.763556e+01    -2.363358e-04
1.764778e+01    -2.456602e-04
1.765999e+01    -2.547802e-04
1.767220e+01    -2.636891e-04
1.768442e+01    -2.724164e-04
1.769663e+01    -2.809477e-04
1.770884e+01    -2.892739e-04
1.772106e+01    -2.972297e-04
1.773327e+01    -3.053940e-04
1.774548e+01    -3.131567e-04
1.775769e+01    -3.207609e-04
1.776991e+01    -3.281551e-04
1.778212e+01    -3.353935e-04
1.779433e+01    -3.424258e-04
1.780655e+01    -3.493351e-04
1.781876e+01    -3.560357e-04
1.783097e+01    -3.625833e-04
1.784319e+01    -3.689671e-04
1.785540e+01    -3.751438e-04
1.786761e+01    -3.812437e-04
1.787982e+01    -3.871651e-04
1.789204e+01    -3.929433e-04
1.790425e+01    -3.985528e-04
1.791646e+01    -4.040283e-04
1.792868e+01    -4.093447e-04
1.794089e+01    -4.145743e-04
1.795310e+01    -4.196380e-04
1.796531e+01    -4.245741e-04
1.797753e+01    -4.294093e-04
1.798974e+01    -4.340851e-04
1.800196e+01    -4.386302e-04
1.801417e+01    -4.431457e-04
1.802638e+01    -4.474274e-04
1.803859e+01    -4.517292e-04
1.805081e+01    -4.558375e-04
1.806302e+01    -4.598731e-04
1.807523e+01    -4.637642e-04
1.808744e+01    -4.675947e-04
1.809966e+01    -4.713174e-04
1.811187e+01    -4.749650e-04
1.812408e+01    -4.784523e-04
1.813630e+01    -4.819143e-04
1.814851e+01    -4.852441e-04
1.816072e+01    -4.884754e-04
1.817294e+01    -4.916427e-04
1.818515e+01    -4.947279e-04
1.819736e+01    -4.977082e-04
1.820958e+01    -5.006006e-04
1.822179e+01    -5.034184e-04
1.823400e+01    -5.061206e-04
1.824621e+01    -5.087760e-04
1.825843e+01    -5.113140e-04
1.827064e+01    -5.138000e-04
1.828285e+01    -5.161833e-04
1.829507e+01    -5.184842e-04
1.830728e+01    -5.206956e-04
1.831949e+01    -5.228252e-04
1.833171e+01    -5.248482e-04
1.834392e+01    -5.268212e-04
1.835613e+01    -5.287034e-04
1.836834e+01    -5.304376e-04
1.838056e+01    -5.321795e-04
1.839277e+01    -5.338227e-04
1.840498e+01    -5.352752e-04
1.841720e+01    -5.367020e-04
1.842941e+01    -5.379940e-04
1.844162e+01    -5.392702e-04
1.845383e+01    -5.403842e-04
1.846605e+01    -5.413867e-04
1.847826e+01    -5.423133e-04
1.849047e+01    -5.431256e-04
1.850269e+01    -5.437736e-04
1.851490e+01    -5.444051e-04
1.852711e+01    -5.448753e-04
1.853933e+01    -5.452587e-04
1.855154e+01    -5.454527e-04
1.856375e+01    -5.455385e-04
1.857596e+01    -5.455329e-04
1.858818e+01    -5.453523e-04
1.860039e+01    -5.450625e-04
1.861260e+01    -5.446273e-04
1.862482e+01    -5.440109e-04
1.863703e+01    -5.433606e-04
1.864924e+01    -5.424751e-04
1.866146e+01    -5.414659e-04
1.867367e+01    -5.402598e-04
1.868588e+01    -5.389650e-04
1.869810e+01    -5.374858e-04
1.871031e+01    -5.358302e-04
1.872252e+01    -5.340248e-04
1.873473e+01    -5.320490e-04
1.874695e+01    -5.298899e-04
1.875916e+01    -5.275828e-04
1.877137e+01    -5.250780e-04
1.878359e+01    -5.223954e-04
1.879580e+01    -5.195446e-04
1.880801e+01    -5.164992e-04
1.882022e+01    -5.132975e-04
1.883244e+01    -5.098713e-04
1.884465e+01    -5.062692e-04
1.885686e+01    -5.024751e-04
1.886908e+01    -4.984953e-04
1.888129e+01    -4.942929e-04
1.889350e+01    -4.899018e-04
1.890572e+01    -4.853589e-04
1.891793e+01    -4.805798e-04
1.893014e+01    -4.756008e-04
1.894235e+01    -4.704213e-04
1.895457e+01    -4.650380e-04
1.896678e+01    -4.594458e-04
1.897899e+01    -4.536849e-04
1.899121e+01    -4.476774e-04
1.900342e+01    -4.414782e-04
1.901563e+01    -4.350717e-04
1.902785e+01    -4.284958e-04
1.904006e+01    -4.216815e-04
1.905227e+01    -4.146754e-04
1.906449e+01    -4.074739e-04
1.907670e+01    -4.000901e-04
1.908891e+01    -3.924860e-04
1.910112e+01    -3.847249e-04
1.911334e+01    -3.767922e-04
1.912555e+01    -3.685731e-04
1.913776e+01    -3.602369e-04
1.914997e+01    -3.517290e-04
1.916219e+01    -3.429911e-04
1.917440e+01    -3.341050e-04
1.918661e+01    -3.250401e-04
1.919883e+01    -3.158265e-04
1.921104e+01    -3.064368e-04
1.922325e+01    -2.968768e-04
1.923547e+01    -2.871546e-04
1.924768e+01    -2.772765e-04
1.925989e+01    -2.672828e-04
1.927211e+01    -2.571436e-04
1.928432e+01    -2.467778e-04
1.929653e+01    -2.364212e-04
1.930874e+01    -2.258748e-04
1.932096e+01    -2.151933e-04
1.933317e+01    -2.044111e-04
1.934538e+01    -1.935123e-04
1.935760e+01    -1.825187e-04
1.936981e+01    -1.714192e-04
1.938202e+01    -1.602331e-04
1.939424e+01    -1.489152e-04
1.940645e+01    -1.376143e-04
1.941866e+01    -1.261542e-04
1.943087e+01    -1.147224e-04
1.944309e+01    -1.032001e-04
1.945530e+01    -9.158673e-05
1.946751e+01    -7.999083e-05
1.947973e+01    -6.832485e-05
1.949194e+01    -5.665713e-05
1.950415e+01    -4.496612e-05
1.951637e+01    -3.327057e-05
1.952858e+01    -2.154693e-05
1.954079e+01    -9.850803e-06
1.955301e+01    1.742039e-06
1.956522e+01    1.349002e-05
1.957743e+01    2.511340e-05
1.958964e+01    3.674539e-05
1.960186e+01    4.827357e-05
1.961407e+01    5.975642e-05
1.962628e+01    7.119539e-05
1.963849e+01    8.256831e-05
1.965071e+01    9.386358e-05
1.966292e+01    1.050532e-04
1.967513e+01    1.161789e-04
1.968735e+01    1.271817e-04
1.969956e+01    1.381059e-04
1.971177e+01    1.489038e-04
1.972399e+01    1.595271e-04
1.973620e+01    1.701353e-04
1.974841e+01    1.805332e-04
1.976063e+01    1.908394e-04
1.977284e+01    2.009430e-04
1.978505e+01    2.109164e-04
1.979726e+01    2.207196e-04
1.980948e+01    2.304110e-04
1.982169e+01    2.398235e-04
1.983390e+01    2.491411e-04
1.984612e+01    2.582313e-04
1.985833e+01    2.671187e-04
1.987054e+01    2.758331e-04
1.988276e+01    2.843128e-04
1.989497e+01    2.925275e-04
1.990718e+01    3.006905e-04
1.991939e+01    3.085695e-04
1.993161e+01    3.162031e-04
1.994382e+01    3.236015e-04
1.995603e+01    3.307699e-04
1.996825e+01    3.377092e-04
1.998046e+01    3.444091e-04
1.999267e+01    3.508790e-04
2.000488e+01    3.570984e-04
2.001710e+01    3.630798e-04
2.002931e+01    3.688564e-04
2.004152e+01    3.743055e-04
2.005374e+01    3.794681e-04
2.006595e+01    3.844325e-04
2.007816e+01    3.891089e-04
2.009038e+01    3.935280e-04
2.010259e+01    3.976935e-04
2.011480e+01    4.016545e-04
2.012702e+01    4.052924e-04
2.013923e+01    4.086655e-04
2.015144e+01    4.117863e-04
2.016365e+01    4.146635e-04
2.017587e+01    4.172295e-04
2.018808e+01    4.195686e-04
2.020029e+01    4.216649e-04
2.021251e+01    4.234531e-04
2.022472e+01    4.249975e-04
2.023693e+01    4.263387e-04
2.024915e+01    4.273269e-04
2.026136e+01    4.281063e-04
2.027357e+01    4.286299e-04
2.028578e+01    4.288795e-04
2.029800e+01    4.289169e-04
2.031021e+01    4.286984e-04
2.032242e+01    4.282257e-04
2.033464e+01    4.275047e-04
2.034685e+01    4.265847e-04
2.035906e+01    4.254429e-04
2.037127e+01    4.239710e-04
2.038349e+01    4.224004e-04
2.039570e+01    4.205437e-04
2.040791e+01    4.184673e-04
2.042013e+01    4.162122e-04
2.043234e+01    4.136854e-04
2.044455e+01    4.109860e-04
2.045677e+01    4.081015e-04
2.046898e+01    4.050254e-04
2.048119e+01    4.017428e-04
2.049340e+01    3.982775e-04
2.050562e+01    3.945935e-04
2.051783e+01    3.908284e-04
2.053004e+01    3.868290e-04
2.054226e+01    3.826814e-04
2.055447e+01    3.783675e-04
2.056668e+01    3.739218e-04
2.057890e+01    3.693136e-04
2.059111e+01    3.645574e-04
2.060332e+01    3.596772e-04
2.061554e+01    3.546569e-04
2.062775e+01    3.494972e-04
2.063996e+01    3.442233e-04
2.065217e+01    3.388633e-04
2.066439e+01    3.333809e-04
2.067660e+01    3.279273e-04
2.068881e+01    3.221030e-04
2.070103e+01    3.163351e-04
2.071324e+01    3.104660e-04
2.072545e+01    3.045335e-04
2.073767e+01    2.985310e-04
2.074988e+01    2.924622e-04
2.076209e+01    2.862647e-04
2.077430e+01    2.800608e-04
2.078652e+01    2.738207e-04
2.079873e+01    2.675033e-04
2.081094e+01    2.610923e-04
2.082316e+01    2.547569e-04
2.083537e+01    2.483582e-04
2.084758e+01    2.419884e-04
2.085979e+01    2.354181e-04
2.087201e+01    2.289328e-04
2.088422e+01    2.224287e-04
2.089643e+01    2.159190e-04
2.090865e+01    2.094038e-04
2.092086e+01    2.028887e-04
2.093307e+01    1.963741e-04
2.094529e+01    1.898511e-04
2.095750e+01    1.833652e-04
2.096971e+01    1.769050e-04
2.098192e+01    1.704403e-04
2.099414e+01    1.640124e-04
2.100635e+01    1.575866e-04
2.101856e+01    1.512374e-04
2.103078e+01    1.448933e-04
2.104299e+01    1.385410e-04
2.105520e+01    1.323011e-04
2.106742e+01    1.260578e-04
2.107963e+01    1.198547e-04
2.109184e+01    1.137145e-04
2.110406e+01    1.076120e-04
2.111627e+01    1.015090e-04
2.112848e+01    9.560026e-05
2.114069e+01    8.964865e-05
2.115291e+01    8.376874e-05
2.116512e+01    7.797126e-05
2.117733e+01    7.218414e-05
2.118955e+01    6.646547e-05
2.120176e+01    6.081897e-05
2.121397e+01    5.524454e-05
2.122618e+01    4.974171e-05
2.123840e+01    4.428183e-05
2.125061e+01    3.886287e-05
2.126282e+01    3.357616e-05
2.127504e+01    2.833936e-05
2.128725e+01    2.320579e-05
2.129946e+01    1.801348e-05
2.131168e+01    1.296206e-05
2.132389e+01    7.967945e-06
2.133610e+01    3.071764e-06
2.134831e+01    -1.757508e-06
2.136053e+01    -6.544324e-06
2.137274e+01    -1.124205e-05
2.138495e+01    -1.589442e-05
2.139717e+01    -2.048109e-05
2.140938e+01    -2.494156e-05
2.142159e+01    -2.943117e-05
2.143381e+01    -3.375335e-05
2.144602e+01    -3.805938e-05
2.145823e+01    -4.230317e-05
2.147044e+01    -4.646539e-05
2.148266e+01    -5.058139e-05
2.149487e+01    -5.463120e-05
2.150708e+01    -5.861450e-05
2.151930e+01    -6.253425e-05
2.153151e+01    -6.639223e-05
2.154372e+01    -7.018111e-05
2.155593e+01    -7.393964e-05
2.156815e+01    -7.760663e-05
2.158036e+01    -8.123188e-05
2.159258e+01    -8.479779e-05
2.160479e+01    -8.831124e-05
2.161700e+01    -9.176611e-05
2.162921e+01    -9.516245e-05
2.164143e+01    -9.852336e-05
2.165364e+01    -1.018076e-04
2.166585e+01    -1.050521e-04
2.167807e+01    -1.082589e-04
2.169028e+01    -1.113919e-04
2.170249e+01    -1.144655e-04
2.171470e+01    -1.175202e-04
2.172692e+01    -1.206727e-04
2.173913e+01    -1.234492e-04
2.175134e+01    -1.263829e-04
2.176356e+01    -1.291806e-04
2.177577e+01    -1.320148e-04
2.178798e+01    -1.347764e-04
2.180020e+01    -1.374791e-04
2.181241e+01    -1.401153e-04
2.182462e+01    -1.427623e-04
2.183683e+01    -1.453516e-04
2.184905e+01    -1.478870e-04
2.186126e+01    -1.502611e-04
2.187347e+01    -1.527998e-04
2.188569e+01    -1.552227e-04
2.189790e+01    -1.575299e-04
2.191011e+01    -1.598656e-04
2.192233e+01    -1.621402e-04
2.193454e+01    -1.643296e-04
2.194675e+01    -1.665145e-04
2.195897e+01    -1.686392e-04
2.197118e+01    -1.707177e-04
2.198339e+01    -1.727757e-04
2.199560e+01    -1.747210e-04
2.200782e+01    -1.766729e-04
2.202003e+01    -1.785712e-04
2.203224e+01    -1.804515e-04
2.204445e+01    -1.821925e-04
2.205667e+01    -1.839281e-04
2.206888e+01    -1.855205e-04
2.208109e+01    -1.872529e-04
2.209331e+01    -1.887978e-04
2.210552e+01    -1.903540e-04
2.211773e+01    -1.917958e-04
2.212995e+01    -1.932228e-04
2.214216e+01    -1.945898e-04
2.215437e+01    -1.958578e-04
2.216659e+01    -1.970766e-04
2.217880e+01    -1.982529e-04
2.219101e+01    -1.993457e-04
2.220322e+01    -2.004132e-04
2.221544e+01    -2.013657e-04
2.222765e+01    -2.022941e-04
2.223986e+01    -2.031149e-04
2.225208e+01    -2.038789e-04
2.226429e+01    -2.046073e-04
2.227650e+01    -2.052186e-04
2.228872e+01    -2.057854e-04
2.230093e+01    -2.062711e-04
2.231314e+01    -2.066825e-04
2.232535e+01    -2.070111e-04
2.233757e+01    -2.072349e-04
2.234978e+01    -2.074532e-04
2.236199e+01    -2.075564e-04
2.237421e+01    -2.076420e-04
2.238642e+01    -2.075085e-04
2.239863e+01    -2.073560e-04
2.241084e+01    -2.071567e-04
2.242306e+01    -2.068196e-04
2.243527e+01    -2.064358e-04
2.244748e+01    -2.059406e-04
2.245970e+01    -2.053626e-04
2.247191e+01    -2.046711e-04
2.248412e+01    -2.039717e-04
2.249634e+01    -2.031269e-04
2.250855e+01    -2.022135e-04
2.252076e+01    -2.011967e-04
2.253297e+01    -2.000611e-04
2.254519e+01    -1.990692e-04
2.255740e+01    -1.975828e-04
2.256961e+01    -1.961851e-04
2.258183e+01    -1.947109e-04
2.259404e+01    -1.931372e-04
2.260625e+01    -1.914677e-04
2.261847e+01    -1.897095e-04
2.263068e+01    -1.878895e-04
2.264289e+01    -1.859309e-04
2.265511e+01    -1.839175e-04
2.266732e+01    -1.817969e-04
2.267953e+01    -1.795712e-04
2.269174e+01    -1.773027e-04
2.270396e+01    -1.749010e-04
2.271617e+01    -1.724212e-04
2.272838e+01    -1.698654e-04
2.274060e+01    -1.672304e-04
2.275281e+01    -1.644935e-04
2.276502e+01    -1.616655e-04
2.277724e+01    -1.587669e-04
2.278945e+01    -1.557948e-04
2.280166e+01    -1.527282e-04
2.281387e+01    -1.496079e-04
2.282609e+01    -1.463809e-04
2.283830e+01    -1.430918e-04
2.285051e+01    -1.397252e-04
2.286273e+01    -1.362965e-04
2.287494e+01    -1.327978e-04
2.288715e+01    -1.292114e-04
2.289936e+01    -1.255563e-04
2.291158e+01    -1.218593e-04
2.292379e+01    -1.180852e-04
2.293600e+01    -1.142486e-04
2.294822e+01    -1.103286e-04
2.296043e+01    -1.064194e-04
2.297264e+01    -1.024174e-04
2.298486e+01    -9.834568e-05
2.299707e+01    -9.427004e-05
2.300928e+01    -9.010016e-05
2.302150e+01    -8.593756e-05
2.303371e+01    -8.166325e-05
2.304592e+01    -7.739099e-05
2.305813e+01    -7.308600e-05
2.307035e+01    -6.873201e-05
2.308256e+01    -6.434147e-05
2.309477e+01    -5.996285e-05
2.310699e+01    -5.555374e-05
2.311920e+01    -5.107559e-05
2.313141e+01    -4.662276e-05
2.314363e+01    -4.215009e-05
2.315584e+01    -3.761699e-05
2.316805e+01    -3.316236e-05
2.318026e+01    -2.865511e-05
2.319248e+01    -2.415577e-05
2.320469e+01    -1.964445e-05
2.321690e+01    -1.514272e-05
2.322912e+01    -1.061714e-05
2.324133e+01    -6.112852e-06
2.325354e+01    -1.647684e-06
2.326575e+01    2.813176e-06
2.327797e+01    7.295574e-06
2.329018e+01    1.169712e-05
2.330239e+01    1.614087e-05
2.331461e+01    2.052961e-05
2.332682e+01    2.490223e-05
2.333903e+01    2.924650e-05
2.335125e+01    3.353396e-05
2.336346e+01    3.779610e-05
2.337567e+01    4.202541e-05
2.338788e+01    4.619430e-05
2.340010e+01    5.035376e-05
2.341231e+01    5.444558e-05
2.342452e+01    5.851980e-05
2.343674e+01    6.250574e-05
2.344895e+01    6.644870e-05
2.346116e+01    7.029809e-05
2.347338e+01    7.418822e-05
2.348559e+01    7.796151e-05
2.349780e+01    8.165621e-05
2.351002e+01    8.529695e-05
2.352223e+01    8.889232e-05
2.353444e+01    9.239890e-05
2.354665e+01    9.582640e-05
2.355887e+01    9.926522e-05
2.357108e+01    1.025209e-04
2.358329e+01    1.057089e-04
2.359550e+01    1.088953e-04
2.360772e+01    1.119810e-04
2.361993e+01    1.149916e-04
2.363214e+01    1.179796e-04
2.364436e+01    1.207620e-04
2.365657e+01    1.235481e-04
2.366878e+01    1.262266e-04
2.368100e+01    1.288395e-04
2.369321e+01    1.313397e-04
2.370542e+01    1.338022e-04
2.371764e+01    1.361610e-04
2.372985e+01    1.384149e-04
2.374206e+01    1.406206e-04
2.375427e+01    1.427177e-04
2.376649e+01    1.446588e-04
2.377870e+01    1.467060e-04
2.379091e+01    1.485365e-04
2.380313e+01    1.503482e-04
2.381534e+01    1.520052e-04
2.382755e+01    1.535967e-04
2.383977e+01    1.551305e-04
2.385198e+01    1.565747e-04
2.386419e+01    1.579271e-04
2.387640e+01    1.591857e-04
2.388862e+01    1.603814e-04
2.390083e+01    1.615027e-04
2.391304e+01    1.625012e-04
2.392526e+01    1.634537e-04
2.393747e+01    1.643175e-04
2.394968e+01    1.651086e-04
2.396189e+01    1.658275e-04
2.397411e+01    1.664613e-04
2.398632e+01    1.670248e-04
2.399854e+01    1.675015e-04
2.401075e+01    1.679360e-04
2.402296e+01    1.682813e-04
2.403517e+01    1.685029e-04
2.404739e+01    1.687635e-04
2.405960e+01    1.689240e-04
2.407181e+01    1.690686e-04
2.408403e+01    1.689904e-04
2.409624e+01    1.689483e-04
2.410845e+01    1.688367e-04
2.412066e+01    1.686551e-04
2.413288e+01    1.684465e-04
2.414509e+01    1.681482e-04
2.415730e+01    1.678124e-04
2.416952e+01    1.674982e-04
2.418173e+01    1.669877e-04
2.419394e+01    1.664871e-04
2.420616e+01    1.659287e-04
2.421837e+01    1.653427e-04
2.423058e+01    1.646818e-04
2.424279e+01    1.642392e-04
2.425501e+01    1.632590e-04
2.426722e+01    1.624781e-04
2.427943e+01    1.616637e-04
2.429165e+01    1.608731e-04
2.430386e+01    1.599226e-04
2.431607e+01    1.589743e-04
2.432829e+01    1.579965e-04
2.434050e+01    1.570140e-04
2.435271e+01    1.560230e-04
2.436492e+01    1.549018e-04
2.437714e+01    1.538112e-04
2.438935e+01    1.526627e-04
2.440156e+01    1.515479e-04
2.441378e+01    1.503575e-04
2.442599e+01    1.491452e-04
2.443820e+01    1.479378e-04
2.445041e+01    1.467068e-04
2.446263e+01    1.454093e-04
2.447484e+01    1.441090e-04
2.448705e+01    1.428247e-04
2.449927e+01    1.415000e-04
2.451148e+01    1.402452e-04
2.452369e+01    1.387779e-04
2.453591e+01    1.374027e-04
2.454812e+01    1.360191e-04
2.456033e+01    1.346202e-04
2.457255e+01    1.331605e-04
2.458476e+01    1.317285e-04
2.459697e+01    1.302672e-04
2.460918e+01    1.287936e-04
2.462140e+01    1.273426e-04
2.463361e+01    1.258762e-04
2.464582e+01    1.242429e-04
2.465804e+01    1.228121e-04
2.467025e+01    1.212993e-04
2.468246e+01    1.197346e-04
2.469468e+01    1.181734e-04
2.470689e+01    1.166036e-04
2.471910e+01    1.150191e-04
2.473131e+01    1.134241e-04
2.474353e+01    1.118311e-04
2.475574e+01    1.102132e-04
2.476795e+01    1.085749e-04
2.478017e+01    1.069556e-04
2.479238e+01    1.052843e-04
2.480459e+01    1.036185e-04
2.481680e+01    1.019226e-04
2.482902e+01    1.002213e-04
2.484123e+01    9.854398e-05
2.485344e+01    9.681758e-05
2.486566e+01    9.510353e-05
2.487787e+01    9.333301e-05
2.489008e+01    9.159359e-05
2.490230e+01    8.976832e-05
2.491451e+01    8.798442e-05
2.492672e+01    8.619403e-05
2.493893e+01    8.435441e-05
2.495115e+01    8.251490e-05
2.496336e+01    8.063942e-05
2.497557e+01    7.875919e-05
2.498779e+01    7.684041e-05
2.500000e+01    7.491419e-05
