0.000000e+00    -1.654958e+00
1.221299e-02    -1.653110e+00
2.442599e-02    -1.647577e+00
3.663898e-02    -1.638388e+00
4.885198e-02    -1.625595e+00
6.106497e-02    -1.609265e+00
7.327797e-02    -1.589489e+00
8.549096e-02    -1.566372e+00
9.770396e-02    -1.540040e+00
1.099169e-01    -1.510634e+00
1.221299e-01    -1.478312e+00
1.343429e-01    -1.443246e+00
1.465559e-01    -1.405621e+00
1.587689e-01    -1.365637e+00
1.709819e-01    -1.323503e+00
1.831949e-01    -1.279438e+00
1.954079e-01    -1.233669e+00
2.076209e-01    -1.186431e+00
2.198339e-01    -1.137965e+00
2.320469e-01    -1.088512e+00
2.442599e-01    -1.038321e+00
2.564729e-01    -9.876357e-01
2.686859e-01    -9.367043e-01
2.808989e-01    -8.857700e-01
2.931119e-01    -8.350732e-01
3.053249e-01    -7.848497e-01
3.175378e-01    -7.353287e-01
3.297509e-01    -6.867318e-01
3.419639e-01    -6.392725e-01
3.541768e-01    -5.931542e-01
3.663898e-01    -5.485697e-01
3.786028e-01    -5.057003e-01
3.908158e-01    -4.647146e-01
4.030288e-01    -4.257682e-01
4.152418e-01    -3.890032e-01
4.274548e-01    -3.545472e-01
4.396678e-01    -3.225133e-01
4.518808e-01    -2.929998e-01
4.640938e-01    -2.660897e-01
4.763068e-01    -2.418512e-01
4.885198e-01    -2.203369e-01
5.007328e-01    -2.015849e-01
5.129458e-01    -1.856180e-01
5.251588e-01    -1.724448e-01
5.373718e-01    -1.620597e-01
5.495847e-01    -1.544434e-01
5.617977e-01    -1.495633e-01
5.740107e-01    -1.473745e-01
5.862237e-01    -1.478200e-01
5.984367e-01    -1.508315e-01
6.106497e-01    -1.563304e-01
6.228627e-01    -1.642283e-01
6.350757e-01    -1.744280e-01
6.472887e-01    -1.868239e-01
6.595017e-01    -2.013039e-01
6.717147e-01    -2.177486e-01
6.839277e-01    -2.360339e-01
6.961407e-01    -2.560309e-01
7.083537e-01    -2.776068e-01
7.205667e-01    -3.006260e-01
7.327797e-01    -3.249508e-01
7.449927e-01    -3.504425e-01
7.572057e-01    -3.769615e-01
7.694187e-01    -4.043688e-01
7.816316e-01    -4.325265e-01
7.938446e-01    -4.612980e-01
8.060576e-01    -4.905492e-01
8.182706e-01    -5.201492e-01
8.304836e-01    -5.499701e-01
8.426966e-01    -5.798886e-01
8.549096e-01    -6.097854e-01
8.671226e-01    -6.395463e-01
8.793356e-01    -6.690623e-01
8.915486e-01    -6.982298e-01
9.037616e-01    -7.269517e-01
9.159746e-01    -7.551365e-01
9.281876e-01    -7.826988e-01
9.404006e-01    -8.095599e-01
9.526136e-01    -8.356479e-01
9.648266e-01    -8.608971e-01
9.770396e-01    -8.852484e-01
9.892526e-01    -9.086497e-01
1.001466e+00    -9.310549e-01
1.013679e+00    -9.524246e-01
1.025892e+00    -9.727259e-01
1.038105e+00    -9.919317e-01
1.050318e+00    -1.010021e+00
1.062531e+00    -1.026979e+00
1.074744e+00    -1.042795e+00
1.086957e+00    -1.057467e+00
1.099169e+00    -1.070994e+00
1.111382e+00    -1.083381e+00
1.123595e+00    -1.094641e+00
1.135808e+00    -1.104785e+00
1.148021e+00    -1.113834e+00
1.160234e+00    -1.121809e+00
1.172447e+00    -1.128734e+00
1.184660e+00    -1.134639e+00
1.196873e+00    -1.139555e+00
1.209086e+00    -1.143514e+00
1.221299e+00    -1.146552e+00
1.233512e+00    -1.148706e+00
1.245725e+00    -1.150016e+00
1.257938e+00    -1.150520e+00
1.270151e+00    -1.150259e+00
1.282364e+00    -1.149276e+00
1.294577e+00    -1.147612e+00
1.306790e+00    -1.145310e+00
1.319003e+00    -1.142410e+00
1.331216e+00    -1.138956e+00
1.343429e+00    -1.134988e+00
1.355642e+00    -1.130548e+00
1.367855e+00    -1.125675e+00
1.380068e+00    -1.120408e+00
1.392281e+00    -1.114786e+00
1.404494e+00    -1.108844e+00
1.416707e+00    -1.102618e+00
1.428920e+00    -1.096142e+00
1.441133e+00    -1.089449e+00
1.453346e+00    -1.082568e+00
1.465559e+00    -1.075530e+00
1.477772e+00    -1.068360e+00
1.489985e+00    -1.061087e+00
1.502198e+00    -1.053731e+00
1.514411e+00    -1.046317e+00
1.526624e+00    -1.038864e+00
1.538837e+00    -1.031391e+00
1.551050e+00    -1.023915e+00
1.563263e+00    -1.016450e+00
1.575476e+00    -1.009011e+00
1.587689e+00    -1.001608e+00
1.599902e+00    -9.942526e-01
1.612115e+00    -9.869531e-01
1.624328e+00    -9.797168e-01
1.636541e+00    -9.725491e-01
1.648754e+00    -9.654547e-01
1.660967e+00    -9.584370e-01
1.673180e+00    -9.514977e-01
1.685393e+00    -9.446378e-01
1.697606e+00    -9.378573e-01
1.709819e+00    -9.311550e-01
1.722032e+00    -9.245290e-01
1.734245e+00    -9.179766e-01
1.746458e+00    -9.114943e-01
1.758671e+00    -9.050779e-01
1.770884e+00    -8.987231e-01
1.783097e+00    -8.924246e-01
1.795310e+00    -8.861769e-01
1.807523e+00    -8.799742e-01
1.819736e+00    -8.738104e-01
1.831949e+00    -8.676792e-01
1.844162e+00    -8.615741e-01
1.856375e+00    -8.554888e-01
1.868588e+00    -8.494166e-01
1.880801e+00    -8.433512e-01
1.893014e+00    -8.372863e-01
1.905227e+00    -8.312156e-01
1.917440e+00    -8.251328e-01
1.929653e+00    -8.190324e-01
1.941866e+00    -8.129087e-01
1.954079e+00    -8.067564e-01
1.966292e+00    -8.005704e-01
1.978505e+00    -7.943464e-01
1.990718e+00    -7.880798e-01
2.002931e+00    -7.817670e-01
2.015144e+00    -7.754042e-01
2.027357e+00    -7.689882e-01
2.039570e+00    -7.625167e-01
2.051783e+00    -7.559870e-01
2.063996e+00    -7.493976e-01
2.076209e+00    -7.427468e-01
2.088422e+00    -7.360337e-01
2.100635e+00    -7.292574e-01
2.112848e+00    -7.224179e-01
2.125061e+00    -7.155153e-01
2.137274e+00    -7.085499e-01
2.149487e+00    -7.015228e-01
2.161700e+00    -6.944352e-01
2.173913e+00    -6.872886e-01
2.186126e+00    -6.800848e-01
2.198339e+00    -6.728263e-01
2.210552e+00    -6.655151e-01
2.222765e+00    -6.581541e-01
2.234978e+00    -6.507463e-01
2.247191e+00    -6.432948e-01
2.259404e+00    -6.358029e-01
2.271617e+00    -6.282741e-01
2.283830e+00    -6.207123e-01
2.296043e+00    -6.131211e-01
2.308256e+00    -6.055045e-01
2.320469e+00    -5.978665e-01
2.332682e+00    -5.902113e-01
2.344895e+00    -5.825429e-01
2.357108e+00    -5.748656e-01
2.369321e+00    -5.671835e-01
2.381534e+00    -5.595009e-01
2.393747e+00    -5.518221e-01
2.405960e+00    -5.441509e-01
2.418173e+00    -5.364918e-01
2.430386e+00    -5.288486e-01
2.442599e+00    -5.212255e-01
2.454812e+00    -5.136263e-01
2.467025e+00    -5.060547e-01
2.479238e+00    -4.985144e-01
2.491451e+00    -4.910093e-01
2.503664e+00    -4.835425e-01
2.515877e+00    -4.761175e-01
2.528090e+00    -4.687375e-01
2.540303e+00    -4.614057e-01
2.552516e+00    -4.541247e-01
2.564729e+00    -4.468975e-01
2.576942e+00    -4.397267e-01
2.589155e+00    -4.326147e-01
2.601368e+00    -4.255638e-01
2.613581e+00    -4.185762e-01
2.625794e+00    -4.116541e-01
2.638007e+00    -4.047990e-01
2.650220e+00    -3.980130e-01
2.662433e+00    -3.912973e-01
2.674646e+00    -3.846536e-01
2.686859e+00    -3.780830e-01
2.699072e+00    -3.715867e-01
2.711285e+00    -3.651656e-01
2.723498e+00    -3.588207e-01
2.735711e+00    -3.525527e-01
2.747924e+00    -3.463622e-01
2.760137e+00    -3.402497e-01
2.772350e+00    -3.342157e-01
2.784563e+00    -3.282604e-01
2.796776e+00    -3.223840e-01
2.808989e+00    -3.165866e-01
2.821202e+00    -3.108682e-01
2.833415e+00    -3.052287e-01
2.845628e+00    -2.996681e-01
2.857841e+00    -2.941861e-01
2.870054e+00    -2.887823e-01
2.882267e+00    -2.834566e-01
2.894480e+00    -2.782083e-01
2.906693e+00    -2.730372e-01
2.918906e+00    -2.679427e-01
2.931119e+00    -2.629242e-01
2.943332e+00    -2.579812e-01
2.955545e+00    -2.531131e-01
2.967758e+00    -2.483193e-01
2.979971e+00    -2.435991e-01
2.992184e+00    -2.389518e-01
3.004397e+00    -2.343768e-01
3.016610e+00    -2.298732e-01
3.028823e+00    -2.254405e-01
3.041036e+00    -2.210779e-01
3.053249e+00    -2.167845e-01
3.065462e+00    -2.125599e-01
3.077675e+00    -2.084031e-01
3.089888e+00    -2.043135e-01
3.102101e+00    -2.002903e-01
3.114314e+00    -1.963328e-01
3.126527e+00    -1.924403e-01
3.138740e+00    -1.886121e-01
3.150953e+00    -1.848474e-01
3.163166e+00    -1.811457e-01
3.175379e+00    -1.775061e-01
3.187592e+00    -1.739280e-01
3.199805e+00    -1.704108e-01
3.212018e+00    -1.669537e-01
3.224231e+00    -1.635562e-01
3.236444e+00    -1.602175e-01
3.248657e+00    -1.569371e-01
3.260870e+00    -1.537143e-01
3.273082e+00    -1.505486e-01
3.285295e+00    -1.474392e-01
3.297508e+00    -1.443856e-01
3.309721e+00    -1.413873e-01
3.321934e+00    -1.384435e-01
3.334147e+00    -1.355538e-01
3.346360e+00    -1.327175e-01
3.358573e+00    -1.299341e-01
3.370786e+00    -1.272030e-01
3.382999e+00    -1.245237e-01
3.395212e+00    -1.218955e-01
3.407425e+00    -1.193179e-01
3.419638e+00    -1.167904e-01
3.431851e+00    -1.143123e-01
3.444064e+00    -1.118832e-01
3.456277e+00    -1.095024e-01
3.468490e+00    -1.071694e-01
3.480703e+00    -1.048836e-01
3.492916e+00    -1.026444e-01
3.505129e+00    -1.004513e-01
3.517342e+00    -9.830375e-02
3.529555e+00    -9.620112e-02
3.541768e+00    -9.414282e-02
3.553981e+00    -9.212830e-02
3.566194e+00    -9.015695e-02
3.578407e+00    -8.822822e-02
3.590620e+00    -8.634149e-02
3.602833e+00    -8.449616e-02
3.615046e+00    -8.269165e-02
3.627259e+00    -8.092736e-02
3.639472e+00    -7.920269e-02
3.651685e+00    -7.751699e-02
3.663898e+00    -7.586972e-02
3.676111e+00    -7.426024e-02
3.688324e+00    -7.268795e-02
3.700537e+00    -7.115220e-02
3.712750e+00    -6.965247e-02
3.724963e+00    -6.818804e-02
3.737176e+00    -6.675836e-02
3.749389e+00    -6.536280e-02
3.761602e+00    -6.400075e-02
3.773815e+00    -6.267161e-02
3.786028e+00    -6.137475e-02
3.798241e+00    -6.010959e-02
3.810454e+00    -5.887551e-02
3.822667e+00    -5.767192e-02
3.834880e+00    -5.649824e-02
3.847093e+00    -5.535385e-02
3.859306e+00    -5.423819e-02
3.871519e+00    -5.315068e-02
3.883732e+00    -5.209072e-02
3.895945e+00    -5.105778e-02
3.908158e+00    -5.005128e-02
3.920371e+00    -4.907066e-02
3.932584e+00    -4.811539e-02
3.944797e+00    -4.718492e-02
3.957010e+00    -4.627873e-02
3.969223e+00    -4.539629e-02
3.981436e+00    -4.453708e-02
3.993649e+00    -4.370062e-02
4.005862e+00    -4.288638e-02
4.018075e+00    -4.209392e-02
4.030288e+00    -4.132271e-02
4.042501e+00    -4.057233e-02
4.054714e+00    -3.984227e-02
4.066927e+00    -3.913216e-02
4.079140e+00    -3.844148e-02
4.091353e+00    -3.776986e-02
4.103566e+00    -3.711683e-02
4.115779e+00    -3.648204e-02
4.127992e+00    -3.586504e-02
4.140205e+00    -3.526549e-02
4.152418e+00    -3.468297e-02
4.164631e+00    -3.411713e-02
4.176844e+00    -3.356760e-02
4.189057e+00    -3.303402e-02
4.201270e+00    -3.251611e-02
4.213483e+00    -3.201345e-02
4.225696e+00    -3.152579e-02
4.237909e+00    -3.105277e-02
4.250122e+00    -3.059412e-02
4.262335e+00    -3.014948e-02
4.274548e+00    -2.971863e-02
4.286761e+00    -2.930125e-02
4.298974e+00    -2.889708e-02
4.311187e+00    -2.850582e-02
4.323400e+00    -2.812725e-02
4.335613e+00    -2.776108e-02
4.347826e+00    -2.740710e-02
4.360039e+00    -2.706502e-02
4.372252e+00    -2.673464e-02
4.384465e+00    -2.641570e-02
4.396678e+00    -2.610800e-02
4.408891e+00    -2.581128e-02
4.421104e+00    -2.552537e-02
4.433317e+00    -2.525001e-02
4.445530e+00    -2.498501e-02
4.457743e+00    -2.473016e-02
4.469956e+00    -2.448526e-02
4.482169e+00    -2.425011e-02
4.494382e+00    -2.402451e-02
4.506595e+00    -2.380825e-02
4.518808e+00    -2.360116e-02
4.531021e+00    -2.340302e-02
4.543234e+00    -2.321368e-02
4.555447e+00    -2.303292e-02
4.567660e+00    -2.286058e-02
4.579873e+00    -2.269644e-02
4.592086e+00    -2.254036e-02
4.604299e+00    -2.239213e-02
4.616512e+00    -2.225158e-02
4.628725e+00    -2.211852e-02
4.640938e+00    -2.199278e-02
4.653151e+00    -2.187418e-02
4.665364e+00    -2.176254e-02
4.677577e+00    -2.165766e-02
4.689790e+00    -2.155940e-02
4.702003e+00    -2.146758e-02
4.714216e+00    -2.138199e-02
4.726429e+00    -2.130246e-02
4.738642e+00    -2.122883e-02
4.750855e+00    -2.116092e-02
4.763068e+00    -2.109854e-02
4.775281e+00    -2.104151e-02
4.787494e+00    -2.098967e-02
4.799707e+00    -2.094283e-02
4.811920e+00    -2.090082e-02
4.824133e+00    -2.086345e-02
4.836346e+00    -2.083054e-02
4.848559e+00    -2.080192e-02
4.860772e+00    -2.077741e-02
4.872985e+00    -2.075684e-02
4.885198e+00    -2.074003e-02
4.897411e+00    -2.072679e-02
4.909624e+00    -2.071694e-02
4.921837e+00    -2.071032e-02
4.934050e+00    -2.070675e-02
4.946263e+00    -2.070606e-02
4.958476e+00    -2.070807e-02
4.970689e+00    -2.071259e-02
4.982902e+00    -2.071947e-02
4.995115e+00    -2.072853e-02
5.007328e+00    -2.073959e-02
5.019541e+00    -2.075250e-02
5.031754e+00    -2.076707e-02
5.043967e+00    -2.078314e-02
5.056180e+00    -2.080056e-02
5.068393e+00    -2.081914e-02
5.080606e+00    -2.083872e-02
5.092819e+00    -2.085915e-02
5.105031e+00    -2.088027e-02
5.117245e+00    -2.090192e-02
5.129457e+00    -2.092393e-02
5.141671e+00    -2.094616e-02
5.153883e+00    -2.096846e-02
5.166097e+00    -2.099067e-02
5.178309e+00    -2.101265e-02
5.190523e+00    -2.103424e-02
5.202735e+00    -2.105532e-02
5.214949e+00    -2.107573e-02
5.227162e+00    -2.109535e-02
5.239375e+00    -2.111402e-02
5.251588e+00    -2.113163e-02
5.263801e+00    -2.114804e-02
5.276014e+00    -2.116312e-02
5.288227e+00    -2.117676e-02
5.300440e+00    -2.118883e-02
5.312653e+00    -2.119920e-02
5.324866e+00    -2.120779e-02
5.337079e+00    -2.121446e-02
5.349292e+00    -2.121911e-02
5.361505e+00    -2.122164e-02
5.373718e+00    -2.122195e-02
5.385931e+00    -2.121994e-02
5.398144e+00    -2.121551e-02
5.410357e+00    -2.120857e-02
5.422570e+00    -2.119906e-02
5.434783e+00    -2.118687e-02
5.446996e+00    -2.117192e-02
5.459208e+00    -2.115415e-02
5.471422e+00    -2.113347e-02
5.483634e+00    -2.110984e-02
5.495848e+00    -2.108316e-02
5.508060e+00    -2.105340e-02
5.520274e+00    -2.102049e-02
5.532486e+00    -2.098437e-02
5.544700e+00    -2.094500e-02
5.556912e+00    -2.090233e-02
5.569126e+00    -2.085632e-02
5.581338e+00    -2.080694e-02
5.593552e+00    -2.075415e-02
5.605764e+00    -2.069790e-02
5.617978e+00    -2.063820e-02
5.630190e+00    -2.057500e-02
5.642404e+00    -2.050828e-02
5.654616e+00    -2.043805e-02
5.666830e+00    -2.036427e-02
5.679042e+00    -2.028695e-02
5.691256e+00    -2.020608e-02
5.703468e+00    -2.012166e-02
5.715682e+00    -2.003370e-02
5.727894e+00    -1.994219e-02
5.740108e+00    -1.984715e-02
5.752320e+00    -1.974860e-02
5.764534e+00    -1.964655e-02
5.776746e+00    -1.954101e-02
5.788960e+00    -1.943203e-02
5.801172e+00    -1.931962e-02
5.813385e+00    -1.920380e-02
5.825598e+00    -1.908462e-02
5.837811e+00    -1.896212e-02
5.850024e+00    -1.883633e-02
5.862237e+00    -1.870729e-02
5.874450e+00    -1.857505e-02
5.886663e+00    -1.843965e-02
5.898876e+00    -1.830116e-02
5.911089e+00    -1.815961e-02
5.923302e+00    -1.801508e-02
5.935515e+00    -1.786760e-02
5.947728e+00    -1.771726e-02
5.959941e+00    -1.756409e-02
5.972154e+00    -1.740818e-02
5.984367e+00    -1.724960e-02
5.996580e+00    -1.708840e-02
6.008793e+00    -1.692466e-02
6.021006e+00    -1.675845e-02
6.033219e+00    -1.658986e-02
6.045432e+00    -1.641894e-02
6.057645e+00    -1.624579e-02
6.069858e+00    -1.607049e-02
6.082071e+00    -1.589311e-02
6.094284e+00    -1.571373e-02
6.106497e+00    -1.553245e-02
6.118710e+00    -1.534935e-02
6.130923e+00    -1.516450e-02
6.143136e+00    -1.497801e-02
6.155349e+00    -1.478994e-02
6.167562e+00    -1.460041e-02
6.179775e+00    -1.440949e-02
6.191988e+00    -1.421727e-02
6.204201e+00    -1.402384e-02
6.216414e+00    -1.382930e-02
6.228627e+00    -1.363373e-02
6.240840e+00    -1.343723e-02
6.253053e+00    -1.323987e-02
6.265266e+00    -1.304176e-02
6.277479e+00    -1.284299e-02
6.289692e+00    -1.264364e-02
6.301905e+00    -1.244380e-02
6.314118e+00    -1.224357e-02
6.326331e+00    -1.204304e-02
6.338544e+00    -1.184228e-02
6.350757e+00    -1.164139e-02
6.362970e+00    -1.144045e-02
6.375183e+00    -1.123955e-02
6.387396e+00    -1.103878e-02
6.399609e+00    -1.083822e-02
6.411822e+00    -1.063794e-02
6.424035e+00    -1.043804e-02
6.436248e+00    -1.023859e-02
6.448461e+00    -1.003968e-02
6.460674e+00    -9.841377e-03
6.472887e+00    -9.643775e-03
6.485100e+00    -9.446923e-03
6.497313e+00    -9.250916e-03
6.509526e+00    -9.055811e-03
6.521739e+00    -8.861698e-03
6.533952e+00    -8.668625e-03
6.546165e+00    -8.476676e-03
6.558378e+00    -8.285902e-03
6.570591e+00    -8.096383e-03
6.582804e+00    -7.908166e-03
6.595017e+00    -7.721326e-03
6.607230e+00    -7.535900e-03
6.619443e+00    -7.351966e-03
6.631656e+00    -7.169563e-03
6.643869e+00    -6.988749e-03
6.656082e+00    -6.809570e-03
6.668295e+00    -6.632087e-03
6.680508e+00    -6.456329e-03
6.692721e+00    -6.282352e-03
6.704934e+00    -6.110204e-03
6.717147e+00    -5.939885e-03
6.729360e+00    -5.771473e-03
6.741573e+00    -5.604995e-03
6.753786e+00    -5.440478e-03
6.765999e+00    -5.277960e-03
6.778212e+00    -5.117462e-03
6.790425e+00    -4.959023e-03
6.802638e+00    -4.802652e-03
6.814851e+00    -4.648389e-03
6.827064e+00    -4.496239e-03
6.839277e+00    -4.346239e-03
6.851490e+00    -4.198387e-03
6.863703e+00    -4.052720e-03
6.875916e+00    -3.909236e-03
6.888129e+00    -3.767944e-03
6.900342e+00    -3.628865e-03
6.912555e+00    -3.491999e-03
6.924768e+00    -3.357350e-03
6.936981e+00    -3.224935e-03
6.949194e+00    -3.094732e-03
6.961407e+00    -2.966773e-03
6.973620e+00    -2.841029e-03
6.985833e+00    -2.717513e-03
6.998046e+00    -2.596204e-03
7.010259e+00    -2.477117e-03
7.022472e+00    -2.360224e-03
7.034685e+00    -2.245532e-03
7.046898e+00    -2.133013e-03
7.059111e+00    -2.022673e-03
7.071324e+00    -1.914482e-03
7.083537e+00    -1.808433e-03
7.095750e+00    -1.704528e-03
7.107963e+00    -1.602689e-03
7.120176e+00    -1.502957e-03
7.132389e+00    -1.405298e-03
7.144602e+00    -1.309674e-03
7.156815e+00    -1.216083e-03
7.169028e+00    -1.124492e-03
7.181241e+00    -1.034879e-03
7.193454e+00    -9.472170e-04
7.205667e+00    -8.614872e-04
7.217880e+00    -7.776539e-04
7.230093e+00    -6.956977e-04
7.242306e+00    -6.155887e-04
7.254519e+00    -5.372989e-04
7.266732e+00    -4.608030e-04
7.278944e+00    -3.860639e-04
7.291158e+00    -3.130565e-04
7.303371e+00    -2.417521e-04
7.315584e+00    -1.721216e-04
7.327797e+00    -1.041282e-04
7.340010e+00    -3.774990e-05
7.352223e+00    2.706165e-05
7.364436e+00    9.031423e-05
7.376649e+00    1.520560e-04
7.388862e+00    2.123129e-04
7.401075e+00    2.710965e-04
7.413288e+00    3.285058e-04
7.425501e+00    3.845074e-04
7.437714e+00    4.391391e-04
7.449927e+00    4.924490e-04
7.462140e+00    5.444725e-04
7.474353e+00    5.952315e-04
7.486566e+00    6.447514e-04
7.498779e+00    6.930587e-04
7.510992e+00    7.402188e-04
7.523205e+00    7.862218e-04
7.535418e+00    8.311081e-04
7.547631e+00    8.749150e-04
7.559844e+00    9.176607e-04
7.572057e+00    9.593837e-04
7.584270e+00    1.000097e-03
7.596483e+00    1.039840e-03
7.608696e+00    1.078629e-03
7.620909e+00    1.116496e-03
7.633121e+00    1.153462e-03
7.645335e+00    1.189556e-03
7.657547e+00    1.224795e-03
7.669761e+00    1.259207e-03
7.681973e+00    1.292812e-03
7.694187e+00    1.325628e-03
7.706399e+00    1.357685e-03
7.718613e+00    1.388995e-03
7.730825e+00    1.419579e-03
7.743039e+00    1.449459e-03
7.755251e+00    1.478649e-03
7.767465e+00    1.507172e-03
7.779677e+00    1.535034e-03
7.791891e+00    1.562264e-03
7.804103e+00    1.588864e-03
7.816317e+00    1.614866e-03
7.828529e+00    1.640260e-03
7.840743e+00    1.665076e-03
7.852955e+00    1.689320e-03
7.865169e+00    1.713000e-03
7.877381e+00    1.736138e-03
7.889595e+00    1.758737e-03
7.901807e+00    1.780808e-03
7.914021e+00    1.802345e-03
7.926233e+00    1.823369e-03
7.938447e+00    1.843886e-03
7.950659e+00    1.863892e-03
7.962873e+00    1.883418e-03
7.975085e+00    1.902447e-03
7.987298e+00    1.920983e-03
7.999511e+00    1.939026e-03
8.011724e+00    1.956596e-03
8.023937e+00    1.973683e-03
8.036150e+00    1.990291e-03
8.048364e+00    2.006419e-03
8.060576e+00    2.022071e-03
8.072789e+00    2.037246e-03
8.085002e+00    2.051941e-03
8.097216e+00    2.066167e-03
8.109428e+00    2.079894e-03
8.121641e+00    2.093148e-03
8.133854e+00    2.105915e-03
8.146068e+00    2.118202e-03
8.158280e+00    2.129993e-03
8.170493e+00    2.141291e-03
8.182706e+00    2.152092e-03
8.194920e+00    2.162399e-03
8.207132e+00    2.172197e-03
8.219345e+00    2.181487e-03
8.231558e+00    2.190262e-03
8.243772e+00    2.198518e-03
8.255984e+00    2.206252e-03
8.268197e+00    2.213457e-03
8.280410e+00    2.220129e-03
8.292624e+00    2.226263e-03
8.304836e+00    2.231851e-03
8.317049e+00    2.236889e-03
8.329262e+00    2.241373e-03
8.341475e+00    2.245293e-03
8.353688e+00    2.248648e-03
8.365901e+00    2.251430e-03
8.378115e+00    2.253635e-03
8.390327e+00    2.255252e-03
8.402540e+00    2.256300e-03
8.414753e+00    2.256720e-03
8.426967e+00    2.256562e-03
8.439179e+00    2.255795e-03
8.451392e+00    2.254421e-03
8.463605e+00    2.252435e-03
8.475819e+00    2.249829e-03
8.488031e+00    2.246603e-03
8.500244e+00    2.242760e-03
8.512457e+00    2.238283e-03
8.524671e+00    2.233172e-03
8.536883e+00    2.227439e-03
8.549096e+00    2.221060e-03
8.561309e+00    2.214051e-03
8.573523e+00    2.206401e-03
8.585735e+00    2.198111e-03
8.597948e+00    2.189193e-03
8.610161e+00    2.179607e-03
8.622375e+00    2.169393e-03
8.634587e+00    2.158531e-03
8.646800e+00    2.147039e-03
8.659013e+00    2.134905e-03
8.671227e+00    2.122131e-03
8.683439e+00    2.108716e-03
8.695652e+00    2.094669e-03
8.707865e+00    2.079993e-03
8.720078e+00    2.064692e-03
8.732291e+00    2.048759e-03
8.744504e+00    2.032209e-03
8.756717e+00    2.015043e-03
8.768930e+00    1.997262e-03
8.781143e+00    1.978875e-03
8.793356e+00    1.959899e-03
8.805569e+00    1.940311e-03
8.817782e+00    1.920139e-03
8.829995e+00    1.899390e-03
8.842208e+00    1.878072e-03
8.854421e+00    1.856185e-03
8.866634e+00    1.833741e-03
8.878847e+00    1.810754e-03
8.891060e+00    1.787228e-03
8.903273e+00    1.763168e-03
8.915486e+00    1.738599e-03
8.927699e+00    1.713520e-03
8.939912e+00    1.687943e-03
8.952125e+00    1.661877e-03
8.964338e+00    1.635346e-03
8.976551e+00    1.608347e-03
8.988764e+00    1.580899e-03
9.000977e+00    1.553024e-03
9.013190e+00    1.524708e-03
9.025403e+00    1.495995e-03
9.037616e+00    1.466877e-03
9.049829e+00    1.437384e-03
9.062042e+00    1.407505e-03
9.074255e+00    1.377280e-03
9.086468e+00    1.346710e-03
9.098680e+00    1.315797e-03
9.110894e+00    1.284595e-03
9.123107e+00    1.253083e-03
9.135320e+00    1.221288e-03
9.147532e+00    1.189224e-03
9.159746e+00    1.156899e-03
9.171959e+00    1.124345e-03
9.184172e+00    1.091565e-03
9.196384e+00    1.058576e-03
9.208598e+00    1.025389e-03
9.220811e+00    9.920241e-04
9.233024e+00    9.585044e-04
9.245236e+00    9.248377e-04
9.257450e+00    8.910366e-04
9.269663e+00    8.571217e-04
9.281876e+00    8.231112e-04
9.294088e+00    7.890075e-04
9.306302e+00    7.548413e-04
9.318515e+00    7.206256e-04
9.330728e+00    6.863696e-04
9.342940e+00    6.520829e-04
9.355154e+00    6.177883e-04
9.367367e+00    5.835085e-04
9.379580e+00    5.492441e-04
9.391793e+00    5.150112e-04
9.404006e+00    4.808350e-04
9.416219e+00    4.467150e-04
9.428432e+00    4.126702e-04
9.440645e+00    3.787163e-04
9.452858e+00    3.448647e-04
9.465071e+00    3.111309e-04
9.477283e+00    2.775216e-04
9.489497e+00    2.440560e-04
9.501710e+00    2.107288e-04
9.513923e+00    1.775732e-04
9.526135e+00    1.445878e-04
9.538349e+00    1.117876e-04
9.550562e+00    7.918930e-05
9.562775e+00    4.679062e-05
9.574987e+00    1.459983e-05
9.587201e+00    -1.735529e-05
9.599414e+00    -4.906441e-05
9.611627e+00    -8.055959e-05
9.623839e+00    -1.117833e-04
9.636053e+00    -1.427597e-04
9.648266e+00    -1.734644e-04
9.660479e+00    -2.038890e-04
9.672691e+00    -2.340376e-04
9.684905e+00    -2.639009e-04
9.697118e+00    -2.934642e-04
9.709331e+00    -3.227427e-04
9.721543e+00    -3.516878e-04
9.733757e+00    -3.803417e-04
9.745970e+00    -4.086713e-04
9.758183e+00    -4.366884e-04
9.770395e+00    -4.643783e-04
9.782609e+00    -4.917483e-04
9.794822e+00    -5.187760e-04
9.807034e+00    -5.454887e-04
9.819247e+00    -5.718627e-04
9.831461e+00    -5.979022e-04
9.843674e+00    -6.236022e-04
9.855886e+00    -6.489626e-04
9.868099e+00    -6.739844e-04
9.880313e+00    -6.986678e-04
9.892526e+00    -7.230109e-04
9.904738e+00    -7.470120e-04
9.916951e+00    -7.706839e-04
9.929165e+00    -7.940152e-04
9.941378e+00    -8.170122e-04
9.953590e+00    -8.396706e-04
9.965803e+00    -8.619941e-04
9.978017e+00    -8.839911e-04
9.990230e+00    -9.056583e-04
1.000244e+01    -9.269956e-04
1.001466e+01    -9.480136e-04
1.002687e+01    -9.687076e-04
1.003908e+01    -9.890852e-04
1.005129e+01    -1.009149e-03
1.006351e+01    -1.028899e-03
1.007572e+01    -1.048342e-03
1.008793e+01    -1.067483e-03
1.010015e+01    -1.086342e-03
1.011236e+01    -1.104866e-03
1.012457e+01    -1.123125e-03
1.013679e+01    -1.141086e-03
1.014900e+01    -1.158773e-03
1.016121e+01    -1.176176e-03
1.017342e+01    -1.193310e-03
1.018564e+01    -1.210177e-03
1.019785e+01    -1.226782e-03
1.021006e+01    -1.243114e-03
1.022228e+01    -1.259204e-03
1.023449e+01    -1.275041e-03
1.024670e+01    -1.290636e-03
1.025891e+01    -1.305991e-03
1.027113e+01    -1.321113e-03
1.028334e+01    -1.335998e-03
1.029555e+01    -1.350665e-03
1.030777e+01    -1.365116e-03
1.031998e+01    -1.379336e-03
1.033219e+01    -1.393361e-03
1.034441e+01    -1.407162e-03
1.035662e+01    -1.420769e-03
1.036883e+01    -1.434175e-03
1.038105e+01    -1.447382e-03
1.039326e+01    -1.460404e-03
1.040547e+01    -1.473236e-03
1.041768e+01    -1.485872e-03
1.042990e+01    -1.498332e-03
1.044211e+01    -1.510615e-03
1.045432e+01    -1.522717e-03
1.046654e+01    -1.534645e-03
1.047875e+01    -1.546402e-03
1.049096e+01    -1.558002e-03
1.050318e+01    -1.569407e-03
1.051539e+01    -1.580667e-03
1.052760e+01    -1.591754e-03
1.053981e+01    -1.602681e-03
1.055203e+01    -1.613447e-03
1.056424e+01    -1.624049e-03
1.057645e+01    -1.634488e-03
1.058867e+01    -1.644765e-03
1.060088e+01    -1.654886e-03
1.061309e+01    -1.664848e-03
1.062531e+01    -1.674641e-03
1.063752e+01    -1.684276e-03
1.064973e+01    -1.693751e-03
1.066194e+01    -1.703054e-03
1.067416e+01    -1.712194e-03
1.068637e+01    -1.721167e-03
1.069858e+01    -1.729974e-03
1.071080e+01    -1.738596e-03
1.072301e+01    -1.747048e-03
1.073522e+01    -1.755321e-03
1.074744e+01    -1.763413e-03
1.075965e+01    -1.771322e-03
1.077186e+01    -1.779040e-03
1.078407e+01    -1.786565e-03
1.079629e+01    -1.793885e-03
1.080850e+01    -1.801019e-03
1.082071e+01    -1.807936e-03
1.083293e+01    -1.814649e-03
1.084514e+01    -1.821145e-03
1.085735e+01    -1.827415e-03
1.086957e+01    -1.833463e-03
1.088178e+01    -1.839276e-03
1.089399e+01    -1.844853e-03
1.090620e+01    -1.850187e-03
1.091842e+01    -1.855270e-03
1.093063e+01    -1.860101e-03
1.094284e+01    -1.864670e-03
1.095506e+01    -1.868970e-03
1.096727e+01    -1.873001e-03
1.097948e+01    -1.876742e-03
1.099170e+01    -1.880198e-03
1.100391e+01    -1.883370e-03
1.101612e+01    -1.886230e-03
1.102833e+01    -1.888790e-03
1.104055e+01    -1.891039e-03
1.105276e+01    -1.892960e-03
1.106497e+01    -1.894559e-03
1.107719e+01    -1.895823e-03
1.108940e+01    -1.896744e-03
1.110161e+01    -1.897321e-03
1.111382e+01    -1.897539e-03
1.112604e+01    -1.897403e-03
1.113825e+01    -1.896893e-03
1.115046e+01    -1.896013e-03
1.116268e+01    -1.894752e-03
1.117489e+01    -1.893101e-03
1.118710e+01    -1.891061e-03
1.119932e+01    -1.888623e-03
1.121153e+01    -1.885787e-03
1.122374e+01    -1.882533e-03
1.123596e+01    -1.878863e-03
1.124817e+01    -1.874775e-03
1.126038e+01    -1.870265e-03
1.127259e+01    -1.865319e-03
1.128481e+01    -1.859940e-03
1.129702e+01    -1.854120e-03
1.130923e+01    -1.847864e-03
1.132145e+01    -1.841161e-03
1.133366e+01    -1.834004e-03
1.134587e+01    -1.826393e-03
1.135808e+01    -1.818330e-03
1.137030e+01    -1.809810e-03
1.138251e+01    -1.800826e-03
1.139472e+01    -1.791379e-03
1.140694e+01    -1.781472e-03
1.141915e+01    -1.771097e-03
1.143136e+01    -1.760259e-03
1.144358e+01    -1.748953e-03
1.145579e+01    -1.737181e-03
1.146800e+01    -1.724940e-03
1.148022e+01    -1.712237e-03
1.149243e+01    -1.699064e-03
1.150464e+01    -1.685435e-03
1.151685e+01    -1.671339e-03
1.152907e+01    -1.656789e-03
1.154128e+01    -1.641780e-03
1.155349e+01    -1.626315e-03
1.156571e+01    -1.610400e-03
1.157792e+01    -1.594038e-03
1.159013e+01    -1.577232e-03
1.160234e+01    -1.559991e-03
1.161456e+01    -1.542311e-03
1.162677e+01    -1.524204e-03
1.163898e+01    -1.505678e-03
1.165120e+01    -1.486730e-03
1.166341e+01    -1.467380e-03
1.167562e+01    -1.447625e-03
1.168784e+01    -1.427477e-03
1.170005e+01    -1.406935e-03
1.171226e+01    -1.386015e-03
1.172447e+01    -1.364733e-03
1.173669e+01    -1.343089e-03
1.174890e+01    -1.321090e-03
1.176111e+01    -1.298744e-03
1.177333e+01    -1.276073e-03
1.178554e+01    -1.253076e-03
1.179775e+01    -1.229765e-03
1.180997e+01    -1.206164e-03
1.182218e+01    -1.182263e-03
1.183439e+01    -1.158093e-03
1.184660e+01    -1.133655e-03
1.185882e+01    -1.108965e-03
1.187103e+01    -1.084030e-03
1.188324e+01    -1.058871e-03
1.189546e+01    -1.033501e-03
1.190767e+01    -1.007924e-03
1.191988e+01    -9.821614e-04
1.193210e+01    -9.562256e-04
1.194431e+01    -9.301287e-04
1.195652e+01    -9.038835e-04
1.196873e+01    -8.775076e-04
1.198095e+01    -8.510192e-04
1.199316e+01    -8.244215e-04
1.200537e+01    -7.977440e-04
1.201759e+01    -7.709784e-04
1.202980e+01    -7.441749e-04
1.204201e+01    -7.173266e-04
1.205423e+01    -6.904443e-04
1.206644e+01    -6.635517e-04
1.207865e+01    -6.366583e-04
1.209086e+01    -6.097875e-04
1.210308e+01    -5.829361e-04
1.211529e+01    -5.561625e-04
1.212750e+01    -5.294426e-04
1.213972e+01    -5.028002e-04
1.215193e+01    -4.762493e-04
1.216414e+01    -4.498169e-04
1.217636e+01    -4.235073e-04
1.218857e+01    -3.973510e-04
1.220078e+01    -3.713288e-04
1.221299e+01    -3.454890e-04
1.222521e+01    -3.198323e-04
1.223742e+01    -2.943783e-04
1.224963e+01    -2.691383e-04
1.226185e+01    -2.441260e-04
1.227406e+01    -2.193562e-04
1.228627e+01    -1.948453e-04
1.229849e+01    -1.706056e-04
1.231070e+01    -1.466426e-04
1.232291e+01    -1.229850e-04
1.233512e+01    -9.963461e-05
1.234734e+01    -7.659585e-05
1.235955e+01    -5.390361e-05
1.237176e+01    -3.155484e-05
1.238398e+01    -9.563824e-06
1.239619e+01    1.205946e-05
1.240840e+01    3.330122e-05
1.242062e+01    5.415244e-05
1.243283e+01    7.460543e-05
1.244504e+01    9.463751e-05
1.245725e+01    1.142542e-04
1.246947e+01    1.334387e-04
1.248168e+01    1.521825e-04
1.249389e+01    1.704778e-04
1.250611e+01    1.883189e-04
1.251832e+01    2.056966e-04
1.253053e+01    2.226020e-04
1.254275e+01    2.390261e-04
1.255496e+01    2.549668e-04
1.256717e+01    2.704197e-04
1.257938e+01    2.853737e-04
1.259160e+01    2.998243e-04
1.260381e+01    3.137683e-04
1.261602e+01    3.272026e-04
1.262824e+01    3.401257e-04
1.264045e+01    3.525301e-04
1.265266e+01    3.644111e-04
1.266488e+01    3.757692e-04
1.267709e+01    3.866032e-04
1.268930e+01    3.969029e-04
1.270151e+01    4.066771e-04
1.271373e+01    4.159305e-04
1.272594e+01    4.246472e-04
1.273815e+01    4.328342e-04
1.275037e+01    4.404991e-04
1.276258e+01    4.476262e-04
1.277479e+01    4.542264e-04
1.278701e+01    4.603058e-04
1.279922e+01    4.658660e-04
1.281143e+01    4.708947e-04
1.282364e+01    4.754125e-04
1.283586e+01    4.794111e-04
1.284807e+01    4.829039e-04
1.286028e+01    4.858867e-04
1.287250e+01    4.883693e-04
1.288471e+01    4.903530e-04
1.289692e+01    4.918436e-04
1.290914e+01    4.928540e-04
1.292135e+01    4.933660e-04
1.293356e+01    4.934189e-04
1.294577e+01    4.929943e-04
1.295799e+01    4.921168e-04
1.297020e+01    4.907782e-04
1.298241e+01    4.889936e-04
1.299463e+01    4.867679e-04
1.300684e+01    4.841113e-04
1.301905e+01    4.810323e-04
1.303127e+01    4.775323e-04
1.304348e+01    4.736376e-04
1.305569e+01    4.693293e-04
1.306790e+01    4.646379e-04
1.308012e+01    4.595675e-04
1.309233e+01    4.541298e-04
1.310454e+01    4.483274e-04
1.311676e+01    4.421748e-04
1.312897e+01    4.356839e-04
1.314118e+01    4.288541e-04
1.315340e+01    4.217078e-04
1.316561e+01    4.142531e-04
1.317782e+01    4.064902e-04
1.319003e+01    3.984382e-04
1.320225e+01    3.901017e-04
1.321446e+01    3.815143e-04
1.322667e+01    3.726552e-04
1.323889e+01    3.635480e-04
1.325110e+01    3.541993e-04
1.326331e+01    3.446333e-04
1.327553e+01    3.348451e-04
1.328774e+01    3.248482e-04
1.329995e+01    3.146505e-04
1.331216e+01    3.042813e-04
1.332438e+01    2.937351e-04
1.333659e+01    2.830206e-04
1.334880e+01    2.721513e-04
1.336102e+01    2.611394e-04
1.337323e+01    2.499951e-04
1.338544e+01    2.387269e-04
1.339766e+01    2.273520e-04
1.340987e+01    2.158765e-04
1.342208e+01    2.042932e-04
1.343429e+01    1.926346e-04
1.344651e+01    1.808977e-04
1.345872e+01    1.691026e-04
1.347093e+01    1.572511e-04
1.348315e+01    1.453492e-04
1.349536e+01    1.334084e-04
1.350757e+01    1.214488e-04
1.351978e+01    1.094693e-04
1.353200e+01    9.746839e-05
1.354421e+01    8.547622e-05
1.355642e+01    7.347714e-05
1.356864e+01    6.150233e-05
1.358085e+01    4.953770e-05
1.359306e+01    3.760260e-05
1.360528e+01    2.569979e-05
1.361749e+01    1.385236e-05
1.362970e+01    2.044293e-06
1.364192e+01    -9.704723e-06
1.365413e+01    -2.139027e-05
1.366634e+01    -3.300747e-05
1.367855e+01    -4.455167e-05
1.369077e+01    -5.601083e-05
1.370298e+01    -6.738699e-05
1.371519e+01    -7.867533e-05
1.372741e+01    -8.986305e-05
1.373962e+01    -1.009499e-04
1.375183e+01    -1.119321e-04
1.376404e+01    -1.227923e-04
1.377626e+01    -1.335472e-04
1.378847e+01    -1.441810e-04
1.380068e+01    -1.546835e-04
1.381290e+01    -1.650652e-04
1.382511e+01    -1.753135e-04
1.383732e+01    -1.854228e-04
1.384954e+01    -1.953998e-04
1.386175e+01    -2.052249e-04
1.387396e+01    -2.149130e-04
1.388618e+01    -2.244533e-04
1.389839e+01    -2.338465e-04
1.391060e+01    -2.430810e-04
1.392281e+01    -2.521630e-04
1.393503e+01    -2.610878e-04
1.394724e+01    -2.698574e-04
1.395945e+01    -2.784603e-04
1.397167e+01    -2.869048e-04
1.398388e+01    -2.951858e-04
1.399609e+01    -3.033041e-04
1.400830e+01    -3.112477e-04
1.402052e+01    -3.190243e-04
1.403273e+01    -3.266387e-04
1.404494e+01    -3.340774e-04
1.405716e+01    -3.413488e-04
1.406937e+01    -3.484435e-04
1.408158e+01    -3.553649e-04
1.409380e+01    -3.621197e-04
1.410601e+01    -3.686837e-04
1.411822e+01    -3.750913e-04
1.413043e+01    -3.813147e-04
1.414265e+01    -3.873642e-04
1.415486e+01    -3.932355e-04
1.416707e+01    -3.989300e-04
1.417929e+01    -4.044462e-04
1.419150e+01    -4.097661e-04
1.420371e+01    -4.149511e-04
1.421593e+01    -4.199354e-04
1.422814e+01    -4.247369e-04
1.424035e+01    -4.293670e-04
1.425256e+01    -4.338125e-04
1.426478e+01    -4.380832e-04
1.427699e+01    -4.421683e-04
1.428920e+01    -4.460730e-04
1.430142e+01    -4.498065e-04
1.431363e+01    -4.533492e-04
1.432584e+01    -4.567098e-04
1.433806e+01    -4.598951e-04
1.435027e+01    -4.628980e-04
1.436248e+01    -4.657172e-04
1.437469e+01    -4.683496e-04
1.438691e+01    -4.707992e-04
1.439912e+01    -4.730676e-04
1.441133e+01    -4.751502e-04
1.442355e+01    -4.770460e-04
1.443576e+01    -4.787585e-04
1.444797e+01    -4.802795e-04
1.446019e+01    -4.816164e-04
1.447240e+01    -4.827636e-04
1.448461e+01    -4.837173e-04
1.449682e+01    -4.844818e-04
1.450904e+01    -4.850570e-04
1.452125e+01    -4.854415e-04
1.453346e+01    -4.856316e-04
1.454568e+01    -4.856209e-04
1.455789e+01    -4.854169e-04
1.457010e+01    -4.850271e-04
1.458232e+01    -4.844212e-04
1.459453e+01    -4.836288e-04
1.460674e+01    -4.826320e-04
1.461895e+01    -4.814299e-04
1.463117e+01    -4.800270e-04
1.464338e+01    -4.784180e-04
1.465559e+01    -4.766067e-04
1.466781e+01    -4.745810e-04
1.468002e+01    -4.723555e-04
1.469223e+01    -4.699070e-04
1.470445e+01    -4.672571e-04
1.471666e+01    -4.643960e-04
1.472887e+01    -4.613116e-04
1.474109e+01    -4.580160e-04
1.475330e+01    -4.544991e-04
1.476551e+01    -4.507610e-04
1.477772e+01    -4.468069e-04
1.478994e+01    -4.426328e-04
1.480215e+01    -4.382306e-04
1.481436e+01    -4.336051e-04
1.482658e+01    -4.287524e-04
1.483879e+01    -4.236744e-04
1.485100e+01    -4.183666e-04
1.486321e+01    -4.128346e-04
1.487543e+01    -4.070662e-04
1.488764e+01    -4.010739e-04
1.489985e+01    -3.948406e-04
1.491207e+01    -3.883766e-04
1.492428e+01    -3.816837e-04
1.493649e+01    -3.747636e-04
1.494871e+01    -3.675959e-04
1.496092e+01    -3.601972e-04
1.497313e+01    -3.525701e-04
1.498534e+01    -3.447068e-04
1.499756e+01    -3.366090e-04
1.500977e+01    -3.282735e-04
1.502198e+01    -3.197030e-04
1.503420e+01    -3.109007e-04
1.504641e+01    -3.018692e-04
1.505862e+01    -2.926008e-04
1.507084e+01    -2.831017e-04
1.508305e+01    -2.733708e-04
1.509526e+01    -2.634121e-04
1.510747e+01    -2.532269e-04
1.511969e+01    -2.428141e-04
1.513190e+01    -2.321809e-04
1.514411e+01    -2.213203e-04
1.515633e+01    -2.102420e-04
1.516854e+01    -1.989383e-04
1.518075e+01    -1.874258e-04
1.519297e+01    -1.756971e-04
1.520518e+01    -1.637649e-04
1.521739e+01    -1.516196e-04
1.522960e+01    -1.392697e-04
1.524182e+01    -1.267210e-04
1.525403e+01    -1.139770e-04
1.526624e+01    -1.010386e-04
1.527846e+01    -8.790915e-05
1.529067e+01    -7.459870e-05
1.530288e+01    -6.110847e-05
1.531509e+01    -4.744544e-05
1.532731e+01    -3.360413e-05
1.533952e+01    -1.960419e-05
1.535173e+01    -5.441367e-06
1.536395e+01    8.870960e-06
1.537616e+01    2.333499e-05
1.538837e+01    3.794283e-05
1.540059e+01    5.268426e-05
1.541280e+01    6.756432e-05
1.542501e+01    8.255435e-05
1.543723e+01    9.766801e-05
1.544944e+01    1.128944e-04
1.546165e+01    1.282182e-04
1.547386e+01    1.436398e-04
1.548608e+01    1.591548e-04
1.549829e+01    1.747587e-04
1.551050e+01    1.904106e-04
1.552272e+01    2.061483e-04
1.553493e+01    2.219384e-04
1.554714e+01    2.377793e-04
1.555935e+01    2.536600e-04
1.557157e+01    2.695754e-04
1.558378e+01    2.855141e-04
1.559599e+01    3.014737e-04
1.560821e+01    3.174337e-04
1.562042e+01    3.333937e-04
1.563263e+01    3.493492e-04
1.564485e+01    3.652790e-04
1.565706e+01    3.811835e-04
1.566927e+01    3.970479e-04
1.568149e+01    4.128654e-04
1.569370e+01    4.286203e-04
1.570591e+01    4.443229e-04
1.571812e+01    4.599458e-04
1.573034e+01    4.754764e-04
1.574255e+01    4.909178e-04
1.575476e+01    5.062605e-04
1.576698e+01    5.214863e-04
1.577919e+01    5.365875e-04
1.579140e+01    5.515587e-04
1.580362e+01    5.663878e-04
1.581583e+01    5.810698e-04
1.582804e+01    5.955900e-04
1.584025e+01    6.099417e-04
1.585247e+01    6.241145e-04
1.586468e+01    6.381022e-04
1.587689e+01    6.518905e-04
1.588911e+01    6.654717e-04
1.590132e+01    6.788478e-04
1.591353e+01    6.919990e-04
1.592575e+01    7.049163e-04
1.593796e+01    7.175979e-04
1.595017e+01    7.300256e-04
1.596238e+01    7.422043e-04
1.597460e+01    7.541173e-04
1.598681e+01    7.657548e-04
1.599902e+01    7.771165e-04
1.601124e+01    7.881864e-04
1.602345e+01    7.989652e-04
1.603566e+01    8.094389e-04
1.604787e+01    8.196070e-04
1.606009e+01    8.294606e-04
1.607230e+01    8.389900e-04
1.608451e+01    8.481887e-04
1.609673e+01    8.570525e-04
1.610894e+01    8.655798e-04
1.612115e+01    8.737597e-04
1.613337e+01    8.815874e-04
1.614558e+01    8.890604e-04
1.615779e+01    8.961672e-04
1.617001e+01    9.029120e-04
1.618222e+01    9.092822e-04
1.619443e+01    9.152816e-04
1.620664e+01    9.209010e-04
1.621886e+01    9.261364e-04
1.623107e+01    9.309893e-04
1.624328e+01    9.354507e-04
1.625550e+01    9.395244e-04
1.626771e+01    9.432043e-04
1.627992e+01    9.464904e-04
1.629214e+01    9.493788e-04
1.630435e+01    9.518616e-04
1.631656e+01    9.539541e-04
1.632877e+01    9.556413e-04
1.634099e+01    9.569254e-04
1.635320e+01    9.578092e-04
1.636541e+01    9.582971e-04
1.637763e+01    9.583750e-04
1.638984e+01    9.580598e-04
1.640205e+01    9.573310e-04
1.641426e+01    9.562131e-04
1.642648e+01    9.546940e-04
1.643869e+01    9.527806e-04
1.645090e+01    9.504680e-04
1.646312e+01    9.477665e-04
1.647533e+01    9.446704e-04
1.648754e+01    9.411892e-04
1.649976e+01    9.373280e-04
1.651197e+01    9.330775e-04
1.652418e+01    9.284511e-04
1.653639e+01    9.234502e-04
1.654861e+01    9.180839e-04
1.656082e+01    9.123454e-04
1.657303e+01    9.062500e-04
1.658525e+01    8.997975e-04
1.659746e+01    8.929987e-04
1.660967e+01    8.858414e-04
1.662189e+01    8.783542e-04
1.663410e+01    8.705218e-04
1.664631e+01    8.623707e-04
1.665853e+01    8.538907e-04
1.667074e+01    8.450917e-04
1.668295e+01    8.359826e-04
1.669516e+01    8.265701e-04
1.670738e+01    8.168597e-04
1.671959e+01    8.068570e-04
1.673180e+01    7.965752e-04
1.674402e+01    7.860100e-04
1.675623e+01    7.751779e-04
1.676844e+01    7.640841e-04
1.678065e+01    7.527320e-04
1.679287e+01    7.411378e-04
1.680508e+01    7.292951e-04
1.681729e+01    7.172344e-04
1.682951e+01    7.049395e-04
1.684172e+01    6.924318e-04
1.685393e+01    6.797116e-04
1.686615e+01    6.667945e-04
1.687836e+01    6.536841e-04
1.689057e+01    6.403937e-04
1.690278e+01    6.269215e-04
1.691500e+01    6.132850e-04
1.692721e+01    5.994888e-04
1.693942e+01    5.855326e-04
1.695164e+01    5.714449e-04
1.696385e+01    5.572191e-04
1.697606e+01    5.428734e-04
1.698828e+01    5.283940e-04
1.700049e+01    5.138171e-04
1.701270e+01    4.991289e-04
1.702491e+01    4.843514e-04
1.703713e+01    4.694875e-04
1.704934e+01    4.545478e-04
1.706155e+01    4.395361e-04
1.707377e+01    4.244659e-04
1.708598e+01    4.093345e-04
1.709819e+01    3.941562e-04
1.711040e+01    3.789520e-04
1.712262e+01    3.637060e-04
1.713483e+01    3.484346e-04
1.714705e+01    3.331472e-04
1.715926e+01    3.178580e-04
1.717147e+01    3.025609e-04
1.718368e+01    2.872629e-04
1.719590e+01    2.719727e-04
1.720811e+01    2.567156e-04
1.722032e+01    2.414776e-04
1.723254e+01    2.262582e-04
1.724475e+01    2.110871e-04
1.725696e+01    1.959587e-04
1.726917e+01    1.808756e-04
1.728139e+01    1.658484e-04
1.729360e+01    1.508787e-04
1.730581e+01    1.359950e-04
1.731803e+01    1.211545e-04
1.733024e+01    1.063986e-04
1.734245e+01    9.172743e-05
1.735467e+01    7.714648e-05
1.736688e+01    6.265445e-05
1.737909e+01    4.825862e-05
1.739130e+01    3.396863e-05
1.740352e+01    1.978678e-05
1.741573e+01    5.705733e-06
1.742794e+01    -8.262825e-06
1.744016e+01    -2.210822e-05
1.745237e+01    -3.583317e-05
1.746458e+01    -4.943332e-05
1.747680e+01    -6.290621e-05
1.748901e+01    -7.624314e-05
1.750122e+01    -8.945257e-05
1.751343e+01    -1.025192e-04
1.752565e+01    -1.154444e-04
1.753786e+01    -1.282297e-04
1.755007e+01    -1.408661e-04
1.756229e+01    -1.533538e-04
1.757450e+01    -1.656952e-04
1.758671e+01    -1.778810e-04
1.759892e+01    -1.899175e-04
1.761114e+01    -2.017886e-04
1.762335e+01    -2.135109e-04
1.763556e+01    -2.250751e-04
1.764778e+01    -2.364690e-04
1.765999e+01    -2.477061e-04
1.767220e+01    -2.587787e-04
1.768442e+01    -2.696834e-04
1.769663e+01    -2.804165e-04
1.770884e+01    -2.909982e-04
1.772106e+01    -3.014010e-04
1.773327e+01    -3.116373e-04
1.774548e+01    -3.217068e-04
1.775769e+01    -3.315972e-04
1.776991e+01    -3.413249e-04
1.778212e+01    -3.508811e-04
1.779433e+01    -3.602551e-04
1.780655e+01    -3.694750e-04
1.781876e+01    -3.785041e-04
1.783097e+01    -3.873674e-04
1.784319e+01    -3.960568e-04
1.785540e+01    -4.045655e-04
1.786761e+01    -4.129161e-04
1.787982e+01    -4.210784e-04
1.789204e+01    -4.290703e-04
1.790425e+01    -4.368974e-04
1.791646e+01    -4.445451e-04
1.792868e+01    -4.520181e-04
1.794089e+01    -4.593201e-04
1.795310e+01    -4.664437e-04
1.796531e+01    -4.734002e-04
1.797753e+01    -4.801803e-04
1.798974e+01    -4.867903e-04
1.800196e+01    -4.932283e-04
1.801417e+01    -4.994940e-04
1.802638e+01    -5.055806e-04
1.803859e+01    -5.115060e-04
1.805081e+01    -5.172500e-04
1.806302e+01    -5.228351e-04
1.807523e+01    -5.282324e-04
1.808744e+01    -5.334647e-04
1.809966e+01    -5.385262e-04
1.811187e+01    -5.434215e-04
1.812408e+01    -5.481332e-04
1.813630e+01    -5.526788e-04
1.814851e+01    -5.570579e-04
1.816072e+01    -5.612608e-04
1.817294e+01    -5.652895e-04
1.818515e+01    -5.691563e-04
1.819736e+01    -5.728412e-04
1.820958e+01    -5.763615e-04
1.822179e+01    -5.797049e-04
1.823400e+01    -5.828791e-04
1.824621e+01    -5.858817e-04
1.825843e+01    -5.887126e-04
1.827064e+01    -5.913662e-04
1.828285e+01    -5.938550e-04
1.829507e+01    -5.961784e-04
1.830728e+01    -5.983142e-04
1.831949e+01    -6.002768e-04
1.833171e+01    -6.020663e-04
1.834392e+01    -6.036905e-04
1.835613e+01    -6.051400e-04
1.836834e+01    -6.064131e-04
1.838056e+01    -6.075073e-04
1.839277e+01    -6.084347e-04
1.840498e+01    -6.091852e-04
1.841720e+01    -6.097624e-04
1.842941e+01    -6.101596e-04
1.844162e+01    -6.103877e-04
1.845383e+01    -6.104340e-04
1.846605e+01    -6.103036e-04
1.847826e+01    -6.099931e-04
1.849047e+01    -6.095133e-04
1.850269e+01    -6.088634e-04
1.851490e+01    -6.080187e-04
1.852711e+01    -6.069980e-04
1.853933e+01    -6.058037e-04
1.855154e+01    -6.044260e-04
1.856375e+01    -6.028725e-04
1.857596e+01    -6.011424e-04
1.858818e+01    -5.992249e-04
1.860039e+01    -5.971374e-04
1.861260e+01    -5.948629e-04
1.862482e+01    -5.924149e-04
1.863703e+01    -5.897813e-04
1.864924e+01    -5.869702e-04
1.866146e+01    -5.839843e-04
1.867367e+01    -5.808166e-04
1.868588e+01    -5.774682e-04
1.869810e+01    -5.739416e-04
1.871031e+01    -5.702344e-04
1.872252e+01    -5.663550e-04
1.873473e+01    -5.622905e-04
1.874695e+01    -5.580516e-04
1.875916e+01    -5.536450e-04
1.877137e+01    -5.490503e-04
1.878359e+01    -5.442901e-04
1.879580e+01    -5.393503e-04
1.880801e+01    -5.342448e-04
1.882022e+01    -5.289644e-04
1.883244e+01    -5.235113e-04
1.884465e+01    -5.178920e-04
1.885686e+01    -5.121010e-04
1.886908e+01    -5.061466e-04
1.888129e+01    -5.000220e-04
1.889350e+01    -4.937332e-04
1.890572e+01    -4.872868e-04
1.891793e+01    -4.806828e-04
1.893014e+01    -4.739158e-04
1.894235e+01    -4.669868e-04
1.895457e+01    -4.599108e-04
1.896678e+01    -4.526805e-04
1.897899e+01    -4.453002e-04
1.899121e+01    -4.377703e-04
1.900342e+01    -4.300945e-04
1.901563e+01    -4.222845e-04
1.902785e+01    -4.143296e-04
1.904006e+01    -4.062348e-04
1.905227e+01    -3.980128e-04
1.906449e+01    -3.896530e-04
1.907670e+01    -3.811738e-04
1.908891e+01    -3.725607e-04
1.910112e+01    -3.638330e-04
1.911334e+01    -3.549809e-04
1.912555e+01    -3.460239e-04
1.913776e+01    -3.369517e-04
1.914997e+01    -3.277791e-04
1.916219e+01    -3.184956e-04
1.917440e+01    -3.091126e-04
1.918661e+01    -2.996376e-04
1.919883e+01    -2.900739e-04
1.921104e+01    -2.804284e-04
1.922325e+01    -2.706910e-04
1.923547e+01    -2.608799e-04
1.924768e+01    -2.509975e-04
1.925989e+01    -2.410421e-04
1.927211e+01    -2.310275e-04
1.928432e+01    -2.209479e-04
1.929653e+01    -2.108162e-04
1.930874e+01    -2.006328e-04
1.932096e+01    -1.904104e-04
1.933317e+01    -1.801401e-04
1.934538e+01    -1.698416e-04
1.935760e+01    -1.595086e-04
1.936981e+01    -1.491505e-04
1.938202e+01    -1.387746e-04
1.939424e+01    -1.283807e-04
1.940645e+01    -1.179760e-04
1.941866e+01    -1.075614e-04
1.943087e+01    -9.716122e-05
1.944309e+01    -8.675910e-05
1.945530e+01    -7.636967e-05
1.946751e+01    -6.599823e-05
1.947973e+01    -5.564158e-05
1.949194e+01    -4.532037e-05
1.950415e+01    -3.502425e-05
1.951637e+01    -2.477597e-05
1.952858e+01    -1.456460e-05
1.954079e+01    -4.400034e-06
1.955301e+01    5.705282e-06
1.956522e+01    1.576729e-05
1.957743e+01    2.574688e-05
1.958964e+01    3.566971e-05
1.960186e+01    4.551373e-05
1.961407e+01    5.527772e-05
1.962628e+01    6.496109e-05
1.963849e+01    7.455435e-05
1.965071e+01    8.406228e-05
1.966292e+01    9.346363e-05
1.967513e+01    1.027649e-04
1.968735e+01    1.119534e-04
1.969956e+01    1.210294e-04
1.971177e+01    1.299959e-04
1.972399e+01    1.388414e-04
1.973620e+01    1.475520e-04
1.974841e+01    1.561446e-04
1.976063e+01    1.646007e-04
1.977284e+01    1.729122e-04
1.978505e+01    1.810853e-04
1.979726e+01    1.891174e-04
1.980948e+01    1.969947e-04
1.982169e+01    2.047159e-04
1.983390e+01    2.122880e-04
1.984612e+01    2.196970e-04
1.985833e+01    2.269430e-04
1.987054e+01    2.340195e-04
1.988276e+01    2.409328e-04
1.989497e+01    2.476776e-04
1.990718e+01    2.542301e-04
1.991939e+01    2.606160e-04
1.993161e+01    2.668236e-04
1.994382e+01    2.728443e-04
1.995603e+01    2.786777e-04
1.996825e+01    2.843270e-04
1.998046e+01    2.897934e-04
1.999267e+01    2.950612e-04
2.000488e+01    3.001354e-04
2.001710e+01    3.050261e-04
2.002931e+01    3.097269e-04
2.004152e+01    3.142076e-04
2.005374e+01    3.185009e-04
2.006595e+01    3.226069e-04
2.007816e+01    3.264978e-04
2.009038e+01    3.301913e-04
2.010259e+01    3.336883e-04
2.011480e+01    3.369961e-04
2.012702e+01    3.400866e-04
2.013923e+01    3.429792e-04
2.015144e+01    3.456770e-04
2.016365e+01    3.481676e-04
2.017587e+01    3.504552e-04
2.018808e+01    3.525550e-04
2.020029e+01    3.544491e-04
2.021251e+01    3.561391e-04
2.022472e+01    3.576360e-04
2.023693e+01    3.589414e-04
2.024915e+01    3.600363e-04
2.026136e+01    3.609470e-04
2.027357e+01    3.616619e-04
2.028578e+01    3.621937e-04
2.029800e+01    3.625191e-04
2.031021e+01    3.626622e-04
2.032242e+01    3.626222e-04
2.033464e+01    3.623921e-04
2.034685e+01    3.619861e-04
2.035906e+01    3.614007e-04
2.037127e+01    3.606307e-04
2.038349e+01    3.596868e-04
2.039570e+01    3.585620e-04
2.040791e+01    3.572792e-04
2.042013e+01    3.558235e-04
2.043234e+01    3.541966e-04
2.044455e+01    3.524158e-04
2.045677e+01    3.504667e-04
2.046898e+01    3.483600e-04
2.048119e+01    3.461058e-04
2.049340e+01    3.436985e-04
2.050562e+01    3.411253e-04
2.051783e+01    3.384419e-04
2.053004e+01    3.355994e-04
2.054226e+01    3.326198e-04
2.055447e+01    3.294987e-04
2.056668e+01    3.262548e-04
2.057890e+01    3.228820e-04
2.059111e+01    3.193847e-04
2.060332e+01    3.157671e-04
2.061554e+01    3.120181e-04
2.062775e+01    3.081668e-04
2.063996e+01    3.042014e-04
2.065217e+01    3.001330e-04
2.066439e+01    2.959609e-04
2.067660e+01    2.916899e-04
2.068881e+01    2.873076e-04
2.070103e+01    2.828485e-04
2.071324e+01    2.782937e-04
2.072545e+01    2.736549e-04
2.073767e+01    2.689336e-04
2.074988e+01    2.641430e-04
2.076209e+01    2.592644e-04
2.077430e+01    2.543251e-04
2.078652e+01    2.493105e-04
2.079873e+01    2.442272e-04
2.081094e+01    2.390870e-04
2.082316e+01    2.339003e-04
2.083537e+01    2.286566e-04
2.084758e+01    2.233642e-04
2.085979e+01    2.180131e-04
2.087201e+01    2.126237e-04
2.088422e+01    2.071964e-04
2.089643e+01    2.017393e-04
2.090865e+01    1.962320e-04
2.092086e+01    1.906979e-04
2.093307e+01    1.851417e-04
2.094529e+01    1.795614e-04
2.095750e+01    1.739552e-04
2.096971e+01    1.683379e-04
2.098192e+01    1.627069e-04
2.099414e+01    1.570526e-04
2.100635e+01    1.513927e-04
2.101856e+01    1.457291e-04
2.103078e+01    1.400616e-04
2.104299e+01    1.343840e-04
2.105520e+01    1.287143e-04
2.106742e+01    1.230460e-04
2.107963e+01    1.173854e-04
2.109184e+01    1.117435e-04
2.110406e+01    1.060940e-04
2.111627e+01    1.004586e-04
2.112848e+01    9.485317e-05
2.114069e+01    8.925931e-05
2.115291e+01    8.368499e-05
2.116512e+01    7.813625e-05
2.117733e+01    7.259624e-05
2.118955e+01    6.709257e-05
2.120176e+01    6.161830e-05
2.121397e+01    5.617115e-05
2.122618e+01    5.074989e-05
2.123840e+01    4.537002e-05
2.125061e+01    4.001436e-05
2.126282e+01    3.470886e-05
2.127504e+01    2.943231e-05
2.128725e+01    2.420236e-05
2.129946e+01    1.900397e-05
2.131168e+01    1.385057e-05
2.132389e+01    8.739644e-06
2.133610e+01    3.676905e-06
2.134831e+01    -1.338543e-06
2.136053e+01    -6.312635e-06
2.137274e+01    -1.123516e-05
2.138495e+01    -1.610670e-05
2.139717e+01    -2.093264e-05
2.140938e+01    -2.569842e-05
2.142159e+01    -3.041870e-05
2.143381e+01    -3.508660e-05
2.144602e+01    -3.969926e-05
2.145823e+01    -4.425319e-05
2.147044e+01    -4.874887e-05
2.148266e+01    -5.319292e-05
2.149487e+01    -5.757717e-05
2.150708e+01    -6.189763e-05
2.151930e+01    -6.617345e-05
2.153151e+01    -7.037992e-05
2.154372e+01    -7.452331e-05
2.155593e+01    -7.861195e-05
2.156815e+01    -8.263723e-05
2.158036e+01    -8.659922e-05
2.159258e+01    -9.050392e-05
2.160479e+01    -9.433234e-05
2.161700e+01    -9.810318e-05
2.162921e+01    -1.018140e-04
2.164143e+01    -1.054593e-04
2.165364e+01    -1.090351e-04
2.166585e+01    -1.125451e-04
2.167807e+01    -1.159842e-04
2.169028e+01    -1.193657e-04
2.170249e+01    -1.226837e-04
2.171470e+01    -1.259167e-04
2.172692e+01    -1.291026e-04
2.173913e+01    -1.322005e-04
2.175134e+01    -1.352379e-04
2.176356e+01    -1.382068e-04
2.177577e+01    -1.411041e-04
2.178798e+01    -1.439309e-04
2.180020e+01    -1.466862e-04
2.181241e+01    -1.493792e-04
2.182462e+01    -1.519877e-04
2.183683e+01    -1.545333e-04
2.184905e+01    -1.570024e-04
2.186126e+01    -1.593901e-04
2.187347e+01    -1.617287e-04
2.188569e+01    -1.639800e-04
2.189790e+01    -1.661506e-04
2.191011e+01    -1.682584e-04
2.192233e+01    -1.702896e-04
2.193454e+01    -1.722453e-04
2.194675e+01    -1.741220e-04
2.195897e+01    -1.759231e-04
2.197118e+01    -1.776496e-04
2.198339e+01    -1.793013e-04
2.199560e+01    -1.808749e-04
2.200782e+01    -1.823748e-04
2.202003e+01    -1.837871e-04
2.203224e+01    -1.851304e-04
2.204445e+01    -1.863897e-04
2.205667e+01    -1.875722e-04
2.206888e+01    -1.886763e-04
2.208109e+01    -1.897012e-04
2.209331e+01    -1.906479e-04
2.210552e+01    -1.915091e-04
2.211773e+01    -1.922894e-04
2.212995e+01    -1.929855e-04
2.214216e+01    -1.936128e-04
2.215437e+01    -1.941442e-04
2.216659e+01    -1.946021e-04
2.217880e+01    -1.949722e-04
2.219101e+01    -1.952618e-04
2.220322e+01    -1.954706e-04
2.221544e+01    -1.955902e-04
2.222765e+01    -1.956320e-04
2.223986e+01    -1.955854e-04
2.225208e+01    -1.954551e-04
2.226429e+01    -1.952449e-04
2.227650e+01    -1.949454e-04
2.228872e+01    -1.945687e-04
2.230093e+01    -1.941064e-04
2.231314e+01    -1.935436e-04
2.232535e+01    -1.929120e-04
2.233757e+01    -1.921866e-04
2.234978e+01    -1.913849e-04
2.236199e+01    -1.904921e-04
2.237421e+01    -1.895031e-04
2.238642e+01    -1.884556e-04
2.239863e+01    -1.873013e-04
2.241084e+01    -1.860765e-04
2.242306e+01    -1.847590e-04
2.243527e+01    -1.833591e-04
2.244748e+01    -1.818713e-04
2.245970e+01    -1.803059e-04
2.247191e+01    -1.786472e-04
2.248412e+01    -1.769155e-04
2.249634e+01    -1.750966e-04
2.250855e+01    -1.731864e-04
2.252076e+01    -1.712095e-04
2.253297e+01    -1.691428e-04
2.254519e+01    -1.670108e-04
2.255740e+01    -1.647649e-04
2.256961e+01    -1.624567e-04
2.258183e+01    -1.600675e-04
2.259404e+01    -1.576059e-04
2.260625e+01    -1.550555e-04
2.261847e+01    -1.524300e-04
2.263068e+01    -1.497376e-04
2.264289e+01    -1.469576e-04
2.265511e+01    -1.441090e-04
2.266732e+01    -1.411845e-04
2.267953e+01    -1.381940e-04
2.269174e+01    -1.351295e-04
2.270396e+01    -1.319876e-04
2.271617e+01    -1.287886e-04
2.272838e+01    -1.255155e-04
2.274060e+01    -1.221749e-04
2.275281e+01    -1.187714e-04
2.276502e+01    -1.153017e-04
2.277724e+01    -1.117698e-04
2.278945e+01    -1.081754e-04
2.280166e+01    -1.045240e-04
2.281387e+01    -1.008121e-04
2.282609e+01    -9.705318e-05
2.283830e+01    -9.323092e-05
2.285051e+01    -8.935947e-05
2.286273e+01    -8.543197e-05
2.287494e+01    -8.145906e-05
2.288715e+01    -7.743371e-05
2.289936e+01    -7.336016e-05
2.291158e+01    -6.924744e-05
2.292379e+01    -6.508979e-05
2.293600e+01    -6.089057e-05
2.294822e+01    -5.665381e-05
2.296043e+01    -5.238096e-05
2.297264e+01    -4.807318e-05
2.298486e+01    -4.372920e-05
2.299707e+01    -3.936014e-05
2.300928e+01    -3.495492e-05
2.302150e+01    -3.053591e-05
2.303371e+01    -2.608367e-05
2.304592e+01    -2.161216e-05
2.305813e+01    -1.712044e-05
2.307035e+01    -1.260836e-05
2.308256e+01    -8.085859e-06
2.309477e+01    -3.543857e-06
2.310699e+01    9.972719e-07
2.311920e+01    5.557376e-06
2.313141e+01    1.011684e-05
2.314363e+01    1.468242e-05
2.315584e+01    1.925236e-05
2.316805e+01    2.382300e-05
2.318026e+01    2.838136e-05
2.319248e+01    3.293640e-05
2.320469e+01    3.748917e-05
2.321690e+01    4.202739e-05
2.322912e+01    4.655559e-05
2.324133e+01    5.106680e-05
2.325354e+01    5.556084e-05
2.326575e+01    6.003678e-05
2.327797e+01    6.449223e-05
2.329018e+01    6.892945e-05
2.330239e+01    7.332250e-05
2.331461e+01    7.769762e-05
2.332682e+01    8.204405e-05
2.333903e+01    8.635822e-05
2.335125e+01    9.063107e-05
2.336346e+01    9.486865e-05
2.337567e+01    9.907002e-05
2.338788e+01    1.032289e-04
2.340010e+01    1.073398e-04
2.341231e+01    1.114091e-04
2.342452e+01    1.154311e-04
2.343674e+01    1.193990e-04
2.344895e+01    1.233196e-04
2.346116e+01    1.271866e-04
2.347338e+01    1.309905e-04
2.348559e+01    1.347468e-04
2.349780e+01    1.384385e-04
2.351002e+01    1.420619e-04
2.352223e+01    1.456347e-04
2.353444e+01    1.491396e-04
2.354665e+01    1.525787e-04
2.355887e+01    1.559486e-04
2.357108e+01    1.592439e-04
2.358329e+01    1.624725e-04
2.359550e+01    1.656300e-04
2.360772e+01    1.687137e-04
2.361993e+01    1.717213e-04
2.363214e+01    1.746607e-04
2.364436e+01    1.775083e-04
2.365657e+01    1.802837e-04
2.366878e+01    1.829795e-04
2.368100e+01    1.855940e-04
2.369321e+01    1.881258e-04
2.370542e+01    1.905758e-04
2.371764e+01    1.929480e-04
2.372985e+01    1.952159e-04
2.374206e+01    1.974217e-04
2.375427e+01    1.995347e-04
2.376649e+01    2.015532e-04
2.377870e+01    2.034905e-04
2.379091e+01    2.053360e-04
2.380313e+01    2.070984e-04
2.381534e+01    2.087644e-04
2.382755e+01    2.103447e-04
2.383977e+01    2.118356e-04
2.385198e+01    2.132409e-04
2.386419e+01    2.145453e-04
2.387640e+01    2.157645e-04
2.388862e+01    2.168885e-04
2.390083e+01    2.179212e-04
2.391304e+01    2.188668e-04
2.392526e+01    2.197198e-04
2.393747e+01    2.204849e-04
2.394968e+01    2.211558e-04
2.396189e+01    2.217368e-04
2.397411e+01    2.222297e-04
2.398632e+01    2.226362e-04
2.399854e+01    2.229406e-04
2.401075e+01    2.231590e-04
2.402296e+01    2.232978e-04
2.403517e+01    2.233360e-04
2.404739e+01    2.233007e-04
2.405960e+01    2.231715e-04
2.407181e+01    2.229574e-04
2.408403e+01    2.226521e-04
2.409624e+01    2.222685e-04
2.410845e+01    2.217916e-04
2.412066e+01    2.212378e-04
2.413288e+01    2.205964e-04
2.414509e+01    2.198729e-04
2.415730e+01    2.190709e-04
2.416952e+01    2.181916e-04
2.418173e+01    2.172218e-04
2.419394e+01    2.161837e-04
2.420616e+01    2.150634e-04
2.421837e+01    2.138674e-04
2.423058e+01    2.125957e-04
2.424279e+01    2.112682e-04
2.425501e+01    2.098265e-04
2.426722e+01    2.083344e-04
2.427943e+01    2.067675e-04
2.429165e+01    2.051346e-04
2.430386e+01    2.034339e-04
2.431607e+01    2.016647e-04
2.432829e+01    1.998198e-04
2.434050e+01    1.979223e-04
2.435271e+01    1.959581e-04
2.436492e+01    1.939256e-04
2.437714e+01    1.918194e-04
2.438935e+01    1.896780e-04
2.440156e+01    1.874687e-04
2.441378e+01    1.852009e-04
2.442599e+01    1.828733e-04
2.443820e+01    1.804966e-04
2.445041e+01    1.780618e-04
2.446263e+01    1.755744e-04
2.447484e+01    1.730413e-04
2.448705e+01    1.704468e-04
2.449927e+01    1.678155e-04
2.451148e+01    1.651269e-04
2.452369e+01    1.624040e-04
2.453591e+01    1.596280e-04
2.454812e+01    1.568114e-04
2.456033e+01    1.539512e-04
2.457255e+01    1.510479e-04
2.458476e+01    1.481068e-04
2.459697e+01    1.451278e-04
2.460918e+01    1.421118e-04
2.462140e+01    1.390612e-04
2.463361e+01    1.359723e-04
2.464582e+01    1.328433e-04
2.465804e+01    1.296922e-04
2.467025e+01    1.265072e-04
2.468246e+01    1.232856e-04
2.469468e+01    1.200436e-04
2.470689e+01    1.167713e-04
2.471910e+01    1.134689e-04
2.473131e+01    1.101399e-04
2.474353e+01    1.067889e-04
2.475574e+01    1.034169e-04
2.476795e+01    1.000178e-04
2.478017e+01    9.660161e-05
2.479238e+01    9.316324e-05
2.480459e+01    8.970257e-05
2.481680e+01    8.622218e-05
2.482902e+01    8.273387e-05
2.484123e+01    7.922271e-05
2.485344e+01    7.569487e-05
2.486566e+01    7.215774e-05
2.487787e+01    6.859924e-05
2.489008e+01    6.503702e-05
2.490230e+01    6.145304e-05
2.491451e+01    5.786524e-05
2.492672e+01    5.426504e-05
2.493893e+01    5.065846e-05
2.495115e+01    4.703837e-05
2.496336e+01    4.341318e-05
2.497557e+01    3.977781e-05
2.498779e+01    3.614393e-05
2.500000e+01    3.249598e-05
