0.000000e+00    -5.885446e+00
1.221299e-02    -5.879996e+00
2.442599e-02    -5.863670e+00
3.663898e-02    -5.836533e+00
4.885198e-02    -5.798696e+00
6.106497e-02    -5.750311e+00
7.327797e-02    -5.691574e+00
8.549096e-02    -5.622721e+00
9.770396e-02    -5.544029e+00
1.099169e-01    -5.455812e+00
1.221299e-01    -5.358420e+00
1.343429e-01    -5.252237e+00
1.465559e-01    -5.137683e+00
1.587689e-01    -5.015203e+00
1.709819e-01    -4.885270e+00
1.831949e-01    -4.748384e+00
1.954079e-01    -4.605067e+00
2.076209e-01    -4.455858e+00
2.198339e-01    -4.301313e+00
2.320469e-01    -4.142001e+00
2.442599e-01    -3.978503e+00
2.564729e-01    -3.811405e+00
2.686859e-01    -3.641299e+00
2.808989e-01    -3.468777e+00
2.931119e-01    -3.294431e+00
3.053249e-01    -3.118848e+00
3.175378e-01    -2.942608e+00
3.297509e-01    -2.766279e+00
3.419639e-01    -2.590421e+00
3.541768e-01    -2.415576e+00
3.663898e-01    -2.242269e+00
3.786028e-01    -2.071008e+00
3.908158e-01    -1.902278e+00
4.030288e-01    -1.736543e+00
4.152418e-01    -1.574239e+00
4.274548e-01    -1.415779e+00
4.396678e-01    -1.261549e+00
4.518808e-01    -1.111906e+00
4.640938e-01    -9.671752e-01
4.763068e-01    -8.276569e-01
4.885198e-01    -6.936175e-01
5.007328e-01    -5.652941e-01
5.129458e-01    -4.428924e-01
5.251588e-01    -3.265878e-01
5.373718e-01    -2.165248e-01
5.495847e-01    -1.128180e-01
5.617977e-01    -1.555207e-02
5.740107e-01    7.521736e-02
5.862237e-01    1.594629e-01
5.984367e-01    2.371845e-01
6.106497e-01    3.084083e-01
6.228627e-01    3.731860e-01
6.350757e-01    4.315929e-01
6.472887e-01    4.837272e-01
6.595017e-01    5.297086e-01
6.717147e-01    5.696760e-01
6.839277e-01    6.037876e-01
6.961407e-01    6.322181e-01
7.083537e-01    6.551576e-01
7.205667e-01    6.728099e-01
7.327797e-01    6.853914e-01
7.449927e-01    6.931290e-01
7.572057e-01    6.962588e-01
7.694187e-01    6.950245e-01
7.816316e-01    6.896762e-01
7.938446e-01    6.804688e-01
8.060576e-01    6.676596e-01
8.182706e-01    6.515092e-01
8.304836e-01    6.322777e-01
8.426966e-01    6.102251e-01
8.549096e-01    5.856097e-01
8.671226e-01    5.586864e-01
8.793356e-01    5.297065e-01
8.915486e-01    4.989162e-01
9.037616e-01    4.665559e-01
9.159746e-01    4.328590e-01
9.281876e-01    3.980521e-01
9.404006e-01    3.623531e-01
9.526136e-01    3.259714e-01
9.648266e-01    2.891070e-01
9.770396e-01    2.519506e-01
9.892526e-01    2.146824e-01
1.001466e+00    1.774725e-01
1.013679e+00    1.404802e-01
1.025892e+00    1.038544e-01
1.038105e+00    6.773280e-02
1.050318e+00    3.224228e-02
1.062531e+00    -2.501124e-03
1.074744e+00    -3.639221e-02
1.086957e+00    -6.933643e-02
1.099169e+00    -1.012498e-01
1.111382e+00    -1.320585e-01
1.123595e+00    -1.616990e-01
1.135808e+00    -1.901172e-01
1.148021e+00    -2.172687e-01
1.160234e+00    -2.431179e-01
1.172447e+00    -2.676381e-01
1.184660e+00    -2.908107e-01
1.196873e+00    -3.126249e-01
1.209086e+00    -3.330775e-01
1.221299e+00    -3.521722e-01
1.233512e+00    -3.699189e-01
1.245725e+00    -3.863338e-01
1.257938e+00    -4.014384e-01
1.270151e+00    -4.152597e-01
1.282364e+00    -4.278287e-01
1.294577e+00    -4.391809e-01
1.306790e+00    -4.493555e-01
1.319003e+00    -4.583946e-01
1.331216e+00    -4.663433e-01
1.343429e+00    -4.732490e-01
1.355642e+00    -4.791611e-01
1.367855e+00    -4.841304e-01
1.380068e+00    -4.882091e-01
1.392281e+00    -4.914498e-01
1.404494e+00    -4.939058e-01
1.416707e+00    -4.956305e-01
1.428920e+00    -4.966772e-01
1.441133e+00    -4.970984e-01
1.453346e+00    -4.969463e-01
1.465559e+00    -4.962718e-01
1.477772e+00    -4.951247e-01
1.489985e+00    -4.935536e-01
1.502198e+00    -4.916051e-01
1.514411e+00    -4.893245e-01
1.526624e+00    -4.867549e-01
1.538837e+00    -4.839376e-01
1.551050e+00    -4.809116e-01
1.563263e+00    -4.777142e-01
1.575476e+00    -4.743797e-01
1.587689e+00    -4.709409e-01
1.599902e+00    -4.674276e-01
1.612115e+00    -4.638678e-01
1.624328e+00    -4.602868e-01
1.636541e+00    -4.567079e-01
1.648754e+00    -4.531516e-01
1.660967e+00    -4.496368e-01
1.673180e+00    -4.461797e-01
1.685393e+00    -4.427945e-01
1.697606e+00    -4.394932e-01
1.709819e+00    -4.362861e-01
1.722032e+00    -4.331812e-01
1.734245e+00    -4.301848e-01
1.746458e+00    -4.273016e-01
1.758671e+00    -4.245344e-01
1.770884e+00    -4.218846e-01
1.783097e+00    -4.193521e-01
1.795310e+00    -4.169354e-01
1.807523e+00    -4.146320e-01
1.819736e+00    -4.124380e-01
1.831949e+00    -4.103486e-01
1.844162e+00    -4.083581e-01
1.856375e+00    -4.064599e-01
1.868588e+00    -4.046468e-01
1.880801e+00    -4.029110e-01
1.893014e+00    -4.012443e-01
1.905227e+00    -3.996376e-01
1.917440e+00    -3.980821e-01
1.929653e+00    -3.965685e-01
1.941866e+00    -3.950874e-01
1.954079e+00    -3.936292e-01
1.966292e+00    -3.921845e-01
1.978505e+00    -3.907438e-01
1.990718e+00    -3.892981e-01
2.002931e+00    -3.878382e-01
2.015144e+00    -3.863553e-01
2.027357e+00    -3.848410e-01
2.039570e+00    -3.832873e-01
2.051783e+00    -3.816864e-01
2.063996e+00    -3.800312e-01
2.076209e+00    -3.783148e-01
2.088422e+00    -3.765309e-01
2.100635e+00    -3.746738e-01
2.112848e+00    -3.727384e-01
2.125061e+00    -3.707197e-01
2.137274e+00    -3.686139e-01
2.149487e+00    -3.664173e-01
2.161700e+00    -3.641270e-01
2.173913e+00    -3.617404e-01
2.186126e+00    -3.592556e-01
2.198339e+00    -3.566715e-01
2.210552e+00    -3.539871e-01
2.222765e+00    -3.512021e-01
2.234978e+00    -3.483168e-01
2.247191e+00    -3.453320e-01
2.259404e+00    -3.422486e-01
2.271617e+00    -3.390684e-01
2.283830e+00    -3.357934e-01
2.296043e+00    -3.324260e-01
2.308256e+00    -3.289689e-01
2.320469e+00    -3.254252e-01
2.332682e+00    -3.217986e-01
2.344895e+00    -3.180925e-01
2.357108e+00    -3.143111e-01
2.369321e+00    -3.104584e-01
2.381534e+00    -3.065390e-01
2.393747e+00    -3.025574e-01
2.405960e+00    -2.985182e-01
2.418173e+00    -2.944265e-01
2.430386e+00    -2.902870e-01
2.442599e+00    -2.861049e-01
2.454812e+00    -2.818850e-01
2.467025e+00    -2.776326e-01
2.479238e+00    -2.733526e-01
2.491451e+00    -2.690500e-01
2.503664e+00    -2.647300e-01
2.515877e+00    -2.603974e-01
2.528090e+00    -2.560570e-01
2.540303e+00    -2.517136e-01
2.552516e+00    -2.473718e-01
2.564729e+00    -2.430361e-01
2.576942e+00    -2.387109e-01
2.589155e+00    -2.344004e-01
2.601368e+00    -2.301086e-01
2.613581e+00    -2.258394e-01
2.625794e+00    -2.215965e-01
2.638007e+00    -2.173835e-01
2.650220e+00    -2.132035e-01
2.662433e+00    -2.090599e-01
2.674646e+00    -2.049555e-01
2.686859e+00    -2.008930e-01
2.699072e+00    -1.968751e-01
2.711285e+00    -1.929040e-01
2.723498e+00    -1.889818e-01
2.735711e+00    -1.851106e-01
2.747924e+00    -1.812921e-01
2.760137e+00    -1.775278e-01
2.772350e+00    -1.738193e-01
2.784563e+00    -1.701676e-01
2.796776e+00    -1.665737e-01
2.808989e+00    -1.630387e-01
2.821202e+00    -1.595632e-01
2.833415e+00    -1.561477e-01
2.845628e+00    -1.527926e-01
2.857841e+00    -1.494983e-01
2.870054e+00    -1.462647e-01
2.882267e+00    -1.430920e-01
2.894480e+00    -1.399801e-01
2.906693e+00    -1.369287e-01
2.918906e+00    -1.339374e-01
2.931119e+00    -1.310059e-01
2.943332e+00    -1.281337e-01
2.955545e+00    -1.253202e-01
2.967758e+00    -1.225646e-01
2.979971e+00    -1.198664e-01
2.992184e+00    -1.172247e-01
3.004397e+00    -1.146387e-01
3.016610e+00    -1.121076e-01
3.028823e+00    -1.096303e-01
3.041036e+00    -1.072060e-01
3.053249e+00    -1.048337e-01
3.065462e+00    -1.025124e-01
3.077675e+00    -1.002412e-01
3.089888e+00    -9.801891e-02
3.102101e+00    -9.584463e-02
3.114314e+00    -9.371732e-02
3.126527e+00    -9.163596e-02
3.138740e+00    -8.959953e-02
3.150953e+00    -8.760704e-02
3.163166e+00    -8.565751e-02
3.175379e+00    -8.374995e-02
3.187592e+00    -8.188339e-02
3.199805e+00    -8.005688e-02
3.212018e+00    -7.826957e-02
3.224231e+00    -7.652048e-02
3.236444e+00    -7.480877e-02
3.248657e+00    -7.313360e-02
3.260870e+00    -7.149412e-02
3.273082e+00    -6.988956e-02
3.285295e+00    -6.831910e-02
3.297508e+00    -6.678200e-02
3.309721e+00    -6.527755e-02
3.321934e+00    -6.380503e-02
3.334147e+00    -6.236378e-02
3.346360e+00    -6.095312e-02
3.358573e+00    -5.957243e-02
3.370786e+00    -5.822109e-02
3.382999e+00    -5.689853e-02
3.395212e+00    -5.560415e-02
3.407425e+00    -5.433743e-02
3.419638e+00    -5.309782e-02
3.431851e+00    -5.188482e-02
3.444064e+00    -5.069789e-02
3.456277e+00    -4.953660e-02
3.468490e+00    -4.840043e-02
3.480703e+00    -4.728895e-02
3.492916e+00    -4.620171e-02
3.505129e+00    -4.513826e-02
3.517342e+00    -4.409819e-02
3.529555e+00    -4.308107e-02
3.541768e+00    -4.208649e-02
3.553981e+00    -4.111405e-02
3.566194e+00    -4.016332e-02
3.578407e+00    -3.923395e-02
3.590620e+00    -3.832552e-02
3.602833e+00    -3.743764e-02
3.615046e+00    -3.656994e-02
3.627259e+00    -3.572203e-02
3.639472e+00    -3.489353e-02
3.651685e+00    -3.408404e-02
3.663898e+00    -3.329321e-02
3.676111e+00    -3.252065e-02
3.688324e+00    -3.176599e-02
3.700537e+00    -3.102877e-02
3.712750e+00    -3.030881e-02
3.724963e+00    -2.960555e-02
3.737176e+00    -2.891868e-02
3.749389e+00    -2.824781e-02
3.761602e+00    -2.759257e-02
3.773815e+00    -2.695260e-02
3.786028e+00    -2.632751e-02
3.798241e+00    -2.571692e-02
3.810454e+00    -2.512049e-02
3.822667e+00    -2.453783e-02
3.834880e+00    -2.396858e-02
3.847093e+00    -2.341239e-02
3.859306e+00    -2.286889e-02
3.871519e+00    -2.233773e-02
3.883732e+00    -2.181856e-02
3.895945e+00    -2.131104e-02
3.908158e+00    -2.081483e-02
3.920371e+00    -2.032958e-02
3.932584e+00    -1.985499e-02
3.944797e+00    -1.939072e-02
3.957010e+00    -1.893647e-02
3.969223e+00    -1.849192e-02
3.981436e+00    -1.805677e-02
3.993649e+00    -1.763075e-02
4.005862e+00    -1.721356e-02
4.018075e+00    -1.680494e-02
4.030288e+00    -1.640461e-02
4.042501e+00    -1.601234e-02
4.054714e+00    -1.562786e-02
4.066927e+00    -1.525097e-02
4.079140e+00    -1.488141e-02
4.091353e+00    -1.451899e-02
4.103566e+00    -1.416350e-02
4.115779e+00    -1.381475e-02
4.127992e+00    -1.347255e-02
4.140205e+00    -1.313675e-02
4.152418e+00    -1.280716e-02
4.164631e+00    -1.248366e-02
4.176844e+00    -1.216609e-02
4.189057e+00    -1.185434e-02
4.201270e+00    -1.154831e-02
4.213483e+00    -1.124781e-02
4.225696e+00    -1.095284e-02
4.237909e+00    -1.066327e-02
4.250122e+00    -1.037903e-02
4.262335e+00    -1.010003e-02
4.274548e+00    -9.826244e-03
4.286761e+00    -9.557604e-03
4.298974e+00    -9.294079e-03
4.311187e+00    -9.035609e-03
4.323400e+00    -8.782201e-03
4.335613e+00    -8.533807e-03
4.347826e+00    -8.290439e-03
4.360039e+00    -8.052068e-03
4.372252e+00    -7.818710e-03
4.384465e+00    -7.590355e-03
4.396678e+00    -7.367040e-03
4.408891e+00    -7.148735e-03
4.421104e+00    -6.935501e-03
4.433317e+00    -6.727329e-03
4.445530e+00    -6.524270e-03
4.457743e+00    -6.326332e-03
4.469956e+00    -6.133558e-03
4.482169e+00    -5.945970e-03
4.494382e+00    -5.763607e-03
4.506595e+00    -5.586496e-03
4.518808e+00    -5.414691e-03
4.531021e+00    -5.248199e-03
4.543234e+00    -5.087086e-03
4.555447e+00    -4.931356e-03
4.567660e+00    -4.781064e-03
4.579873e+00    -4.636220e-03
4.592086e+00    -4.496891e-03
4.604299e+00    -4.363069e-03
4.616512e+00    -4.234797e-03
4.628725e+00    -4.112096e-03
4.640938e+00    -3.994986e-03
4.653151e+00    -3.883481e-03
4.665364e+00    -3.777605e-03
4.677577e+00    -3.677353e-03
4.689790e+00    -3.582744e-03
4.702003e+00    -3.493790e-03
4.714216e+00    -3.410449e-03
4.726429e+00    -3.332751e-03
4.738642e+00    -3.260677e-03
4.750855e+00    -3.194209e-03
4.763068e+00    -3.133319e-03
4.775281e+00    -3.077995e-03
4.787494e+00    -3.028188e-03
4.799707e+00    -2.983873e-03
4.811920e+00    -2.945034e-03
4.824133e+00    -2.911587e-03
4.836346e+00    -2.883489e-03
4.848559e+00    -2.860697e-03
4.860772e+00    -2.843138e-03
4.872985e+00    -2.830752e-03
4.885198e+00    -2.823472e-03
4.897411e+00    -2.821226e-03
4.909624e+00    -2.823894e-03
4.921837e+00    -2.831436e-03
4.934050e+00    -2.843761e-03
4.946263e+00    -2.860741e-03
4.958476e+00    -2.882312e-03
4.970689e+00    -2.908350e-03
4.982902e+00    -2.938761e-03
4.995115e+00    -2.973427e-03
5.007328e+00    -3.012234e-03
5.019541e+00    -3.055072e-03
5.031754e+00    -3.101803e-03
5.043967e+00    -3.152314e-03
5.056180e+00    -3.206479e-03
5.068393e+00    -3.264162e-03
5.080606e+00    -3.325220e-03
5.092819e+00    -3.389541e-03
5.105031e+00    -3.456963e-03
5.117245e+00    -3.527356e-03
5.129457e+00    -3.600567e-03
5.141671e+00    -3.676468e-03
5.153883e+00    -3.754894e-03
5.166097e+00    -3.835695e-03
5.178309e+00    -3.918753e-03
5.190523e+00    -4.003890e-03
5.202735e+00    -4.090956e-03
5.214949e+00    -4.179803e-03
5.227162e+00    -4.270277e-03
5.239375e+00    -4.362226e-03
5.251588e+00    -4.455497e-03
5.263801e+00    -4.549939e-03
5.276014e+00    -4.645395e-03
5.288227e+00    -4.741719e-03
5.300440e+00    -4.838759e-03
5.312653e+00    -4.936347e-03
5.324866e+00    -5.034370e-03
5.337079e+00    -5.132649e-03
5.349292e+00    -5.231046e-03
5.361505e+00    -5.329428e-03
5.373718e+00    -5.427636e-03
5.385931e+00    -5.525524e-03
5.398144e+00    -5.622998e-03
5.410357e+00    -5.719836e-03
5.422570e+00    -5.815974e-03
5.434783e+00    -5.911255e-03
5.446996e+00    -6.005556e-03
5.459208e+00    -6.098745e-03
5.471422e+00    -6.190690e-03
5.483634e+00    -6.281280e-03
5.495848e+00    -6.370396e-03
5.508060e+00    -6.457922e-03
5.520274e+00    -6.543729e-03
5.532486e+00    -6.627733e-03
5.544700e+00    -6.709821e-03
5.556912e+00    -6.789880e-03
5.569126e+00    -6.867820e-03
5.581338e+00    -6.943540e-03
5.593552e+00    -7.016959e-03
5.605764e+00    -7.087981e-03
5.617978e+00    -7.156534e-03
5.630190e+00    -7.222516e-03
5.642404e+00    -7.285871e-03
5.654616e+00    -7.346520e-03
5.666830e+00    -7.404396e-03
5.679042e+00    -7.459450e-03
5.691256e+00    -7.511601e-03
5.703468e+00    -7.560793e-03
5.715682e+00    -7.607018e-03
5.727894e+00    -7.650176e-03
5.740108e+00    -7.690257e-03
5.752320e+00    -7.727211e-03
5.764534e+00    -7.761009e-03
5.776746e+00    -7.791620e-03
5.788960e+00    -7.819018e-03
5.801172e+00    -7.843195e-03
5.813385e+00    -7.864096e-03
5.825598e+00    -7.881752e-03
5.837811e+00    -7.896139e-03
5.850024e+00    -7.907247e-03
5.862237e+00    -7.915085e-03
5.874450e+00    -7.919646e-03
5.886663e+00    -7.920943e-03
5.898876e+00    -7.918998e-03
5.911089e+00    -7.913790e-03
5.923302e+00    -7.905370e-03
5.935515e+00    -7.893758e-03
5.947728e+00    -7.878965e-03
5.959941e+00    -7.861038e-03
5.972154e+00    -7.839987e-03
5.984367e+00    -7.815875e-03
5.996580e+00    -7.788715e-03
6.008793e+00    -7.758569e-03
6.021006e+00    -7.725470e-03
6.033219e+00    -7.689469e-03
6.045432e+00    -7.650624e-03
6.057645e+00    -7.608992e-03
6.069858e+00    -7.564612e-03
6.082071e+00    -7.517556e-03
6.094284e+00    -7.467879e-03
6.106497e+00    -7.415665e-03
6.118710e+00    -7.360969e-03
6.130923e+00    -7.303846e-03
6.143136e+00    -7.244384e-03
6.155349e+00    -7.182644e-03
6.167562e+00    -7.118713e-03
6.179775e+00    -7.052656e-03
6.191988e+00    -6.984559e-03
6.204201e+00    -6.914492e-03
6.216414e+00    -6.842546e-03
6.228627e+00    -6.768789e-03
6.240840e+00    -6.693315e-03
6.253053e+00    -6.616200e-03
6.265266e+00    -6.537526e-03
6.277479e+00    -6.457386e-03
6.289692e+00    -6.375857e-03
6.301905e+00    -6.293021e-03
6.314118e+00    -6.208982e-03
6.326331e+00    -6.123802e-03
6.338544e+00    -6.037578e-03
6.350757e+00    -5.950393e-03
6.362970e+00    -5.862341e-03
6.375183e+00    -5.773495e-03
6.387396e+00    -5.683942e-03
6.399609e+00    -5.593761e-03
6.411822e+00    -5.503054e-03
6.424035e+00    -5.411888e-03
6.436248e+00    -5.320342e-03
6.448461e+00    -5.228511e-03
6.460674e+00    -5.136449e-03
6.472887e+00    -5.044283e-03
6.485100e+00    -4.952046e-03
6.497313e+00    -4.859823e-03
6.509526e+00    -4.767695e-03
6.521739e+00    -4.675739e-03
6.533952e+00    -4.584013e-03
6.546165e+00    -4.492600e-03
6.558378e+00    -4.401562e-03
6.570591e+00    -4.310970e-03
6.582804e+00    -4.220879e-03
6.595017e+00    -4.131359e-03
6.607230e+00    -4.042464e-03
6.619443e+00    -3.954261e-03
6.631656e+00    -3.866806e-03
6.643869e+00    -3.780134e-03
6.656082e+00    -3.694309e-03
6.668295e+00    -3.609393e-03
6.680508e+00    -3.525420e-03
6.692721e+00    -3.442433e-03
6.704934e+00    -3.360526e-03
6.717147e+00    -3.279594e-03
6.729360e+00    -3.199814e-03
6.741573e+00    -3.121182e-03
6.753786e+00    -3.043725e-03
6.765999e+00    -2.967478e-03
6.778212e+00    -2.892462e-03
6.790425e+00    -2.818715e-03
6.802638e+00    -2.746235e-03
6.814851e+00    -2.675073e-03
6.827064e+00    -2.605229e-03
6.839277e+00    -2.536725e-03
6.851490e+00    -2.469572e-03
6.863703e+00    -2.403782e-03
6.875916e+00    -2.339377e-03
6.888129e+00    -2.276340e-03
6.900342e+00    -2.214690e-03
6.912555e+00    -2.154431e-03
6.924768e+00    -2.095554e-03
6.936981e+00    -2.038072e-03
6.949194e+00    -1.981963e-03
6.961407e+00    -1.927237e-03
6.973620e+00    -1.873870e-03
6.985833e+00    -1.821866e-03
6.998046e+00    -1.771201e-03
7.010259e+00    -1.721866e-03
7.022472e+00    -1.673850e-03
7.034685e+00    -1.627129e-03
7.046898e+00    -1.581684e-03
7.059111e+00    -1.537502e-03
7.071324e+00    -1.494547e-03
7.083537e+00    -1.452810e-03
7.095750e+00    -1.412315e-03
7.107963e+00    -1.372852e-03
7.120176e+00    -1.334583e-03
7.132389e+00    -1.297421e-03
7.144602e+00    -1.261326e-03
7.156815e+00    -1.226268e-03
7.169028e+00    -1.192225e-03
7.181241e+00    -1.159153e-03
7.193454e+00    -1.127022e-03
7.205667e+00    -1.095801e-03
7.217880e+00    -1.065453e-03
7.230093e+00    -1.035942e-03
7.242306e+00    -1.007235e-03
7.254519e+00    -9.792846e-04
7.266732e+00    -9.520684e-04
7.278944e+00    -9.255416e-04
7.291158e+00    -8.996647e-04
7.303371e+00    -8.744040e-04
7.315584e+00    -8.497200e-04
7.327797e+00    -8.255802e-04
7.340010e+00    -8.019467e-04
7.352223e+00    -7.787679e-04
7.364436e+00    -7.560242e-04
7.376649e+00    -7.336685e-04
7.388862e+00    -7.116673e-04
7.401075e+00    -6.899911e-04
7.413288e+00    -6.685798e-04
7.425501e+00    -6.474240e-04
7.437714e+00    -6.264816e-04
7.449927e+00    -6.057149e-04
7.462140e+00    -5.850937e-04
7.474353e+00    -5.645800e-04
7.486566e+00    -5.441493e-04
7.498779e+00    -5.237648e-04
7.510992e+00    -5.034026e-04
7.523205e+00    -4.830264e-04
7.535418e+00    -4.626131e-04
7.547631e+00    -4.421329e-04
7.559844e+00    -4.215635e-04
7.572057e+00    -4.008714e-04
7.584270e+00    -3.800459e-04
7.596483e+00    -3.590591e-04
7.608696e+00    -3.378777e-04
7.620909e+00    -3.165026e-04
7.633121e+00    -2.949075e-04
7.645335e+00    -2.730653e-04
7.657547e+00    -2.509679e-04
7.669761e+00    -2.286051e-04
7.681973e+00    -2.059539e-04
7.694187e+00    -1.830127e-04
7.706399e+00    -1.597716e-04
7.718613e+00    -1.361889e-04
7.730825e+00    -1.122987e-04
7.743039e+00    -8.807023e-05
7.755251e+00    -6.350843e-05
7.767465e+00    -3.860456e-05
7.779677e+00    -1.335295e-05
7.791891e+00    1.225005e-05
7.804103e+00    3.818083e-05
7.816317e+00    6.447478e-05
7.828529e+00    9.110374e-05
7.840743e+00    1.180766e-04
7.852955e+00    1.453814e-04
7.865169e+00    1.730097e-04
7.877381e+00    2.009709e-04
7.889595e+00    2.292410e-04
7.901807e+00    2.578246e-04
7.914021e+00    2.866805e-04
7.926233e+00    3.158200e-04
7.938447e+00    3.452300e-04
7.950659e+00    3.748861e-04
7.962873e+00    4.047871e-04
7.975085e+00    4.349066e-04
7.987298e+00    4.652245e-04
7.999511e+00    4.957254e-04
8.011724e+00    5.263918e-04
8.023937e+00    5.572041e-04
8.036150e+00    5.881404e-04
8.048364e+00    6.191809e-04
8.060576e+00    6.502989e-04
8.072789e+00    6.814728e-04
8.085002e+00    7.126834e-04
8.097216e+00    7.439115e-04
8.109428e+00    7.751056e-04
8.121641e+00    8.062702e-04
8.133854e+00    8.373674e-04
8.146068e+00    8.683785e-04
8.158280e+00    8.992666e-04
8.170493e+00    9.300117e-04
8.182706e+00    9.605851e-04
8.194920e+00    9.909690e-04
8.207132e+00    1.021124e-03
8.219345e+00    1.051027e-03
8.231558e+00    1.080656e-03
8.243772e+00    1.109979e-03
8.255984e+00    1.138968e-03
8.268197e+00    1.167597e-03
8.280410e+00    1.195835e-03
8.292624e+00    1.223676e-03
8.304836e+00    1.251064e-03
8.317049e+00    1.277989e-03
8.329262e+00    1.304424e-03
8.341475e+00    1.330343e-03
8.353688e+00    1.355718e-03
8.365901e+00    1.380525e-03
8.378115e+00    1.404741e-03
8.390327e+00    1.428341e-03
8.402540e+00    1.451333e-03
8.414753e+00    1.473600e-03
8.426967e+00    1.495223e-03
8.439179e+00    1.516132e-03
8.451392e+00    1.536320e-03
8.463605e+00    1.555761e-03
8.475819e+00    1.574444e-03
8.488031e+00    1.592341e-03
8.500244e+00    1.609446e-03
8.512457e+00    1.625727e-03
8.524671e+00    1.641180e-03
8.536883e+00    1.655791e-03
8.549096e+00    1.669540e-03
8.561309e+00    1.682419e-03
8.573523e+00    1.694415e-03
8.585735e+00    1.705515e-03
8.597948e+00    1.715729e-03
8.610161e+00    1.724995e-03
8.622375e+00    1.733360e-03
8.634587e+00    1.740788e-03
8.646800e+00    1.747295e-03
8.659013e+00    1.752858e-03
8.671227e+00    1.757480e-03
8.683439e+00    1.761152e-03
8.695652e+00    1.763879e-03
8.707865e+00    1.765649e-03
8.720078e+00    1.766496e-03
8.732291e+00    1.766379e-03
8.744504e+00    1.765317e-03
8.756717e+00    1.763320e-03
8.768930e+00    1.760384e-03
8.781143e+00    1.756513e-03
8.793356e+00    1.751728e-03
8.805569e+00    1.746008e-03
8.817782e+00    1.739387e-03
8.829995e+00    1.731862e-03
8.842208e+00    1.723455e-03
8.854421e+00    1.714165e-03
8.866634e+00    1.704003e-03
8.878847e+00    1.692993e-03
8.891060e+00    1.681146e-03
8.903273e+00    1.668484e-03
8.915486e+00    1.654986e-03
8.927699e+00    1.640707e-03
8.939912e+00    1.625651e-03
8.952125e+00    1.609836e-03
8.964338e+00    1.593284e-03
8.976551e+00    1.576008e-03
8.988764e+00    1.558030e-03
9.000977e+00    1.539376e-03
9.013190e+00    1.520050e-03
9.025403e+00    1.500097e-03
9.037616e+00    1.479523e-03
9.049829e+00    1.458357e-03
9.062042e+00    1.436604e-03
9.074255e+00    1.414313e-03
9.086468e+00    1.391493e-03
9.098680e+00    1.368176e-03
9.110894e+00    1.344369e-03
9.123107e+00    1.320114e-03
9.135320e+00    1.295430e-03
9.147532e+00    1.270339e-03
9.159746e+00    1.244869e-03
9.171959e+00    1.219047e-03
9.184172e+00    1.192890e-03
9.196384e+00    1.166433e-03
9.208598e+00    1.139690e-03
9.220811e+00    1.112691e-03
9.233024e+00    1.085474e-03
9.245236e+00    1.058048e-03
9.257450e+00    1.030444e-03
9.269663e+00    1.002683e-03
9.281876e+00    9.747987e-04
9.294088e+00    9.468031e-04
9.306302e+00    9.187330e-04
9.318515e+00    8.906079e-04
9.330728e+00    8.624550e-04
9.342940e+00    8.342798e-04
9.355154e+00    8.061252e-04
9.367367e+00    7.780138e-04
9.379580e+00    7.499555e-04
9.391793e+00    7.219776e-04
9.404006e+00    6.941067e-04
9.416219e+00    6.663536e-04
9.428432e+00    6.387405e-04
9.440645e+00    6.112962e-04
9.452858e+00    5.840322e-04
9.465071e+00    5.569680e-04
9.477283e+00    5.301198e-04
9.489497e+00    5.035067e-04
9.501710e+00    4.771372e-04
9.513923e+00    4.510466e-04
9.526135e+00    4.252324e-04
9.538349e+00    3.997138e-04
9.550562e+00    3.745114e-04
9.562775e+00    3.496280e-04
9.574987e+00    3.250776e-04
9.587201e+00    3.008823e-04
9.599414e+00    2.770458e-04
9.611627e+00    2.535780e-04
9.623839e+00    2.304885e-04
9.636053e+00    2.077853e-04
9.648266e+00    1.854749e-04
9.660479e+00    1.635763e-04
9.672691e+00    1.420866e-04
9.684905e+00    1.210059e-04
9.697118e+00    1.003531e-04
9.709331e+00    8.011055e-05
9.721543e+00    6.032568e-05
9.733757e+00    4.095661e-05
9.745970e+00    2.202649e-05
9.758183e+00    3.531175e-06
9.770395e+00    -1.452782e-05
9.782609e+00    -3.215322e-05
9.794822e+00    -4.933510e-05
9.807034e+00    -6.608933e-05
9.819247e+00    -8.240975e-05
9.831461e+00    -9.830312e-05
9.843674e+00    -1.137656e-04
9.855886e+00    -1.288030e-04
9.868099e+00    -1.434270e-04
9.880313e+00    -1.576323e-04
9.892526e+00    -1.714386e-04
9.904738e+00    -1.848376e-04
9.916951e+00    -1.978524e-04
9.929165e+00    -2.104759e-04
9.941378e+00    -2.227239e-04
9.953590e+00    -2.345996e-04
9.965803e+00    -2.461090e-04
9.978017e+00    -2.572690e-04
9.990230e+00    -2.680846e-04
1.000244e+01    -2.785705e-04
1.001466e+01    -2.887374e-04
1.002687e+01    -2.985770e-04
1.003908e+01    -3.081261e-04
1.005129e+01    -3.173798e-04
1.006351e+01    -3.263521e-04
1.007572e+01    -3.350556e-04
1.008793e+01    -3.435040e-04
1.010015e+01    -3.517331e-04
1.011236e+01    -3.596831e-04
1.012457e+01    -3.674366e-04
1.013679e+01    -3.749758e-04
1.014900e+01    -3.823237e-04
1.016121e+01    -3.894853e-04
1.017342e+01    -3.964800e-04
1.018564e+01    -4.033137e-04
1.019785e+01    -4.100067e-04
1.021006e+01    -4.165578e-04
1.022228e+01    -4.229915e-04
1.023449e+01    -4.293155e-04
1.024670e+01    -4.355464e-04
1.025891e+01    -4.416902e-04
1.027113e+01    -4.477646e-04
1.028334e+01    -4.537701e-04
1.029555e+01    -4.597433e-04
1.030777e+01    -4.656602e-04
1.031998e+01    -4.715550e-04
1.033219e+01    -4.774381e-04
1.034441e+01    -4.833004e-04
1.035662e+01    -4.891818e-04
1.036883e+01    -4.950689e-04
1.038105e+01    -5.009787e-04
1.039326e+01    -5.069246e-04
1.040547e+01    -5.129196e-04
1.041768e+01    -5.189337e-04
1.042990e+01    -5.250194e-04
1.044211e+01    -5.311712e-04
1.045432e+01    -5.373836e-04
1.046654e+01    -5.436759e-04
1.047875e+01    -5.500509e-04
1.049096e+01    -5.565394e-04
1.050318e+01    -5.630674e-04
1.051539e+01    -5.697238e-04
1.052760e+01    -5.764745e-04
1.053981e+01    -5.833324e-04
1.055203e+01    -5.903011e-04
1.056424e+01    -5.973753e-04
1.057645e+01    -6.045686e-04
1.058867e+01    -6.118682e-04
1.060088e+01    -6.192838e-04
1.061309e+01    -6.268232e-04
1.062531e+01    -6.344687e-04
1.063752e+01    -6.422342e-04
1.064973e+01    -6.501224e-04
1.066194e+01    -6.581127e-04
1.067416e+01    -6.662196e-04
1.068637e+01    -6.744337e-04
1.069858e+01    -6.827555e-04
1.071080e+01    -6.911762e-04
1.072301e+01    -6.996888e-04
1.073522e+01    -7.082974e-04
1.074744e+01    -7.169948e-04
1.075965e+01    -7.257780e-04
1.077186e+01    -7.346375e-04
1.078407e+01    -7.435620e-04
1.079629e+01    -7.525453e-04
1.080850e+01    -7.615924e-04
1.082071e+01    -7.706838e-04
1.083293e+01    -7.798151e-04
1.084514e+01    -7.889833e-04
1.085735e+01    -7.981707e-04
1.086957e+01    -8.073670e-04
1.088178e+01    -8.165679e-04
1.089399e+01    -8.257685e-04
1.090620e+01    -8.349493e-04
1.091842e+01    -8.441022e-04
1.093063e+01    -8.532252e-04
1.094284e+01    -8.622956e-04
1.095506e+01    -8.713101e-04
1.096727e+01    -8.802558e-04
1.097948e+01    -8.891178e-04
1.099170e+01    -8.978830e-04
1.100391e+01    -9.065543e-04
1.101612e+01    -9.151023e-04
1.102833e+01    -9.235266e-04
1.104055e+01    -9.318108e-04
1.105276e+01    -9.399413e-04
1.106497e+01    -9.479071e-04
1.107719e+01    -9.556983e-04
1.108940e+01    -9.632961e-04
1.110161e+01    -9.706938e-04
1.111382e+01    -9.778838e-04
1.112604e+01    -9.848508e-04
1.113825e+01    -9.915743e-04
1.115046e+01    -9.980474e-04
1.116268e+01    -1.004258e-03
1.117489e+01    -1.010200e-03
1.118710e+01    -1.015861e-03
1.119932e+01    -1.021221e-03
1.121153e+01    -1.026274e-03
1.122374e+01    -1.031014e-03
1.123596e+01    -1.035416e-03
1.124817e+01    -1.039483e-03
1.126038e+01    -1.043203e-03
1.127259e+01    -1.046563e-03
1.128481e+01    -1.049555e-03
1.129702e+01    -1.052153e-03
1.130923e+01    -1.054393e-03
1.132145e+01    -1.056227e-03
1.133366e+01    -1.057660e-03
1.134587e+01    -1.058678e-03
1.135808e+01    -1.059283e-03
1.137030e+01    -1.059460e-03
1.138251e+01    -1.059207e-03
1.139472e+01    -1.058516e-03
1.140694e+01    -1.057390e-03
1.141915e+01    -1.055802e-03
1.143136e+01    -1.053769e-03
1.144358e+01    -1.051278e-03
1.145579e+01    -1.048329e-03
1.146800e+01    -1.044915e-03
1.148022e+01    -1.041034e-03
1.149243e+01    -1.036682e-03
1.150464e+01    -1.031865e-03
1.151685e+01    -1.026574e-03
1.152907e+01    -1.020809e-03
1.154128e+01    -1.014574e-03
1.155349e+01    -1.007864e-03
1.156571e+01    -1.000680e-03
1.157792e+01    -9.930354e-04
1.159013e+01    -9.849095e-04
1.160234e+01    -9.763401e-04
1.161456e+01    -9.672741e-04
1.162677e+01    -9.577663e-04
1.163898e+01    -9.477998e-04
1.165120e+01    -9.373786e-04
1.166341e+01    -9.265185e-04
1.167562e+01    -9.152162e-04
1.168784e+01    -9.034724e-04
1.170005e+01    -8.913053e-04
1.171226e+01    -8.787088e-04
1.172447e+01    -8.657174e-04
1.173669e+01    -8.523103e-04
1.174890e+01    -8.385051e-04
1.176111e+01    -8.243099e-04
1.177333e+01    -8.097383e-04
1.178554e+01    -7.947930e-04
1.179775e+01    -7.794903e-04
1.180997e+01    -7.638446e-04
1.182218e+01    -7.478542e-04
1.183439e+01    -7.315375e-04
1.184660e+01    -7.149081e-04
1.185882e+01    -6.979792e-04
1.187103e+01    -6.807536e-04
1.188324e+01    -6.632434e-04
1.189546e+01    -6.454826e-04
1.190767e+01    -6.274602e-04
1.191988e+01    -6.092060e-04
1.193210e+01    -5.907191e-04
1.194431e+01    -5.720251e-04
1.195652e+01    -5.531348e-04
1.196873e+01    -5.340598e-04
1.198095e+01    -5.148192e-04
1.199316e+01    -4.954285e-04
1.200537e+01    -4.758943e-04
1.201759e+01    -4.562092e-04
1.202980e+01    -4.364717e-04
1.204201e+01    -4.166250e-04
1.205423e+01    -3.966914e-04
1.206644e+01    -3.766915e-04
1.207865e+01    -3.566500e-04
1.209086e+01    -3.365783e-04
1.210308e+01    -3.164789e-04
1.211529e+01    -2.964045e-04
1.212750e+01    -2.763326e-04
1.213972e+01    -2.562873e-04
1.215193e+01    -2.362889e-04
1.216414e+01    -2.163566e-04
1.217636e+01    -1.964997e-04
1.218857e+01    -1.767587e-04
1.220078e+01    -1.570703e-04
1.221299e+01    -1.375345e-04
1.222521e+01    -1.181285e-04
1.223742e+01    -9.887449e-05
1.224963e+01    -7.978092e-05
1.226185e+01    -6.086808e-05
1.227406e+01    -4.214433e-05
1.228627e+01    -2.362583e-05
1.229849e+01    -5.330174e-06
1.231070e+01    1.275128e-05
1.232291e+01    3.057630e-05
1.233512e+01    4.813928e-05
1.234734e+01    6.546093e-05
1.235955e+01    8.249086e-05
1.237176e+01    9.922745e-05
1.238398e+01    1.156651e-04
1.239619e+01    1.317948e-04
1.240840e+01    1.475974e-04
1.242062e+01    1.630802e-04
1.243283e+01    1.782169e-04
1.244504e+01    1.930028e-04
1.245725e+01    2.074324e-04
1.246947e+01    2.214951e-04
1.248168e+01    2.351835e-04
1.249389e+01    2.484666e-04
1.250611e+01    2.614081e-04
1.251832e+01    2.739292e-04
1.253053e+01    2.860562e-04
1.254275e+01    2.977755e-04
1.255496e+01    3.090765e-04
1.256717e+01    3.199744e-04
1.257938e+01    3.304391e-04
1.259160e+01    3.404845e-04
1.260381e+01    3.501219e-04
1.261602e+01    3.592829e-04
1.262824e+01    3.680438e-04
1.264045e+01    3.763712e-04
1.265266e+01    3.842539e-04
1.266488e+01    3.917026e-04
1.267709e+01    3.987160e-04
1.268930e+01    4.052873e-04
1.270151e+01    4.114234e-04
1.271373e+01    4.171241e-04
1.272594e+01    4.223913e-04
1.273815e+01    4.272191e-04
1.275037e+01    4.316257e-04
1.276258e+01    4.355927e-04
1.277479e+01    4.391323e-04
1.278701e+01    4.422509e-04
1.279922e+01    4.449579e-04
1.281143e+01    4.472312e-04
1.282364e+01    4.491012e-04
1.283586e+01    4.505604e-04
1.284807e+01    4.516181e-04
1.286028e+01    4.522783e-04
1.287250e+01    4.525486e-04
1.288471e+01    4.524220e-04
1.289692e+01    4.519273e-04
1.290914e+01    4.510577e-04
1.292135e+01    4.498104e-04
1.293356e+01    4.482162e-04
1.294577e+01    4.462626e-04
1.295799e+01    4.439657e-04
1.297020e+01    4.413219e-04
1.298241e+01    4.383650e-04
1.299463e+01    4.350697e-04
1.300684e+01    4.314711e-04
1.301905e+01    4.275656e-04
1.303127e+01    4.233576e-04
1.304348e+01    4.188853e-04
1.305569e+01    4.141063e-04
1.306790e+01    4.090590e-04
1.308012e+01    4.037638e-04
1.309233e+01    3.982164e-04
1.310454e+01    3.924256e-04
1.311676e+01    3.863991e-04
1.312897e+01    3.801544e-04
1.314118e+01    3.736913e-04
1.315340e+01    3.670245e-04
1.316561e+01    3.601686e-04
1.317782e+01    3.531209e-04
1.319003e+01    3.458892e-04
1.320225e+01    3.385077e-04
1.321446e+01    3.309707e-04
1.322667e+01    3.232783e-04
1.323889e+01    3.154459e-04
1.325110e+01    3.074856e-04
1.326331e+01    2.994140e-04
1.327553e+01    2.912260e-04
1.328774e+01    2.829283e-04
1.329995e+01    2.745395e-04
1.331216e+01    2.660744e-04
1.332438e+01    2.575329e-04
1.333659e+01    2.489255e-04
1.334880e+01    2.402462e-04
1.336102e+01    2.315231e-04
1.337323e+01    2.227547e-04
1.338544e+01    2.139553e-04
1.339766e+01    2.051391e-04
1.340987e+01    1.962732e-04
1.342208e+01    1.874185e-04
1.343429e+01    1.785508e-04
1.344651e+01    1.696810e-04
1.345872e+01    1.608239e-04
1.347093e+01    1.519795e-04
1.348315e+01    1.431506e-04
1.349536e+01    1.343414e-04
1.350757e+01    1.255770e-04
1.351978e+01    1.168440e-04
1.353200e+01    1.081507e-04
1.354421e+01    9.950659e-05
1.355642e+01    9.090929e-05
1.356864e+01    8.237619e-05
1.358085e+01    7.390445e-05
1.359306e+01    6.548130e-05
1.360528e+01    5.712687e-05
1.361749e+01    4.885790e-05
1.362970e+01    4.065737e-05
1.364192e+01    3.253467e-05
1.365413e+01    2.448811e-05
1.366634e+01    1.653091e-05
1.367855e+01    8.661883e-06
1.369077e+01    8.721813e-07
1.370298e+01    -6.823114e-06
1.371519e+01    -1.442348e-05
1.372741e+01    -2.193557e-05
1.373962e+01    -2.936712e-05
1.375183e+01    -3.669428e-05
1.376404e+01    -4.391748e-05
1.377626e+01    -5.105520e-05
1.378847e+01    -5.809130e-05
1.380068e+01    -6.502455e-05
1.381290e+01    -7.187223e-05
1.382511e+01    -7.861722e-05
1.383732e+01    -8.526433e-05
1.384954e+01    -9.181639e-05
1.386175e+01    -9.826694e-05
1.387396e+01    -1.046243e-04
1.388618e+01    -1.108856e-04
1.389839e+01    -1.170671e-04
1.391060e+01    -1.231441e-04
1.392281e+01    -1.291321e-04
1.393503e+01    -1.350265e-04
1.394724e+01    -1.408352e-04
1.395945e+01    -1.465563e-04
1.397167e+01    -1.521888e-04
1.398388e+01    -1.577415e-04
1.399609e+01    -1.632000e-04
1.400830e+01    -1.685975e-04
1.402052e+01    -1.738977e-04
1.403273e+01    -1.791373e-04
1.404494e+01    -1.842876e-04
1.405716e+01    -1.893699e-04
1.406937e+01    -1.943768e-04
1.408158e+01    -1.993133e-04
1.409380e+01    -2.041854e-04
1.410601e+01    -2.089818e-04
1.411822e+01    -2.137188e-04
1.413043e+01    -2.183928e-04
1.414265e+01    -2.230038e-04
1.415486e+01    -2.275541e-04
1.416707e+01    -2.320463e-04
1.417929e+01    -2.364813e-04
1.419150e+01    -2.408326e-04
1.420371e+01    -2.451850e-04
1.421593e+01    -2.494598e-04
1.422814e+01    -2.536758e-04
1.424035e+01    -2.578479e-04
1.425256e+01    -2.619648e-04
1.426478e+01    -2.660390e-04
1.427699e+01    -2.700574e-04
1.428920e+01    -2.740298e-04
1.430142e+01    -2.779583e-04
1.431363e+01    -2.818400e-04
1.432584e+01    -2.856763e-04
1.433806e+01    -2.894624e-04
1.435027e+01    -2.932020e-04
1.436248e+01    -2.968984e-04
1.437469e+01    -3.005475e-04
1.438691e+01    -3.041456e-04
1.439912e+01    -3.077044e-04
1.441133e+01    -3.112018e-04
1.442355e+01    -3.146597e-04
1.443576e+01    -3.180653e-04
1.444797e+01    -3.214168e-04
1.446019e+01    -3.247206e-04
1.447240e+01    -3.279681e-04
1.448461e+01    -3.311522e-04
1.449682e+01    -3.342924e-04
1.450904e+01    -3.373610e-04
1.452125e+01    -3.403733e-04
1.453346e+01    -3.433228e-04
1.454568e+01    -3.462039e-04
1.455789e+01    -3.490090e-04
1.457010e+01    -3.517636e-04
1.458232e+01    -3.544285e-04
1.459453e+01    -3.570240e-04
1.460674e+01    -3.595380e-04
1.461895e+01    -3.619694e-04
1.463117e+01    -3.643093e-04
1.464338e+01    -3.665660e-04
1.465559e+01    -3.687320e-04
1.466781e+01    -3.707993e-04
1.468002e+01    -3.727709e-04
1.469223e+01    -3.746313e-04
1.470445e+01    -3.763938e-04
1.471666e+01    -3.780485e-04
1.472887e+01    -3.795756e-04
1.474109e+01    -3.810014e-04
1.475330e+01    -3.822863e-04
1.476551e+01    -3.834534e-04
1.477772e+01    -3.844879e-04
1.478994e+01    -3.853928e-04
1.480215e+01    -3.861583e-04
1.481436e+01    -3.867731e-04
1.482658e+01    -3.872435e-04
1.483879e+01    -3.875662e-04
1.485100e+01    -3.877319e-04
1.486321e+01    -3.877410e-04
1.487543e+01    -3.875798e-04
1.488764e+01    -3.872615e-04
1.489985e+01    -3.867576e-04
1.491207e+01    -3.860873e-04
1.492428e+01    -3.852310e-04
1.493649e+01    -3.842085e-04
1.494871e+01    -3.829843e-04
1.496092e+01    -3.815586e-04
1.497313e+01    -3.799712e-04
1.498534e+01    -3.781756e-04
1.499756e+01    -3.761801e-04
1.500977e+01    -3.739696e-04
1.502198e+01    -3.715612e-04
1.503420e+01    -3.689381e-04
1.504641e+01    -3.661090e-04
1.505862e+01    -3.630629e-04
1.507084e+01    -3.597998e-04
1.508305e+01    -3.563132e-04
1.509526e+01    -3.526100e-04
1.510747e+01    -3.486916e-04
1.511969e+01    -3.445297e-04
1.513190e+01    -3.401511e-04
1.514411e+01    -3.355415e-04
1.515633e+01    -3.307021e-04
1.516854e+01    -3.256355e-04
1.518075e+01    -3.203361e-04
1.519297e+01    -3.147981e-04
1.520518e+01    -3.090423e-04
1.521739e+01    -3.030442e-04
1.522960e+01    -2.968155e-04
1.524182e+01    -2.903565e-04
1.525403e+01    -2.836651e-04
1.526624e+01    -2.767433e-04
1.527846e+01    -2.695907e-04
1.529067e+01    -2.622129e-04
1.530288e+01    -2.546097e-04
1.531509e+01    -2.467828e-04
1.532731e+01    -2.387300e-04
1.533952e+01    -2.304582e-04
1.535173e+01    -2.219719e-04
1.536395e+01    -2.132698e-04
1.537616e+01    -2.043552e-04
1.538837e+01    -1.952328e-04
1.540059e+01    -1.859077e-04
1.541280e+01    -1.763751e-04
1.542501e+01    -1.666581e-04
1.543723e+01    -1.567404e-04
1.544944e+01    -1.466371e-04
1.546165e+01    -1.363512e-04
1.547386e+01    -1.258859e-04
1.548608e+01    -1.152467e-04
1.549829e+01    -1.044414e-04
1.551050e+01    -9.347815e-05
1.552272e+01    -8.235226e-05
1.553493e+01    -7.107254e-05
1.554714e+01    -5.966174e-05
1.555935e+01    -4.810564e-05
1.557157e+01    -3.642480e-05
1.558378e+01    -2.461426e-05
1.559599e+01    -1.268578e-05
1.560821e+01    -6.548935e-07
1.562042e+01    1.148297e-05
1.563263e+01    2.371354e-05
1.564485e+01    3.602999e-05
1.565706e+01    4.843067e-05
1.566927e+01    6.089536e-05
1.568149e+01    7.342520e-05
1.569370e+01    8.600644e-05
1.570591e+01    9.863879e-05
1.571812e+01    1.113407e-04
1.573034e+01    1.239953e-04
1.574255e+01    1.367181e-04
1.575476e+01    1.494460e-04
1.576698e+01    1.621765e-04
1.577919e+01    1.749002e-04
1.579140e+01    1.876092e-04
1.580362e+01    2.002957e-04
1.581583e+01    2.129466e-04
1.582804e+01    2.255545e-04
1.584025e+01    2.381078e-04
1.585247e+01    2.506142e-04
1.586468e+01    2.630457e-04
1.587689e+01    2.753972e-04
1.588911e+01    2.876489e-04
1.590132e+01    2.998370e-04
1.591353e+01    3.119052e-04
1.592575e+01    3.238598e-04
1.593796e+01    3.356949e-04
1.595017e+01    3.474004e-04
1.596238e+01    3.589661e-04
1.597460e+01    3.703886e-04
1.598681e+01    3.816532e-04
1.599902e+01    3.927489e-04
1.601124e+01    4.036787e-04
1.602345e+01    4.144337e-04
1.603566e+01    4.249952e-04
1.604787e+01    4.353597e-04
1.606009e+01    4.455303e-04
1.607230e+01    4.554869e-04
1.608451e+01    4.652255e-04
1.609673e+01    4.747436e-04
1.610894e+01    4.840468e-04
1.612115e+01    4.930840e-04
1.613337e+01    5.018897e-04
1.614558e+01    5.104520e-04
1.615779e+01    5.187542e-04
1.617001e+01    5.267999e-04
1.618222e+01    5.345757e-04
1.619443e+01    5.420942e-04
1.620664e+01    5.493182e-04
1.621886e+01    5.562692e-04
1.623107e+01    5.629370e-04
1.624328e+01    5.693156e-04
1.625550e+01    5.754030e-04
1.626771e+01    5.811988e-04
1.627992e+01    5.866881e-04
1.629214e+01    5.918813e-04
1.630435e+01    5.967650e-04
1.631656e+01    6.013387e-04
1.632877e+01    6.056080e-04
1.634099e+01    6.095506e-04
1.635320e+01    6.132069e-04
1.636541e+01    6.165346e-04
1.637763e+01    6.195481e-04
1.638984e+01    6.222482e-04
1.640205e+01    6.246267e-04
1.641426e+01    6.266877e-04
1.642648e+01    6.284352e-04
1.643869e+01    6.298663e-04
1.645090e+01    6.309734e-04
1.646312e+01    6.317703e-04
1.647533e+01    6.322500e-04
1.648754e+01    6.324194e-04
1.649976e+01    6.322817e-04
1.651197e+01    6.318218e-04
1.652418e+01    6.310608e-04
1.653639e+01    6.299923e-04
1.654861e+01    6.286257e-04
1.656082e+01    6.269524e-04
1.657303e+01    6.249910e-04
1.658525e+01    6.227347e-04
1.659746e+01    6.201857e-04
1.660967e+01    6.173508e-04
1.662189e+01    6.142376e-04
1.663410e+01    6.108407e-04
1.664631e+01    6.071823e-04
1.665853e+01    6.032481e-04
1.667074e+01    5.990503e-04
1.668295e+01    5.946037e-04
1.669516e+01    5.898961e-04
1.670738e+01    5.849478e-04
1.671959e+01    5.797513e-04
1.673180e+01    5.743221e-04
1.674402e+01    5.686611e-04
1.675623e+01    5.627773e-04
1.676844e+01    5.566761e-04
1.678065e+01    5.503573e-04
1.679287e+01    5.438405e-04
1.680508e+01    5.371252e-04
1.681729e+01    5.302050e-04
1.682951e+01    5.231027e-04
1.684172e+01    5.158263e-04
1.685393e+01    5.083703e-04
1.686615e+01    5.007522e-04
1.687836e+01    4.929731e-04
1.689057e+01    4.850553e-04
1.690278e+01    4.769683e-04
1.691500e+01    4.687559e-04
1.692721e+01    4.604064e-04
1.693942e+01    4.519362e-04
1.695164e+01    4.433439e-04
1.696385e+01    4.346417e-04
1.697606e+01    4.258477e-04
1.698828e+01    4.169412e-04
1.700049e+01    4.079563e-04
1.701270e+01    3.988810e-04
1.702491e+01    3.897302e-04
1.703713e+01    3.805118e-04
1.704934e+01    3.712348e-04
1.706155e+01    3.618987e-04
1.707377e+01    3.525162e-04
1.708598e+01    3.430851e-04
1.709819e+01    3.336214e-04
1.711040e+01    3.241149e-04
1.712262e+01    3.146113e-04
1.713483e+01    3.050735e-04
1.714705e+01    2.955267e-04
1.715926e+01    2.859794e-04
1.717147e+01    2.764236e-04
1.718368e+01    2.668742e-04
1.719590e+01    2.573270e-04
1.720811e+01    2.478086e-04
1.722032e+01    2.383121e-04
1.723254e+01    2.288295e-04
1.724475e+01    2.193833e-04
1.725696e+01    2.099761e-04
1.726917e+01    2.006049e-04
1.728139e+01    1.912798e-04
1.729360e+01    1.820054e-04
1.730581e+01    1.727937e-04
1.731803e+01    1.636145e-04
1.733024e+01    1.545070e-04
1.734245e+01    1.454626e-04
1.735467e+01    1.364897e-04
1.736688e+01    1.275865e-04
1.737909e+01    1.187546e-04
1.739130e+01    1.100021e-04
1.740352e+01    1.013277e-04
1.741573e+01    9.274625e-05
1.742794e+01    8.423437e-05
1.744016e+01    7.581471e-05
1.745237e+01    6.748895e-05
1.746458e+01    5.924839e-05
1.747680e+01    5.110002e-05
1.748901e+01    4.305651e-05
1.750122e+01    3.509652e-05
1.751343e+01    2.724215e-05
1.752565e+01    1.948340e-05
1.753786e+01    1.181770e-05
1.755007e+01    4.260588e-06
1.756229e+01    -3.199162e-06
1.757450e+01    -1.055840e-05
1.758671e+01    -1.781254e-05
1.759892e+01    -2.496922e-05
1.761114e+01    -3.201939e-05
1.762335e+01    -3.897290e-05
1.763556e+01    -4.582397e-05
1.764778e+01    -5.257195e-05
1.765999e+01    -5.921901e-05
1.767220e+01    -6.576510e-05
1.768442e+01    -7.220828e-05
1.769663e+01    -7.855237e-05
1.770884e+01    -8.479989e-05
1.772106e+01    -9.091134e-05
1.773327e+01    -9.700267e-05
1.774548e+01    -1.029564e-04
1.775769e+01    -1.088162e-04
1.776991e+01    -1.145802e-04
1.778212e+01    -1.202516e-04
1.779433e+01    -1.258247e-04
1.780655e+01    -1.313215e-04
1.781876e+01    -1.367134e-04
1.783097e+01    -1.420230e-04
1.784319e+01    -1.472426e-04
1.785540e+01    -1.523684e-04
1.786761e+01    -1.574272e-04
1.787982e+01    -1.623949e-04
1.789204e+01    -1.672817e-04
1.790425e+01    -1.720879e-04
1.791646e+01    -1.768174e-04
1.792868e+01    -1.814617e-04
1.794089e+01    -1.860422e-04
1.795310e+01    -1.905381e-04
1.796531e+01    -1.949645e-04
1.797753e+01    -1.993207e-04
1.798974e+01    -2.036005e-04
1.800196e+01    -2.078127e-04
1.801417e+01    -2.119695e-04
1.802638e+01    -2.160366e-04
1.803859e+01    -2.200652e-04
1.805081e+01    -2.240089e-04
1.806302e+01    -2.279012e-04
1.807523e+01    -2.317172e-04
1.808744e+01    -2.354805e-04
1.809966e+01    -2.391802e-04
1.811187e+01    -2.428295e-04
1.812408e+01    -2.463979e-04
1.813630e+01    -2.499244e-04
1.814851e+01    -2.533841e-04
1.816072e+01    -2.567839e-04
1.817294e+01    -2.601296e-04
1.818515e+01    -2.634200e-04
1.819736e+01    -2.666516e-04
1.820958e+01    -2.698219e-04
1.822179e+01    -2.729374e-04
1.823400e+01    -2.759898e-04
1.824621e+01    -2.789929e-04
1.825843e+01    -2.819309e-04
1.827064e+01    -2.848158e-04
1.828285e+01    -2.876397e-04
1.829507e+01    -2.904087e-04
1.830728e+01    -2.931139e-04
1.831949e+01    -2.957566e-04
1.833171e+01    -2.983339e-04
1.834392e+01    -3.008617e-04
1.835613e+01    -3.033237e-04
1.836834e+01    -3.057116e-04
1.838056e+01    -3.080504e-04
1.839277e+01    -3.103238e-04
1.840498e+01    -3.125136e-04
1.841720e+01    -3.146477e-04
1.842941e+01    -3.167005e-04
1.844162e+01    -3.187024e-04
1.845383e+01    -3.206176e-04
1.846605e+01    -3.224578e-04
1.847826e+01    -3.242260e-04
1.849047e+01    -3.259167e-04
1.850269e+01    -3.275233e-04
1.851490e+01    -3.290582e-04
1.852711e+01    -3.305026e-04
1.853933e+01    -3.318713e-04
1.855154e+01    -3.331364e-04
1.856375e+01    -3.343199e-04
1.857596e+01    -3.354194e-04
1.858818e+01    -3.364121e-04
1.860039e+01    -3.373224e-04
1.861260e+01    -3.381316e-04
1.862482e+01    -3.388328e-04
1.863703e+01    -3.394525e-04
1.864924e+01    -3.399567e-04
1.866146e+01    -3.403595e-04
1.867367e+01    -3.406480e-04
1.868588e+01    -3.408382e-04
1.869810e+01    -3.409121e-04
1.871031e+01    -3.408720e-04
1.872252e+01    -3.407229e-04
1.873473e+01    -3.404521e-04
1.874695e+01    -3.400607e-04
1.875916e+01    -3.395589e-04
1.877137e+01    -3.389282e-04
1.878359e+01    -3.381727e-04
1.879580e+01    -3.372963e-04
1.880801e+01    -3.362929e-04
1.882022e+01    -3.351644e-04
1.883244e+01    -3.338997e-04
1.884465e+01    -3.325094e-04
1.885686e+01    -3.309834e-04
1.886908e+01    -3.293280e-04
1.888129e+01    -3.275317e-04
1.889350e+01    -3.256021e-04
1.890572e+01    -3.235443e-04
1.891793e+01    -3.213428e-04
1.893014e+01    -3.190033e-04
1.894235e+01    -3.165251e-04
1.895457e+01    -3.139077e-04
1.896678e+01    -3.111493e-04
1.897899e+01    -3.082596e-04
1.899121e+01    -3.052205e-04
1.900342e+01    -3.020438e-04
1.901563e+01    -2.987287e-04
1.902785e+01    -2.952765e-04
1.904006e+01    -2.916809e-04
1.905227e+01    -2.879494e-04
1.906449e+01    -2.840769e-04
1.907670e+01    -2.800741e-04
1.908891e+01    -2.759264e-04
1.910112e+01    -2.716548e-04
1.911334e+01    -2.672495e-04
1.912555e+01    -2.626960e-04
1.913776e+01    -2.580235e-04
1.914997e+01    -2.532238e-04
1.916219e+01    -2.482859e-04
1.917440e+01    -2.432257e-04
1.918661e+01    -2.380442e-04
1.919883e+01    -2.327431e-04
1.921104e+01    -2.273247e-04
1.922325e+01    -2.217822e-04
1.923547e+01    -2.161259e-04
1.924768e+01    -2.103585e-04
1.925989e+01    -2.044867e-04
1.927211e+01    -1.985104e-04
1.928432e+01    -1.924105e-04
1.929653e+01    -1.862411e-04
1.930874e+01    -1.799615e-04
1.932096e+01    -1.735852e-04
1.933317e+01    -1.671241e-04
1.934538e+01    -1.605771e-04
1.935760e+01    -1.539435e-04
1.936981e+01    -1.472348e-04
1.938202e+01    -1.404508e-04
1.939424e+01    -1.335860e-04
1.940645e+01    -1.266718e-04
1.941866e+01    -1.196795e-04
1.943087e+01    -1.126451e-04
1.944309e+01    -1.055523e-04
1.945530e+01    -9.840207e-05
1.946751e+01    -9.121915e-05
1.947973e+01    -8.398536e-05
1.949194e+01    -7.672550e-05
1.950415e+01    -6.943091e-05
1.951637e+01    -6.211325e-05
1.952858e+01    -5.476974e-05
1.954079e+01    -4.741133e-05
1.955301e+01    -4.006201e-05
1.956522e+01    -3.266737e-05
1.957743e+01    -2.529583e-05
1.958964e+01    -1.791463e-05
1.960186e+01    -1.055465e-05
1.961407e+01    -3.208930e-06
1.962628e+01    4.123809e-06
1.963849e+01    1.143760e-05
1.965071e+01    1.872128e-05
1.966292e+01    2.596642e-05
1.967513e+01    3.317943e-05
1.968735e+01    4.034487e-05
1.969956e+01    4.746658e-05
1.971177e+01    5.454069e-05
1.972399e+01    6.154187e-05
1.973620e+01    6.850155e-05
1.974841e+01    7.538652e-05
1.976063e+01    8.220715e-05
1.977284e+01    8.894078e-05
1.978505e+01    9.560099e-05
1.979726e+01    1.021802e-04
1.980948e+01    1.086761e-04
1.982169e+01    1.150603e-04
1.983390e+01    1.213653e-04
1.984612e+01    1.275603e-04
1.985833e+01    1.336505e-04
1.987054e+01    1.396383e-04
1.988276e+01    1.455093e-04
1.989497e+01    1.512509e-04
1.990718e+01    1.569024e-04
1.991939e+01    1.624187e-04
1.993161e+01    1.678118e-04
1.994382e+01    1.730700e-04
1.995603e+01    1.781977e-04
1.996825e+01    1.831893e-04
1.998046e+01    1.880481e-04
1.999267e+01    1.927647e-04
2.000488e+01    1.973414e-04
2.001710e+01    2.017724e-04
2.002931e+01    2.060715e-04
2.004152e+01    2.102008e-04
2.005374e+01    2.141754e-04
2.006595e+01    2.180115e-04
2.007816e+01    2.216850e-04
2.009038e+01    2.252016e-04
2.010259e+01    2.285698e-04
2.011480e+01    2.317911e-04
2.012702e+01    2.348386e-04
2.013923e+01    2.377278e-04
2.015144e+01    2.404597e-04
2.016365e+01    2.430330e-04
2.017587e+01    2.454371e-04
2.018808e+01    2.476917e-04
2.020029e+01    2.497850e-04
2.021251e+01    2.517072e-04
2.022472e+01    2.534736e-04
2.023693e+01    2.550907e-04
2.024915e+01    2.565280e-04
2.026136e+01    2.578143e-04
2.027357e+01    2.589447e-04
2.028578e+01    2.599174e-04
2.029800e+01    2.607300e-04
2.031021e+01    2.613924e-04
2.032242e+01    2.618983e-04
2.033464e+01    2.622486e-04
2.034685e+01    2.624589e-04
2.035906e+01    2.625230e-04
2.037127e+01    2.624181e-04
2.038349e+01    2.621927e-04
2.039570e+01    2.618116e-04
2.040791e+01    2.612927e-04
2.042013e+01    2.606389e-04
2.043234e+01    2.598371e-04
2.044455e+01    2.589128e-04
2.045677e+01    2.578566e-04
2.046898e+01    2.566738e-04
2.048119e+01    2.553612e-04
2.049340e+01    2.539286e-04
2.050562e+01    2.523605e-04
2.051783e+01    2.507102e-04
2.053004e+01    2.489241e-04
2.054226e+01    2.470336e-04
2.055447e+01    2.450317e-04
2.056668e+01    2.429325e-04
2.057890e+01    2.407289e-04
2.059111e+01    2.384289e-04
2.060332e+01    2.360345e-04
2.061554e+01    2.335459e-04
2.062775e+01    2.309703e-04
2.063996e+01    2.283135e-04
2.065217e+01    2.255793e-04
2.066439e+01    2.227681e-04
2.067660e+01    2.199072e-04
2.068881e+01    2.169205e-04
2.070103e+01    2.139026e-04
2.071324e+01    2.108148e-04
2.072545e+01    2.076718e-04
2.073767e+01    2.044724e-04
2.074988e+01    2.012268e-04
2.076209e+01    1.979155e-04
2.077430e+01    1.945710e-04
2.078652e+01    1.911846e-04
2.079873e+01    1.877553e-04
2.081094e+01    1.842759e-04
2.082316e+01    1.807948e-04
2.083537e+01    1.772766e-04
2.084758e+01    1.737435e-04
2.085979e+01    1.701495e-04
2.087201e+01    1.665581e-04
2.088422e+01    1.629498e-04
2.089643e+01    1.593279e-04
2.090865e+01    1.556944e-04
2.092086e+01    1.520523e-04
2.093307e+01    1.484058e-04
2.094529e+01    1.447564e-04
2.095750e+01    1.411062e-04
2.096971e+01    1.374657e-04
2.098192e+01    1.338258e-04
2.099414e+01    1.301907e-04
2.100635e+01    1.265623e-04
2.101856e+01    1.229580e-04
2.103078e+01    1.193619e-04
2.104299e+01    1.157714e-04
2.105520e+01    1.122121e-04
2.106742e+01    1.086657e-04
2.107963e+01    1.051407e-04
2.109184e+01    1.016440e-04
2.110406e+01    9.816658e-05
2.111627e+01    9.470139e-05
2.112848e+01    9.129883e-05
2.114069e+01    8.790396e-05
2.115291e+01    8.454255e-05
2.116512e+01    8.121974e-05
2.117733e+01    7.791325e-05
2.118955e+01    7.464329e-05
2.120176e+01    7.140978e-05
2.121397e+01    6.821551e-05
2.122618e+01    6.505603e-05
2.123840e+01    6.193027e-05
2.125061e+01    5.883199e-05
2.126282e+01    5.578806e-05
2.127504e+01    5.277694e-05
2.128725e+01    4.981018e-05
2.129946e+01    4.685463e-05
2.131168e+01    4.395473e-05
2.132389e+01    4.108678e-05
2.133610e+01    3.826708e-05
2.134831e+01    3.548326e-05
2.136053e+01    3.273114e-05
2.137274e+01    3.002051e-05
2.138495e+01    2.734544e-05
2.139717e+01    2.470396e-05
2.140938e+01    2.211396e-05
2.142159e+01    1.953944e-05
2.143381e+01    1.701768e-05
2.144602e+01    1.452435e-05
2.145823e+01    1.206491e-05
2.147044e+01    9.642441e-06
2.148266e+01    7.249626e-06
2.149487e+01    4.890215e-06
2.150708e+01    2.566492e-06
2.151930e+01    2.686802e-07
2.153151e+01    -1.994427e-06
2.154372e+01    -4.225338e-06
2.155593e+01    -6.436218e-06
2.156815e+01    -8.610412e-06
2.158036e+01    -1.076251e-05
2.159258e+01    -1.288837e-05
2.160479e+01    -1.498564e-05
2.161700e+01    -1.705925e-05
2.162921e+01    -1.910992e-05
2.164143e+01    -2.113961e-05
2.165364e+01    -2.314241e-05
2.166585e+01    -2.512682e-05
2.167807e+01    -2.709020e-05
2.169028e+01    -2.903370e-05
2.170249e+01    -3.095699e-05
2.171470e+01    -3.286240e-05
2.172692e+01    -3.478269e-05
2.173913e+01    -3.662250e-05
2.175134e+01    -3.848458e-05
2.176356e+01    -4.031535e-05
2.177577e+01    -4.214575e-05
2.178798e+01    -4.395718e-05
2.180020e+01    -4.575373e-05
2.181241e+01    -4.753608e-05
2.182462e+01    -4.930921e-05
2.183683e+01    -5.107163e-05
2.184905e+01    -5.282074e-05
2.186126e+01    -5.453365e-05
2.187347e+01    -5.628073e-05
2.188569e+01    -5.799970e-05
2.189790e+01    -5.969296e-05
2.191011e+01    -6.139125e-05
2.192233e+01    -6.307632e-05
2.193454e+01    -6.474493e-05
2.194675e+01    -6.640713e-05
2.195897e+01    -6.805758e-05
2.197118e+01    -6.969797e-05
2.198339e+01    -7.133193e-05
2.199560e+01    -7.294687e-05
2.200782e+01    -7.455509e-05
2.202003e+01    -7.615099e-05
2.203224e+01    -7.774629e-05
2.204445e+01    -7.930798e-05
2.205667e+01    -8.086575e-05
2.206888e+01    -8.239368e-05
2.208109e+01    -8.394475e-05
2.209331e+01    -8.545852e-05
2.210552e+01    -8.696280e-05
2.211773e+01    -8.844372e-05
2.212995e+01    -8.991308e-05
2.214216e+01    -9.136886e-05
2.215437e+01    -9.279371e-05
2.216659e+01    -9.420358e-05
2.217880e+01    -9.559638e-05
2.219101e+01    -9.696516e-05
2.220322e+01    -9.831971e-05
2.221544e+01    -9.963573e-05
2.222765e+01    -1.009404e-04
2.223986e+01    -1.022090e-04
2.225208e+01    -1.034533e-04
2.226429e+01    -1.046771e-04
2.227650e+01    -1.058636e-04
2.228872e+01    -1.070234e-04
2.230093e+01    -1.081525e-04
2.231314e+01    -1.092451e-04
2.232535e+01    -1.103051e-04
2.233757e+01    -1.113228e-04
2.234978e+01    -1.123186e-04
2.236199e+01    -1.132686e-04
2.237421e+01    -1.141863e-04
2.238642e+01    -1.150471e-04
2.239863e+01    -1.158704e-04
2.241084e+01    -1.166621e-04
2.242306e+01    -1.173951e-04
2.243527e+01    -1.180923e-04
2.244748e+01    -1.187354e-04
2.245970e+01    -1.193329e-04
2.247191e+01    -1.198727e-04
2.248412e+01    -1.203796e-04
2.249634e+01    -1.208222e-04
2.250855e+01    -1.212145e-04
2.252076e+01    -1.215515e-04
2.253297e+01    -1.218258e-04
2.254519e+01    -1.220938e-04
2.255740e+01    -1.222175e-04
2.256961e+01    -1.223215e-04
2.258183e+01    -1.223697e-04
2.259404e+01    -1.223558e-04
2.260625e+01    -1.222762e-04
2.261847e+01    -1.221357e-04
2.263068e+01    -1.219391e-04
2.264289e+01    -1.216673e-04
2.265511e+01    -1.213395e-04
2.266732e+01    -1.209420e-04
2.267953e+01    -1.204782e-04
2.269174e+01    -1.199541e-04
2.270396e+01    -1.193530e-04
2.271617e+01    -1.186910e-04
2.272838e+01    -1.179612e-04
2.274060e+01    -1.171649e-04
2.275281e+01    -1.162977e-04
2.276502e+01    -1.153613e-04
2.277724e+01    -1.143569e-04
2.278945e+01    -1.132855e-04
2.280166e+01    -1.121455e-04
2.281387e+01    -1.109404e-04
2.282609e+01    -1.096645e-04
2.283830e+01    -1.083208e-04
2.285051e+01    -1.069098e-04
2.286273e+01    -1.054342e-04
2.287494e+01    -1.038924e-04
2.288715e+01    -1.022801e-04
2.289936e+01    -1.005999e-04
2.291158e+01    -9.886373e-05
2.292379e+01    -9.705877e-05
2.293600e+01    -9.518969e-05
2.294822e+01    -9.325508e-05
2.296043e+01    -9.127153e-05
2.297264e+01    -8.922044e-05
2.298486e+01    -8.710558e-05
2.299707e+01    -8.494398e-05
2.300928e+01    -8.271288e-05
2.302150e+01    -8.044063e-05
2.303371e+01    -7.809803e-05
2.304592e+01    -7.571091e-05
2.305813e+01    -7.327364e-05
2.307035e+01    -7.078279e-05
2.308256e+01    -6.824470e-05
2.309477e+01    -6.566543e-05
2.310699e+01    -6.304422e-05
2.311920e+01    -6.036815e-05
2.313141e+01    -5.766115e-05
2.314363e+01    -5.491328e-05
2.315584e+01    -5.211853e-05
2.316805e+01    -4.930503e-05
2.318026e+01    -4.645233e-05
2.319248e+01    -4.356916e-05
2.320469e+01    -4.065290e-05
2.321690e+01    -3.771286e-05
2.322912e+01    -3.474214e-05
2.324133e+01    -3.175053e-05
2.325354e+01    -2.874440e-05
2.326575e+01    -2.571731e-05
2.327797e+01    -2.266618e-05
2.329018e+01    -1.960754e-05
2.330239e+01    -1.653630e-05
2.331461e+01    -1.345412e-05
2.332682e+01    -1.036248e-05
2.333903e+01    -7.265393e-06
2.335125e+01    -4.171510e-06
2.336346e+01    -1.073407e-06
2.337567e+01    2.025394e-06
2.338788e+01    5.114707e-06
2.340010e+01    8.204166e-06
2.341231e+01    1.128312e-05
2.342452e+01    1.435814e-05
2.343674e+01    1.741012e-05
2.344895e+01    2.045283e-05
2.346116e+01    2.346991e-05
2.347338e+01    2.648495e-05
2.348559e+01    2.946981e-05
2.349780e+01    3.242813e-05
2.351002e+01    3.535848e-05
2.352223e+01    3.827328e-05
2.353444e+01    4.115162e-05
2.354665e+01    4.399667e-05
2.355887e+01    4.682495e-05
2.357108e+01    4.959438e-05
2.358329e+01    5.233020e-05
2.359550e+01    5.504172e-05
2.360772e+01    5.770917e-05
2.361993e+01    6.033431e-05
2.363214e+01    6.293037e-05
2.364436e+01    6.545321e-05
2.365657e+01    6.794702e-05
2.366878e+01    7.038936e-05
2.368100e+01    7.278644e-05
2.369321e+01    7.512665e-05
2.370542e+01    7.742480e-05
2.371764e+01    7.966885e-05
2.372985e+01    8.184838e-05
2.374206e+01    8.398897e-05
2.375427e+01    8.606710e-05
2.376649e+01    8.807260e-05
2.377870e+01    9.005875e-05
2.379091e+01    9.196128e-05
2.380313e+01    9.382187e-05
2.381534e+01    9.560288e-05
2.382755e+01    9.733309e-05
2.383977e+01    9.900873e-05
2.385198e+01    1.006226e-04
2.386419e+01    1.021706e-04
2.387640e+01    1.036581e-04
2.388862e+01    1.050851e-04
2.390083e+01    1.064530e-04
2.391304e+01    1.077524e-04
2.392526e+01    1.089960e-04
2.393747e+01    1.101785e-04
2.394968e+01    1.112975e-04
2.396189e+01    1.123572e-04
2.397411e+01    1.133564e-04
2.398632e+01    1.142980e-04
2.399854e+01    1.151702e-04
2.401075e+01    1.159908e-04
2.402296e+01    1.167502e-04
2.403517e+01    1.174397e-04
2.404739e+01    1.180949e-04
2.405960e+01    1.186847e-04
2.407181e+01    1.192287e-04
2.408403e+01    1.196836e-04
2.409624e+01    1.201057e-04
2.410845e+01    1.204695e-04
2.412066e+01    1.207803e-04
2.413288e+01    1.210428e-04
2.414509e+01    1.212486e-04
2.415730e+01    1.214079e-04
2.416952e+01    1.215346e-04
2.418173e+01    1.215817e-04
2.419394e+01    1.215959e-04
2.420616e+01    1.215610e-04
2.421837e+01    1.214871e-04
2.423058e+01    1.213632e-04
2.424279e+01    1.212512e-04
2.425501e+01    1.209950e-04
2.426722e+01    1.207498e-04
2.427943e+01    1.204656e-04
2.429165e+01    1.201565e-04
2.430386e+01    1.197903e-04
2.431607e+01    1.193956e-04
2.432829e+01    1.189649e-04
2.434050e+01    1.185128e-04
2.435271e+01    1.180311e-04
2.436492e+01    1.175007e-04
2.437714e+01    1.169470e-04
2.438935e+01    1.163721e-04
2.440156e+01    1.157771e-04
2.441378e+01    1.151488e-04
2.442599e+01    1.144963e-04
2.443820e+01    1.138288e-04
2.445041e+01    1.131383e-04
2.446263e+01    1.124194e-04
2.447484e+01    1.116876e-04
2.448705e+01    1.109407e-04
2.449927e+01    1.101770e-04
2.451148e+01    1.094104e-04
2.452369e+01    1.085975e-04
2.453591e+01    1.077892e-04
2.454812e+01    1.069699e-04
2.456033e+01    1.061387e-04
2.457255e+01    1.052878e-04
2.458476e+01    1.044356e-04
2.459697e+01    1.035721e-04
2.460918e+01    1.027001e-04
2.462140e+01    1.018280e-04
2.463361e+01    1.009484e-04
2.464582e+01    1.000307e-04
2.465804e+01    9.915229e-05
2.467025e+01    9.825368e-05
2.468246e+01    9.734232e-05
2.469468e+01    9.643274e-05
2.470689e+01    9.552059e-05
2.471910e+01    9.460180e-05
2.473131e+01    9.368145e-05
2.474353e+01    9.276200e-05
2.475574e+01    9.183984e-05
2.476795e+01    9.091258e-05
2.478017e+01    8.998999e-05
2.479238e+01    8.905763e-05
2.480459e+01    8.812854e-05
2.481680e+01    8.719326e-05
2.482902e+01    8.626202e-05
2.484123e+01    8.533277e-05
2.485344e+01    8.439682e-05
2.486566e+01    8.346503e-05
2.487787e+01    8.252145e-05
2.489008e+01    8.158750e-05
2.490230e+01    8.063501e-05
2.491451e+01    7.969406e-05
2.492672e+01    7.874997e-05
2.493893e+01    7.779933e-05
2.495115e+01    7.684575e-05
2.496336e+01    7.588643e-05
2.497557e+01    7.492377e-05
2.498779e+01    7.395826e-05
2.500000e+01    7.298123e-05
