0.000000e+00    -3.089968e+01
1.221299e-02    -3.087284e+01
2.442599e-02    -3.079243e+01
3.663898e-02    -3.065876e+01
4.885198e-02    -3.047235e+01
6.106497e-02    -3.023393e+01
7.327797e-02    -2.994443e+01
8.549096e-02    -2.960497e+01
9.770396e-02    -2.921685e+01
1.099169e-01    -2.878158e+01
1.221299e-01    -2.830083e+01
1.343429e-01    -2.777640e+01
1.465559e-01    -2.721030e+01
1.587689e-01    -2.660465e+01
1.709819e-01    -2.596170e+01
1.831949e-01    -2.528383e+01
1.954079e-01    -2.457352e+01
2.076209e-01    -2.383335e+01
2.198339e-01    -2.306598e+01
2.320469e-01    -2.227412e+01
2.442599e-01    -2.146055e+01
2.564729e-01    -2.062807e+01
2.686859e-01    -1.977952e+01
2.808989e-01    -1.891774e+01
2.931119e-01    -1.804558e+01
3.053249e-01    -1.716585e+01
3.175378e-01    -1.628136e+01
3.297509e-01    -1.539483e+01
3.419639e-01    -1.450899e+01
3.541768e-01    -1.362644e+01
3.663898e-01    -1.274976e+01
3.786028e-01    -1.188139e+01
3.908158e-01    -1.102371e+01
4.030288e-01    -1.017898e+01
4.152418e-01    -9.349348e+00
4.274548e-01    -8.536849e+00
4.396678e-01    -7.743387e+00
4.518808e-01    -6.970732e+00
4.640938e-01    -6.220519e+00
4.763068e-01    -5.494250e+00
4.885198e-01    -4.793277e+00
5.007328e-01    -4.118814e+00
5.129458e-01    -3.471925e+00
5.251588e-01    -2.853534e+00
5.373718e-01    -2.264417e+00
5.495847e-01    -1.705209e+00
5.617977e-01    -1.176403e+00
5.740107e-01    -6.783538e-01
5.862237e-01    -2.112827e-01
5.984367e-01    2.247210e-01
6.106497e-01    6.296940e-01
6.228627e-01    1.003794e+00
6.350757e-01    1.347295e+00
6.472887e-01    1.660580e+00
6.595017e-01    1.944139e+00
6.717147e-01    2.198552e+00
6.839277e-01    2.424497e+00
6.961407e-01    2.622731e+00
7.083537e-01    2.794091e+00
7.205667e-01    2.939479e+00
7.327797e-01    3.059864e+00
7.449927e-01    3.156265e+00
7.572057e-01    3.229751e+00
7.694187e-01    3.281433e+00
7.816316e-01    3.312453e+00
7.938446e-01    3.323980e+00
8.060576e-01    3.317204e+00
8.182706e-01    3.293328e+00
8.304836e-01    3.253562e+00
8.426966e-01    3.199117e+00
8.549096e-01    3.131202e+00
8.671226e-01    3.051012e+00
8.793356e-01    2.959730e+00
8.915486e-01    2.858519e+00
9.037616e-01    2.748517e+00
9.159746e-01    2.630835e+00
9.281876e-01    2.506551e+00
9.404006e-01    2.376709e+00
9.526136e-01    2.242314e+00
9.648266e-01    2.104329e+00
9.770396e-01    1.963675e+00
9.892526e-01    1.821228e+00
1.001466e+00    1.677818e+00
1.013679e+00    1.534222e+00
1.025892e+00    1.391174e+00
1.038105e+00    1.249355e+00
1.050318e+00    1.109396e+00
1.062531e+00    9.718772e-01
1.074744e+00    8.373295e-01
1.086957e+00    7.062339e-01
1.099169e+00    5.790212e-01
1.111382e+00    4.560746e-01
1.123595e+00    3.377300e-01
1.135808e+00    2.242766e-01
1.148021e+00    1.159595e-01
1.160234e+00    1.298002e-02
1.172447e+00    -8.450145e-02
1.184660e+00    -1.763647e-01
1.196873e+00    -2.625270e-01
1.209086e+00    -3.429418e-01
1.221299e+00    -4.175960e-01
1.233512e+00    -4.865085e-01
1.245725e+00    -5.497274e-01
1.257938e+00    -6.073287e-01
1.270151e+00    -6.594133e-01
1.282364e+00    -7.061048e-01
1.294577e+00    -7.475483e-01
1.306790e+00    -7.839078e-01
1.319003e+00    -8.153625e-01
1.331216e+00    -8.421076e-01
1.343429e+00    -8.643501e-01
1.355642e+00    -8.823081e-01
1.367855e+00    -8.962076e-01
1.380068e+00    -9.062822e-01
1.392281e+00    -9.127700e-01
1.404494e+00    -9.159129e-01
1.416707e+00    -9.159543e-01
1.428920e+00    -9.131383e-01
1.441133e+00    -9.077078e-01
1.453346e+00    -8.999034e-01
1.465559e+00    -8.899620e-01
1.477772e+00    -8.781159e-01
1.489985e+00    -8.645922e-01
1.502198e+00    -8.496106e-01
1.514411e+00    -8.333838e-01
1.526624e+00    -8.161166e-01
1.538837e+00    -7.980047e-01
1.551050e+00    -7.792345e-01
1.563263e+00    -7.599829e-01
1.575476e+00    -7.404162e-01
1.587689e+00    -7.206907e-01
1.599902e+00    -7.009518e-01
1.612115e+00    -6.813341e-01
1.624328e+00    -6.619616e-01
1.636541e+00    -6.429471e-01
1.648754e+00    -6.243927e-01
1.660967e+00    -6.063900e-01
1.673180e+00    -5.890200e-01
1.685393e+00    -5.723533e-01
1.697606e+00    -5.564505e-01
1.709819e+00    -5.413625e-01
1.722032e+00    -5.271308e-01
1.734245e+00    -5.137881e-01
1.746458e+00    -5.013583e-01
1.758671e+00    -4.898569e-01
1.770884e+00    -4.792923e-01
1.783097e+00    -4.696653e-01
1.795310e+00    -4.609697e-01
1.807523e+00    -4.531935e-01
1.819736e+00    -4.463187e-01
1.831949e+00    -4.403216e-01
1.844162e+00    -4.351745e-01
1.856375e+00    -4.308448e-01
1.868588e+00    -4.272961e-01
1.880801e+00    -4.244891e-01
1.893014e+00    -4.223811e-01
1.905227e+00    -4.209273e-01
1.917440e+00    -4.200808e-01
1.929653e+00    -4.197933e-01
1.941866e+00    -4.200152e-01
1.954079e+00    -4.206961e-01
1.966292e+00    -4.217855e-01
1.978505e+00    -4.232326e-01
1.990718e+00    -4.249870e-01
2.002931e+00    -4.269989e-01
2.015144e+00    -4.292195e-01
2.027357e+00    -4.316008e-01
2.039570e+00    -4.340965e-01
2.051783e+00    -4.366618e-01
2.063996e+00    -4.392538e-01
2.076209e+00    -4.418315e-01
2.088422e+00    -4.443557e-01
2.100635e+00    -4.467898e-01
2.112848e+00    -4.490994e-01
2.125061e+00    -4.512526e-01
2.137274e+00    -4.532200e-01
2.149487e+00    -4.549746e-01
2.161700e+00    -4.564919e-01
2.173913e+00    -4.577503e-01
2.186126e+00    -4.587303e-01
2.198339e+00    -4.594153e-01
2.210552e+00    -4.597912e-01
2.222765e+00    -4.598461e-01
2.234978e+00    -4.595708e-01
2.247191e+00    -4.589583e-01
2.259404e+00    -4.580038e-01
2.271617e+00    -4.567045e-01
2.283830e+00    -4.550603e-01
2.296043e+00    -4.530725e-01
2.308256e+00    -4.507443e-01
2.320469e+00    -4.480807e-01
2.332682e+00    -4.450887e-01
2.344895e+00    -4.417763e-01
2.357108e+00    -4.381531e-01
2.369321e+00    -4.342297e-01
2.381534e+00    -4.300184e-01
2.393747e+00    -4.255322e-01
2.405960e+00    -4.207846e-01
2.418173e+00    -4.157907e-01
2.430386e+00    -4.105655e-01
2.442599e+00    -4.051250e-01
2.454812e+00    -3.994853e-01
2.467025e+00    -3.936632e-01
2.479238e+00    -3.876753e-01
2.491451e+00    -3.815385e-01
2.503664e+00    -3.752698e-01
2.515877e+00    -3.688860e-01
2.528090e+00    -3.624038e-01
2.540303e+00    -3.558396e-01
2.552516e+00    -3.492095e-01
2.564729e+00    -3.425294e-01
2.576942e+00    -3.358145e-01
2.589155e+00    -3.290796e-01
2.601368e+00    -3.223390e-01
2.613581e+00    -3.156064e-01
2.625794e+00    -3.088949e-01
2.638007e+00    -3.022168e-01
2.650220e+00    -2.955839e-01
2.662433e+00    -2.890072e-01
2.674646e+00    -2.824969e-01
2.686859e+00    -2.760625e-01
2.699072e+00    -2.697129e-01
2.711285e+00    -2.634559e-01
2.723498e+00    -2.572990e-01
2.735711e+00    -2.512487e-01
2.747924e+00    -2.453109e-01
2.760137e+00    -2.394905e-01
2.772350e+00    -2.337920e-01
2.784563e+00    -2.282191e-01
2.796776e+00    -2.227748e-01
2.808989e+00    -2.174615e-01
2.821202e+00    -2.122809e-01
2.833415e+00    -2.072343e-01
2.845628e+00    -2.023224e-01
2.857841e+00    -1.975451e-01
2.870054e+00    -1.929020e-01
2.882267e+00    -1.883924e-01
2.894480e+00    -1.840150e-01
2.906693e+00    -1.797679e-01
2.918906e+00    -1.756492e-01
2.931119e+00    -1.716565e-01
2.943332e+00    -1.677871e-01
2.955545e+00    -1.640380e-01
2.967758e+00    -1.604061e-01
2.979971e+00    -1.568878e-01
2.992184e+00    -1.534798e-01
3.004397e+00    -1.501782e-01
3.016610e+00    -1.469792e-01
3.028823e+00    -1.438789e-01
3.041036e+00    -1.408735e-01
3.053249e+00    -1.379587e-01
3.065462e+00    -1.351308e-01
3.077675e+00    -1.323855e-01
3.089888e+00    -1.297190e-01
3.102101e+00    -1.271274e-01
3.114314e+00    -1.246068e-01
3.126527e+00    -1.221534e-01
3.138740e+00    -1.197636e-01
3.150953e+00    -1.174338e-01
3.163166e+00    -1.151607e-01
3.175379e+00    -1.129407e-01
3.187592e+00    -1.107709e-01
3.199805e+00    -1.086482e-01
3.212018e+00    -1.065699e-01
3.224231e+00    -1.045330e-01
3.236444e+00    -1.025351e-01
3.248657e+00    -1.005740e-01
3.260870e+00    -9.864719e-02
3.273082e+00    -9.675286e-02
3.285295e+00    -9.488899e-02
3.297508e+00    -9.305390e-02
3.309721e+00    -9.124598e-02
3.321934e+00    -8.946390e-02
3.334147e+00    -8.770636e-02
3.346360e+00    -8.597220e-02
3.358573e+00    -8.426047e-02
3.370786e+00    -8.257030e-02
3.382999e+00    -8.090099e-02
3.395212e+00    -7.925189e-02
3.407425e+00    -7.762255e-02
3.419638e+00    -7.601251e-02
3.431851e+00    -7.442156e-02
3.444064e+00    -7.284942e-02
3.456277e+00    -7.129598e-02
3.468490e+00    -6.976119e-02
3.480703e+00    -6.824505e-02
3.492916e+00    -6.674764e-02
3.505129e+00    -6.526911e-02
3.517342e+00    -6.380954e-02
3.529555e+00    -6.236921e-02
3.541768e+00    -6.094830e-02
3.553981e+00    -5.954707e-02
3.566194e+00    -5.816576e-02
3.578407e+00    -5.680471e-02
3.590620e+00    -5.546413e-02
3.602833e+00    -5.414434e-02
3.615046e+00    -5.284558e-02
3.627259e+00    -5.156815e-02
3.639472e+00    -5.031227e-02
3.651685e+00    -4.907819e-02
3.663898e+00    -4.786609e-02
3.676111e+00    -4.667620e-02
3.688324e+00    -4.550867e-02
3.700537e+00    -4.436334e-02
3.712750e+00    -4.324108e-02
3.724963e+00    -4.214120e-02
3.737176e+00    -4.106402e-02
3.749389e+00    -4.000949e-02
3.761602e+00    -3.897762e-02
3.773815e+00    -3.796832e-02
3.786028e+00    -3.698147e-02
3.798241e+00    -3.601696e-02
3.810454e+00    -3.507463e-02
3.822667e+00    -3.415426e-02
3.834880e+00    -3.325564e-02
3.847093e+00    -3.237850e-02
3.859306e+00    -3.152255e-02
3.871519e+00    -3.068747e-02
3.883732e+00    -2.987295e-02
3.895945e+00    -2.907864e-02
3.908158e+00    -2.830410e-02
3.920371e+00    -2.754898e-02
3.932584e+00    -2.681288e-02
3.944797e+00    -2.609536e-02
3.957010e+00    -2.539595e-02
3.969223e+00    -2.471425e-02
3.981436e+00    -2.404976e-02
3.993649e+00    -2.340206e-02
4.005862e+00    -2.277065e-02
4.018075e+00    -2.215508e-02
4.030288e+00    -2.155489e-02
4.042501e+00    -2.096961e-02
4.054714e+00    -2.039877e-02
4.066927e+00    -1.984194e-02
4.079140e+00    -1.929866e-02
4.091353e+00    -1.876850e-02
4.103566e+00    -1.825104e-02
4.115779e+00    -1.774589e-02
4.127992e+00    -1.725259e-02
4.140205e+00    -1.677088e-02
4.152418e+00    -1.630021e-02
4.164631e+00    -1.584039e-02
4.176844e+00    -1.539103e-02
4.189057e+00    -1.495183e-02
4.201270e+00    -1.452264e-02
4.213483e+00    -1.410274e-02
4.225696e+00    -1.369233e-02
4.237909e+00    -1.329102e-02
4.250122e+00    -1.289860e-02
4.262335e+00    -1.251484e-02
4.274548e+00    -1.213963e-02
4.286761e+00    -1.177278e-02
4.298974e+00    -1.141414e-02
4.311187e+00    -1.106359e-02
4.323400e+00    -1.072106e-02
4.335613e+00    -1.038642e-02
4.347826e+00    -1.005965e-02
4.360039e+00    -9.740649e-03
4.372252e+00    -9.429402e-03
4.384465e+00    -9.125875e-03
4.396678e+00    -8.830096e-03
4.408891e+00    -8.541967e-03
4.421104e+00    -8.261581e-03
4.433317e+00    -7.988907e-03
4.445530e+00    -7.724036e-03
4.457743e+00    -7.466924e-03
4.469956e+00    -7.217668e-03
4.482169e+00    -6.976297e-03
4.494382e+00    -6.742845e-03
4.506595e+00    -6.517371e-03
4.518808e+00    -6.299993e-03
4.531021e+00    -6.090683e-03
4.543234e+00    -5.889583e-03
4.555447e+00    -5.696665e-03
4.567660e+00    -5.512057e-03
4.579873e+00    -5.335755e-03
4.592086e+00    -5.167925e-03
4.604299e+00    -5.008515e-03
4.616512e+00    -4.857603e-03
4.628725e+00    -4.715243e-03
4.640938e+00    -4.581464e-03
4.653151e+00    -4.456288e-03
4.665364e+00    -4.339759e-03
4.677577e+00    -4.231865e-03
4.689790e+00    -4.132641e-03
4.702003e+00    -4.042143e-03
4.714216e+00    -3.960167e-03
4.726429e+00    -3.886893e-03
4.738642e+00    -3.822227e-03
4.750855e+00    -3.766135e-03
4.763068e+00    -3.718528e-03
4.775281e+00    -3.679412e-03
4.787494e+00    -3.648653e-03
4.799707e+00    -3.626170e-03
4.811920e+00    -3.612062e-03
4.824133e+00    -3.606018e-03
4.836346e+00    -3.607961e-03
4.848559e+00    -3.617833e-03
4.860772e+00    -3.635463e-03
4.872985e+00    -3.660734e-03
4.885198e+00    -3.693501e-03
4.897411e+00    -3.733670e-03
4.909624e+00    -3.780868e-03
4.921837e+00    -3.835123e-03
4.934050e+00    -3.896270e-03
4.946263e+00    -3.963947e-03
4.958476e+00    -4.038136e-03
4.970689e+00    -4.118533e-03
4.982902e+00    -4.204990e-03
4.995115e+00    -4.297260e-03
5.007328e+00    -4.395127e-03
5.019541e+00    -4.498405e-03
5.031754e+00    -4.606802e-03
5.043967e+00    -4.720121e-03
5.056180e+00    -4.838149e-03
5.068393e+00    -4.960623e-03
5.080606e+00    -5.087269e-03
5.092819e+00    -5.217926e-03
5.105031e+00    -5.352266e-03
5.117245e+00    -5.490086e-03
5.129457e+00    -5.631103e-03
5.141671e+00    -5.775115e-03
5.153883e+00    -5.921816e-03
5.166097e+00    -6.070931e-03
5.178309e+00    -6.222361e-03
5.190523e+00    -6.375724e-03
5.202735e+00    -6.530790e-03
5.214949e+00    -6.687314e-03
5.227162e+00    -6.845056e-03
5.239375e+00    -7.003784e-03
5.251588e+00    -7.163228e-03
5.263801e+00    -7.323192e-03
5.276014e+00    -7.483403e-03
5.288227e+00    -7.643667e-03
5.300440e+00    -7.803719e-03
5.312653e+00    -7.963347e-03
5.324866e+00    -8.122396e-03
5.337079e+00    -8.280570e-03
5.349292e+00    -8.437662e-03
5.361505e+00    -8.593572e-03
5.373718e+00    -8.747988e-03
5.385931e+00    -8.900734e-03
5.398144e+00    -9.051814e-03
5.410357e+00    -9.200644e-03
5.422570e+00    -9.347372e-03
5.434783e+00    -9.491762e-03
5.446996e+00    -9.633629e-03
5.459208e+00    -9.772841e-03
5.471422e+00    -9.909173e-03
5.483634e+00    -1.004255e-02
5.495848e+00    -1.017281e-02
5.508060e+00    -1.029985e-02
5.520274e+00    -1.042344e-02
5.532486e+00    -1.054360e-02
5.544700e+00    -1.066013e-02
5.556912e+00    -1.077294e-02
5.569126e+00    -1.088192e-02
5.581338e+00    -1.098695e-02
5.593552e+00    -1.108798e-02
5.605764e+00    -1.118494e-02
5.617978e+00    -1.127772e-02
5.630190e+00    -1.136622e-02
5.642404e+00    -1.145041e-02
5.654616e+00    -1.153024e-02
5.666830e+00    -1.160561e-02
5.679042e+00    -1.167658e-02
5.691256e+00    -1.174300e-02
5.703468e+00    -1.180481e-02
5.715682e+00    -1.186219e-02
5.727894e+00    -1.191489e-02
5.740108e+00    -1.196299e-02
5.752320e+00    -1.200646e-02
5.764534e+00    -1.204530e-02
5.776746e+00    -1.207952e-02
5.788960e+00    -1.210910e-02
5.801172e+00    -1.213411e-02
5.813385e+00    -1.215440e-02
5.825598e+00    -1.217019e-02
5.837811e+00    -1.218142e-02
5.850024e+00    -1.218810e-02
5.862237e+00    -1.219032e-02
5.874450e+00    -1.218806e-02
5.886663e+00    -1.218138e-02
5.898876e+00    -1.217039e-02
5.911089e+00    -1.215496e-02
5.923302e+00    -1.213532e-02
5.935515e+00    -1.211148e-02
5.947728e+00    -1.208345e-02
5.959941e+00    -1.205139e-02
5.972154e+00    -1.201523e-02
5.984367e+00    -1.197520e-02
5.996580e+00    -1.193122e-02
6.008793e+00    -1.188349e-02
6.021006e+00    -1.183202e-02
6.033219e+00    -1.177688e-02
6.045432e+00    -1.171821e-02
6.057645e+00    -1.165610e-02
6.069858e+00    -1.159057e-02
6.082071e+00    -1.152175e-02
6.094284e+00    -1.144970e-02
6.106497e+00    -1.137463e-02
6.118710e+00    -1.129655e-02
6.130923e+00    -1.121552e-02
6.143136e+00    -1.113171e-02
6.155349e+00    -1.104518e-02
6.167562e+00    -1.095606e-02
6.179775e+00    -1.086444e-02
6.191988e+00    -1.077043e-02
6.204201e+00    -1.067412e-02
6.216414e+00    -1.057564e-02
6.228627e+00    -1.047505e-02
6.240840e+00    -1.037249e-02
6.253053e+00    -1.026806e-02
6.265266e+00    -1.016185e-02
6.277479e+00    -1.005397e-02
6.289692e+00    -9.944524e-03
6.301905e+00    -9.833599e-03
6.314118e+00    -9.721335e-03
6.326331e+00    -9.607772e-03
6.338544e+00    -9.493049e-03
6.350757e+00    -9.377244e-03
6.362970e+00    -9.260519e-03
6.375183e+00    -9.142878e-03
6.387396e+00    -9.024457e-03
6.399609e+00    -8.905293e-03
6.411822e+00    -8.785632e-03
6.424035e+00    -8.665416e-03
6.436248e+00    -8.544764e-03
6.448461e+00    -8.423802e-03
6.460674e+00    -8.302517e-03
6.472887e+00    -8.181187e-03
6.485100e+00    -8.059730e-03
6.497313e+00    -7.938227e-03
6.509526e+00    -7.816810e-03
6.521739e+00    -7.695547e-03
6.533952e+00    -7.574473e-03
6.546165e+00    -7.453704e-03
6.558378e+00    -7.333280e-03
6.570591e+00    -7.213275e-03
6.582804e+00    -7.093729e-03
6.595017e+00    -6.974715e-03
6.607230e+00    -6.856280e-03
6.619443e+00    -6.738497e-03
6.631656e+00    -6.621453e-03
6.643869e+00    -6.505048e-03
6.656082e+00    -6.389435e-03
6.668295e+00    -6.274697e-03
6.680508e+00    -6.160812e-03
6.692721e+00    -6.047795e-03
6.704934e+00    -5.935957e-03
6.717147e+00    -5.824598e-03
6.729360e+00    -5.714449e-03
6.741573e+00    -5.605315e-03
6.753786e+00    -5.497215e-03
6.765999e+00    -5.390177e-03
6.778212e+00    -5.284199e-03
6.790425e+00    -5.179330e-03
6.802638e+00    -5.075496e-03
6.814851e+00    -4.972822e-03
6.827064e+00    -4.871253e-03
6.839277e+00    -4.770794e-03
6.851490e+00    -4.671468e-03
6.863703e+00    -4.573249e-03
6.875916e+00    -4.476216e-03
6.888129e+00    -4.380255e-03
6.900342e+00    -4.285416e-03
6.912555e+00    -4.191716e-03
6.924768e+00    -4.099095e-03
6.936981e+00    -4.007612e-03
6.949194e+00    -3.917193e-03
6.961407e+00    -3.827843e-03
6.973620e+00    -3.739530e-03
6.985833e+00    -3.652281e-03
6.998046e+00    -3.566030e-03
7.010259e+00    -3.480772e-03
7.022472e+00    -3.396520e-03
7.034685e+00    -3.313205e-03
7.046898e+00    -3.230815e-03
7.059111e+00    -3.149352e-03
7.071324e+00    -3.068744e-03
7.083537e+00    -2.989024e-03
7.095750e+00    -2.910406e-03
7.107963e+00    -2.831975e-03
7.120176e+00    -2.754629e-03
7.132389e+00    -2.678033e-03
7.144602e+00    -2.602157e-03
7.156815e+00    -2.526932e-03
7.169028e+00    -2.452397e-03
7.181241e+00    -2.378464e-03
7.193454e+00    -2.305135e-03
7.205667e+00    -2.232380e-03
7.217880e+00    -2.160174e-03
7.230093e+00    -2.088490e-03
7.242306e+00    -2.017298e-03
7.254519e+00    -1.946533e-03
7.266732e+00    -1.876235e-03
7.278944e+00    -1.806339e-03
7.291158e+00    -1.736810e-03
7.303371e+00    -1.667646e-03
7.315584e+00    -1.598799e-03
7.327797e+00    -1.530283e-03
7.340010e+00    -1.462066e-03
7.352223e+00    -1.394077e-03
7.364436e+00    -1.326346e-03
7.376649e+00    -1.258826e-03
7.388862e+00    -1.191512e-03
7.401075e+00    -1.124381e-03
7.413288e+00    -1.057403e-03
7.425501e+00    -9.905840e-04
7.437714e+00    -9.238861e-04
7.449927e+00    -8.573034e-04
7.462140e+00    -7.908391e-04
7.474353e+00    -7.244502e-04
7.486566e+00    -6.581433e-04
7.498779e+00    -5.918843e-04
7.510992e+00    -5.257427e-04
7.523205e+00    -4.596191e-04
7.535418e+00    -3.935557e-04
7.547631e+00    -3.275311e-04
7.559844e+00    -2.615611e-04
7.572057e+00    -1.956225e-04
7.584270e+00    -1.297350e-04
7.596483e+00    -6.391686e-05
7.608696e+00    1.910143e-06
7.620909e+00    6.763646e-05
7.633121e+00    1.332894e-04
7.645335e+00    1.989105e-04
7.657547e+00    2.644518e-04
7.669761e+00    3.298787e-04
7.681973e+00    3.952216e-04
7.694187e+00    4.604418e-04
7.706399e+00    5.254818e-04
7.718613e+00    5.905119e-04
7.730825e+00    6.553036e-04
7.743039e+00    7.199578e-04
7.755251e+00    7.843976e-04
7.767465e+00    8.486316e-04
7.779677e+00    9.126646e-04
7.791891e+00    9.764569e-04
7.804103e+00    1.039914e-03
7.816317e+00    1.103141e-03
7.828529e+00    1.166037e-03
7.840743e+00    1.228610e-03
7.852955e+00    1.290812e-03
7.865169e+00    1.352606e-03
7.877381e+00    1.414048e-03
7.889595e+00    1.475023e-03
7.901807e+00    1.535585e-03
7.914021e+00    1.595580e-03
7.926233e+00    1.655074e-03
7.938447e+00    1.714034e-03
7.950659e+00    1.772401e-03
7.962873e+00    1.830178e-03
7.975085e+00    1.887318e-03
7.987298e+00    1.943769e-03
7.999511e+00    1.999528e-03
8.011724e+00    2.054549e-03
8.023937e+00    2.108815e-03
8.036150e+00    2.162293e-03
8.048364e+00    2.214958e-03
8.060576e+00    2.266751e-03
8.072789e+00    2.317664e-03
8.085002e+00    2.367676e-03
8.097216e+00    2.416760e-03
8.109428e+00    2.464820e-03
8.121641e+00    2.511914e-03
8.133854e+00    2.557977e-03
8.146068e+00    2.602990e-03
8.158280e+00    2.646907e-03
8.170493e+00    2.689715e-03
8.182706e+00    2.731384e-03
8.194920e+00    2.771914e-03
8.207132e+00    2.811244e-03
8.219345e+00    2.849363e-03
8.231558e+00    2.886274e-03
8.243772e+00    2.921913e-03
8.255984e+00    2.956280e-03
8.268197e+00    2.989344e-03
8.280410e+00    3.021058e-03
8.292624e+00    3.051516e-03
8.304836e+00    3.080559e-03
8.317049e+00    3.108237e-03
8.329262e+00    3.134537e-03
8.341475e+00    3.159425e-03
8.353688e+00    3.182894e-03
8.365901e+00    3.204925e-03
8.378115e+00    3.225502e-03
8.390327e+00    3.244632e-03
8.402540e+00    3.262420e-03
8.414753e+00    3.278448e-03
8.426967e+00    3.293151e-03
8.439179e+00    3.306330e-03
8.451392e+00    3.318024e-03
8.463605e+00    3.328206e-03
8.475819e+00    3.336902e-03
8.488031e+00    3.344076e-03
8.500244e+00    3.349770e-03
8.512457e+00    3.353913e-03
8.524671e+00    3.356570e-03
8.536883e+00    3.357730e-03
8.549096e+00    3.357396e-03
8.561309e+00    3.355576e-03
8.573523e+00    3.352264e-03
8.585735e+00    3.347485e-03
8.597948e+00    3.341288e-03
8.610161e+00    3.333539e-03
8.622375e+00    3.324405e-03
8.634587e+00    3.313805e-03
8.646800e+00    3.301840e-03
8.659013e+00    3.288450e-03
8.671227e+00    3.273682e-03
8.683439e+00    3.257525e-03
8.695652e+00    3.240029e-03
8.707865e+00    3.221147e-03
8.720078e+00    3.201077e-03
8.732291e+00    3.179629e-03
8.744504e+00    3.156906e-03
8.756717e+00    3.132954e-03
8.768930e+00    3.107766e-03
8.781143e+00    3.081362e-03
8.793356e+00    3.053818e-03
8.805569e+00    3.025057e-03
8.817782e+00    2.995201e-03
8.829995e+00    2.964235e-03
8.842208e+00    2.932222e-03
8.854421e+00    2.899152e-03
8.866634e+00    2.865043e-03
8.878847e+00    2.829974e-03
8.891060e+00    2.793966e-03
8.903273e+00    2.757118e-03
8.915486e+00    2.719195e-03
8.927699e+00    2.680507e-03
8.939912e+00    2.640986e-03
8.952125e+00    2.600679e-03
8.964338e+00    2.559618e-03
8.976551e+00    2.517830e-03
8.988764e+00    2.475345e-03
9.000977e+00    2.432205e-03
9.013190e+00    2.388429e-03
9.025403e+00    2.344076e-03
9.037616e+00    2.299173e-03
9.049829e+00    2.253752e-03
9.062042e+00    2.207788e-03
9.074255e+00    2.161401e-03
9.086468e+00    2.114589e-03
9.098680e+00    2.067436e-03
9.110894e+00    2.019820e-03
9.123107e+00    1.971938e-03
9.135320e+00    1.923752e-03
9.147532e+00    1.875303e-03
9.159746e+00    1.826639e-03
9.171959e+00    1.777787e-03
9.184172e+00    1.728739e-03
9.196384e+00    1.679586e-03
9.208598e+00    1.630305e-03
9.220811e+00    1.580948e-03
9.233024e+00    1.531594e-03
9.245236e+00    1.482204e-03
9.257450e+00    1.432841e-03
9.269663e+00    1.383511e-03
9.281876e+00    1.334281e-03
9.294088e+00    1.285136e-03
9.306302e+00    1.236143e-03
9.318515e+00    1.187310e-03
9.330728e+00    1.138689e-03
9.342940e+00    1.090220e-03
9.355154e+00    1.042027e-03
9.367367e+00    9.941182e-04
9.379580e+00    9.464686e-04
9.391793e+00    8.991328e-04
9.404006e+00    8.521487e-04
9.416219e+00    8.054920e-04
9.428432e+00    7.591983e-04
9.440645e+00    7.133323e-04
9.452858e+00    6.678709e-04
9.465071e+00    6.228297e-04
9.477283e+00    5.782317e-04
9.489497e+00    5.340903e-04
9.501710e+00    4.904124e-04
9.513923e+00    4.472664e-04
9.526135e+00    4.046096e-04
9.538349e+00    3.624646e-04
9.550562e+00    3.208598e-04
9.562775e+00    2.797852e-04
9.574987e+00    2.392668e-04
9.587201e+00    1.993238e-04
9.599414e+00    1.599254e-04
9.611627e+00    1.211684e-04
9.623839e+00    8.295964e-05
9.636053e+00    4.535679e-05
9.648266e+00    8.334800e-06
9.660479e+00    -2.804889e-05
9.672691e+00    -6.381123e-05
9.684905e+00    -9.898071e-05
9.697118e+00    -1.335131e-04
9.709331e+00    -1.674696e-04
9.721543e+00    -2.006929e-04
9.733757e+00    -2.333398e-04
9.745970e+00    -2.653511e-04
9.758183e+00    -2.967294e-04
9.770395e+00    -3.274825e-04
9.782609e+00    -3.576075e-04
9.794822e+00    -3.870942e-04
9.807034e+00    -4.159629e-04
9.819247e+00    -4.442133e-04
9.831461e+00    -4.718587e-04
9.843674e+00    -4.988689e-04
9.855886e+00    -5.252652e-04
9.868099e+00    -5.510766e-04
9.880313e+00    -5.762604e-04
9.892526e+00    -6.008957e-04
9.904738e+00    -6.249303e-04
9.916951e+00    -6.484051e-04
9.929165e+00    -6.713019e-04
9.941378e+00    -6.936486e-04
9.953590e+00    -7.154421e-04
9.965803e+00    -7.366652e-04
9.978017e+00    -7.573696e-04
9.990230e+00    -7.775419e-04
1.000244e+01    -7.972266e-04
1.001466e+01    -8.164087e-04
1.002687e+01    -8.350237e-04
1.003908e+01    -8.532100e-04
1.005129e+01    -8.708947e-04
1.006351e+01    -8.881059e-04
1.007572e+01    -9.048560e-04
1.008793e+01    -9.211577e-04
1.010015e+01    -9.371174e-04
1.011236e+01    -9.524897e-04
1.012457e+01    -9.675177e-04
1.013679e+01    -9.821255e-04
1.014900e+01    -9.963422e-04
1.016121e+01    -1.010168e-03
1.017342e+01    -1.023637e-03
1.018564e+01    -1.036729e-03
1.019785e+01    -1.049483e-03
1.021006e+01    -1.061877e-03
1.022228e+01    -1.073937e-03
1.023449e+01    -1.085678e-03
1.024670e+01    -1.097121e-03
1.025891e+01    -1.108258e-03
1.027113e+01    -1.119111e-03
1.028334e+01    -1.129661e-03
1.029555e+01    -1.140005e-03
1.030777e+01    -1.150005e-03
1.031998e+01    -1.159801e-03
1.033219e+01    -1.169353e-03
1.034441e+01    -1.178620e-03
1.035662e+01    -1.187729e-03
1.036883e+01    -1.196588e-03
1.038105e+01    -1.205241e-03
1.039326e+01    -1.213703e-03
1.040547e+01    -1.222020e-03
1.041768e+01    -1.230015e-03
1.042990e+01    -1.237903e-03
1.044211e+01    -1.245623e-03
1.045432e+01    -1.253133e-03
1.046654e+01    -1.260501e-03
1.047875e+01    -1.267712e-03
1.049096e+01    -1.274876e-03
1.050318e+01    -1.281656e-03
1.051539e+01    -1.288414e-03
1.052760e+01    -1.295015e-03
1.053981e+01    -1.301479e-03
1.055203e+01    -1.307820e-03
1.056424e+01    -1.314006e-03
1.057645e+01    -1.320102e-03
1.058867e+01    -1.326026e-03
1.060088e+01    -1.331814e-03
1.061309e+01    -1.337532e-03
1.062531e+01    -1.343080e-03
1.063752e+01    -1.348517e-03
1.064973e+01    -1.353877e-03
1.066194e+01    -1.359068e-03
1.067416e+01    -1.364166e-03
1.068637e+01    -1.369133e-03
1.069858e+01    -1.373986e-03
1.071080e+01    -1.378719e-03
1.072301e+01    -1.383283e-03
1.073522e+01    -1.387743e-03
1.074744e+01    -1.392073e-03
1.075965e+01    -1.396287e-03
1.077186e+01    -1.400365e-03
1.078407e+01    -1.404285e-03
1.079629e+01    -1.408060e-03
1.080850e+01    -1.411688e-03
1.082071e+01    -1.415174e-03
1.083293e+01    -1.418491e-03
1.084514e+01    -1.421680e-03
1.085735e+01    -1.424697e-03
1.086957e+01    -1.427515e-03
1.088178e+01    -1.430166e-03
1.089399e+01    -1.432656e-03
1.090620e+01    -1.434940e-03
1.091842e+01    -1.437042e-03
1.093063e+01    -1.438971e-03
1.094284e+01    -1.440671e-03
1.095506e+01    -1.442181e-03
1.096727e+01    -1.443475e-03
1.097948e+01    -1.444553e-03
1.099170e+01    -1.445387e-03
1.100391e+01    -1.446019e-03
1.101612e+01    -1.446400e-03
1.102833e+01    -1.446549e-03
1.104055e+01    -1.446440e-03
1.105276e+01    -1.446091e-03
1.106497e+01    -1.445471e-03
1.107719e+01    -1.444592e-03
1.108940e+01    -1.443414e-03
1.110161e+01    -1.441965e-03
1.111382e+01    -1.440258e-03
1.112604e+01    -1.438265e-03
1.113825e+01    -1.435944e-03
1.115046e+01    -1.433315e-03
1.116268e+01    -1.430365e-03
1.117489e+01    -1.427124e-03
1.118710e+01    -1.423561e-03
1.119932e+01    -1.419662e-03
1.121153e+01    -1.415408e-03
1.122374e+01    -1.410860e-03
1.123596e+01    -1.405908e-03
1.124817e+01    -1.400628e-03
1.126038e+01    -1.395003e-03
1.127259e+01    -1.389018e-03
1.128481e+01    -1.382662e-03
1.129702e+01    -1.375871e-03
1.130923e+01    -1.368843e-03
1.132145e+01    -1.361377e-03
1.133366e+01    -1.353555e-03
1.134587e+01    -1.345340e-03
1.135808e+01    -1.336759e-03
1.137030e+01    -1.327774e-03
1.138251e+01    -1.318423e-03
1.139472e+01    -1.308671e-03
1.140694e+01    -1.298582e-03
1.141915e+01    -1.288027e-03
1.143136e+01    -1.277126e-03
1.144358e+01    -1.265831e-03
1.145579e+01    -1.254157e-03
1.146800e+01    -1.242092e-03
1.148022e+01    -1.229638e-03
1.149243e+01    -1.216793e-03
1.150464e+01    -1.203580e-03
1.151685e+01    -1.189988e-03
1.152907e+01    -1.175995e-03
1.154128e+01    -1.161643e-03
1.155349e+01    -1.146912e-03
1.156571e+01    -1.131785e-03
1.157792e+01    -1.116351e-03
1.159013e+01    -1.100487e-03
1.160234e+01    -1.084369e-03
1.161456e+01    -1.067741e-03
1.162677e+01    -1.050851e-03
1.163898e+01    -1.033599e-03
1.165120e+01    -1.016003e-03
1.166341e+01    -9.981008e-04
1.167562e+01    -9.798671e-04
1.168784e+01    -9.612815e-04
1.170005e+01    -9.424239e-04
1.171226e+01    -9.232091e-04
1.172447e+01    -9.038057e-04
1.173669e+01    -8.840555e-04
1.174890e+01    -8.640250e-04
1.176111e+01    -8.437346e-04
1.177333e+01    -8.231885e-04
1.178554e+01    -8.023797e-04
1.179775e+01    -7.813583e-04
1.180997e+01    -7.601018e-04
1.182218e+01    -7.386233e-04
1.183439e+01    -7.169275e-04
1.184660e+01    -6.950567e-04
1.185882e+01    -6.730136e-04
1.187103e+01    -6.507855e-04
1.188324e+01    -6.283480e-04
1.189546e+01    -6.058394e-04
1.190767e+01    -5.831553e-04
1.191988e+01    -5.603838e-04
1.193210e+01    -5.374532e-04
1.194431e+01    -5.144479e-04
1.195652e+01    -4.913696e-04
1.196873e+01    -4.682051e-04
1.198095e+01    -4.449798e-04
1.199316e+01    -4.217362e-04
1.200537e+01    -3.984291e-04
1.201759e+01    -3.749747e-04
1.202980e+01    -3.517859e-04
1.204201e+01    -3.285166e-04
1.205423e+01    -3.052414e-04
1.206644e+01    -2.819692e-04
1.207865e+01    -2.587895e-04
1.209086e+01    -2.356657e-04
1.210308e+01    -2.126036e-04
1.211529e+01    -1.896995e-04
1.212750e+01    -1.668653e-04
1.213972e+01    -1.441341e-04
1.215193e+01    -1.215568e-04
1.216414e+01    -9.914467e-05
1.217636e+01    -7.689215e-05
1.218857e+01    -5.493905e-05
1.220078e+01    -3.293069e-05
1.221299e+01    -1.127091e-05
1.222521e+01    1.019228e-05
1.223742e+01    3.141213e-05
1.224963e+01    5.239775e-05
1.226185e+01    7.310868e-05
1.227406e+01    9.355817e-05
1.228627e+01    1.137224e-04
1.229849e+01    1.335583e-04
1.231070e+01    1.531680e-04
1.232291e+01    1.723989e-04
1.233512e+01    1.912593e-04
1.234734e+01    2.098884e-04
1.235955e+01    2.281202e-04
1.237176e+01    2.459567e-04
1.238398e+01    2.634322e-04
1.239619e+01    2.805309e-04
1.240840e+01    2.972067e-04
1.242062e+01    3.135479e-04
1.243283e+01    3.294332e-04
1.244504e+01    3.448979e-04
1.245725e+01    3.599352e-04
1.246947e+01    3.745343e-04
1.248168e+01    3.886796e-04
1.249389e+01    4.022505e-04
1.250611e+01    4.155941e-04
1.251832e+01    4.283338e-04
1.253053e+01    4.406314e-04
1.254275e+01    4.524511e-04
1.255496e+01    4.637460e-04
1.256717e+01    4.746021e-04
1.257938e+01    4.849060e-04
1.259160e+01    4.947356e-04
1.260381e+01    5.041586e-04
1.261602e+01    5.128275e-04
1.262824e+01    5.211530e-04
1.264045e+01    5.289743e-04
1.265266e+01    5.362329e-04
1.266488e+01    5.429842e-04
1.267709e+01    5.492325e-04
1.268930e+01    5.549515e-04
1.270151e+01    5.601544e-04
1.271373e+01    5.648253e-04
1.272594e+01    5.690088e-04
1.273815e+01    5.726423e-04
1.275037e+01    5.758023e-04
1.276258e+01    5.784170e-04
1.277479e+01    5.805118e-04
1.278701e+01    5.821068e-04
1.279922e+01    5.832344e-04
1.281143e+01    5.837756e-04
1.282364e+01    5.838636e-04
1.283586e+01    5.834381e-04
1.284807e+01    5.825278e-04
1.286028e+01    5.811353e-04
1.287250e+01    5.792622e-04
1.288471e+01    5.768570e-04
1.289692e+01    5.740551e-04
1.290914e+01    5.707627e-04
1.292135e+01    5.669914e-04
1.293356e+01    5.628042e-04
1.294577e+01    5.581510e-04
1.295799e+01    5.530617e-04
1.297020e+01    5.474980e-04
1.298241e+01    5.416042e-04
1.299463e+01    5.352098e-04
1.300684e+01    5.284596e-04
1.301905e+01    5.213005e-04
1.303127e+01    5.137321e-04
1.304348e+01    5.058922e-04
1.305569e+01    4.975595e-04
1.306790e+01    4.888649e-04
1.308012e+01    4.798879e-04
1.309233e+01    4.705611e-04
1.310454e+01    4.609150e-04
1.311676e+01    4.509248e-04
1.312897e+01    4.406510e-04
1.314118e+01    4.300720e-04
1.315340e+01    4.192022e-04
1.316561e+01    4.080831e-04
1.317782e+01    3.966843e-04
1.319003e+01    3.849841e-04
1.320225e+01    3.731491e-04
1.321446e+01    3.610559e-04
1.322667e+01    3.487241e-04
1.323889e+01    3.361847e-04
1.325110e+01    3.234607e-04
1.326331e+01    3.105833e-04
1.327553e+01    2.975172e-04
1.328774e+01    2.842567e-04
1.329995e+01    2.708653e-04
1.331216e+01    2.573639e-04
1.332438e+01    2.437357e-04
1.333659e+01    2.300168e-04
1.334880e+01    2.161278e-04
1.336102e+01    2.021868e-04
1.337323e+01    1.881543e-04
1.338544e+01    1.740800e-04
1.339766e+01    1.599922e-04
1.340987e+01    1.456965e-04
1.342208e+01    1.315308e-04
1.343429e+01    1.172904e-04
1.344651e+01    1.030228e-04
1.345872e+01    8.877428e-05
1.347093e+01    7.452360e-05
1.348315e+01    6.027980e-05
1.349536e+01    4.603979e-05
1.350757e+01    3.187374e-05
1.351978e+01    1.773535e-05
1.353200e+01    3.657795e-06
1.354421e+01    -1.036970e-05
1.355642e+01    -2.432333e-05
1.356864e+01    -3.817995e-05
1.358085e+01    -5.191863e-05
1.359306e+01    -6.565260e-05
1.360528e+01    -7.925954e-05
1.361749e+01    -9.272782e-05
1.362970e+01    -1.060797e-04
1.364192e+01    -1.193175e-04
1.365413e+01    -1.324446e-04
1.366634e+01    -1.453992e-04
1.367855e+01    -1.581949e-04
1.369077e+01    -1.708949e-04
1.370298e+01    -1.834000e-04
1.371519e+01    -1.957293e-04
1.372741e+01    -2.079025e-04
1.373962e+01    -2.199893e-04
1.375183e+01    -2.318458e-04
1.376404e+01    -2.434968e-04
1.377626e+01    -2.549969e-04
1.378847e+01    -2.662938e-04
1.380068e+01    -2.773780e-04
1.381290e+01    -2.883198e-04
1.382511e+01    -2.990363e-04
1.383732e+01    -3.095571e-04
1.384954e+01    -3.198734e-04
1.386175e+01    -3.299724e-04
1.387396e+01    -3.398643e-04
1.388618e+01    -3.495376e-04
1.389839e+01    -3.590777e-04
1.391060e+01    -3.683501e-04
1.392281e+01    -3.774243e-04
1.393503e+01    -3.862642e-04
1.394724e+01    -3.948978e-04
1.395945e+01    -4.033337e-04
1.397167e+01    -4.115289e-04
1.398388e+01    -4.195361e-04
1.399609e+01    -4.272704e-04
1.400830e+01    -4.348901e-04
1.402052e+01    -4.422104e-04
1.403273e+01    -4.494015e-04
1.404494e+01    -4.563105e-04
1.405716e+01    -4.630334e-04
1.406937e+01    -4.695337e-04
1.408158e+01    -4.758313e-04
1.409380e+01    -4.819292e-04
1.410601e+01    -4.878154e-04
1.411822e+01    -4.934663e-04
1.413043e+01    -4.989428e-04
1.414265e+01    -5.042094e-04
1.415486e+01    -5.092739e-04
1.416707e+01    -5.141431e-04
1.417929e+01    -5.188161e-04
1.419150e+01    -5.231869e-04
1.420371e+01    -5.275673e-04
1.421593e+01    -5.316703e-04
1.422814e+01    -5.355550e-04
1.424035e+01    -5.392750e-04
1.425256e+01    -5.427956e-04
1.426478e+01    -5.461533e-04
1.427699e+01    -5.492946e-04
1.428920e+01    -5.522741e-04
1.430142e+01    -5.550770e-04
1.431363e+01    -5.577065e-04
1.432584e+01    -5.601805e-04
1.433806e+01    -5.624446e-04
1.435027e+01    -5.645390e-04
1.436248e+01    -5.664796e-04
1.437469e+01    -5.682631e-04
1.438691e+01    -5.698520e-04
1.439912e+01    -5.713204e-04
1.441133e+01    -5.725542e-04
1.442355e+01    -5.736785e-04
1.443576e+01    -5.746288e-04
1.444797e+01    -5.754156e-04
1.446019e+01    -5.760578e-04
1.447240e+01    -5.765348e-04
1.448461e+01    -5.768269e-04
1.449682e+01    -5.770112e-04
1.450904e+01    -5.770048e-04
1.452125e+01    -5.768471e-04
1.453346e+01    -5.765442e-04
1.454568e+01    -5.760904e-04
1.455789e+01    -5.754328e-04
1.457010e+01    -5.746995e-04
1.458232e+01    -5.737745e-04
1.459453e+01    -5.727003e-04
1.460674e+01    -5.714680e-04
1.461895e+01    -5.700878e-04
1.463117e+01    -5.685106e-04
1.464338e+01    -5.668140e-04
1.465559e+01    -5.649586e-04
1.466781e+01    -5.629443e-04
1.468002e+01    -5.607760e-04
1.469223e+01    -5.584240e-04
1.470445e+01    -5.559332e-04
1.471666e+01    -5.532937e-04
1.472887e+01    -5.504339e-04
1.474109e+01    -5.474891e-04
1.475330e+01    -5.442889e-04
1.476551e+01    -5.409648e-04
1.477772e+01    -5.374538e-04
1.478994e+01    -5.337906e-04
1.480215e+01    -5.299493e-04
1.481436e+01    -5.259010e-04
1.482658e+01    -5.216838e-04
1.483879e+01    -5.172982e-04
1.485100e+01    -5.127257e-04
1.486321e+01    -5.079685e-04
1.487543e+01    -5.030013e-04
1.488764e+01    -4.978781e-04
1.489985e+01    -4.925130e-04
1.491207e+01    -4.869956e-04
1.492428e+01    -4.812368e-04
1.493649e+01    -4.753531e-04
1.494871e+01    -4.692136e-04
1.496092e+01    -4.628017e-04
1.497313e+01    -4.563441e-04
1.498534e+01    -4.496216e-04
1.499756e+01    -4.426880e-04
1.500977e+01    -4.355049e-04
1.502198e+01    -4.281445e-04
1.503420e+01    -4.205402e-04
1.504641e+01    -4.127446e-04
1.505862e+01    -4.047246e-04
1.507084e+01    -3.964844e-04
1.508305e+01    -3.880087e-04
1.509526e+01    -3.793351e-04
1.510747e+01    -3.704838e-04
1.511969e+01    -3.613050e-04
1.513190e+01    -3.519550e-04
1.514411e+01    -3.423733e-04
1.515633e+01    -3.325584e-04
1.516854e+01    -3.225467e-04
1.518075e+01    -3.122860e-04
1.519297e+01    -3.017766e-04
1.520518e+01    -2.910906e-04
1.521739e+01    -2.801402e-04
1.522960e+01    -2.689709e-04
1.524182e+01    -2.575842e-04
1.525403e+01    -2.459624e-04
1.526624e+01    -2.341209e-04
1.527846e+01    -2.220502e-04
1.529067e+01    -2.097741e-04
1.530288e+01    -1.972833e-04
1.531509e+01    -1.845643e-04
1.532731e+01    -1.716338e-04
1.533952e+01    -1.584922e-04
1.535173e+01    -1.451547e-04
1.536395e+01    -1.315971e-04
1.537616e+01    -1.178440e-04
1.538837e+01    -1.038964e-04
1.540059e+01    -8.975703e-05
1.541280e+01    -7.541939e-05
1.542501e+01    -6.092002e-05
1.543723e+01    -4.620678e-05
1.544944e+01    -3.134556e-05
1.546165e+01    -1.630010e-05
1.547386e+01    -1.087928e-06
1.548608e+01    1.428312e-05
1.549829e+01    2.978320e-05
1.551050e+01    4.545775e-05
1.552272e+01    6.127858e-05
1.553493e+01    7.725541e-05
1.554714e+01    9.329621e-05
1.555935e+01    1.095077e-04
1.557157e+01    1.257933e-04
1.558378e+01    1.422236e-04
1.559599e+01    1.587452e-04
1.560821e+01    1.753333e-04
1.562042e+01    1.920319e-04
1.563263e+01    2.087853e-04
1.564485e+01    2.256042e-04
1.565706e+01    2.425015e-04
1.566927e+01    2.594167e-04
1.568149e+01    2.763853e-04
1.569370e+01    2.933696e-04
1.570591e+01    3.103765e-04
1.571812e+01    3.275678e-04
1.573034e+01    3.443762e-04
1.574255e+01    3.614092e-04
1.575476e+01    3.783810e-04
1.576698e+01    3.953254e-04
1.577919e+01    4.122244e-04
1.579140e+01    4.290722e-04
1.580362e+01    4.458657e-04
1.581583e+01    4.625527e-04
1.582804e+01    4.791609e-04
1.584025e+01    4.956452e-04
1.585247e+01    5.120958e-04
1.586468e+01    5.283899e-04
1.587689e+01    5.445478e-04
1.588911e+01    5.605088e-04
1.590132e+01    5.764432e-04
1.591353e+01    5.921528e-04
1.592575e+01    6.076876e-04
1.593796e+01    6.230442e-04
1.595017e+01    6.382082e-04
1.596238e+01    6.531547e-04
1.597460e+01    6.679130e-04
1.598681e+01    6.824293e-04
1.599902e+01    6.966721e-04
1.601124e+01    7.107060e-04
1.602345e+01    7.244977e-04
1.603566e+01    7.379940e-04
1.604787e+01    7.511901e-04
1.606009e+01    7.641370e-04
1.607230e+01    7.767624e-04
1.608451e+01    7.890866e-04
1.609673e+01    8.010939e-04
1.610894e+01    8.128667e-04
1.612115e+01    8.241303e-04
1.613337e+01    8.351216e-04
1.614558e+01    8.457799e-04
1.615779e+01    8.560646e-04
1.617001e+01    8.659812e-04
1.618222e+01    8.755180e-04
1.619443e+01    8.847329e-04
1.620664e+01    8.934605e-04
1.621886e+01    9.018292e-04
1.623107e+01    9.098016e-04
1.624328e+01    9.173681e-04
1.625550e+01    9.245192e-04
1.626771e+01    9.312643e-04
1.627992e+01    9.375605e-04
1.629214e+01    9.434571e-04
1.630435e+01    9.488961e-04
1.631656e+01    9.538877e-04
1.632877e+01    9.584625e-04
1.634099e+01    9.625195e-04
1.635320e+01    9.662622e-04
1.636541e+01    9.694719e-04
1.637763e+01    9.722562e-04
1.638984e+01    9.745784e-04
1.640205e+01    9.764545e-04
1.641426e+01    9.778468e-04
1.642648e+01    9.788101e-04
1.643869e+01    9.793186e-04
1.645090e+01    9.793321e-04
1.646312e+01    9.789085e-04
1.647533e+01    9.780263e-04
1.648754e+01    9.766921e-04
1.649976e+01    9.749263e-04
1.651197e+01    9.726578e-04
1.652418e+01    9.699633e-04
1.653639e+01    9.668143e-04
1.654861e+01    9.632285e-04
1.656082e+01    9.591846e-04
1.657303e+01    9.547225e-04
1.658525e+01    9.498275e-04
1.659746e+01    9.444815e-04
1.660967e+01    9.387224e-04
1.662189e+01    9.325416e-04
1.663410e+01    9.259325e-04
1.664631e+01    9.189582e-04
1.665853e+01    9.115519e-04
1.667074e+01    9.037431e-04
1.668295e+01    8.955937e-04
1.669516e+01    8.870251e-04
1.670738e+01    8.781111e-04
1.671959e+01    8.688008e-04
1.673180e+01    8.591494e-04
1.674402e+01    8.491420e-04
1.675623e+01    8.387994e-04
1.676844e+01    8.281273e-04
1.678065e+01    8.171109e-04
1.679287e+01    8.058070e-04
1.680508e+01    7.942130e-04
1.681729e+01    7.822422e-04
1.682951e+01    7.700158e-04
1.684172e+01    7.575343e-04
1.685393e+01    7.447628e-04
1.686615e+01    7.317415e-04
1.687836e+01    7.184652e-04
1.689057e+01    7.050100e-04
1.690278e+01    6.912277e-04
1.691500e+01    6.772795e-04
1.692721e+01    6.631057e-04
1.693942e+01    6.487597e-04
1.695164e+01    6.341947e-04
1.696385e+01    6.194542e-04
1.697606e+01    6.046165e-04
1.698828e+01    5.895385e-04
1.700049e+01    5.743776e-04
1.701270e+01    5.590515e-04
1.702491e+01    5.436080e-04
1.703713e+01    5.280557e-04
1.704934e+01    5.124239e-04
1.706155e+01    4.966905e-04
1.707377e+01    4.808829e-04
1.708598e+01    4.649948e-04
1.709819e+01    4.490674e-04
1.711040e+01    4.329875e-04
1.712262e+01    4.170636e-04
1.713483e+01    4.010098e-04
1.714705e+01    3.849554e-04
1.715926e+01    3.689067e-04
1.717147e+01    3.528288e-04
1.718368e+01    3.367749e-04
1.719590e+01    3.207111e-04
1.720811e+01    3.047170e-04
1.722032e+01    2.887687e-04
1.723254e+01    2.728223e-04
1.724475e+01    2.569473e-04
1.725696e+01    2.411582e-04
1.726917e+01    2.254229e-04
1.728139e+01    2.097656e-04
1.729360e+01    1.942164e-04
1.730581e+01    1.787937e-04
1.731803e+01    1.633851e-04
1.733024e+01    1.481260e-04
1.734245e+01    1.329797e-04
1.735467e+01    1.179658e-04
1.736688e+01    1.030792e-04
1.737909e+01    8.831847e-05
1.739130e+01    7.370701e-05
1.740352e+01    5.922778e-05
1.741573e+01    4.497233e-05
1.742794e+01    3.079236e-05
1.744016e+01    1.679080e-05
1.745237e+01    2.984751e-06
1.746458e+01    -1.067533e-05
1.747680e+01    -2.416358e-05
1.748901e+01    -3.743793e-05
1.750122e+01    -5.057078e-05
1.751343e+01    -6.348938e-05
1.752565e+01    -7.623088e-05
1.753786e+01    -8.880207e-05
1.755007e+01    -1.011545e-04
1.756229e+01    -1.133200e-04
1.757450e+01    -1.252997e-04
1.758671e+01    -1.370589e-04
1.759892e+01    -1.486296e-04
1.761114e+01    -1.599956e-04
1.762335e+01    -1.711739e-04
1.763556e+01    -1.821455e-04
1.764778e+01    -1.929214e-04
1.765999e+01    -2.034908e-04
1.767220e+01    -2.138448e-04
1.768442e+01    -2.240094e-04
1.769663e+01    -2.339704e-04
1.770884e+01    -2.437217e-04
1.772106e+01    -2.530928e-04
1.773327e+01    -2.626559e-04
1.774548e+01    -2.718073e-04
1.775769e+01    -2.807796e-04
1.776991e+01    -2.895301e-04
1.778212e+01    -2.981054e-04
1.779433e+01    -3.064549e-04
1.780655e+01    -3.146621e-04
1.781876e+01    -3.226376e-04
1.783097e+01    -3.304366e-04
1.784319e+01    -3.380467e-04
1.785540e+01    -3.454302e-04
1.786761e+01    -3.527091e-04
1.787982e+01    -3.597765e-04
1.789204e+01    -3.666796e-04
1.790425e+01    -3.733791e-04
1.791646e+01    -3.799213e-04
1.792868e+01    -3.862682e-04
1.794089e+01    -3.924990e-04
1.795310e+01    -3.985355e-04
1.796531e+01    -4.044059e-04
1.797753e+01    -4.101470e-04
1.798974e+01    -4.156948e-04
1.800196e+01    -4.210819e-04
1.801417e+01    -4.264000e-04
1.802638e+01    -4.314535e-04
1.803859e+01    -4.364977e-04
1.805081e+01    -4.413056e-04
1.806302e+01    -4.460116e-04
1.807523e+01    -4.505382e-04
1.808744e+01    -4.549739e-04
1.809966e+01    -4.592642e-04
1.811187e+01    -4.634486e-04
1.812408e+01    -4.674372e-04
1.813630e+01    -4.713658e-04
1.814851e+01    -4.751335e-04
1.816072e+01    -4.787716e-04
1.817294e+01    -4.823146e-04
1.818515e+01    -4.857420e-04
1.819736e+01    -4.890365e-04
1.820958e+01    -4.922122e-04
1.822179e+01    -4.952822e-04
1.823400e+01    -4.982167e-04
1.824621e+01    -5.010752e-04
1.825843e+01    -5.037842e-04
1.827064e+01    -5.064182e-04
1.828285e+01    -5.089291e-04
1.829507e+01    -5.113325e-04
1.830728e+01    -5.136205e-04
1.831949e+01    -5.158117e-04
1.833171e+01    -5.178689e-04
1.834392e+01    -5.198664e-04
1.835613e+01    -5.217528e-04
1.836834e+01    -5.234713e-04
1.838056e+01    -5.251772e-04
1.839277e+01    -5.267794e-04
1.840498e+01    -5.281745e-04
1.841720e+01    -5.295358e-04
1.842941e+01    -5.307455e-04
1.844162e+01    -5.319329e-04
1.845383e+01    -5.329485e-04
1.846605e+01    -5.338534e-04
1.847826e+01    -5.346652e-04
1.849047e+01    -5.353688e-04
1.850269e+01    -5.358982e-04
1.851490e+01    -5.364091e-04
1.852711e+01    -5.367625e-04
1.853933e+01    -5.370274e-04
1.855154e+01    -5.371054e-04
1.856375e+01    -5.370759e-04
1.857596e+01    -5.369616e-04
1.858818e+01    -5.366766e-04
1.860039e+01    -5.362871e-04
1.861260e+01    -5.357657e-04
1.862482e+01    -5.350638e-04
1.863703e+01    -5.343352e-04
1.864924e+01    -5.333931e-04
1.866146e+01    -5.323344e-04
1.867367e+01    -5.310859e-04
1.868588e+01    -5.297670e-04
1.869810e+01    -5.282734e-04
1.871031e+01    -5.266182e-04
1.872252e+01    -5.248331e-04
1.873473e+01    -5.228908e-04
1.874695e+01    -5.207830e-04
1.875916e+01    -5.185439e-04
1.877137e+01    -5.161248e-04
1.878359e+01    -5.135434e-04
1.879580e+01    -5.108125e-04
1.880801e+01    -5.079219e-04
1.882022e+01    -5.048760e-04
1.883244e+01    -5.016286e-04
1.884465e+01    -4.982309e-04
1.885686e+01    -4.946580e-04
1.886908e+01    -4.909221e-04
1.888129e+01    -4.869828e-04
1.889350e+01    -4.828753e-04
1.890572e+01    -4.786344e-04
1.891793e+01    -4.741793e-04
1.893014e+01    -4.695478e-04
1.894235e+01    -4.647319e-04
1.895457e+01    -4.597343e-04
1.896678e+01    -4.545427e-04
1.897899e+01    -4.492101e-04
1.899121e+01    -4.436408e-04
1.900342e+01    -4.379062e-04
1.901563e+01    -4.319804e-04
1.902785e+01    -4.258981e-04
1.904006e+01    -4.196014e-04
1.905227e+01    -4.131255e-04
1.906449e+01    -4.064662e-04
1.907670e+01    -3.996445e-04
1.908891e+01    -3.926116e-04
1.910112e+01    -3.854347e-04
1.911334e+01    -3.781075e-04
1.912555e+01    -3.705034e-04
1.913776e+01    -3.627887e-04
1.914997e+01    -3.549156e-04
1.916219e+01    -3.468170e-04
1.917440e+01    -3.385804e-04
1.918661e+01    -3.301715e-04
1.919883e+01    -3.216269e-04
1.921104e+01    -3.129024e-04
1.922325e+01    -3.040154e-04
1.923547e+01    -2.949681e-04
1.924768e+01    -2.857640e-04
1.925989e+01    -2.764485e-04
1.927211e+01    -2.669956e-04
1.928432e+01    -2.573023e-04
1.929653e+01    -2.476178e-04
1.930874e+01    -2.377396e-04
1.932096e+01    -2.277186e-04
1.933317e+01    -2.175989e-04
1.934538e+01    -2.073513e-04
1.935760e+01    -1.970057e-04
1.936981e+01    -1.865407e-04
1.938202e+01    -1.759797e-04
1.939424e+01    -1.652762e-04
1.940645e+01    -1.545642e-04
1.941866e+01    -1.436996e-04
1.943087e+01    -1.328425e-04
1.944309e+01    -1.218778e-04
1.945530e+01    -1.108050e-04
1.946751e+01    -9.972695e-05
1.947973e+01    -8.856610e-05
1.949194e+01    -7.738406e-05
1.950415e+01    -6.616162e-05
1.951637e+01    -5.491363e-05
1.952858e+01    -4.360755e-05
1.954079e+01    -3.230535e-05
1.955301e+01    -2.109894e-05
1.956522e+01    -9.696523e-06
1.957743e+01    1.599139e-06
1.958964e+01    1.292376e-05
1.960186e+01    2.417896e-05
1.961407e+01    3.540795e-05
1.962628e+01    4.662198e-05
1.963849e+01    5.780863e-05
1.965071e+01    6.892707e-05
1.966292e+01    7.997919e-05
1.967513e+01    9.099529e-05
1.968735e+01    1.019084e-04
1.969956e+01    1.127862e-04
1.971177e+01    1.235641e-04
1.972399e+01    1.341884e-04
1.973620e+01    1.448254e-04
1.974841e+01    1.552885e-04
1.976063e+01    1.656882e-04
1.977284e+01    1.759062e-04
1.978505e+01    1.860371e-04
1.979726e+01    1.960242e-04
1.980948e+01    2.059145e-04
1.982169e+01    2.155668e-04
1.983390e+01    2.251549e-04
1.984612e+01    2.345347e-04
1.985833e+01    2.437329e-04
1.987054e+01    2.528019e-04
1.988276e+01    2.616602e-04
1.989497e+01    2.702717e-04
1.990718e+01    2.788575e-04
1.991939e+01    2.871784e-04
1.993161e+01    2.952940e-04
1.994382e+01    3.031860e-04
1.995603e+01    3.108764e-04
1.996825e+01    3.183568e-04
1.998046e+01    3.256258e-04
1.999267e+01    3.326810e-04
2.000488e+01    3.394983e-04
2.001710e+01    3.460981e-04
2.002931e+01    3.525224e-04
2.004152e+01    3.586235e-04
2.005374e+01    3.644589e-04
2.006595e+01    3.701122e-04
2.007816e+01    3.754955e-04
2.009038e+01    3.806211e-04
2.010259e+01    3.855228e-04
2.011480e+01    3.902212e-04
2.012702e+01    3.946057e-04
2.013923e+01    3.987363e-04
2.015144e+01    4.026190e-04
2.016365e+01    4.062699e-04
2.017587e+01    4.096171e-04
2.018808e+01    4.127399e-04
2.020029e+01    4.156246e-04
2.021251e+01    4.182129e-04
2.022472e+01    4.205341e-04
2.023693e+01    4.226707e-04
2.024915e+01    4.244502e-04
2.026136e+01    4.260148e-04
2.027357e+01    4.273336e-04
2.028578e+01    4.283589e-04
2.029800e+01    4.291731e-04
2.031021e+01    4.297332e-04
2.032242e+01    4.300270e-04
2.033464e+01    4.300658e-04
2.034685e+01    4.299026e-04
2.035906e+01    4.294998e-04
2.037127e+01    4.287546e-04
2.038349e+01    4.279089e-04
2.039570e+01    4.267636e-04
2.040791e+01    4.253862e-04
2.042013e+01    4.238075e-04
2.043234e+01    4.219557e-04
2.044455e+01    4.199095e-04
2.045677e+01    4.176650e-04
2.046898e+01    4.152129e-04
2.048119e+01    4.125352e-04
2.049340e+01    4.096611e-04
2.050562e+01    4.065481e-04
2.051783e+01    4.033472e-04
2.053004e+01    3.998810e-04
2.054226e+01    3.962480e-04
2.055447e+01    3.924323e-04
2.056668e+01    3.884658e-04
2.057890e+01    3.843131e-04
2.059111e+01    3.799959e-04
2.060332e+01    3.755365e-04
2.061554e+01    3.709088e-04
2.062775e+01    3.661276e-04
2.063996e+01    3.612149e-04
2.065217e+01    3.561878e-04
2.066439e+01    3.510206e-04
2.067660e+01    3.458553e-04
2.068881e+01    3.403088e-04
2.070103e+01    3.347920e-04
2.071324e+01    3.291516e-04
2.072545e+01    3.234318e-04
2.073767e+01    3.176164e-04
2.074988e+01    3.117222e-04
2.076209e+01    3.056852e-04
2.077430e+01    2.996136e-04
2.078652e+01    2.934780e-04
2.079873e+01    2.872605e-04
2.081094e+01    2.809256e-04
2.082316e+01    2.746456e-04
2.083537e+01    2.682882e-04
2.084758e+01    2.619450e-04
2.085979e+01    2.553795e-04
2.087201e+01    2.488862e-04
2.088422e+01    2.423587e-04
2.089643e+01    2.358143e-04
2.090865e+01    2.292458e-04
2.092086e+01    2.226671e-04
2.093307e+01    2.160727e-04
2.094529e+01    2.094600e-04
2.095750e+01    2.028710e-04
2.096971e+01    1.962976e-04
2.098192e+01    1.897070e-04
2.099414e+01    1.831461e-04
2.100635e+01    1.765784e-04
2.101856e+01    1.700794e-04
2.103078e+01    1.635725e-04
2.104299e+01    1.570610e-04
2.105520e+01    1.506463e-04
2.106742e+01    1.442237e-04
2.107963e+01    1.378418e-04
2.109184e+01    1.315102e-04
2.110406e+01    1.252214e-04
2.111627e+01    1.189220e-04
2.112848e+01    1.128158e-04
2.114069e+01    1.066716e-04
2.115291e+01    1.005873e-04
2.116512e+01    9.459606e-05
2.117733e+01    8.861034e-05
2.118955e+01    8.269132e-05
2.120176e+01    7.685006e-05
2.121397e+01    7.108331e-05
2.122618e+01    6.538257e-05
2.123840e+01    5.973841e-05
2.125061e+01    5.413004e-05
2.126282e+01    4.866207e-05
2.127504e+01    4.325324e-05
2.128725e+01    3.794252e-05
2.129946e+01    3.258136e-05
2.131168e+01    2.736732e-05
2.132389e+01    2.221648e-05
2.133610e+01    1.716943e-05
2.134831e+01    1.219577e-05
2.136053e+01    7.270864e-06
2.137274e+01    2.439781e-06
2.138495e+01    -2.330475e-06
2.139717e+01    -7.034891e-06
2.140938e+01    -1.160461e-05
2.142159e+01    -1.619826e-05
2.143381e+01    -2.061597e-05
2.144602e+01    -2.500745e-05
2.145823e+01    -2.933087e-05
2.147044e+01    -3.356366e-05
2.148266e+01    -3.774455e-05
2.149487e+01    -4.185576e-05
2.150708e+01    -4.588560e-05
2.151930e+01    -4.984862e-05
2.153151e+01    -5.374089e-05
2.154372e+01    -5.755927e-05
2.155593e+01    -6.134025e-05
2.156815e+01    -6.502688e-05
2.158036e+01    -6.866196e-05
2.159258e+01    -7.222885e-05
2.160479e+01    -7.574308e-05
2.161700e+01    -7.919101e-05
2.162921e+01    -8.257607e-05
2.164143e+01    -8.592474e-05
2.165364e+01    -8.918632e-05
2.166585e+01    -9.241059e-05
2.167807e+01    -9.559170e-05
2.169028e+01    -9.869368e-05
2.170249e+01    -1.017407e-04
2.171470e+01    -1.047621e-04
2.172692e+01    -1.078812e-04
2.173913e+01    -1.106219e-04
2.175134e+01    -1.135207e-04
2.176356e+01    -1.162847e-04
2.177577e+01    -1.190883e-04
2.178798e+01    -1.218177e-04
2.180020e+01    -1.244928e-04
2.181241e+01    -1.271006e-04
2.182462e+01    -1.297232e-04
2.183683e+01    -1.322907e-04
2.184905e+01    -1.348105e-04
2.186126e+01    -1.371744e-04
2.187347e+01    -1.397054e-04
2.188569e+01    -1.421296e-04
2.189790e+01    -1.444394e-04
2.191011e+01    -1.467892e-04
2.192233e+01    -1.490838e-04
2.193454e+01    -1.513051e-04
2.194675e+01    -1.535256e-04
2.195897e+01    -1.556970e-04
2.197118e+01    -1.578277e-04
2.198339e+01    -1.599502e-04
2.199560e+01    -1.619689e-04
2.200782e+01    -1.640063e-04
2.202003e+01    -1.659988e-04
2.203224e+01    -1.679878e-04
2.204445e+01    -1.698485e-04
2.205667e+01    -1.717129e-04
2.206888e+01    -1.734461e-04
2.208109e+01    -1.753364e-04
2.209331e+01    -1.770480e-04
2.210552e+01    -1.787861e-04
2.211773e+01    -1.804212e-04
2.212995e+01    -1.820550e-04
2.214216e+01    -1.836426e-04
2.215437e+01    -1.851437e-04
2.216659e+01    -1.866093e-04
2.217880e+01    -1.880488e-04
2.219101e+01    -1.894156e-04
2.220322e+01    -1.907722e-04
2.221544e+01    -1.920252e-04
2.222765e+01    -1.932674e-04
2.223986e+01    -1.944163e-04
2.225208e+01    -1.955204e-04
2.226429e+01    -1.966038e-04
2.227650e+01    -1.975842e-04
2.228872e+01    -1.985238e-04
2.230093e+01    -1.994011e-04
2.231314e+01    -2.002185e-04
2.232535e+01    -2.009623e-04
2.233757e+01    -2.016096e-04
2.234978e+01    -2.022651e-04
2.236199e+01    -2.028163e-04
2.237421e+01    -2.033533e-04
2.238642e+01    -2.036876e-04
2.239863e+01    -2.040105e-04
2.241084e+01    -2.042893e-04
2.242306e+01    -2.044450e-04
2.243527e+01    -2.045551e-04
2.244748e+01    -2.045669e-04
2.245970e+01    -2.044964e-04
2.247191e+01    -2.043170e-04
2.248412e+01    -2.041371e-04
2.249634e+01    -2.038126e-04
2.250855e+01    -2.034222e-04
2.252076e+01    -2.029331e-04
2.253297e+01    -2.023274e-04
2.254519e+01    -2.018649e-04
2.255740e+01    -2.009069e-04
2.256961e+01    -2.000361e-04
2.258183e+01    -1.990898e-04
2.259404e+01    -1.980386e-04
2.260625e+01    -1.968885e-04
2.261847e+01    -1.956485e-04
2.263068e+01    -1.943375e-04
2.264289e+01    -1.928847e-04
2.265511e+01    -1.913684e-04
2.266732e+01    -1.897371e-04
2.267953e+01    -1.879958e-04
2.269174e+01    -1.862001e-04
2.270396e+01    -1.842602e-04
2.271617e+01    -1.822332e-04
2.272838e+01    -1.801176e-04
2.274060e+01    -1.779123e-04
2.275281e+01    -1.755882e-04
2.276502e+01    -1.731609e-04
2.277724e+01    -1.706484e-04
2.278945e+01    -1.680443e-04
2.280166e+01    -1.653312e-04
2.281387e+01    -1.625473e-04
2.282609e+01    -1.596420e-04
2.283830e+01    -1.566512e-04
2.285051e+01    -1.535664e-04
2.286273e+01    -1.503978e-04
2.287494e+01    -1.471410e-04
2.288715e+01    -1.437763e-04
2.289936e+01    -1.403193e-04
2.291158e+01    -1.367996e-04
2.292379e+01    -1.331820e-04
2.293600e+01    -1.294758e-04
2.294822e+01    -1.256657e-04
2.296043e+01    -1.218389e-04
2.297264e+01    -1.178987e-04
2.298486e+01    -1.138644e-04
2.299707e+01    -1.097998e-04
2.300928e+01    -1.056187e-04
2.302150e+01    -1.014189e-04
2.303371e+01    -9.708054e-05
2.304592e+01    -9.271980e-05
2.305813e+01    -8.830026e-05
2.307035e+01    -8.380692e-05
2.308256e+01    -7.925223e-05
2.309477e+01    -7.468113e-05
2.310699e+01    -7.005635e-05
2.311920e+01    -6.533699e-05
2.313141e+01    -6.061845e-05
2.314363e+01    -5.585200e-05
2.315584e+01    -5.100213e-05
2.316805e+01    -4.620635e-05
2.318026e+01    -4.133332e-05
2.319248e+01    -3.644358e-05
2.320469e+01    -3.151764e-05
2.321690e+01    -2.658123e-05
2.322912e+01    -2.159510e-05
2.324133e+01    -1.660793e-05
2.325354e+01    -1.163658e-05
2.326575e+01    -6.648304e-06
2.327797e+01    -1.620501e-06
2.329018e+01    3.347523e-06
2.330239e+01    8.377887e-06
2.331461e+01    1.337199e-05
2.332682e+01    1.836865e-05
2.333903e+01    2.335466e-05
2.335125e+01    2.829981e-05
2.336346e+01    3.323611e-05
2.337567e+01    3.815634e-05
2.338788e+01    4.302902e-05
2.340010e+01    4.790793e-05
2.341231e+01    5.272889e-05
2.342452e+01    5.754590e-05
2.343674e+01    6.228723e-05
2.344895e+01    6.699373e-05
2.346116e+01    7.161617e-05
2.347338e+01    7.628696e-05
2.348559e+01    8.084899e-05
2.349780e+01    8.533974e-05
2.351002e+01    8.978049e-05
2.352223e+01    9.418049e-05
2.353444e+01    9.849717e-05
2.354665e+01    1.027348e-04
2.355887e+01    1.069878e-04
2.357108e+01    1.110580e-04
2.358329e+01    1.150577e-04
2.359550e+01    1.190556e-04
2.360772e+01    1.229507e-04
2.361993e+01    1.267686e-04
2.363214e+01    1.305589e-04
2.364436e+01    1.341372e-04
2.365657e+01    1.377150e-04
2.366878e+01    1.411779e-04
2.368100e+01    1.445670e-04
2.369321e+01    1.478351e-04
2.370542e+01    1.510549e-04
2.371764e+01    1.541618e-04
2.372985e+01    1.571530e-04
2.374206e+01    1.600827e-04
2.375427e+01    1.628929e-04
2.376649e+01    1.655295e-04
2.377870e+01    1.682610e-04
2.379091e+01    1.707606e-04
2.380313e+01    1.732267e-04
2.381534e+01    1.755205e-04
2.382755e+01    1.777300e-04
2.383977e+01    1.798670e-04
2.385198e+01    1.818951e-04
2.386419e+01    1.838141e-04
2.387640e+01    1.856191e-04
2.388862e+01    1.873403e-04
2.390083e+01    1.889703e-04
2.391304e+01    1.904564e-04
2.392526e+01    1.918741e-04
2.393747e+01    1.931845e-04
2.394968e+01    1.943992e-04
2.396189e+01    1.955201e-04
2.397411e+01    1.965343e-04
2.398632e+01    1.974579e-04
2.399854e+01    1.982701e-04
2.401075e+01    1.990206e-04
2.402296e+01    1.996580e-04
2.403517e+01    2.001507e-04
2.404739e+01    2.006593e-04
2.405960e+01    2.010464e-04
2.407181e+01    2.013962e-04
2.408403e+01    2.014988e-04
2.409624e+01    2.016171e-04
2.410845e+01    2.016452e-04
2.412066e+01    2.015810e-04
2.413288e+01    2.014680e-04
2.414509e+01    2.012474e-04
2.415730e+01    2.009657e-04
2.416952e+01    2.006876e-04
2.418173e+01    2.001926e-04
2.419394e+01    1.996882e-04
2.420616e+01    1.991081e-04
2.421837e+01    1.984807e-04
2.423058e+01    1.977619e-04
2.424279e+01    1.972439e-04
2.425501e+01    1.961710e-04
2.426722e+01    1.952813e-04
2.427943e+01    1.943436e-04
2.429165e+01    1.934138e-04
2.430386e+01    1.923087e-04
2.431607e+01    1.911942e-04
2.432829e+01    1.900346e-04
2.434050e+01    1.888601e-04
2.435271e+01    1.876651e-04
2.436492e+01    1.863281e-04
2.437714e+01    1.850125e-04
2.438935e+01    1.836297e-04
2.440156e+01    1.822697e-04
2.441378e+01    1.808287e-04
2.442599e+01    1.793573e-04
2.443820e+01    1.778840e-04
2.445041e+01    1.763835e-04
2.446263e+01    1.748097e-04
2.447484e+01    1.732301e-04
2.448705e+01    1.716615e-04
2.449927e+01    1.700506e-04
2.451148e+01    1.685071e-04
2.452369e+01    1.667507e-04
2.453591e+01    1.650848e-04
2.454812e+01    1.634130e-04
2.456033e+01    1.617241e-04
2.457255e+01    1.599769e-04
2.458476e+01    1.582606e-04
2.459697e+01    1.565166e-04
2.460918e+01    1.547648e-04
2.462140e+01    1.530403e-04
2.463361e+01    1.513037e-04
2.464582e+01    1.494050e-04
2.465804e+01    1.477184e-04
2.467025e+01    1.459531e-04
2.468246e+01    1.441440e-04
2.469468e+01    1.423459e-04
2.470689e+01    1.405479e-04
2.471910e+01    1.387434e-04
2.473131e+01    1.369361e-04
2.474353e+01    1.351407e-04
2.475574e+01    1.333321e-04
2.476795e+01    1.315104e-04
2.478017e+01    1.297196e-04
2.479238e+01    1.278867e-04
2.480459e+01    1.260705e-04
2.481680e+01    1.242346e-04
2.482902e+01    1.224065e-04
2.484123e+01    1.206116e-04
2.485344e+01    1.187800e-04
2.486566e+01    1.169729e-04
2.487787e+01    1.151205e-04
2.489008e+01    1.133113e-04
2.490230e+01    1.114283e-04
2.491451e+01    1.095972e-04
2.492672e+01    1.077714e-04
2.493893e+01    1.059095e-04
2.495115e+01    1.040577e-04
2.496336e+01    1.021815e-04
2.497557e+01    1.003124e-04
2.498779e+01    9.841484e-05
2.500000e+01    9.652112e-05
