0.000000e+00    -1.340591e+01
1.221299e-02    -1.339437e+01
2.442599e-02    -1.335980e+01
3.663898e-02    -1.330234e+01
4.885198e-02    -1.322223e+01
6.106497e-02    -1.311978e+01
7.327797e-02    -1.299541e+01
8.549096e-02    -1.284963e+01
9.770396e-02    -1.268301e+01
1.099169e-01    -1.249622e+01
1.221299e-01    -1.229001e+01
1.343429e-01    -1.206518e+01
1.465559e-01    -1.182262e+01
1.587689e-01    -1.156328e+01
1.709819e-01    -1.128815e+01
1.831949e-01    -1.099830e+01
1.954079e-01    -1.069482e+01
2.076209e-01    -1.037886e+01
2.198339e-01    -1.005159e+01
2.320469e-01    -9.714205e+00
2.442599e-01    -9.367942e+00
2.564729e-01    -9.014036e+00
2.686859e-01    -8.653736e+00
2.808989e-01    -8.288291e+00
2.931119e-01    -7.918950e+00
3.053249e-01    -7.546947e+00
3.175378e-01    -7.173505e+00
3.297509e-01    -6.799822e+00
3.419639e-01    -6.427076e+00
3.541768e-01    -6.056406e+00
3.663898e-01    -5.688917e+00
3.786028e-01    -5.325675e+00
3.908158e-01    -4.967698e+00
4.030288e-01    -4.615957e+00
4.152418e-01    -4.271370e+00
4.274548e-01    -3.934800e+00
4.396678e-01    -3.607052e+00
4.518808e-01    -3.288871e+00
4.640938e-01    -2.980939e+00
4.763068e-01    -2.683876e+00
4.885198e-01    -2.398239e+00
5.007328e-01    -2.124516e+00
5.129458e-01    -1.863133e+00
5.251588e-01    -1.614450e+00
5.373718e-01    -1.378764e+00
5.495847e-01    -1.156305e+00
5.617977e-01    -9.472433e-01
5.740107e-01    -7.516863e-01
5.862237e-01    -5.696828e-01
5.984367e-01    -4.012238e-01
6.106497e-01    -2.462453e-01
6.228627e-01    -1.046302e-01
6.350757e-01    2.378854e-02
6.472887e-01    1.392253e-01
6.595017e-01    2.419398e-01
6.717147e-01    3.322313e-01
6.839277e-01    4.104389e-01
6.961407e-01    4.769361e-01
7.083537e-01    5.321285e-01
7.205667e-01    5.764498e-01
7.327797e-01    6.103590e-01
7.449927e-01    6.343368e-01
7.572057e-01    6.488822e-01
7.694187e-01    6.545103e-01
7.816316e-01    6.517476e-01
7.938446e-01    6.411302e-01
8.060576e-01    6.231998e-01
8.182706e-01    5.985019e-01
8.304836e-01    5.675820e-01
8.426966e-01    5.309839e-01
8.549096e-01    4.892464e-01
8.671226e-01    4.429016e-01
8.793356e-01    3.924722e-01
8.915486e-01    3.384699e-01
9.037616e-01    2.813932e-01
9.159746e-01    2.217255e-01
9.281876e-01    1.599349e-01
9.404006e-01    9.647066e-02
9.526136e-01    3.176380e-02
9.648266e-01    -3.377510e-02
9.770396e-01    -9.975608e-02
9.892526e-01    -1.658109e-01
1.001466e+00    -2.315937e-01
1.013679e+00    -2.967809e-01
1.025892e+00    -3.610722e-01
1.038105e+00    -4.241904e-01
1.050318e+00    -4.858814e-01
1.062531e+00    -5.459142e-01
1.074744e+00    -6.040808e-01
1.086957e+00    -6.601955e-01
1.099169e+00    -7.140951e-01
1.111382e+00    -7.656378e-01
1.123595e+00    -8.147029e-01
1.135808e+00    -8.611904e-01
1.148021e+00    -9.050199e-01
1.160234e+00    -9.461293e-01
1.172447e+00    -9.844753e-01
1.184660e+00    -1.020031e+00
1.196873e+00    -1.052788e+00
1.209086e+00    -1.082748e+00
1.221299e+00    -1.109934e+00
1.233512e+00    -1.134375e+00
1.245725e+00    -1.156119e+00
1.257938e+00    -1.175221e+00
1.270151e+00    -1.191747e+00
1.282364e+00    -1.205772e+00
1.294577e+00    -1.217381e+00
1.306790e+00    -1.226665e+00
1.319003e+00    -1.233721e+00
1.331216e+00    -1.238652e+00
1.343429e+00    -1.241565e+00
1.355642e+00    -1.242570e+00
1.367855e+00    -1.241782e+00
1.380068e+00    -1.239316e+00
1.392281e+00    -1.235288e+00
1.404494e+00    -1.229816e+00
1.416707e+00    -1.223016e+00
1.428920e+00    -1.215005e+00
1.441133e+00    -1.205897e+00
1.453346e+00    -1.195805e+00
1.465559e+00    -1.184839e+00
1.477772e+00    -1.173106e+00
1.489985e+00    -1.160710e+00
1.502198e+00    -1.147751e+00
1.514411e+00    -1.134326e+00
1.526624e+00    -1.120525e+00
1.538837e+00    -1.106436e+00
1.551050e+00    -1.092143e+00
1.563263e+00    -1.077722e+00
1.575476e+00    -1.063245e+00
1.587689e+00    -1.048781e+00
1.599902e+00    -1.034392e+00
1.612115e+00    -1.020134e+00
1.624328e+00    -1.006060e+00
1.636541e+00    -9.922164e-01
1.648754e+00    -9.786453e-01
1.660967e+00    -9.653834e-01
1.673180e+00    -9.524628e-01
1.685393e+00    -9.399107e-01
1.697606e+00    -9.277501e-01
1.709819e+00    -9.159993e-01
1.722032e+00    -9.046724e-01
1.734245e+00    -8.937798e-01
1.746458e+00    -8.833278e-01
1.758671e+00    -8.733192e-01
1.770884e+00    -8.637540e-01
1.783097e+00    -8.546282e-01
1.795310e+00    -8.459353e-01
1.807523e+00    -8.376665e-01
1.819736e+00    -8.298101e-01
1.831949e+00    -8.223526e-01
1.844162e+00    -8.152782e-01
1.856375e+00    -8.085697e-01
1.868588e+00    -8.022080e-01
1.880801e+00    -7.961733e-01
1.893014e+00    -7.904446e-01
1.905227e+00    -7.849995e-01
1.917440e+00    -7.798154e-01
1.929653e+00    -7.748696e-01
1.941866e+00    -7.701383e-01
1.954079e+00    -7.655981e-01
1.966292e+00    -7.612255e-01
1.978505e+00    -7.569975e-01
1.990718e+00    -7.528909e-01
2.002931e+00    -7.488836e-01
2.015144e+00    -7.449534e-01
2.027357e+00    -7.410793e-01
2.039570e+00    -7.372410e-01
2.051783e+00    -7.334189e-01
2.063996e+00    -7.295946e-01
2.076209e+00    -7.257504e-01
2.088422e+00    -7.218701e-01
2.100635e+00    -7.179383e-01
2.112848e+00    -7.139407e-01
2.125061e+00    -7.098646e-01
2.137274e+00    -7.056979e-01
2.149487e+00    -7.014302e-01
2.161700e+00    -6.970522e-01
2.173913e+00    -6.925557e-01
2.186126e+00    -6.879335e-01
2.198339e+00    -6.831802e-01
2.210552e+00    -6.782907e-01
2.222765e+00    -6.732619e-01
2.234978e+00    -6.680912e-01
2.247191e+00    -6.627771e-01
2.259404e+00    -6.573193e-01
2.271617e+00    -6.517183e-01
2.283830e+00    -6.459757e-01
2.296043e+00    -6.400936e-01
2.308256e+00    -6.340752e-01
2.320469e+00    -6.279241e-01
2.332682e+00    -6.216451e-01
2.344895e+00    -6.152433e-01
2.357108e+00    -6.087244e-01
2.369321e+00    -6.020945e-01
2.381534e+00    -5.953603e-01
2.393747e+00    -5.885289e-01
2.405960e+00    -5.816075e-01
2.418173e+00    -5.746040e-01
2.430386e+00    -5.675262e-01
2.442599e+00    -5.603822e-01
2.454812e+00    -5.531801e-01
2.467025e+00    -5.459281e-01
2.479238e+00    -5.386347e-01
2.491451e+00    -5.313079e-01
2.503664e+00    -5.239560e-01
2.515877e+00    -5.165871e-01
2.528090e+00    -5.092092e-01
2.540303e+00    -5.018301e-01
2.552516e+00    -4.944574e-01
2.564729e+00    -4.870984e-01
2.576942e+00    -4.797604e-01
2.589155e+00    -4.724500e-01
2.601368e+00    -4.651740e-01
2.613581e+00    -4.579384e-01
2.625794e+00    -4.507495e-01
2.638007e+00    -4.436125e-01
2.650220e+00    -4.365329e-01
2.662433e+00    -4.295156e-01
2.674646e+00    -4.225649e-01
2.686859e+00    -4.156851e-01
2.699072e+00    -4.088802e-01
2.711285e+00    -4.021533e-01
2.723498e+00    -3.955078e-01
2.735711e+00    -3.889462e-01
2.747924e+00    -3.824711e-01
2.760137e+00    -3.760846e-01
2.772350e+00    -3.697882e-01
2.784563e+00    -3.635836e-01
2.796776e+00    -3.574718e-01
2.808989e+00    -3.514535e-01
2.821202e+00    -3.455295e-01
2.833415e+00    -3.396999e-01
2.845628e+00    -3.339649e-01
2.857841e+00    -3.283242e-01
2.870054e+00    -3.227774e-01
2.882267e+00    -3.173239e-01
2.894480e+00    -3.119628e-01
2.906693e+00    -3.066933e-01
2.918906e+00    -3.015141e-01
2.931119e+00    -2.964240e-01
2.943332e+00    -2.914217e-01
2.955545e+00    -2.865055e-01
2.967758e+00    -2.816739e-01
2.979971e+00    -2.769252e-01
2.992184e+00    -2.722577e-01
3.004397e+00    -2.676694e-01
3.016610e+00    -2.631587e-01
3.028823e+00    -2.587237e-01
3.041036e+00    -2.543623e-01
3.053249e+00    -2.500727e-01
3.065462e+00    -2.458532e-01
3.077675e+00    -2.417017e-01
3.089888e+00    -2.376163e-01
3.102101e+00    -2.335953e-01
3.114314e+00    -2.296369e-01
3.126527e+00    -2.257394e-01
3.138740e+00    -2.219009e-01
3.150953e+00    -2.181199e-01
3.163166e+00    -2.143949e-01
3.175379e+00    -2.107242e-01
3.187592e+00    -2.071065e-01
3.199805e+00    -2.035403e-01
3.212018e+00    -2.000244e-01
3.224231e+00    -1.965574e-01
3.236444e+00    -1.931383e-01
3.248657e+00    -1.897659e-01
3.260870e+00    -1.864392e-01
3.273082e+00    -1.831573e-01
3.285295e+00    -1.799192e-01
3.297508e+00    -1.767242e-01
3.309721e+00    -1.735714e-01
3.321934e+00    -1.704603e-01
3.334147e+00    -1.673902e-01
3.346360e+00    -1.643606e-01
3.358573e+00    -1.613709e-01
3.370786e+00    -1.584207e-01
3.382999e+00    -1.555096e-01
3.395212e+00    -1.526372e-01
3.407425e+00    -1.498033e-01
3.419638e+00    -1.470076e-01
3.431851e+00    -1.442498e-01
3.444064e+00    -1.415297e-01
3.456277e+00    -1.388473e-01
3.468490e+00    -1.362022e-01
3.480703e+00    -1.335945e-01
3.492916e+00    -1.310240e-01
3.505129e+00    -1.284907e-01
3.517342e+00    -1.259943e-01
3.529555e+00    -1.235350e-01
3.541768e+00    -1.211127e-01
3.553981e+00    -1.187272e-01
3.566194e+00    -1.163785e-01
3.578407e+00    -1.140667e-01
3.590620e+00    -1.117916e-01
3.602833e+00    -1.095531e-01
3.615046e+00    -1.073512e-01
3.627259e+00    -1.051858e-01
3.639472e+00    -1.030568e-01
3.651685e+00    -1.009641e-01
3.663898e+00    -9.890762e-02
3.676111e+00    -9.688719e-02
3.688324e+00    -9.490265e-02
3.700537e+00    -9.295373e-02
3.712750e+00    -9.104056e-02
3.724963e+00    -8.916260e-02
3.737176e+00    -8.731977e-02
3.749389e+00    -8.551182e-02
3.761602e+00    -8.373846e-02
3.773815e+00    -8.199945e-02
3.786028e+00    -8.029447e-02
3.798241e+00    -7.862322e-02
3.810454e+00    -7.698539e-02
3.822667e+00    -7.538062e-02
3.834880e+00    -7.380855e-02
3.847093e+00    -7.226883e-02
3.859306e+00    -7.076106e-02
3.871519e+00    -6.928483e-02
3.883732e+00    -6.783976e-02
3.895945e+00    -6.642544e-02
3.908158e+00    -6.504141e-02
3.920371e+00    -6.368724e-02
3.932584e+00    -6.236252e-02
3.944797e+00    -6.106678e-02
3.957010e+00    -5.979957e-02
3.969223e+00    -5.856043e-02
3.981436e+00    -5.734889e-02
3.993649e+00    -5.616452e-02
4.005862e+00    -5.500683e-02
4.018075e+00    -5.387540e-02
4.030288e+00    -5.276970e-02
4.042501e+00    -5.168933e-02
4.054714e+00    -5.063379e-02
4.066927e+00    -4.960269e-02
4.079140e+00    -4.859552e-02
4.091353e+00    -4.761188e-02
4.103566e+00    -4.665131e-02
4.115779e+00    -4.571341e-02
4.127992e+00    -4.479771e-02
4.140205e+00    -4.390389e-02
4.152418e+00    -4.303140e-02
4.164631e+00    -4.217998e-02
4.176844e+00    -4.134917e-02
4.189057e+00    -4.053861e-02
4.201270e+00    -3.974801e-02
4.213483e+00    -3.897679e-02
4.225696e+00    -3.822484e-02
4.237909e+00    -3.749169e-02
4.250122e+00    -3.677710e-02
4.262335e+00    -3.608064e-02
4.274548e+00    -3.540210e-02
4.286761e+00    -3.474112e-02
4.298974e+00    -3.409744e-02
4.311187e+00    -3.347076e-02
4.323400e+00    -3.286082e-02
4.335613e+00    -3.226734e-02
4.347826e+00    -3.169008e-02
4.360039e+00    -3.112877e-02
4.372252e+00    -3.058320e-02
4.384465e+00    -3.005309e-02
4.396678e+00    -2.953828e-02
4.408891e+00    -2.903846e-02
4.421104e+00    -2.855349e-02
4.433317e+00    -2.808311e-02
4.445530e+00    -2.762714e-02
4.457743e+00    -2.718537e-02
4.469956e+00    -2.675760e-02
4.482169e+00    -2.634364e-02
4.494382e+00    -2.594328e-02
4.506595e+00    -2.555635e-02
4.518808e+00    -2.518267e-02
4.531021e+00    -2.482202e-02
4.543234e+00    -2.447427e-02
4.555447e+00    -2.413918e-02
4.567660e+00    -2.381661e-02
4.579873e+00    -2.350634e-02
4.592086e+00    -2.320825e-02
4.604299e+00    -2.292211e-02
4.616512e+00    -2.264775e-02
4.628725e+00    -2.238498e-02
4.640938e+00    -2.213364e-02
4.653151e+00    -2.189352e-02
4.665364e+00    -2.166444e-02
4.677577e+00    -2.144622e-02
4.689790e+00    -2.123866e-02
4.702003e+00    -2.104161e-02
4.714216e+00    -2.085478e-02
4.726429e+00    -2.067806e-02
4.738642e+00    -2.051122e-02
4.750855e+00    -2.035407e-02
4.763068e+00    -2.020638e-02
4.775281e+00    -2.006797e-02
4.787494e+00    -1.993861e-02
4.799707e+00    -1.981808e-02
4.811920e+00    -1.970625e-02
4.824133e+00    -1.960281e-02
4.836346e+00    -1.950754e-02
4.848559e+00    -1.942027e-02
4.860772e+00    -1.934075e-02
4.872985e+00    -1.926876e-02
4.885198e+00    -1.920407e-02
4.897411e+00    -1.914649e-02
4.909624e+00    -1.909569e-02
4.921837e+00    -1.905152e-02
4.934050e+00    -1.901377e-02
4.946263e+00    -1.898213e-02
4.958476e+00    -1.895643e-02
4.970689e+00    -1.893641e-02
4.982902e+00    -1.892185e-02
4.995115e+00    -1.891250e-02
5.007328e+00    -1.890814e-02
5.019541e+00    -1.890853e-02
5.031754e+00    -1.891343e-02
5.043967e+00    -1.892262e-02
5.056180e+00    -1.893588e-02
5.068393e+00    -1.895296e-02
5.080606e+00    -1.897363e-02
5.092819e+00    -1.899769e-02
5.105031e+00    -1.902489e-02
5.117245e+00    -1.905502e-02
5.129457e+00    -1.908784e-02
5.141671e+00    -1.912316e-02
5.153883e+00    -1.916074e-02
5.166097e+00    -1.920035e-02
5.178309e+00    -1.924186e-02
5.190523e+00    -1.928498e-02
5.202735e+00    -1.932953e-02
5.214949e+00    -1.937531e-02
5.227162e+00    -1.942212e-02
5.239375e+00    -1.946976e-02
5.251588e+00    -1.951805e-02
5.263801e+00    -1.956681e-02
5.276014e+00    -1.961583e-02
5.288227e+00    -1.966496e-02
5.300440e+00    -1.971400e-02
5.312653e+00    -1.976279e-02
5.324866e+00    -1.981120e-02
5.337079e+00    -1.985900e-02
5.349292e+00    -1.990608e-02
5.361505e+00    -1.995230e-02
5.373718e+00    -1.999746e-02
5.385931e+00    -2.004145e-02
5.398144e+00    -2.008419e-02
5.410357e+00    -2.012539e-02
5.422570e+00    -2.016505e-02
5.434783e+00    -2.020302e-02
5.446996e+00    -2.023918e-02
5.459208e+00    -2.027342e-02
5.471422e+00    -2.030559e-02
5.483634e+00    -2.033563e-02
5.495848e+00    -2.036341e-02
5.508060e+00    -2.038887e-02
5.520274e+00    -2.041187e-02
5.532486e+00    -2.043237e-02
5.544700e+00    -2.045026e-02
5.556912e+00    -2.046548e-02
5.569126e+00    -2.047794e-02
5.581338e+00    -2.048757e-02
5.593552e+00    -2.049432e-02
5.605764e+00    -2.049813e-02
5.617978e+00    -2.049894e-02
5.630190e+00    -2.049669e-02
5.642404e+00    -2.049133e-02
5.654616e+00    -2.048284e-02
5.666830e+00    -2.047116e-02
5.679042e+00    -2.045631e-02
5.691256e+00    -2.043819e-02
5.703468e+00    -2.041677e-02
5.715682e+00    -2.039213e-02
5.727894e+00    -2.036415e-02
5.740108e+00    -2.033286e-02
5.752320e+00    -2.029823e-02
5.764534e+00    -2.026027e-02
5.776746e+00    -2.021898e-02
5.788960e+00    -2.017434e-02
5.801172e+00    -2.012639e-02
5.813385e+00    -2.007506e-02
5.825598e+00    -2.002046e-02
5.837811e+00    -1.996254e-02
5.850024e+00    -1.990134e-02
5.862237e+00    -1.983689e-02
5.874450e+00    -1.976917e-02
5.886663e+00    -1.969824e-02
5.898876e+00    -1.962414e-02
5.911089e+00    -1.954684e-02
5.923302e+00    -1.946642e-02
5.935515e+00    -1.938293e-02
5.947728e+00    -1.929635e-02
5.959941e+00    -1.920678e-02
5.972154e+00    -1.911421e-02
5.984367e+00    -1.901872e-02
5.996580e+00    -1.892033e-02
6.008793e+00    -1.881911e-02
6.021006e+00    -1.871509e-02
6.033219e+00    -1.860833e-02
6.045432e+00    -1.849888e-02
6.057645e+00    -1.838681e-02
6.069858e+00    -1.827214e-02
6.082071e+00    -1.815496e-02
6.094284e+00    -1.803530e-02
6.106497e+00    -1.791326e-02
6.118710e+00    -1.778889e-02
6.130923e+00    -1.766221e-02
6.143136e+00    -1.753332e-02
6.155349e+00    -1.740228e-02
6.167562e+00    -1.726915e-02
6.179775e+00    -1.713398e-02
6.191988e+00    -1.699687e-02
6.204201e+00    -1.685785e-02
6.216414e+00    -1.671700e-02
6.228627e+00    -1.657439e-02
6.240840e+00    -1.643009e-02
6.253053e+00    -1.628415e-02
6.265266e+00    -1.613664e-02
6.277479e+00    -1.598765e-02
6.289692e+00    -1.583721e-02
6.301905e+00    -1.568541e-02
6.314118e+00    -1.553231e-02
6.326331e+00    -1.537797e-02
6.338544e+00    -1.522245e-02
6.350757e+00    -1.506583e-02
6.362970e+00    -1.490818e-02
6.375183e+00    -1.474954e-02
6.387396e+00    -1.458998e-02
6.399609e+00    -1.442954e-02
6.411822e+00    -1.426835e-02
6.424035e+00    -1.410641e-02
6.436248e+00    -1.394379e-02
6.448461e+00    -1.378057e-02
6.460674e+00    -1.361676e-02
6.472887e+00    -1.345251e-02
6.485100e+00    -1.328779e-02
6.497313e+00    -1.312269e-02
6.509526e+00    -1.295725e-02
6.521739e+00    -1.279155e-02
6.533952e+00    -1.262560e-02
6.546165e+00    -1.245950e-02
6.558378e+00    -1.229327e-02
6.570591e+00    -1.212698e-02
6.582804e+00    -1.196064e-02
6.595017e+00    -1.179434e-02
6.607230e+00    -1.162808e-02
6.619443e+00    -1.146195e-02
6.631656e+00    -1.129598e-02
6.643869e+00    -1.113016e-02
6.656082e+00    -1.096458e-02
6.668295e+00    -1.079930e-02
6.680508e+00    -1.063431e-02
6.692721e+00    -1.046965e-02
6.704934e+00    -1.030547e-02
6.717147e+00    -1.014150e-02
6.729360e+00    -9.978058e-03
6.741573e+00    -9.815089e-03
6.753786e+00    -9.652622e-03
6.765999e+00    -9.490678e-03
6.778212e+00    -9.329286e-03
6.790425e+00    -9.168485e-03
6.802638e+00    -9.008260e-03
6.814851e+00    -8.848679e-03
6.827064e+00    -8.689739e-03
6.839277e+00    -8.531474e-03
6.851490e+00    -8.373892e-03
6.863703e+00    -8.217020e-03
6.875916e+00    -8.060894e-03
6.888129e+00    -7.905490e-03
6.900342e+00    -7.750852e-03
6.912555e+00    -7.596999e-03
6.924768e+00    -7.443924e-03
6.936981e+00    -7.291673e-03
6.949194e+00    -7.140221e-03
6.961407e+00    -6.989611e-03
6.973620e+00    -6.839825e-03
6.985833e+00    -6.690903e-03
6.998046e+00    -6.542822e-03
7.010259e+00    -6.395614e-03
7.022472e+00    -6.249284e-03
7.034685e+00    -6.103833e-03
7.046898e+00    -5.959261e-03
7.059111e+00    -5.815600e-03
7.071324e+00    -5.672818e-03
7.083537e+00    -5.530957e-03
7.095750e+00    -5.390118e-03
7.107963e+00    -5.249934e-03
7.120176e+00    -5.110796e-03
7.132389e+00    -4.972582e-03
7.144602e+00    -4.835287e-03
7.156815e+00    -4.698908e-03
7.169028e+00    -4.563470e-03
7.181241e+00    -4.428953e-03
7.193454e+00    -4.295369e-03
7.205667e+00    -4.162728e-03
7.217880e+00    -4.031022e-03
7.230093e+00    -3.900263e-03
7.242306e+00    -3.770450e-03
7.254519e+00    -3.641572e-03
7.266732e+00    -3.513657e-03
7.278944e+00    -3.386690e-03
7.291158e+00    -3.260671e-03
7.303371e+00    -3.135614e-03
7.315584e+00    -3.011515e-03
7.327797e+00    -2.888385e-03
7.340010e+00    -2.766231e-03
7.352223e+00    -2.645024e-03
7.364436e+00    -2.524806e-03
7.376649e+00    -2.405557e-03
7.388862e+00    -2.287288e-03
7.401075e+00    -2.170019e-03
7.413288e+00    -2.053704e-03
7.425501e+00    -1.938394e-03
7.437714e+00    -1.824088e-03
7.449927e+00    -1.710775e-03
7.462140e+00    -1.598471e-03
7.474353e+00    -1.487167e-03
7.486566e+00    -1.376888e-03
7.498779e+00    -1.267625e-03
7.510992e+00    -1.159396e-03
7.523205e+00    -1.052193e-03
7.535418e+00    -9.460372e-04
7.547631e+00    -8.409215e-04
7.559844e+00    -7.368692e-04
7.572057e+00    -6.338676e-04
7.584270e+00    -5.319482e-04
7.596483e+00    -4.311139e-04
7.608696e+00    -3.313478e-04
7.620909e+00    -2.326952e-04
7.633121e+00    -1.351585e-04
7.645335e+00    -3.871730e-05
7.657547e+00    5.658973e-05
7.669761e+00    1.507556e-04
7.681973e+00    2.437769e-04
7.694187e+00    3.356365e-04
7.706399e+00    4.263077e-04
7.718613e+00    5.158513e-04
7.730825e+00    6.041716e-04
7.743039e+00    6.913085e-04
7.755251e+00    7.772231e-04
7.767465e+00    8.619208e-04
7.779677e+00    9.453896e-04
7.791891e+00    1.027624e-03
7.804103e+00    1.108574e-03
7.816317e+00    1.188290e-03
7.828529e+00    1.266717e-03
7.840743e+00    1.343866e-03
7.852955e+00    1.419713e-03
7.865169e+00    1.494241e-03
7.877381e+00    1.567478e-03
7.889595e+00    1.639376e-03
7.901807e+00    1.709955e-03
7.914021e+00    1.779148e-03
7.926233e+00    1.846990e-03
7.938447e+00    1.913466e-03
7.950659e+00    1.978550e-03
7.962873e+00    2.042264e-03
7.975085e+00    2.104573e-03
7.987298e+00    2.165461e-03
7.999511e+00    2.224925e-03
8.011724e+00    2.282965e-03
8.023937e+00    2.339568e-03
8.036150e+00    2.394725e-03
8.048364e+00    2.448429e-03
8.060576e+00    2.500664e-03
8.072789e+00    2.551432e-03
8.085002e+00    2.600726e-03
8.097216e+00    2.648550e-03
8.109428e+00    2.694853e-03
8.121641e+00    2.739681e-03
8.133854e+00    2.783009e-03
8.146068e+00    2.824839e-03
8.158280e+00    2.865153e-03
8.170493e+00    2.903956e-03
8.182706e+00    2.941247e-03
8.194920e+00    2.977036e-03
8.207132e+00    3.011297e-03
8.219345e+00    3.044042e-03
8.231558e+00    3.075276e-03
8.243772e+00    3.104985e-03
8.255984e+00    3.133178e-03
8.268197e+00    3.159850e-03
8.280410e+00    3.184996e-03
8.292624e+00    3.208661e-03
8.304836e+00    3.230791e-03
8.317049e+00    3.251416e-03
8.329262e+00    3.270541e-03
8.341475e+00    3.288167e-03
8.353688e+00    3.304299e-03
8.365901e+00    3.318937e-03
8.378115e+00    3.332092e-03
8.390327e+00    3.343771e-03
8.402540e+00    3.354040e-03
8.414753e+00    3.362721e-03
8.426967e+00    3.370023e-03
8.439179e+00    3.375869e-03
8.451392e+00    3.380284e-03
8.463605e+00    3.383273e-03
8.475819e+00    3.384857e-03
8.488031e+00    3.385033e-03
8.500244e+00    3.383839e-03
8.512457e+00    3.381249e-03
8.524671e+00    3.377299e-03
8.536883e+00    3.372013e-03
8.549096e+00    3.365390e-03
8.561309e+00    3.357454e-03
8.573523e+00    3.348214e-03
8.585735e+00    3.337692e-03
8.597948e+00    3.325927e-03
8.610161e+00    3.312860e-03
8.622375e+00    3.298589e-03
8.634587e+00    3.283086e-03
8.646800e+00    3.266412e-03
8.659013e+00    3.248552e-03
8.671227e+00    3.229534e-03
8.683439e+00    3.209370e-03
8.695652e+00    3.188090e-03
8.707865e+00    3.165698e-03
8.720078e+00    3.142276e-03
8.732291e+00    3.117760e-03
8.744504e+00    3.092211e-03
8.756717e+00    3.065658e-03
8.768930e+00    3.038105e-03
8.781143e+00    3.009580e-03
8.793356e+00    2.980128e-03
8.805569e+00    2.949714e-03
8.817782e+00    2.918413e-03
8.829995e+00    2.886232e-03
8.842208e+00    2.853208e-03
8.854421e+00    2.819342e-03
8.866634e+00    2.784659e-03
8.878847e+00    2.749202e-03
8.891060e+00    2.712992e-03
8.903273e+00    2.676075e-03
8.915486e+00    2.638375e-03
8.927699e+00    2.600025e-03
8.939912e+00    2.561009e-03
8.952125e+00    2.521354e-03
8.964338e+00    2.481093e-03
8.976551e+00    2.440238e-03
8.988764e+00    2.398816e-03
9.000977e+00    2.356862e-03
9.013190e+00    2.314373e-03
9.025403e+00    2.271406e-03
9.037616e+00    2.227969e-03
9.049829e+00    2.184096e-03
9.062042e+00    2.139766e-03
9.074255e+00    2.095061e-03
9.086468e+00    2.049976e-03
9.098680e+00    2.004548e-03
9.110894e+00    1.958763e-03
9.123107e+00    1.912686e-03
9.135320e+00    1.866319e-03
9.147532e+00    1.819687e-03
9.159746e+00    1.772812e-03
9.171959e+00    1.725727e-03
9.184172e+00    1.678428e-03
9.196384e+00    1.630962e-03
9.208598e+00    1.583322e-03
9.220811e+00    1.535544e-03
9.233024e+00    1.487669e-03
9.245236e+00    1.439689e-03
9.257450e+00    1.391631e-03
9.269663e+00    1.343513e-03
9.281876e+00    1.295367e-03
9.294088e+00    1.247189e-03
9.306302e+00    1.199022e-03
9.318515e+00    1.150876e-03
9.330728e+00    1.102772e-03
9.342940e+00    1.054695e-03
9.355154e+00    1.006703e-03
9.367367e+00    9.588130e-04
9.379580e+00    9.110133e-04
9.391793e+00    8.633292e-04
9.404006e+00    8.157973e-04
9.416219e+00    7.684020e-04
9.428432e+00    7.211661e-04
9.440645e+00    6.741224e-04
9.452858e+00    6.272706e-04
9.465071e+00    5.806244e-04
9.477283e+00    5.341917e-04
9.489497e+00    4.879916e-04
9.501710e+00    4.420228e-04
9.513923e+00    3.963286e-04
9.526135e+00    3.508936e-04
9.538349e+00    3.057315e-04
9.550562e+00    2.608675e-04
9.562775e+00    2.162922e-04
9.574987e+00    1.720206e-04
9.587201e+00    1.280807e-04
9.599414e+00    8.446215e-05
9.611627e+00    4.118679e-05
9.623839e+00    -1.748050e-06
9.636053e+00    -4.433389e-05
9.648266e+00    -8.656408e-05
9.660479e+00    -1.284103e-04
9.672691e+00    -1.698820e-04
9.684905e+00    -2.109832e-04
9.697118e+00    -2.516840e-04
9.709331e+00    -2.920169e-04
9.721543e+00    -3.318893e-04
9.733757e+00    -3.713871e-04
9.745970e+00    -4.104622e-04
9.758183e+00    -4.491217e-04
9.770395e+00    -4.873571e-04
9.782609e+00    -5.251699e-04
9.794822e+00    -5.625370e-04
9.807034e+00    -5.994803e-04
9.819247e+00    -6.359841e-04
9.831461e+00    -6.720509e-04
9.843674e+00    -7.076612e-04
9.855886e+00    -7.428188e-04
9.868099e+00    -7.775337e-04
9.880313e+00    -8.117832e-04
9.892526e+00    -8.455931e-04
9.904738e+00    -8.789378e-04
9.916951e+00    -9.118344e-04
9.929165e+00    -9.442667e-04
9.941378e+00    -9.762419e-04
9.953590e+00    -1.007752e-03
9.965803e+00    -1.038786e-03
9.978017e+00    -1.069364e-03
9.990230e+00    -1.099473e-03
1.000244e+01    -1.129126e-03
1.001466e+01    -1.158316e-03
1.002687e+01    -1.187011e-03
1.003908e+01    -1.215259e-03
1.005129e+01    -1.243033e-03
1.006351e+01    -1.270334e-03
1.007572e+01    -1.297164e-03
1.008793e+01    -1.323528e-03
1.010015e+01    -1.349473e-03
1.011236e+01    -1.374858e-03
1.012457e+01    -1.399823e-03
1.013679e+01    -1.424307e-03
1.014900e+01    -1.448332e-03
1.016121e+01    -1.471882e-03
1.017342e+01    -1.494977e-03
1.018564e+01    -1.517604e-03
1.019785e+01    -1.539772e-03
1.021006e+01    -1.561459e-03
1.022228e+01    -1.582691e-03
1.023449e+01    -1.603461e-03
1.024670e+01    -1.623775e-03
1.025891e+01    -1.643627e-03
1.027113e+01    -1.663026e-03
1.028334e+01    -1.681953e-03
1.029555e+01    -1.700452e-03
1.030777e+01    -1.718469e-03
1.031998e+01    -1.736038e-03
1.033219e+01    -1.753166e-03
1.034441e+01    -1.769812e-03
1.035662e+01    -1.786038e-03
1.036883e+01    -1.801801e-03
1.038105e+01    -1.817115e-03
1.039326e+01    -1.831988e-03
1.040547e+01    -1.846434e-03
1.041768e+01    -1.860374e-03
1.042990e+01    -1.873901e-03
1.044211e+01    -1.886988e-03
1.045432e+01    -1.899614e-03
1.046654e+01    -1.911804e-03
1.047875e+01    -1.923554e-03
1.049096e+01    -1.934909e-03
1.050318e+01    -1.945719e-03
1.051539e+01    -1.956149e-03
1.052760e+01    -1.966130e-03
1.053981e+01    -1.975675e-03
1.055203e+01    -1.984787e-03
1.056424e+01    -1.993453e-03
1.057645e+01    -2.001697e-03
1.058867e+01    -2.009490e-03
1.060088e+01    -2.016844e-03
1.061309e+01    -2.023793e-03
1.062531e+01    -2.030284e-03
1.063752e+01    -2.036352e-03
1.064973e+01    -2.042006e-03
1.066194e+01    -2.047211e-03
1.067416e+01    -2.051998e-03
1.068637e+01    -2.056356e-03
1.069858e+01    -2.060292e-03
1.071080e+01    -2.063795e-03
1.072301e+01    -2.066862e-03
1.073522e+01    -2.069510e-03
1.074744e+01    -2.071735e-03
1.075965e+01    -2.073547e-03
1.077186e+01    -2.074932e-03
1.078407e+01    -2.075890e-03
1.079629e+01    -2.076419e-03
1.080850e+01    -2.076537e-03
1.082071e+01    -2.076234e-03
1.083293e+01    -2.075510e-03
1.084514e+01    -2.074380e-03
1.085735e+01    -2.072827e-03
1.086957e+01    -2.070847e-03
1.088178e+01    -2.068456e-03
1.089399e+01    -2.065658e-03
1.090620e+01    -2.062440e-03
1.091842e+01    -2.058813e-03
1.093063e+01    -2.054785e-03
1.094284e+01    -2.050339e-03
1.095506e+01    -2.045492e-03
1.096727e+01    -2.040244e-03
1.097948e+01    -2.034582e-03
1.099170e+01    -2.028516e-03
1.100391e+01    -2.022066e-03
1.101612e+01    -2.015205e-03
1.102833e+01    -2.007955e-03
1.104055e+01    -2.000310e-03
1.105276e+01    -1.992275e-03
1.106497e+01    -1.983847e-03
1.107719e+01    -1.975034e-03
1.108940e+01    -1.965827e-03
1.110161e+01    -1.956241e-03
1.111382e+01    -1.946280e-03
1.112604e+01    -1.935950e-03
1.113825e+01    -1.925226e-03
1.115046e+01    -1.914133e-03
1.116268e+01    -1.902664e-03
1.117489e+01    -1.890834e-03
1.118710e+01    -1.878642e-03
1.119932e+01    -1.866085e-03
1.121153e+01    -1.853169e-03
1.122374e+01    -1.839907e-03
1.123596e+01    -1.826269e-03
1.124817e+01    -1.812293e-03
1.126038e+01    -1.797979e-03
1.127259e+01    -1.783319e-03
1.128481e+01    -1.768320e-03
1.129702e+01    -1.752963e-03
1.130923e+01    -1.737327e-03
1.132145e+01    -1.721347e-03
1.133366e+01    -1.705049e-03
1.134587e+01    -1.688434e-03
1.135808e+01    -1.671516e-03
1.137030e+01    -1.654286e-03
1.138251e+01    -1.636761e-03
1.139472e+01    -1.618934e-03
1.140694e+01    -1.600842e-03
1.141915e+01    -1.582432e-03
1.143136e+01    -1.563764e-03
1.144358e+01    -1.544820e-03
1.145579e+01    -1.525613e-03
1.146800e+01    -1.506142e-03
1.148022e+01    -1.486418e-03
1.149243e+01    -1.466442e-03
1.150464e+01    -1.446235e-03
1.151685e+01    -1.425788e-03
1.152907e+01    -1.405108e-03
1.154128e+01    -1.384212e-03
1.155349e+01    -1.363098e-03
1.156571e+01    -1.341766e-03
1.157792e+01    -1.320255e-03
1.159013e+01    -1.298522e-03
1.160234e+01    -1.276644e-03
1.161456e+01    -1.254524e-03
1.162677e+01    -1.232266e-03
1.163898e+01    -1.209836e-03
1.165120e+01    -1.187242e-03
1.166341e+01    -1.164514e-03
1.167562e+01    -1.141641e-03
1.168784e+01    -1.118621e-03
1.170005e+01    -1.095485e-03
1.171226e+01    -1.072214e-03
1.172447e+01    -1.048878e-03
1.173669e+01    -1.025420e-03
1.174890e+01    -1.001866e-03
1.176111e+01    -9.782285e-04
1.177333e+01    -9.545229e-04
1.178554e+01    -9.307428e-04
1.179775e+01    -9.069139e-04
1.180997e+01    -8.830431e-04
1.182218e+01    -8.591219e-04
1.183439e+01    -8.351728e-04
1.184660e+01    -8.112070e-04
1.185882e+01    -7.872369e-04
1.187103e+01    -7.632554e-04
1.188324e+01    -7.392630e-04
1.189546e+01    -7.153201e-04
1.190767e+01    -6.913811e-04
1.191988e+01    -6.674936e-04
1.193210e+01    -6.436295e-04
1.194431e+01    -6.198272e-04
1.195652e+01    -5.960893e-04
1.196873e+01    -5.724178e-04
1.198095e+01    -5.488288e-04
1.199316e+01    -5.253347e-04
1.200537e+01    -5.019337e-04
1.201759e+01    -4.785808e-04
1.202980e+01    -4.554606e-04
1.204201e+01    -4.324317e-04
1.205423e+01    -4.095242e-04
1.206644e+01    -3.867495e-04
1.207865e+01    -3.641406e-04
1.209086e+01    -3.416945e-04
1.210308e+01    -3.194018e-04
1.211529e+01    -2.973371e-04
1.212750e+01    -2.754398e-04
1.213972e+01    -2.537312e-04
1.215193e+01    -2.322362e-04
1.216414e+01    -2.109683e-04
1.217636e+01    -1.899200e-04
1.218857e+01    -1.691616e-04
1.220078e+01    -1.485370e-04
1.221299e+01    -1.282242e-04
1.222521e+01    -1.081586e-04
1.223742e+01    -8.836611e-05
1.224963e+01    -6.884652e-05
1.226185e+01    -4.961290e-05
1.227406e+01    -3.066535e-05
1.228627e+01    -1.201605e-05
1.229849e+01    6.311857e-06
1.231070e+01    2.436635e-05
1.232291e+01    4.207264e-05
1.233512e+01    5.943844e-05
1.234734e+01    7.652246e-05
1.235955e+01    9.324164e-05
1.237176e+01    1.096064e-04
1.238398e+01    1.256254e-04
1.239619e+01    1.412887e-04
1.240840e+01    1.565782e-04
1.242062e+01    1.715273e-04
1.243283e+01    1.860895e-04
1.244504e+01    2.002627e-04
1.245725e+01    2.140597e-04
1.246947e+01    2.274659e-04
1.248168e+01    2.404748e-04
1.249389e+01    2.530394e-04
1.250611e+01    2.652926e-04
1.251832e+01    2.770881e-04
1.253053e+01    2.884853e-04
1.254275e+01    2.994675e-04
1.255496e+01    3.100202e-04
1.256717e+01    3.201740e-04
1.257938e+01    3.298837e-04
1.259160e+01    3.391755e-04
1.260381e+01    3.480798e-04
1.261602e+01    3.564597e-04
1.262824e+01    3.644762e-04
1.264045e+01    3.720635e-04
1.265266e+01    3.791962e-04
1.266488e+01    3.858992e-04
1.267709e+01    3.921753e-04
1.268930e+01    3.980054e-04
1.270151e+01    4.034037e-04
1.271373e+01    4.083678e-04
1.272594e+01    4.129042e-04
1.273815e+01    4.169933e-04
1.275037e+01    4.206717e-04
1.276258e+01    4.238950e-04
1.277479e+01    4.266874e-04
1.278701e+01    4.290564e-04
1.279922e+01    4.310172e-04
1.281143e+01    4.325096e-04
1.282364e+01    4.336039e-04
1.283586e+01    4.342661e-04
1.284807e+01    4.345179e-04
1.286028e+01    4.343516e-04
1.287250e+01    4.337769e-04
1.288471e+01    4.327706e-04
1.289692e+01    4.313894e-04
1.290914e+01    4.295994e-04
1.292135e+01    4.273926e-04
1.293356e+01    4.248205e-04
1.294577e+01    4.218431e-04
1.295799e+01    4.184914e-04
1.297020e+01    4.147394e-04
1.298241e+01    4.106500e-04
1.299463e+01    4.061614e-04
1.300684e+01    4.013269e-04
1.301905e+01    3.961319e-04
1.303127e+01    3.905771e-04
1.304348e+01    3.847267e-04
1.305569e+01    3.784801e-04
1.306790e+01    3.719065e-04
1.308012e+01    3.650339e-04
1.309233e+01    3.578406e-04
1.310454e+01    3.503403e-04
1.311676e+01    3.425253e-04
1.312897e+01    3.344271e-04
1.314118e+01    3.260310e-04
1.315340e+01    3.173568e-04
1.316561e+01    3.084207e-04
1.317782e+01    2.992086e-04
1.319003e+01    2.897225e-04
1.320225e+01    2.800232e-04
1.321446e+01    2.700872e-04
1.322667e+01    2.599017e-04
1.323889e+01    2.494904e-04
1.325110e+01    2.388651e-04
1.326331e+01    2.280527e-04
1.327553e+01    2.170329e-04
1.328774e+01    2.058080e-04
1.329995e+01    1.944040e-04
1.331216e+01    1.828505e-04
1.332438e+01    1.711287e-04
1.333659e+01    1.592601e-04
1.334880e+01    1.472189e-04
1.336102e+01    1.350581e-04
1.337323e+01    1.227666e-04
1.338544e+01    1.103656e-04
1.339766e+01    9.787692e-05
1.340987e+01    8.522802e-05
1.342208e+01    7.254337e-05
1.343429e+01    5.976215e-05
1.344651e+01    4.689835e-05
1.345872e+01    3.398534e-05
1.347093e+01    2.101303e-05
1.348315e+01    7.987161e-06
1.349536e+01    -5.084861e-06
1.350757e+01    -1.816528e-05
1.351978e+01    -3.127266e-05
1.353200e+01    -4.439607e-05
1.354421e+01    -5.751936e-05
1.355642e+01    -7.064481e-05
1.356864e+01    -8.374280e-05
1.358085e+01    -9.681301e-05
1.359306e+01    -1.098886e-04
1.360528e+01    -1.229153e-04
1.361749e+01    -1.358817e-04
1.362970e+01    -1.488003e-04
1.364192e+01    -1.616595e-04
1.365413e+01    -1.744563e-04
1.366634e+01    -1.871648e-04
1.367855e+01    -1.997834e-04
1.369077e+01    -2.123307e-04
1.370298e+01    -2.247645e-04
1.371519e+01    -2.370924e-04
1.372741e+01    -2.493089e-04
1.373962e+01    -2.614388e-04
1.375183e+01    -2.734237e-04
1.376404e+01    -2.852611e-04
1.377626e+01    -2.969788e-04
1.378847e+01    -3.085445e-04
1.380068e+01    -3.199485e-04
1.381290e+01    -3.312219e-04
1.382511e+01    -3.423195e-04
1.383732e+01    -3.532485e-04
1.384954e+01    -3.640099e-04
1.386175e+01    -3.745809e-04
1.387396e+01    -3.849737e-04
1.388618e+01    -3.951743e-04
1.389839e+01    -4.052124e-04
1.391060e+01    -4.150286e-04
1.392281e+01    -4.246490e-04
1.393503e+01    -4.340565e-04
1.394724e+01    -4.432572e-04
1.395945e+01    -4.522460e-04
1.397167e+01    -4.610106e-04
1.398388e+01    -4.695627e-04
1.399609e+01    -4.778717e-04
1.400830e+01    -4.859820e-04
1.402052e+01    -4.938298e-04
1.403273e+01    -5.014797e-04
1.404494e+01    -5.088600e-04
1.405716e+01    -5.160145e-04
1.406937e+01    -5.229168e-04
1.408158e+01    -5.295766e-04
1.409380e+01    -5.359950e-04
1.410601e+01    -5.421552e-04
1.411822e+01    -5.480575e-04
1.413043e+01    -5.537145e-04
1.414265e+01    -5.591135e-04
1.415486e+01    -5.642538e-04
1.416707e+01    -5.691338e-04
1.417929e+01    -5.737554e-04
1.419150e+01    -5.780623e-04
1.420371e+01    -5.822087e-04
1.421593e+01    -5.860452e-04
1.422814e+01    -5.896006e-04
1.424035e+01    -5.929052e-04
1.425256e+01    -5.959339e-04
1.426478e+01    -5.987069e-04
1.427699e+01    -6.011919e-04
1.428920e+01    -6.034192e-04
1.430142e+01    -6.053821e-04
1.431363e+01    -6.070670e-04
1.432584e+01    -6.084921e-04
1.433806e+01    -6.096362e-04
1.435027e+01    -6.105119e-04
1.436248e+01    -6.111216e-04
1.437469e+01    -6.114637e-04
1.438691e+01    -6.115271e-04
1.439912e+01    -6.113402e-04
1.441133e+01    -6.108554e-04
1.442355e+01    -6.101225e-04
1.443576e+01    -6.091184e-04
1.444797e+01    -6.078416e-04
1.446019e+01    -6.063062e-04
1.447240e+01    -6.045011e-04
1.448461e+01    -6.024177e-04
1.449682e+01    -6.000862e-04
1.450904e+01    -5.974845e-04
1.452125e+01    -5.946187e-04
1.453346e+01    -5.914951e-04
1.454568e+01    -5.881061e-04
1.455789e+01    -5.844421e-04
1.457010e+01    -5.805528e-04
1.458232e+01    -5.763833e-04
1.459453e+01    -5.719647e-04
1.460674e+01    -5.672866e-04
1.461895e+01    -5.623566e-04
1.463117e+01    -5.571587e-04
1.464338e+01    -5.517214e-04
1.465559e+01    -5.460359e-04
1.466781e+01    -5.400965e-04
1.468002e+01    -5.339165e-04
1.469223e+01    -5.274735e-04
1.470445e+01    -5.207995e-04
1.471666e+01    -5.138892e-04
1.472887e+01    -5.067115e-04
1.474109e+01    -4.993245e-04
1.475330e+01    -4.916640e-04
1.476551e+01    -4.837809e-04
1.477772e+01    -4.756589e-04
1.478994e+01    -4.673116e-04
1.480215e+01    -4.587279e-04
1.481436e+01    -4.499020e-04
1.482658e+01    -4.408482e-04
1.483879e+01    -4.315748e-04
1.485100e+01    -4.220729e-04
1.486321e+01    -4.123502e-04
1.487543e+01    -4.023936e-04
1.488764e+01    -3.922331e-04
1.489985e+01    -3.818318e-04
1.491207e+01    -3.712309e-04
1.492428e+01    -3.604022e-04
1.493649e+01    -3.493937e-04
1.494871e+01    -3.381472e-04
1.496092e+01    -3.266695e-04
1.497313e+01    -3.150521e-04
1.498534e+01    -3.032107e-04
1.499756e+01    -2.911664e-04
1.500977e+01    -2.789122e-04
1.502198e+01    -2.664728e-04
1.503420e+01    -2.538339e-04
1.504641e+01    -2.410178e-04
1.505862e+01    -2.280114e-04
1.507084e+01    -2.148210e-04
1.508305e+01    -2.014437e-04
1.509526e+01    -1.879002e-04
1.510747e+01    -1.742006e-04
1.511969e+01    -1.602893e-04
1.513190e+01    -1.462342e-04
1.514411e+01    -1.320092e-04
1.515633e+01    -1.176229e-04
1.516854e+01    -1.030865e-04
1.518075e+01    -8.839159e-05
1.519297e+01    -7.353965e-05
1.520518e+01    -5.856176e-05
1.521739e+01    -4.342526e-05
1.522960e+01    -2.815247e-05
1.524182e+01    -1.275006e-05
1.525403e+01    2.784427e-06
1.526624e+01    1.844419e-05
1.527846e+01    3.423166e-05
1.529067e+01    5.012502e-05
1.530288e+01    6.612998e-05
1.531509e+01    8.224259e-05
1.532731e+01    9.846545e-05
1.533952e+01    1.147787e-04
1.535173e+01    1.311830e-04
1.536395e+01    1.476750e-04
1.537616e+01    1.642472e-04
1.538837e+01    1.808982e-04
1.540059e+01    1.976140e-04
1.541280e+01    2.144029e-04
1.542501e+01    2.312358e-04
1.543723e+01    2.481382e-04
1.544944e+01    2.650791e-04
1.546165e+01    2.820621e-04
1.547386e+01    2.990817e-04
1.548608e+01    3.161344e-04
1.549829e+01    3.332064e-04
1.551050e+01    3.502854e-04
1.552272e+01    3.673915e-04
1.553493e+01    3.845060e-04
1.554714e+01    4.015931e-04
1.555935e+01    4.186896e-04
1.557157e+01    4.357536e-04
1.558378e+01    4.528104e-04
1.559599e+01    4.698374e-04
1.560821e+01    4.868104e-04
1.562042e+01    5.037559e-04
1.563263e+01    5.206437e-04
1.564485e+01    5.374692e-04
1.565706e+01    5.542404e-04
1.566927e+01    5.709240e-04
1.568149e+01    5.875345e-04
1.569370e+01    6.040449e-04
1.570591e+01    6.204721e-04
1.571812e+01    6.368603e-04
1.573034e+01    6.529852e-04
1.574255e+01    6.690861e-04
1.575476e+01    6.850462e-04
1.576698e+01    7.008744e-04
1.577919e+01    7.165553e-04
1.579140e+01    7.320895e-04
1.580362e+01    7.474708e-04
1.581583e+01    7.626741e-04
1.582804e+01    7.777089e-04
1.584025e+01    7.925515e-04
1.585247e+01    8.072356e-04
1.586468e+01    8.217095e-04
1.587689e+01    8.359775e-04
1.588911e+01    8.500118e-04
1.590132e+01    8.638781e-04
1.591353e+01    8.774961e-04
1.592575e+01    8.908782e-04
1.593796e+01    9.040263e-04
1.595017e+01    9.169242e-04
1.596238e+01    9.295680e-04
1.597460e+01    9.419597e-04
1.598681e+01    9.540735e-04
1.599902e+01    9.659033e-04
1.601124e+01    9.774636e-04
1.602345e+01    9.887423e-04
1.603566e+01    9.997102e-04
1.604787e+01    1.010375e-03
1.606009e+01    1.020747e-03
1.607230e+01    1.030792e-03
1.608451e+01    1.040521e-03
1.609673e+01    1.049921e-03
1.610894e+01    1.059029e-03
1.612115e+01    1.067730e-03
1.613337e+01    1.076114e-03
1.614558e+01    1.084162e-03
1.615779e+01    1.091848e-03
1.617001e+01    1.099178e-03
1.618222e+01    1.106142e-03
1.619443e+01    1.112763e-03
1.620664e+01    1.118976e-03
1.621886e+01    1.124826e-03
1.623107e+01    1.130303e-03
1.624328e+01    1.135393e-03
1.625550e+01    1.140100e-03
1.626771e+01    1.144421e-03
1.627992e+01    1.148344e-03
1.629214e+01    1.151883e-03
1.630435e+01    1.155009e-03
1.631656e+01    1.157739e-03
1.632877e+01    1.160074e-03
1.634099e+01    1.161975e-03
1.635320e+01    1.163522e-03
1.636541e+01    1.164638e-03
1.637763e+01    1.165350e-03
1.638984e+01    1.165655e-03
1.640205e+01    1.165544e-03
1.641426e+01    1.165022e-03
1.642648e+01    1.164099e-03
1.643869e+01    1.162766e-03
1.645090e+01    1.161007e-03
1.646312e+01    1.158850e-03
1.647533e+01    1.156282e-03
1.648754e+01    1.153308e-03
1.649976e+01    1.149938e-03
1.651197e+01    1.146143e-03
1.652418e+01    1.141952e-03
1.653639e+01    1.137358e-03
1.654861e+01    1.132371e-03
1.656082e+01    1.126977e-03
1.657303e+01    1.121200e-03
1.658525e+01    1.115029e-03
1.659746e+01    1.108473e-03
1.660967e+01    1.101524e-03
1.662189e+01    1.094203e-03
1.663410e+01    1.086492e-03
1.664631e+01    1.078434e-03
1.665853e+01    1.069995e-03
1.667074e+01    1.061184e-03
1.668295e+01    1.052036e-03
1.669516e+01    1.042523e-03
1.670738e+01    1.032670e-03
1.671959e+01    1.022462e-03
1.673180e+01    1.011927e-03
1.674402e+01    1.001057e-03
1.675623e+01    9.898627e-04
1.676844e+01    9.783506e-04
1.678065e+01    9.665173e-04
1.679287e+01    9.543883e-04
1.680508e+01    9.419643e-04
1.681729e+01    9.292209e-04
1.682951e+01    9.161981e-04
1.684172e+01    9.029059e-04
1.685393e+01    8.893284e-04
1.686615e+01    8.754937e-04
1.687836e+01    8.613943e-04
1.689057e+01    8.470681e-04
1.690278e+01    8.324614e-04
1.691500e+01    8.176389e-04
1.692721e+01    8.025811e-04
1.693942e+01    7.873061e-04
1.695164e+01    7.718129e-04
1.696385e+01    7.561158e-04
1.697606e+01    7.402513e-04
1.698828e+01    7.241536e-04
1.700049e+01    7.079109e-04
1.701270e+01    6.914745e-04
1.702491e+01    6.748825e-04
1.703713e+01    6.581346e-04
1.704934e+01    6.412476e-04
1.706155e+01    6.242162e-04
1.707377e+01    6.070611e-04
1.708598e+01    5.897732e-04
1.709819e+01    5.723804e-04
1.711040e+01    5.548475e-04
1.712262e+01    5.372956e-04
1.713483e+01    5.196054e-04
1.714705e+01    5.018446e-04
1.715926e+01    4.840223e-04
1.717147e+01    4.661207e-04
1.718368e+01    4.481651e-04
1.719590e+01    4.301487e-04
1.720811e+01    4.121152e-04
1.722032e+01    3.940521e-04
1.723254e+01    3.759404e-04
1.724475e+01    3.578223e-04
1.725696e+01    3.397058e-04
1.726917e+01    3.215771e-04
1.728139e+01    3.034559e-04
1.729360e+01    2.853556e-04
1.730581e+01    2.672980e-04
1.731803e+01    2.492175e-04
1.733024e+01    2.311950e-04
1.734245e+01    2.132130e-04
1.735467e+01    1.952885e-04
1.736688e+01    1.774144e-04
1.737909e+01    1.596012e-04
1.739130e+01    1.418627e-04
1.740352e+01    1.241975e-04
1.741573e+01    1.066336e-04
1.742794e+01    8.912760e-05
1.744016e+01    7.172754e-05
1.745237e+01    5.443730e-05
1.746458e+01    3.724186e-05
1.747680e+01    2.015993e-05
1.748901e+01    3.205601e-06
1.750122e+01    -1.364094e-05
1.751343e+01    -3.034468e-05
1.752565e+01    -4.692217e-05
1.753786e+01    -6.337247e-05
1.755007e+01    -7.967044e-05
1.756229e+01    -9.582013e-05
1.757450e+01    -1.118239e-04
1.758671e+01    -1.276687e-04
1.759892e+01    -1.433584e-04
1.761114e+01    -1.588765e-04
1.762335e+01    -1.742388e-04
1.763556e+01    -1.894339e-04
1.764778e+01    -2.044493e-04
1.765999e+01    -2.192874e-04
1.767220e+01    -2.339377e-04
1.768442e+01    -2.484104e-04
1.769663e+01    -2.626935e-04
1.770884e+01    -2.767938e-04
1.772106e+01    -2.906243e-04
1.773327e+01    -3.044114e-04
1.774548e+01    -3.179211e-04
1.775769e+01    -3.312329e-04
1.776991e+01    -3.443399e-04
1.778212e+01    -3.572477e-04
1.779433e+01    -3.699324e-04
1.780655e+01    -3.824381e-04
1.781876e+01    -3.947082e-04
1.783097e+01    -4.067748e-04
1.784319e+01    -4.186266e-04
1.785540e+01    -4.302415e-04
1.786761e+01    -4.416801e-04
1.787982e+01    -4.528819e-04
1.789204e+01    -4.638699e-04
1.790425e+01    -4.746336e-04
1.791646e+01    -4.851831e-04
1.792868e+01    -4.954939e-04
1.794089e+01    -5.056064e-04
1.795310e+01    -5.154809e-04
1.796531e+01    -5.251365e-04
1.797753e+01    -5.345722e-04
1.798974e+01    -5.437746e-04
1.800196e+01    -5.527484e-04
1.801417e+01    -5.615306e-04
1.802638e+01    -5.700398e-04
1.803859e+01    -5.783777e-04
1.805081e+01    -5.864530e-04
1.806302e+01    -5.943209e-04
1.807523e+01    -6.019400e-04
1.808744e+01    -6.093528e-04
1.809966e+01    -6.165329e-04
1.811187e+01    -6.235042e-04
1.812408e+01    -6.302137e-04
1.813630e+01    -6.367275e-04
1.814851e+01    -6.430002e-04
1.816072e+01    -6.490453e-04
1.817294e+01    -6.548704e-04
1.818515e+01    -6.604765e-04
1.819736e+01    -6.658489e-04
1.820958e+01    -6.709938e-04
1.822179e+01    -6.759205e-04
1.823400e+01    -6.806056e-04
1.824621e+01    -6.850893e-04
1.825843e+01    -6.893318e-04
1.827064e+01    -6.933582e-04
1.828285e+01    -6.971600e-04
1.829507e+01    -7.007443e-04
1.830728e+01    -7.040951e-04
1.831949e+01    -7.072245e-04
1.833171e+01    -7.101220e-04
1.834392e+01    -7.128178e-04
1.835613e+01    -7.152966e-04
1.836834e+01    -7.175254e-04
1.838056e+01    -7.195641e-04
1.839277e+01    -7.213950e-04
1.840498e+01    -7.229570e-04
1.841720e+01    -7.243307e-04
1.842941e+01    -7.254689e-04
1.844162e+01    -7.264271e-04
1.845383e+01    -7.271384e-04
1.846605e+01    -7.276279e-04
1.847826e+01    -7.279150e-04
1.849047e+01    -7.279828e-04
1.850269e+01    -7.278189e-04
1.851490e+01    -7.274583e-04
1.852711e+01    -7.268736e-04
1.853933e+01    -7.260882e-04
1.855154e+01    -7.250557e-04
1.856375e+01    -7.238196e-04
1.857596e+01    -7.223857e-04
1.858818e+01    -7.207174e-04
1.860039e+01    -7.188428e-04
1.861260e+01    -7.167552e-04
1.862482e+01    -7.144372e-04
1.863703e+01    -7.119502e-04
1.864924e+01    -7.092229e-04
1.866146e+01    -7.062933e-04
1.867367e+01    -7.031353e-04
1.868588e+01    -6.997939e-04
1.869810e+01    -6.962358e-04
1.871031e+01    -6.924656e-04
1.872252e+01    -6.884940e-04
1.873473e+01    -6.843123e-04
1.874695e+01    -6.799244e-04
1.875916e+01    -6.753462e-04
1.877137e+01    -6.705504e-04
1.878359e+01    -6.655571e-04
1.879580e+01    -6.603694e-04
1.880801e+01    -6.549826e-04
1.882022e+01    -6.494054e-04
1.883244e+01    -6.436135e-04
1.884465e+01    -6.376372e-04
1.885686e+01    -6.314642e-04
1.886908e+01    -6.251074e-04
1.888129e+01    -6.185486e-04
1.889350e+01    -6.117991e-04
1.890572e+01    -6.048847e-04
1.891793e+01    -5.977717e-04
1.893014e+01    -5.904774e-04
1.894235e+01    -5.829972e-04
1.895457e+01    -5.753385e-04
1.896678e+01    -5.675002e-04
1.897899e+01    -5.594993e-04
1.899121e+01    -5.513136e-04
1.900342e+01    -5.429544e-04
1.901563e+01    -5.344379e-04
1.902785e+01    -5.257609e-04
1.904006e+01    -5.169063e-04
1.905227e+01    -5.079039e-04
1.906449e+01    -4.987363e-04
1.907670e+01    -4.894261e-04
1.908891e+01    -4.799583e-04
1.910112e+01    -4.703578e-04
1.911334e+01    -4.606170e-04
1.912555e+01    -4.507003e-04
1.913776e+01    -4.406754e-04
1.914997e+01    -4.305241e-04
1.916219e+01    -4.202179e-04
1.917440e+01    -4.098026e-04
1.918661e+01    -3.992665e-04
1.919883e+01    -3.886173e-04
1.921104e+01    -3.778523e-04
1.922325e+01    -3.669729e-04
1.923547e+01    -3.559912e-04
1.924768e+01    -3.449053e-04
1.925989e+01    -3.337368e-04
1.927211e+01    -3.224761e-04
1.928432e+01    -3.110961e-04
1.929653e+01    -2.996848e-04
1.930874e+01    -2.881760e-04
1.932096e+01    -2.765873e-04
1.933317e+01    -2.649399e-04
1.934538e+01    -2.532292e-04
1.935760e+01    -2.414578e-04
1.936981e+01    -2.296350e-04
1.938202e+01    -2.177697e-04
1.939424e+01    -2.058406e-04
1.940645e+01    -1.939103e-04
1.941866e+01    -1.819126e-04
1.943087e+01    -1.699355e-04
1.944309e+01    -1.579221e-04
1.945530e+01    -1.458734e-04
1.946751e+01    -1.338420e-04
1.947973e+01    -1.217882e-04
1.949194e+01    -1.097543e-04
1.950415e+01    -9.771931e-05
1.951637e+01    -8.570626e-05
1.952858e+01    -7.370896e-05
1.954079e+01    -6.173579e-05
1.955301e+01    -4.983675e-05
1.956522e+01    -3.789972e-05
1.957743e+01    -2.605021e-05
1.958964e+01    -1.422981e-05
1.960186e+01    -2.492510e-06
1.961407e+01    9.190866e-06
1.962628e+01    2.081227e-05
1.963849e+01    3.237020e-05
1.965071e+01    4.384980e-05
1.966292e+01    5.522781e-05
1.967513e+01    6.653287e-05
1.968735e+01    7.772917e-05
1.969956e+01    8.883904e-05
1.971177e+01    9.984674e-05
1.972399e+01    1.107114e-04
1.973620e+01    1.215040e-04
1.974841e+01    1.321532e-04
1.976063e+01    1.426907e-04
1.977284e+01    1.530714e-04
1.978505e+01    1.633298e-04
1.979726e+01    1.734523e-04
1.980948e+01    1.834324e-04
1.982169e+01    1.932273e-04
1.983390e+01    2.028986e-04
1.984612e+01    2.123935e-04
1.985833e+01    2.217188e-04
1.987054e+01    2.308812e-04
1.988276e+01    2.398603e-04
1.989497e+01    2.486478e-04
1.990718e+01    2.573002e-04
1.991939e+01    2.657420e-04
1.993161e+01    2.739946e-04
1.994382e+01    2.820424e-04
1.995603e+01    2.898979e-04
1.996825e+01    2.975436e-04
1.998046e+01    3.050012e-04
1.999267e+01    3.122424e-04
2.000488e+01    3.192734e-04
2.001710e+01    3.261047e-04
2.002931e+01    3.327357e-04
2.004152e+01    3.391071e-04
2.005374e+01    3.452536e-04
2.006595e+01    3.512080e-04
2.007816e+01    3.569075e-04
2.009038e+01    3.623902e-04
2.010259e+01    3.676458e-04
2.011480e+01    3.727079e-04
2.012702e+01    3.774950e-04
2.013923e+01    3.820559e-04
2.015144e+01    3.863894e-04
2.016365e+01    3.904931e-04
2.017587e+01    3.943381e-04
2.018808e+01    3.979680e-04
2.020029e+01    4.013633e-04
2.021251e+01    4.045091e-04
2.022472e+01    4.074125e-04
2.023693e+01    4.101099e-04
2.024915e+01    4.125262e-04
2.026136e+01    4.147245e-04
2.027357e+01    4.166847e-04
2.028578e+01    4.183990e-04
2.029800e+01    4.198871e-04
2.031021e+01    4.211465e-04
2.032242e+01    4.221639e-04
2.033464e+01    4.229439e-04
2.034685e+01    4.235092e-04
2.035906e+01    4.238493e-04
2.037127e+01    4.239199e-04
2.038349e+01    4.238154e-04
2.039570e+01    4.234546e-04
2.040791e+01    4.228821e-04
2.042013e+01    4.220959e-04
2.043234e+01    4.210704e-04
2.044455e+01    4.198398e-04
2.045677e+01    4.184028e-04
2.046898e+01    4.167550e-04
2.048119e+01    4.148984e-04
2.049340e+01    4.128309e-04
2.050562e+01    4.105430e-04
2.051783e+01    4.081135e-04
2.053004e+01    4.054515e-04
2.054226e+01    4.026046e-04
2.055447e+01    3.995619e-04
2.056668e+01    3.963496e-04
2.057890e+01    3.929502e-04
2.059111e+01    3.893691e-04
2.060332e+01    3.856195e-04
2.061554e+01    3.816843e-04
2.062775e+01    3.775875e-04
2.063996e+01    3.733315e-04
2.065217e+01    3.689274e-04
2.066439e+01    3.643660e-04
2.067660e+01    3.596961e-04
2.068881e+01    3.547766e-04
2.070103e+01    3.497743e-04
2.071324e+01    3.446237e-04
2.072545e+01    3.393535e-04
2.073767e+01    3.339503e-04
2.074988e+01    3.284311e-04
2.076209e+01    3.227549e-04
2.077430e+01    3.169920e-04
2.078652e+01    3.111159e-04
2.079873e+01    3.051212e-04
2.081094e+01    2.990034e-04
2.082316e+01    2.928374e-04
2.083537e+01    2.865595e-04
2.084758e+01    2.802189e-04
2.085979e+01    2.737103e-04
2.087201e+01    2.671710e-04
2.088422e+01    2.605447e-04
2.089643e+01    2.538598e-04
2.090865e+01    2.470921e-04
2.092086e+01    2.402626e-04
2.093307e+01    2.333722e-04
2.094529e+01    2.264240e-04
2.095750e+01    2.194286e-04
2.096971e+01    2.123920e-04
2.098192e+01    2.053078e-04
2.099414e+01    1.981782e-04
2.100635e+01    1.910128e-04
2.101856e+01    1.838265e-04
2.103078e+01    1.766035e-04
2.104299e+01    1.693418e-04
2.105520e+01    1.620874e-04
2.106742e+01    1.547968e-04
2.107963e+01    1.474962e-04
2.109184e+01    1.401925e-04
2.110406e+01    1.328733e-04
2.111627e+01    1.255314e-04
2.112848e+01    1.182508e-04
2.114069e+01    1.109338e-04
2.115291e+01    1.036304e-04
2.116512e+01    9.635420e-05
2.117733e+01    8.905894e-05
2.118955e+01    8.179202e-05
2.120176e+01    7.455130e-05
2.121397e+01    6.733082e-05
2.122618e+01    6.013832e-05
2.123840e+01    5.296728e-05
2.125061e+01    4.581441e-05
2.126282e+01    3.873259e-05
2.127504e+01    3.166971e-05
2.128725e+01    2.466517e-05
2.129946e+01    1.764971e-05
2.131168e+01    1.070657e-05
2.132389e+01    3.800174e-06
2.133610e+01    -3.038615e-06
2.134831e+01    -9.830634e-06
2.136053e+01    -1.658151e-05
2.137274e+01    -2.326984e-05
2.138495e+01    -2.991219e-05
2.139717e+01    -3.649583e-05
2.140938e+01    -4.299248e-05
2.142159e+01    -4.946876e-05
2.143381e+01    -5.584076e-05
2.144602e+01    -6.216930e-05
2.145823e+01    -6.843118e-05
2.147044e+01    -7.461291e-05
2.148266e+01    -8.073989e-05
2.149487e+01    -8.678775e-05
2.150708e+01    -9.276345e-05
2.151930e+01    -9.866768e-05
2.153151e+01    -1.044956e-04
2.154372e+01    -1.102384e-04
2.155593e+01    -1.159192e-04
2.156815e+01    -1.215102e-04
2.158036e+01    -1.270238e-04
2.159258e+01    -1.324606e-04
2.160479e+01    -1.378096e-04
2.161700e+01    -1.430749e-04
2.162921e+01    -1.482576e-04
2.164143e+01    -1.533637e-04
2.165364e+01    -1.583700e-04
2.166585e+01    -1.633005e-04
2.167807e+01    -1.681452e-04
2.169028e+01    -1.728950e-04
2.170249e+01    -1.775542e-04
2.171470e+01    -1.821246e-04
2.172692e+01    -1.866733e-04
2.173913e+01    -1.909966e-04
2.175134e+01    -1.953065e-04
2.176356e+01    -1.994959e-04
2.177577e+01    -2.036187e-04
2.178798e+01    -2.076387e-04
2.180020e+01    -2.115579e-04
2.181241e+01    -2.153750e-04
2.182462e+01    -2.191220e-04
2.183683e+01    -2.227634e-04
2.184905e+01    -2.263071e-04
2.186126e+01    -2.296981e-04
2.187347e+01    -2.330899e-04
2.188569e+01    -2.363484e-04
2.189790e+01    -2.394763e-04
2.191011e+01    -2.425364e-04
2.192233e+01    -2.454926e-04
2.193454e+01    -2.483295e-04
2.194675e+01    -2.510828e-04
2.195897e+01    -2.537244e-04
2.197118e+01    -2.562690e-04
2.198339e+01    -2.587234e-04
2.199560e+01    -2.610467e-04
2.200782e+01    -2.632904e-04
2.202003e+01    -2.654218e-04
2.203224e+01    -2.674657e-04
2.204445e+01    -2.693663e-04
2.205667e+01    -2.711800e-04
2.206888e+01    -2.728589e-04
2.208109e+01    -2.744996e-04
2.209331e+01    -2.759854e-04
2.210552e+01    -2.773867e-04
2.211773e+01    -2.786588e-04
2.212995e+01    -2.798353e-04
2.214216e+01    -2.809108e-04
2.215437e+01    -2.818539e-04
2.216659e+01    -2.826949e-04
2.217880e+01    -2.834310e-04
2.219101e+01    -2.840518e-04
2.220322e+01    -2.845804e-04
2.221544e+01    -2.849729e-04
2.222765e+01    -2.852721e-04
2.223986e+01    -2.854392e-04
2.225208e+01    -2.855037e-04
2.226429e+01    -2.854724e-04
2.227650e+01    -2.853065e-04
2.228872e+01    -2.850454e-04
2.230093e+01    -2.846638e-04
2.231314e+01    -2.841641e-04
2.232535e+01    -2.835564e-04
2.233757e+01    -2.828215e-04
2.234978e+01    -2.820062e-04
2.236199e+01    -2.810599e-04
2.237421e+01    -2.800155e-04
2.238642e+01    -2.788233e-04
2.239863e+01    -2.775288e-04
2.241084e+01    -2.761446e-04
2.242306e+01    -2.746192e-04
2.243527e+01    -2.730006e-04
2.244748e+01    -2.712579e-04
2.245970e+01    -2.694048e-04
2.247191e+01    -2.674254e-04
2.248412e+01    -2.653718e-04
2.249634e+01    -2.631836e-04
2.250855e+01    -2.608837e-04
2.252076e+01    -2.584805e-04
2.253297e+01    -2.559508e-04
2.254519e+01    -2.534153e-04
2.255740e+01    -2.505904e-04
2.256961e+01    -2.477383e-04
2.258183e+01    -2.447880e-04
2.259404e+01    -2.417286e-04
2.260625e+01    -2.385554e-04
2.261847e+01    -2.352805e-04
2.263068e+01    -2.319172e-04
2.264289e+01    -2.284266e-04
2.265511e+01    -2.248510e-04
2.266732e+01    -2.211686e-04
2.267953e+01    -2.173855e-04
2.269174e+01    -2.135196e-04
2.270396e+01    -2.095341e-04
2.271617e+01    -2.054674e-04
2.272838e+01    -2.013060e-04
2.274060e+01    -1.970521e-04
2.275281e+01    -1.927045e-04
2.276502e+01    -1.882657e-04
2.277724e+01    -1.837416e-04
2.278945e+01    -1.791334e-04
2.280166e+01    -1.744383e-04
2.281387e+01    -1.696726e-04
2.282609e+01    -1.648175e-04
2.283830e+01    -1.598834e-04
2.285051e+01    -1.548756e-04
2.286273e+01    -1.497984e-04
2.287494e+01    -1.446477e-04
2.288715e+01    -1.394220e-04
2.289936e+01    -1.341240e-04
2.291158e+01    -1.287704e-04
2.292379e+01    -1.233487e-04
2.293600e+01    -1.178665e-04
2.294822e+01    -1.123199e-04
2.296043e+01    -1.067368e-04
2.297264e+01    -1.010922e-04
2.298486e+01    -9.538478e-05
2.299707e+01    -8.964940e-05
2.300928e+01    -8.384750e-05
2.302150e+01    -7.803162e-05
2.303371e+01    -7.214327e-05
2.304592e+01    -6.623316e-05
2.305813e+01    -6.029091e-05
2.307035e+01    -5.431153e-05
2.308256e+01    -4.830165e-05
2.309477e+01    -4.227960e-05
2.310699e+01    -3.624038e-05
2.311920e+01    -3.015710e-05
2.313141e+01    -2.407766e-05
2.314363e+01    -1.798430e-05
2.315584e+01    -1.185923e-05
2.316805e+01    -5.758833e-06
2.318026e+01    3.546011e-07
2.319248e+01    6.466522e-06
2.320469e+01    1.258630e-05
2.321690e+01    1.869339e-05
2.322912e+01    2.480485e-05
2.324133e+01    3.089977e-05
2.325354e+01    3.696739e-05
2.326575e+01    4.302140e-05
2.327797e+01    4.907034e-05
2.329018e+01    5.507498e-05
2.330239e+01    6.107078e-05
2.331461e+01    6.702769e-05
2.332682e+01    7.295806e-05
2.333903e+01    7.885566e-05
2.335125e+01    8.470024e-05
2.336346e+01    9.050674e-05
2.337567e+01    9.627693e-05
2.338788e+01    1.019901e-04
2.340010e+01    1.076624e-04
2.341231e+01    1.132762e-04
2.342452e+01    1.188447e-04
2.343674e+01    1.243413e-04
2.344895e+01    1.297804e-04
2.346116e+01    1.351414e-04
2.347338e+01    1.404682e-04
2.348559e+01    1.457104e-04
2.349780e+01    1.508704e-04
2.351002e+01    1.559564e-04
2.352223e+01    1.609797e-04
2.353444e+01    1.659157e-04
2.354665e+01    1.707643e-04
2.355887e+01    1.755608e-04
2.357108e+01    1.802258e-04
2.358329e+01    1.848080e-04
2.359550e+01    1.893299e-04
2.360772e+01    1.937502e-04
2.361993e+01    1.980762e-04
2.363214e+01    2.023338e-04
2.364436e+01    2.064369e-04
2.365657e+01    2.104774e-04
2.366878e+01    2.144080e-04
2.368100e+01    2.182414e-04
2.369321e+01    2.219614e-04
2.370542e+01    2.255928e-04
2.371764e+01    2.291160e-04
2.372985e+01    2.325090e-04
2.374206e+01    2.358238e-04
2.375427e+01    2.390143e-04
2.376649e+01    2.420649e-04
2.377870e+01    2.450796e-04
2.379091e+01    2.479280e-04
2.380313e+01    2.506934e-04
2.381534e+01    2.533153e-04
2.382755e+01    2.558301e-04
2.383977e+01    2.582403e-04
2.385198e+01    2.605362e-04
2.386419e+01    2.627062e-04
2.387640e+01    2.647594e-04
2.388862e+01    2.667001e-04
2.390083e+01    2.685285e-04
2.391304e+01    2.702256e-04
2.392526e+01    2.718162e-04
2.393747e+01    2.732895e-04
2.394968e+01    2.746459e-04
2.396189e+01    2.758884e-04
2.397411e+01    2.770129e-04
2.398632e+01    2.780248e-04
2.399854e+01    2.789111e-04
2.401075e+01    2.796932e-04
2.402296e+01    2.803629e-04
2.403517e+01    2.808883e-04
2.404739e+01    2.813513e-04
2.405960e+01    2.816862e-04
2.407181e+01    2.819280e-04
2.408403e+01    2.819975e-04
2.409624e+01    2.819995e-04
2.410845e+01    2.818818e-04
2.412066e+01    2.816597e-04
2.413288e+01    2.813363e-04
2.414509e+01    2.808968e-04
2.415730e+01    2.803608e-04
2.416952e+01    2.797529e-04
2.418173e+01    2.789802e-04
2.419394e+01    2.781358e-04
2.420616e+01    2.771867e-04
2.421837e+01    2.761450e-04
2.423058e+01    2.749959e-04
2.424279e+01    2.738655e-04
2.425501e+01    2.724230e-04
2.426722e+01    2.709952e-04
2.427943e+01    2.694744e-04
2.429165e+01    2.678938e-04
2.430386e+01    2.661738e-04
2.431607e+01    2.643827e-04
2.432829e+01    2.624998e-04
2.434050e+01    2.605538e-04
2.435271e+01    2.585326e-04
2.436492e+01    2.563886e-04
2.437714e+01    2.541806e-04
2.438935e+01    2.518974e-04
2.440156e+01    2.495562e-04
2.441378e+01    2.471225e-04
2.442599e+01    2.446123e-04
2.443820e+01    2.420472e-04
2.445041e+01    2.394085e-04
2.446263e+01    2.366837e-04
2.447484e+01    2.339037e-04
2.448705e+01    2.310620e-04
2.449927e+01    2.281581e-04
2.451148e+01    2.252184e-04
2.452369e+01    2.221524e-04
2.453591e+01    2.190629e-04
2.454812e+01    2.159204e-04
2.456033e+01    2.127215e-04
2.457255e+01    2.094496e-04
2.458476e+01    2.061418e-04
2.459697e+01    2.027756e-04
2.460918e+01    1.993621e-04
2.462140e+01    1.959138e-04
2.463361e+01    1.924127e-04
2.464582e+01    1.888044e-04
2.465804e+01    1.852407e-04
2.467025e+01    1.816054e-04
2.468246e+01    1.779091e-04
2.469468e+01    1.741824e-04
2.470689e+01    1.704154e-04
2.471910e+01    1.666090e-04
2.473131e+01    1.627659e-04
2.474353e+01    1.588924e-04
2.475574e+01    1.549827e-04
2.476795e+01    1.510327e-04
2.478017e+01    1.470665e-04
2.479238e+01    1.430544e-04
2.480459e+01    1.390154e-04
2.481680e+01    1.349409e-04
2.482902e+01    1.308479e-04
2.484123e+01    1.267395e-04
2.485344e+01    1.225905e-04
2.486566e+01    1.184318e-04
2.487787e+01    1.142270e-04
2.489008e+01    1.100262e-04
2.490230e+01    1.057681e-04
2.491451e+01    1.015167e-04
2.492672e+01    9.724814e-05
2.493893e+01    9.295161e-05
2.495115e+01    8.864042e-05
2.496336e+01    8.430528e-05
2.497557e+01    7.995882e-05
2.498779e+01    7.559246e-05
2.500000e+01    7.121437e-05
