0.000000e+00    -7.158743e-01
1.221299e-02    -7.148209e-01
2.442599e-02    -7.116674e-01
3.663898e-02    -7.064350e-01
4.885198e-02    -6.991581e-01
6.106497e-02    -6.898849e-01
7.327797e-02    -6.786768e-01
8.549096e-02    -6.656076e-01
9.770396e-02    -6.507637e-01
1.099169e-01    -6.342425e-01
1.221299e-01    -6.161528e-01
1.343429e-01    -5.966125e-01
1.465559e-01    -5.757496e-01
1.587689e-01    -5.536998e-01
1.709819e-01    -5.306061e-01
1.831949e-01    -5.066178e-01
1.954079e-01    -4.818896e-01
2.076209e-01    -4.565798e-01
2.198339e-01    -4.308502e-01
2.320469e-01    -4.048642e-01
2.442599e-01    -3.787863e-01
2.564729e-01    -3.527803e-01
2.686859e-01    -3.270090e-01
2.808989e-01    -3.016325e-01
2.931119e-01    -2.768078e-01
3.053249e-01    -2.526871e-01
3.175378e-01    -2.294175e-01
3.297509e-01    -2.071397e-01
3.419639e-01    -1.859877e-01
3.541768e-01    -1.660875e-01
3.663898e-01    -1.475566e-01
3.786028e-01    -1.305037e-01
3.908158e-01    -1.150275e-01
4.030288e-01    -1.012171e-01
4.152418e-01    -8.915102e-02
4.274548e-01    -7.889702e-02
4.396678e-01    -7.051207e-02
4.518808e-01    -6.404207e-02
4.640938e-01    -5.952186e-02
4.763068e-01    -5.697516e-02
4.885198e-01    -5.641480e-02
5.007328e-01    -5.784281e-02
5.129458e-01    -6.125058e-02
5.251588e-01    -6.661943e-02
5.373718e-01    -7.392056e-02
5.495847e-01    -8.311589e-02
5.617977e-01    -9.415821e-02
5.740107e-01    -1.069918e-01
5.862237e-01    -1.215531e-01
5.984367e-01    -1.377710e-01
6.106497e-01    -1.555676e-01
6.228627e-01    -1.748592e-01
6.350757e-01    -1.955561e-01
6.472887e-01    -2.175643e-01
6.595017e-01    -2.407853e-01
6.717147e-01    -2.651171e-01
6.839277e-01    -2.904552e-01
6.961407e-01    -3.166925e-01
7.083537e-01    -3.437210e-01
7.205667e-01    -3.714313e-01
7.327797e-01    -3.997141e-01
7.449927e-01    -4.284602e-01
7.572057e-01    -4.575618e-01
7.694187e-01    -4.869120e-01
7.816316e-01    -5.164062e-01
7.938446e-01    -5.459424e-01
8.060576e-01    -5.754213e-01
8.182706e-01    -6.047471e-01
8.304836e-01    -6.338272e-01
8.426966e-01    -6.625741e-01
8.549096e-01    -6.909035e-01
8.671226e-01    -7.187366e-01
8.793356e-01    -7.459989e-01
8.915486e-01    -7.726210e-01
9.037616e-01    -7.985387e-01
9.159746e-01    -8.236935e-01
9.281876e-01    -8.480315e-01
9.404006e-01    -8.715044e-01
9.526136e-01    -8.940699e-01
9.648266e-01    -9.156903e-01
9.770396e-01    -9.363340e-01
9.892526e-01    -9.559737e-01
1.001466e+00    -9.745883e-01
1.013679e+00    -9.921609e-01
1.025892e+00    -1.008680e+00
1.038105e+00    -1.024139e+00
1.050318e+00    -1.038534e+00
1.062531e+00    -1.051868e+00
1.074744e+00    -1.064147e+00
1.086957e+00    -1.075380e+00
1.099169e+00    -1.085581e+00
1.111382e+00    -1.094767e+00
1.123595e+00    -1.102958e+00
1.135808e+00    -1.110176e+00
1.148021e+00    -1.116446e+00
1.160234e+00    -1.121798e+00
1.172447e+00    -1.126260e+00
1.184660e+00    -1.129863e+00
1.196873e+00    -1.132643e+00
1.209086e+00    -1.134632e+00
1.221299e+00    -1.135867e+00
1.233512e+00    -1.136384e+00
1.245725e+00    -1.136220e+00
1.257938e+00    -1.135414e+00
1.270151e+00    -1.134002e+00
1.282364e+00    -1.132022e+00
1.294577e+00    -1.129513e+00
1.306790e+00    -1.126511e+00
1.319003e+00    -1.123053e+00
1.331216e+00    -1.119175e+00
1.343429e+00    -1.114912e+00
1.355642e+00    -1.110299e+00
1.367855e+00    -1.105368e+00
1.380068e+00    -1.100152e+00
1.392281e+00    -1.094681e+00
1.404494e+00    -1.088986e+00
1.416707e+00    -1.083093e+00
1.428920e+00    -1.077030e+00
1.441133e+00    -1.070821e+00
1.453346e+00    -1.064491e+00
1.465559e+00    -1.058061e+00
1.477772e+00    -1.051551e+00
1.489985e+00    -1.044981e+00
1.502198e+00    -1.038368e+00
1.514411e+00    -1.031728e+00
1.526624e+00    -1.025074e+00
1.538837e+00    -1.018420e+00
1.551050e+00    -1.011776e+00
1.563263e+00    -1.005153e+00
1.575476e+00    -9.985594e-01
1.587689e+00    -9.920019e-01
1.599902e+00    -9.854863e-01
1.612115e+00    -9.790175e-01
1.624328e+00    -9.725990e-01
1.636541e+00    -9.662331e-01
1.648754e+00    -9.599211e-01
1.660967e+00    -9.536639e-01
1.673180e+00    -9.474609e-01
1.685393e+00    -9.413105e-01
1.697606e+00    -9.352114e-01
1.709819e+00    -9.291605e-01
1.722032e+00    -9.231550e-01
1.734245e+00    -9.171908e-01
1.746458e+00    -9.112640e-01
1.758671e+00    -9.053699e-01
1.770884e+00    -8.995039e-01
1.783097e+00    -8.936605e-01
1.795310e+00    -8.878345e-01
1.807523e+00    -8.820206e-01
1.819736e+00    -8.762129e-01
1.831949e+00    -8.704061e-01
1.844162e+00    -8.645946e-01
1.856375e+00    -8.587727e-01
1.868588e+00    -8.529351e-01
1.880801e+00    -8.470766e-01
1.893014e+00    -8.411920e-01
1.905227e+00    -8.352765e-01
1.917440e+00    -8.293253e-01
1.929653e+00    -8.233342e-01
1.941866e+00    -8.172991e-01
1.954079e+00    -8.112161e-01
1.966292e+00    -8.050819e-01
1.978505e+00    -7.988933e-01
1.990718e+00    -7.926477e-01
2.002931e+00    -7.863426e-01
2.015144e+00    -7.799758e-01
2.027357e+00    -7.735459e-01
2.039570e+00    -7.670518e-01
2.051783e+00    -7.604921e-01
2.063996e+00    -7.538667e-01
2.076209e+00    -7.471751e-01
2.088422e+00    -7.404177e-01
2.100635e+00    -7.335949e-01
2.112848e+00    -7.267074e-01
2.125061e+00    -7.197567e-01
2.137274e+00    -7.127438e-01
2.149487e+00    -7.056710e-01
2.161700e+00    -6.985399e-01
2.173913e+00    -6.913530e-01
2.186126e+00    -6.841125e-01
2.198339e+00    -6.768216e-01
2.210552e+00    -6.694831e-01
2.222765e+00    -6.620999e-01
2.234978e+00    -6.546755e-01
2.247191e+00    -6.472135e-01
2.259404e+00    -6.397173e-01
2.271617e+00    -6.321905e-01
2.283830e+00    -6.246371e-01
2.296043e+00    -6.170610e-01
2.308256e+00    -6.094660e-01
2.320469e+00    -6.018559e-01
2.332682e+00    -5.942351e-01
2.344895e+00    -5.866073e-01
2.357108e+00    -5.789768e-01
2.369321e+00    -5.713471e-01
2.381534e+00    -5.637227e-01
2.393747e+00    -5.561072e-01
2.405960e+00    -5.485044e-01
2.418173e+00    -5.409184e-01
2.430386e+00    -5.333526e-01
2.442599e+00    -5.258108e-01
2.454812e+00    -5.182964e-01
2.467025e+00    -5.108129e-01
2.479238e+00    -5.033635e-01
2.491451e+00    -4.959516e-01
2.503664e+00    -4.885800e-01
2.515877e+00    -4.812518e-01
2.528090e+00    -4.739698e-01
2.540303e+00    -4.667367e-01
2.552516e+00    -4.595549e-01
2.564729e+00    -4.524269e-01
2.576942e+00    -4.453550e-01
2.589155e+00    -4.383412e-01
2.601368e+00    -4.313875e-01
2.613581e+00    -4.244958e-01
2.625794e+00    -4.176678e-01
2.638007e+00    -4.109052e-01
2.650220e+00    -4.042093e-01
2.662433e+00    -3.975814e-01
2.674646e+00    -3.910228e-01
2.686859e+00    -3.845344e-01
2.699072e+00    -3.781174e-01
2.711285e+00    -3.717725e-01
2.723498e+00    -3.655003e-01
2.735711e+00    -3.593016e-01
2.747924e+00    -3.531768e-01
2.760137e+00    -3.471264e-01
2.772350e+00    -3.411507e-01
2.784563e+00    -3.352500e-01
2.796776e+00    -3.294244e-01
2.808989e+00    -3.236741e-01
2.821202e+00    -3.179989e-01
2.833415e+00    -3.123989e-01
2.845628e+00    -3.068739e-01
2.857841e+00    -3.014239e-01
2.870054e+00    -2.960484e-01
2.882267e+00    -2.907474e-01
2.894480e+00    -2.855204e-01
2.906693e+00    -2.803672e-01
2.918906e+00    -2.752872e-01
2.931119e+00    -2.702801e-01
2.943332e+00    -2.653454e-01
2.955545e+00    -2.604825e-01
2.967758e+00    -2.556912e-01
2.979971e+00    -2.509707e-01
2.992184e+00    -2.463206e-01
3.004397e+00    -2.417402e-01
3.016610e+00    -2.372290e-01
3.028823e+00    -2.327865e-01
3.041036e+00    -2.284120e-01
3.053249e+00    -2.241049e-01
3.065462e+00    -2.198647e-01
3.077675e+00    -2.156906e-01
3.089888e+00    -2.115823e-01
3.102101e+00    -2.075389e-01
3.114314e+00    -2.035599e-01
3.126527e+00    -1.996448e-01
3.138740e+00    -1.957929e-01
3.150953e+00    -1.920035e-01
3.163166e+00    -1.882763e-01
3.175379e+00    -1.846105e-01
3.187592e+00    -1.810054e-01
3.199805e+00    -1.774606e-01
3.212018e+00    -1.739755e-01
3.224231e+00    -1.705495e-01
3.236444e+00    -1.671819e-01
3.248657e+00    -1.638723e-01
3.260870e+00    -1.606201e-01
3.273082e+00    -1.574247e-01
3.285295e+00    -1.542854e-01
3.297508e+00    -1.512018e-01
3.309721e+00    -1.481734e-01
3.321934e+00    -1.451994e-01
3.334147e+00    -1.422794e-01
3.346360e+00    -1.394128e-01
3.358573e+00    -1.365990e-01
3.370786e+00    -1.338375e-01
3.382999e+00    -1.311277e-01
3.395212e+00    -1.284689e-01
3.407425e+00    -1.258608e-01
3.419638e+00    -1.233025e-01
3.431851e+00    -1.207937e-01
3.444064e+00    -1.183337e-01
3.456277e+00    -1.159219e-01
3.468490e+00    -1.135578e-01
3.480703e+00    -1.112407e-01
3.492916e+00    -1.089700e-01
3.505129e+00    -1.067451e-01
3.517342e+00    -1.045656e-01
3.529555e+00    -1.024306e-01
3.541768e+00    -1.003397e-01
3.553981e+00    -9.829218e-02
3.566194e+00    -9.628744e-02
3.578407e+00    -9.432489e-02
3.590620e+00    -9.240388e-02
3.602833e+00    -9.052376e-02
3.615046e+00    -8.868396e-02
3.627259e+00    -8.688383e-02
3.639472e+00    -8.512270e-02
3.651685e+00    -8.339994e-02
3.663898e+00    -8.171496e-02
3.676111e+00    -8.006710e-02
3.688324e+00    -7.845572e-02
3.700537e+00    -7.688017e-02
3.712750e+00    -7.533987e-02
3.724963e+00    -7.383411e-02
3.737176e+00    -7.236230e-02
3.749389e+00    -7.092383e-02
3.761602e+00    -6.951804e-02
3.773815e+00    -6.814431e-02
3.786028e+00    -6.680202e-02
3.798241e+00    -6.549057e-02
3.810454e+00    -6.420934e-02
3.822667e+00    -6.295773e-02
3.834880e+00    -6.173512e-02
3.847093e+00    -6.054096e-02
3.859306e+00    -5.937463e-02
3.871519e+00    -5.823556e-02
3.883732e+00    -5.712318e-02
3.895945e+00    -5.603694e-02
3.908158e+00    -5.497627e-02
3.920371e+00    -5.394062e-02
3.932584e+00    -5.292946e-02
3.944797e+00    -5.194227e-02
3.957010e+00    -5.097853e-02
3.969223e+00    -5.003773e-02
3.981436e+00    -4.911936e-02
3.993649e+00    -4.822294e-02
4.005862e+00    -4.734799e-02
4.018075e+00    -4.649407e-02
4.030288e+00    -4.566066e-02
4.042501e+00    -4.484738e-02
4.054714e+00    -4.405373e-02
4.066927e+00    -4.327935e-02
4.079140e+00    -4.252377e-02
4.091353e+00    -4.178662e-02
4.103566e+00    -4.106747e-02
4.115779e+00    -4.036599e-02
4.127992e+00    -3.968175e-02
4.140205e+00    -3.901444e-02
4.152418e+00    -3.836365e-02
4.164631e+00    -3.772909e-02
4.176844e+00    -3.711038e-02
4.189057e+00    -3.650723e-02
4.201270e+00    -3.591934e-02
4.213483e+00    -3.534636e-02
4.225696e+00    -3.478802e-02
4.237909e+00    -3.424402e-02
4.250122e+00    -3.371412e-02
4.262335e+00    -3.319797e-02
4.274548e+00    -3.269539e-02
4.286761e+00    -3.220607e-02
4.298974e+00    -3.172981e-02
4.311187e+00    -3.126631e-02
4.323400e+00    -3.081540e-02
4.335613e+00    -3.037679e-02
4.347826e+00    -2.995031e-02
4.360039e+00    -2.953569e-02
4.372252e+00    -2.913278e-02
4.384465e+00    -2.874132e-02
4.396678e+00    -2.836115e-02
4.408891e+00    -2.799204e-02
4.421104e+00    -2.763383e-02
4.433317e+00    -2.728630e-02
4.445530e+00    -2.694928e-02
4.457743e+00    -2.662260e-02
4.469956e+00    -2.630606e-02
4.482169e+00    -2.599950e-02
4.494382e+00    -2.570274e-02
4.506595e+00    -2.541562e-02
4.518808e+00    -2.513795e-02
4.531021e+00    -2.486957e-02
4.543234e+00    -2.461034e-02
4.555447e+00    -2.436007e-02
4.567660e+00    -2.411861e-02
4.579873e+00    -2.388578e-02
4.592086e+00    -2.366145e-02
4.604299e+00    -2.344543e-02
4.616512e+00    -2.323759e-02
4.628725e+00    -2.303775e-02
4.640938e+00    -2.284577e-02
4.653151e+00    -2.266148e-02
4.665364e+00    -2.248473e-02
4.677577e+00    -2.231536e-02
4.689790e+00    -2.215320e-02
4.702003e+00    -2.199812e-02
4.714216e+00    -2.184994e-02
4.726429e+00    -2.170850e-02
4.738642e+00    -2.157365e-02
4.750855e+00    -2.144524e-02
4.763068e+00    -2.132308e-02
4.775281e+00    -2.120705e-02
4.787494e+00    -2.109696e-02
4.799707e+00    -2.099266e-02
4.811920e+00    -2.089398e-02
4.824133e+00    -2.080077e-02
4.836346e+00    -2.071286e-02
4.848559e+00    -2.063009e-02
4.860772e+00    -2.055229e-02
4.872985e+00    -2.047930e-02
4.885198e+00    -2.041096e-02
4.897411e+00    -2.034710e-02
4.909624e+00    -2.028755e-02
4.921837e+00    -2.023216e-02
4.934050e+00    -2.018075e-02
4.946263e+00    -2.013317e-02
4.958476e+00    -2.008924e-02
4.970689e+00    -2.004880e-02
4.982902e+00    -2.001169e-02
4.995115e+00    -1.997775e-02
5.007328e+00    -1.994680e-02
5.019541e+00    -1.991869e-02
5.031754e+00    -1.989325e-02
5.043967e+00    -1.987032e-02
5.056180e+00    -1.984974e-02
5.068393e+00    -1.983136e-02
5.080606e+00    -1.981499e-02
5.092819e+00    -1.980049e-02
5.105031e+00    -1.978771e-02
5.117245e+00    -1.977648e-02
5.129457e+00    -1.976664e-02
5.141671e+00    -1.975805e-02
5.153883e+00    -1.975055e-02
5.166097e+00    -1.974399e-02
5.178309e+00    -1.973822e-02
5.190523e+00    -1.973308e-02
5.202735e+00    -1.972845e-02
5.214949e+00    -1.972416e-02
5.227162e+00    -1.972008e-02
5.239375e+00    -1.971607e-02
5.251588e+00    -1.971199e-02
5.263801e+00    -1.970770e-02
5.276014e+00    -1.970307e-02
5.288227e+00    -1.969798e-02
5.300440e+00    -1.969229e-02
5.312653e+00    -1.968586e-02
5.324866e+00    -1.967859e-02
5.337079e+00    -1.967036e-02
5.349292e+00    -1.966104e-02
5.361505e+00    -1.965052e-02
5.373718e+00    -1.963869e-02
5.385931e+00    -1.962544e-02
5.398144e+00    -1.961067e-02
5.410357e+00    -1.959427e-02
5.422570e+00    -1.957616e-02
5.434783e+00    -1.955622e-02
5.446996e+00    -1.953438e-02
5.459208e+00    -1.951053e-02
5.471422e+00    -1.948459e-02
5.483634e+00    -1.945650e-02
5.495848e+00    -1.942616e-02
5.508060e+00    -1.939351e-02
5.520274e+00    -1.935846e-02
5.532486e+00    -1.932096e-02
5.544700e+00    -1.928093e-02
5.556912e+00    -1.923834e-02
5.569126e+00    -1.919309e-02
5.581338e+00    -1.914516e-02
5.593552e+00    -1.909451e-02
5.605764e+00    -1.904106e-02
5.617978e+00    -1.898479e-02
5.630190e+00    -1.892566e-02
5.642404e+00    -1.886363e-02
5.654616e+00    -1.879868e-02
5.666830e+00    -1.873078e-02
5.679042e+00    -1.865991e-02
5.691256e+00    -1.858604e-02
5.703468e+00    -1.850917e-02
5.715682e+00    -1.842929e-02
5.727894e+00    -1.834638e-02
5.740108e+00    -1.826044e-02
5.752320e+00    -1.817148e-02
5.764534e+00    -1.807949e-02
5.776746e+00    -1.798449e-02
5.788960e+00    -1.788648e-02
5.801172e+00    -1.778549e-02
5.813385e+00    -1.768151e-02
5.825598e+00    -1.757458e-02
5.837811e+00    -1.746473e-02
5.850024e+00    -1.735197e-02
5.862237e+00    -1.723634e-02
5.874450e+00    -1.711788e-02
5.886663e+00    -1.699661e-02
5.898876e+00    -1.687258e-02
5.911089e+00    -1.674584e-02
5.923302e+00    -1.661642e-02
5.935515e+00    -1.648438e-02
5.947728e+00    -1.634977e-02
5.959941e+00    -1.621263e-02
5.972154e+00    -1.607303e-02
5.984367e+00    -1.593101e-02
5.996580e+00    -1.578666e-02
6.008793e+00    -1.564001e-02
6.021006e+00    -1.549115e-02
6.033219e+00    -1.534013e-02
6.045432e+00    -1.518703e-02
6.057645e+00    -1.503192e-02
6.069858e+00    -1.487487e-02
6.082071e+00    -1.471594e-02
6.094284e+00    -1.455523e-02
6.106497e+00    -1.439280e-02
6.118710e+00    -1.422875e-02
6.130923e+00    -1.406313e-02
6.143136e+00    -1.389604e-02
6.155349e+00    -1.372755e-02
6.167562e+00    -1.355776e-02
6.179775e+00    -1.338674e-02
6.191988e+00    -1.321458e-02
6.204201e+00    -1.304135e-02
6.216414e+00    -1.286716e-02
6.228627e+00    -1.269208e-02
6.240840e+00    -1.251620e-02
6.253053e+00    -1.233960e-02
6.265266e+00    -1.216237e-02
6.277479e+00    -1.198461e-02
6.289692e+00    -1.180638e-02
6.301905e+00    -1.162778e-02
6.314118e+00    -1.144890e-02
6.326331e+00    -1.126982e-02
6.338544e+00    -1.109062e-02
6.350757e+00    -1.091139e-02
6.362970e+00    -1.073220e-02
6.375183e+00    -1.055315e-02
6.387396e+00    -1.037432e-02
6.399609e+00    -1.019578e-02
6.411822e+00    -1.001760e-02
6.424035e+00    -9.839889e-03
6.436248e+00    -9.662692e-03
6.448461e+00    -9.486112e-03
6.460674e+00    -9.310205e-03
6.472887e+00    -9.135062e-03
6.485100e+00    -8.960730e-03
6.497313e+00    -8.787303e-03
6.509526e+00    -8.614833e-03
6.521739e+00    -8.443400e-03
6.533952e+00    -8.273057e-03
6.546165e+00    -8.103880e-03
6.558378e+00    -7.935916e-03
6.570591e+00    -7.769239e-03
6.582804e+00    -7.603896e-03
6.595017e+00    -7.439957e-03
6.607230e+00    -7.277455e-03
6.619443e+00    -7.116462e-03
6.631656e+00    -6.957009e-03
6.643869e+00    -6.799158e-03
6.656082e+00    -6.642949e-03
6.668295e+00    -6.488429e-03
6.680508e+00    -6.335631e-03
6.692721e+00    -6.184603e-03
6.704934e+00    -6.035381e-03
6.717147e+00    -5.887982e-03
6.729360e+00    -5.742456e-03
6.741573e+00    -5.598833e-03
6.753786e+00    -5.457135e-03
6.765999e+00    -5.317391e-03
6.778212e+00    -5.179621e-03
6.790425e+00    -5.043853e-03
6.802638e+00    -4.910094e-03
6.814851e+00    -4.778374e-03
6.827064e+00    -4.648697e-03
6.839277e+00    -4.521090e-03
6.851490e+00    -4.395544e-03
6.863703e+00    -4.272089e-03
6.875916e+00    -4.150719e-03
6.888129e+00    -4.031436e-03
6.900342e+00    -3.914253e-03
6.912555e+00    -3.799162e-03
6.924768e+00    -3.686162e-03
6.936981e+00    -3.575260e-03
6.949194e+00    -3.466429e-03
6.961407e+00    -3.359695e-03
6.973620e+00    -3.255022e-03
6.985833e+00    -3.152409e-03
6.998046e+00    -3.051837e-03
7.010259e+00    -2.953305e-03
7.022472e+00    -2.856785e-03
7.034685e+00    -2.762270e-03
7.046898e+00    -2.669731e-03
7.059111e+00    -2.579160e-03
7.071324e+00    -2.490526e-03
7.083537e+00    -2.403810e-03
7.095750e+00    -2.318999e-03
7.107963e+00    -2.236036e-03
7.120176e+00    -2.154924e-03
7.132389e+00    -2.075634e-03
7.144602e+00    -1.998120e-03
7.156815e+00    -1.922372e-03
7.169028e+00    -1.848351e-03
7.181241e+00    -1.776026e-03
7.193454e+00    -1.705367e-03
7.205667e+00    -1.636342e-03
7.217880e+00    -1.568915e-03
7.230093e+00    -1.503055e-03
7.242306e+00    -1.438729e-03
7.254519e+00    -1.375901e-03
7.266732e+00    -1.314539e-03
7.278944e+00    -1.254599e-03
7.291158e+00    -1.196054e-03
7.303371e+00    -1.138865e-03
7.315584e+00    -1.083000e-03
7.327797e+00    -1.028416e-03
7.340010e+00    -9.750832e-04
7.352223e+00    -9.229532e-04
7.364436e+00    -8.720087e-04
7.376649e+00    -8.222006e-04
7.388862e+00    -7.734931e-04
7.401075e+00    -7.258769e-04
7.413288e+00    -6.792451e-04
7.425501e+00    -6.336296e-04
7.437714e+00    -5.889847e-04
7.449927e+00    -5.452643e-04
7.462140e+00    -5.024255e-04
7.474353e+00    -4.604484e-04
7.486566e+00    -4.193002e-04
7.498779e+00    -3.789552e-04
7.510992e+00    -3.393445e-04
7.523205e+00    -3.004771e-04
7.535418e+00    -2.623076e-04
7.547631e+00    -2.248045e-04
7.559844e+00    -1.879431e-04
7.572057e+00    -1.516852e-04
7.584270e+00    -1.160168e-04
7.596483e+00    -8.089881e-05
7.608696e+00    -4.631740e-05
7.620909e+00    -1.223689e-05
7.633121e+00    2.136084e-05
7.645335e+00    5.450469e-05
7.657547e+00    8.720985e-05
7.669761e+00    1.195056e-04
7.681973e+00    1.514059e-04
7.694187e+00    1.829304e-04
7.706399e+00    2.141059e-04
7.718613e+00    2.449387e-04
7.730825e+00    2.754521e-04
7.743039e+00    3.056627e-04
7.755251e+00    3.355824e-04
7.767465e+00    3.652314e-04
7.779677e+00    3.946075e-04
7.791891e+00    4.237395e-04
7.804103e+00    4.526268e-04
7.816317e+00    4.812931e-04
7.828529e+00    5.097263e-04
7.840743e+00    5.379517e-04
7.852955e+00    5.659691e-04
7.865169e+00    5.937823e-04
7.877381e+00    6.214058e-04
7.889595e+00    6.488372e-04
7.901807e+00    6.760841e-04
7.914021e+00    7.031361e-04
7.926233e+00    7.300033e-04
7.938447e+00    7.566887e-04
7.950659e+00    7.831797e-04
7.962873e+00    8.095023e-04
7.975085e+00    8.356336e-04
7.987298e+00    8.615681e-04
7.999511e+00    8.873028e-04
8.011724e+00    9.128490e-04
8.023937e+00    9.381894e-04
8.036150e+00    9.633195e-04
8.048364e+00    9.882319e-04
8.060576e+00    1.012924e-03
8.072789e+00    1.037387e-03
8.085002e+00    1.061612e-03
8.097216e+00    1.085599e-03
8.109428e+00    1.109314e-03
8.121641e+00    1.132774e-03
8.133854e+00    1.155957e-03
8.146068e+00    1.178862e-03
8.158280e+00    1.201466e-03
8.170493e+00    1.223765e-03
8.182706e+00    1.245746e-03
8.194920e+00    1.267405e-03
8.207132e+00    1.288721e-03
8.219345e+00    1.309686e-03
8.231558e+00    1.330285e-03
8.243772e+00    1.350509e-03
8.255984e+00    1.370344e-03
8.268197e+00    1.389776e-03
8.280410e+00    1.408799e-03
8.292624e+00    1.427395e-03
8.304836e+00    1.445550e-03
8.317049e+00    1.463255e-03
8.329262e+00    1.480496e-03
8.341475e+00    1.497264e-03
8.353688e+00    1.513541e-03
8.365901e+00    1.529320e-03
8.378115e+00    1.544587e-03
8.390327e+00    1.559324e-03
8.402540e+00    1.573541e-03
8.414753e+00    1.587186e-03
8.426967e+00    1.600290e-03
8.439179e+00    1.612820e-03
8.451392e+00    1.624774e-03
8.463605e+00    1.636137e-03
8.475819e+00    1.646901e-03
8.488031e+00    1.657058e-03
8.500244e+00    1.666604e-03
8.512457e+00    1.675523e-03
8.524671e+00    1.683805e-03
8.536883e+00    1.691458e-03
8.549096e+00    1.698455e-03
8.561309e+00    1.704806e-03
8.573523e+00    1.710497e-03
8.585735e+00    1.715526e-03
8.597948e+00    1.719897e-03
8.610161e+00    1.723572e-03
8.622375e+00    1.726585e-03
8.634587e+00    1.728909e-03
8.646800e+00    1.730563e-03
8.659013e+00    1.731531e-03
8.671227e+00    1.731809e-03
8.683439e+00    1.731401e-03
8.695652e+00    1.730302e-03
8.707865e+00    1.728524e-03
8.720078e+00    1.726059e-03
8.732291e+00    1.722903e-03
8.744504e+00    1.719069e-03
8.756717e+00    1.714554e-03
8.768930e+00    1.709359e-03
8.781143e+00    1.703491e-03
8.793356e+00    1.696962e-03
8.805569e+00    1.689752e-03
8.817782e+00    1.681885e-03
8.829995e+00    1.673368e-03
8.842208e+00    1.664207e-03
8.854421e+00    1.654400e-03
8.866634e+00    1.643962e-03
8.878847e+00    1.632901e-03
8.891060e+00    1.621224e-03
8.903273e+00    1.608929e-03
8.915486e+00    1.596052e-03
8.927699e+00    1.582580e-03
8.939912e+00    1.568529e-03
8.952125e+00    1.553909e-03
8.964338e+00    1.538741e-03
8.976551e+00    1.523023e-03
8.988764e+00    1.506773e-03
9.000977e+00    1.490013e-03
9.013190e+00    1.472729e-03
9.025403e+00    1.454964e-03
9.037616e+00    1.436712e-03
9.049829e+00    1.417998e-03
9.062042e+00    1.398818e-03
9.074255e+00    1.379207e-03
9.086468e+00    1.359167e-03
9.098680e+00    1.338700e-03
9.110894e+00    1.317863e-03
9.123107e+00    1.296629e-03
9.135320e+00    1.275028e-03
9.147532e+00    1.253075e-03
9.159746e+00    1.230778e-03
9.171959e+00    1.208166e-03
9.184172e+00    1.185244e-03
9.196384e+00    1.162028e-03
9.208598e+00    1.138531e-03
9.220811e+00    1.114773e-03
9.233024e+00    1.090771e-03
9.245236e+00    1.066539e-03
9.257450e+00    1.042087e-03
9.269663e+00    1.017436e-03
9.281876e+00    9.926024e-04
9.294088e+00    9.675898e-04
9.306302e+00    9.424270e-04
9.318515e+00    9.171279e-04
9.330728e+00    8.916977e-04
9.342940e+00    8.661518e-04
9.355154e+00    8.405080e-04
9.367367e+00    8.147866e-04
9.379580e+00    7.889920e-04
9.391793e+00    7.631370e-04
9.404006e+00    7.372455e-04
9.416219e+00    7.113189e-04
9.428432e+00    6.853723e-04
9.440645e+00    6.594221e-04
9.452858e+00    6.334771e-04
9.465071e+00    6.075539e-04
9.477283e+00    5.816568e-04
9.489497e+00    5.558054e-04
9.501710e+00    5.299918e-04
9.513923e+00    5.042475e-04
9.526135e+00    4.785714e-04
9.538349e+00    4.529752e-04
9.550562e+00    4.274758e-04
9.562775e+00    4.020711e-04
9.574987e+00    3.767644e-04
9.587201e+00    3.515850e-04
9.599414e+00    3.265410e-04
9.611627e+00    3.015968e-04
9.623839e+00    2.768100e-04
9.636053e+00    2.521572e-04
9.648266e+00    2.276586e-04
9.660479e+00    2.033221e-04
9.672691e+00    1.791402e-04
9.684905e+00    1.551238e-04
9.697118e+00    1.312824e-04
9.709331e+00    1.076040e-04
9.721543e+00    8.413045e-05
9.733757e+00    6.081978e-05
9.745970e+00    3.770556e-05
9.758183e+00    1.477322e-05
9.770395e+00    -7.964177e-06
9.782609e+00    -3.051481e-05
9.794822e+00    -5.285813e-05
9.807034e+00    -7.502342e-05
9.819247e+00    -9.698649e-05
9.831461e+00    -1.187543e-04
9.843674e+00    -1.403242e-04
9.855886e+00    -1.616952e-04
9.868099e+00    -1.828700e-04
9.880313e+00    -2.038510e-04
9.892526e+00    -2.246356e-04
9.904738e+00    -2.452243e-04
9.916951e+00    -2.656302e-04
9.929165e+00    -2.858433e-04
9.941378e+00    -3.058706e-04
9.953590e+00    -3.257072e-04
9.965803e+00    -3.453614e-04
9.978017e+00    -3.648383e-04
9.990230e+00    -3.841364e-04
1.000244e+01    -4.032557e-04
1.001466e+01    -4.222076e-04
1.002687e+01    -4.409893e-04
1.003908e+01    -4.596049e-04
1.005129e+01    -4.780606e-04
1.006351e+01    -4.963548e-04
1.007572e+01    -5.144938e-04
1.008793e+01    -5.324837e-04
1.010015e+01    -5.503416e-04
1.011236e+01    -5.680186e-04
1.012457e+01    -5.855794e-04
1.013679e+01    -6.029969e-04
1.014900e+01    -6.202887e-04
1.016121e+01    -6.374440e-04
1.017342e+01    -6.544801e-04
1.018564e+01    -6.713950e-04
1.019785e+01    -6.881963e-04
1.021006e+01    -7.048696e-04
1.022228e+01    -7.214442e-04
1.023449e+01    -7.379092e-04
1.024670e+01    -7.542724e-04
1.025891e+01    -7.705346e-04
1.027113e+01    -7.867034e-04
1.028334e+01    -8.027707e-04
1.029555e+01    -8.187530e-04
1.030777e+01    -8.346544e-04
1.031998e+01    -8.504535e-04
1.033219e+01    -8.661847e-04
1.034441e+01    -8.818221e-04
1.035662e+01    -8.973856e-04
1.036883e+01    -9.128713e-04
1.038105e+01    -9.282765e-04
1.039326e+01    -9.436136e-04
1.040547e+01    -9.588731e-04
1.041768e+01    -9.740508e-04
1.042990e+01    -9.891602e-04
1.044211e+01    -1.004198e-03
1.045432e+01    -1.019159e-03
1.046654e+01    -1.034046e-03
1.047875e+01    -1.048858e-03
1.049096e+01    -1.063605e-03
1.050318e+01    -1.078253e-03
1.051539e+01    -1.092842e-03
1.052760e+01    -1.107345e-03
1.053981e+01    -1.121766e-03
1.055203e+01    -1.136106e-03
1.056424e+01    -1.150358e-03
1.057645e+01    -1.164517e-03
1.058867e+01    -1.178585e-03
1.060088e+01    -1.192562e-03
1.061309e+01    -1.206439e-03
1.062531e+01    -1.220209e-03
1.063752e+01    -1.233876e-03
1.064973e+01    -1.247432e-03
1.066194e+01    -1.260867e-03
1.067416e+01    -1.274184e-03
1.068637e+01    -1.287375e-03
1.069858e+01    -1.300440e-03
1.071080e+01    -1.313354e-03
1.072301e+01    -1.326133e-03
1.073522e+01    -1.338759e-03
1.074744e+01    -1.351229e-03
1.075965e+01    -1.363541e-03
1.077186e+01    -1.375679e-03
1.078407e+01    -1.387642e-03
1.079629e+01    -1.399412e-03
1.080850e+01    -1.411007e-03
1.082071e+01    -1.422393e-03
1.083293e+01    -1.433578e-03
1.084514e+01    -1.444548e-03
1.085735e+01    -1.455291e-03
1.086957e+01    -1.465807e-03
1.088178e+01    -1.476084e-03
1.089399e+01    -1.486114e-03
1.090620e+01    -1.495891e-03
1.091842e+01    -1.505401e-03
1.093063e+01    -1.514643e-03
1.094284e+01    -1.523605e-03
1.095506e+01    -1.532276e-03
1.096727e+01    -1.540655e-03
1.097948e+01    -1.548721e-03
1.099170e+01    -1.556473e-03
1.100391e+01    -1.563912e-03
1.101612e+01    -1.571011e-03
1.102833e+01    -1.577775e-03
1.104055e+01    -1.584195e-03
1.105276e+01    -1.590251e-03
1.106497e+01    -1.595948e-03
1.107719e+01    -1.601274e-03
1.108940e+01    -1.606217e-03
1.110161e+01    -1.610775e-03
1.111382e+01    -1.614933e-03
1.112604e+01    -1.618693e-03
1.113825e+01    -1.622038e-03
1.115046e+01    -1.624970e-03
1.116268e+01    -1.627475e-03
1.117489e+01    -1.629546e-03
1.118710e+01    -1.631183e-03
1.119932e+01    -1.632374e-03
1.121153e+01    -1.633123e-03
1.122374e+01    -1.633405e-03
1.123596e+01    -1.633227e-03
1.124817e+01    -1.632585e-03
1.126038e+01    -1.631474e-03
1.127259e+01    -1.629879e-03
1.128481e+01    -1.627808e-03
1.129702e+01    -1.625251e-03
1.130923e+01    -1.622207e-03
1.132145e+01    -1.618676e-03
1.133366e+01    -1.614646e-03
1.134587e+01    -1.610116e-03
1.135808e+01    -1.605093e-03
1.137030e+01    -1.599569e-03
1.138251e+01    -1.593540e-03
1.139472e+01    -1.587008e-03
1.140694e+01    -1.579974e-03
1.141915e+01    -1.572434e-03
1.143136e+01    -1.564393e-03
1.144358e+01    -1.555847e-03
1.145579e+01    -1.546798e-03
1.146800e+01    -1.537247e-03
1.148022e+01    -1.527197e-03
1.149243e+01    -1.516647e-03
1.150464e+01    -1.505608e-03
1.151685e+01    -1.494072e-03
1.152907e+01    -1.482053e-03
1.154128e+01    -1.469547e-03
1.155349e+01    -1.456559e-03
1.156571e+01    -1.443098e-03
1.157792e+01    -1.429162e-03
1.159013e+01    -1.414762e-03
1.160234e+01    -1.399903e-03
1.161456e+01    -1.384589e-03
1.162677e+01    -1.368829e-03
1.163898e+01    -1.352632e-03
1.165120e+01    -1.335996e-03
1.166341e+01    -1.318945e-03
1.167562e+01    -1.301475e-03
1.168784e+01    -1.283600e-03
1.170005e+01    -1.265318e-03
1.171226e+01    -1.246652e-03
1.172447e+01    -1.227612e-03
1.173669e+01    -1.208204e-03
1.174890e+01    -1.188434e-03
1.176111e+01    -1.168313e-03
1.177333e+01    -1.147863e-03
1.178554e+01    -1.127084e-03
1.179775e+01    -1.105987e-03
1.180997e+01    -1.084602e-03
1.182218e+01    -1.062914e-03
1.183439e+01    -1.040959e-03
1.184660e+01    -1.018736e-03
1.185882e+01    -9.962653e-04
1.187103e+01    -9.735513e-04
1.188324e+01    -9.506189e-04
1.189546e+01    -9.274761e-04
1.190767e+01    -9.041350e-04
1.191988e+01    -8.806111e-04
1.193210e+01    -8.569213e-04
1.194431e+01    -8.330756e-04
1.195652e+01    -8.090889e-04
1.196873e+01    -7.849775e-04
1.198095e+01    -7.607620e-04
1.199316e+01    -7.364426e-04
1.200537e+01    -7.120527e-04
1.201759e+01    -6.875856e-04
1.202980e+01    -6.630803e-04
1.204201e+01    -6.385411e-04
1.205423e+01    -6.139759e-04
1.206644e+01    -5.894095e-04
1.207865e+01    -5.648466e-04
1.209086e+01    -5.403145e-04
1.210308e+01    -5.158086e-04
1.211529e+01    -4.913854e-04
1.212750e+01    -4.670221e-04
1.213972e+01    -4.427434e-04
1.215193e+01    -4.185607e-04
1.216414e+01    -3.944995e-04
1.217636e+01    -3.705652e-04
1.218857e+01    -3.467840e-04
1.220078e+01    -3.231471e-04
1.221299e+01    -2.996901e-04
1.222521e+01    -2.764180e-04
1.223742e+01    -2.533481e-04
1.224963e+01    -2.304935e-04
1.226185e+01    -2.078636e-04
1.227406e+01    -1.854741e-04
1.228627e+01    -1.633410e-04
1.229849e+01    -1.414748e-04
1.231070e+01    -1.198821e-04
1.232291e+01    -9.858732e-05
1.233512e+01    -7.759157e-05
1.234734e+01    -5.690237e-05
1.235955e+01    -3.655072e-05
1.237176e+01    -1.653148e-05
1.238398e+01    3.141482e-06
1.239619e+01    2.245739e-05
1.240840e+01    4.140535e-05
1.242062e+01    5.997562e-05
1.243283e+01    7.816338e-05
1.244504e+01    9.594663e-05
1.245725e+01    1.133309e-04
1.246947e+01    1.303016e-04
1.248168e+01    1.468520e-04
1.249389e+01    1.629773e-04
1.250611e+01    1.786615e-04
1.251832e+01    1.939086e-04
1.253053e+01    2.087066e-04
1.254275e+01    2.230478e-04
1.255496e+01    2.369314e-04
1.256717e+01    2.503516e-04
1.257938e+01    2.633022e-04
1.259160e+01    2.757761e-04
1.260381e+01    2.877692e-04
1.261602e+01    2.992890e-04
1.262824e+01    3.103236e-04
1.264045e+01    3.208702e-04
1.265266e+01    3.309260e-04
1.266488e+01    3.404919e-04
1.267709e+01    3.495662e-04
1.268930e+01    3.581405e-04
1.270151e+01    3.662223e-04
1.271373e+01    3.738200e-04
1.272594e+01    3.809143e-04
1.273815e+01    3.875163e-04
1.275037e+01    3.936317e-04
1.276258e+01    3.992444e-04
1.277479e+01    4.043693e-04
1.278701e+01    4.090105e-04
1.279922e+01    4.131685e-04
1.281143e+01    4.168342e-04
1.282364e+01    4.200263e-04
1.283586e+01    4.227368e-04
1.284807e+01    4.249811e-04
1.286028e+01    4.267506e-04
1.287250e+01    4.280609e-04
1.288471e+01    4.289098e-04
1.289692e+01    4.293022e-04
1.290914e+01    4.292537e-04
1.292135e+01    4.287432e-04
1.293356e+01    4.278113e-04
1.294577e+01    4.264397e-04
1.295799e+01    4.246508e-04
1.297020e+01    4.224408e-04
1.298241e+01    4.198169e-04
1.299463e+01    4.167907e-04
1.300684e+01    4.133678e-04
1.301905e+01    4.095568e-04
1.303127e+01    4.053616e-04
1.304348e+01    4.008010e-04
1.305569e+01    3.958643e-04
1.306790e+01    3.905768e-04
1.308012e+01    3.849418e-04
1.309233e+01    3.789702e-04
1.310454e+01    3.726650e-04
1.311676e+01    3.660398e-04
1.312897e+01    3.591068e-04
1.314118e+01    3.518632e-04
1.315340e+01    3.443303e-04
1.316561e+01    3.365176e-04
1.317782e+01    3.284223e-04
1.319003e+01    3.200651e-04
1.320225e+01    3.114469e-04
1.321446e+01    3.026015e-04
1.322667e+01    2.935091e-04
1.323889e+01    2.841903e-04
1.325110e+01    2.746516e-04
1.326331e+01    2.649169e-04
1.327553e+01    2.549809e-04
1.328774e+01    2.448553e-04
1.329995e+01    2.345488e-04
1.331216e+01    2.240872e-04
1.332438e+01    2.134651e-04
1.333659e+01    2.026914e-04
1.334880e+01    1.917799e-04
1.336102e+01    1.807402e-04
1.337323e+01    1.695822e-04
1.338544e+01    1.583129e-04
1.339766e+01    1.469486e-04
1.340987e+01    1.355016e-04
1.342208e+01    1.239518e-04
1.343429e+01    1.123398e-04
1.344651e+01    1.006603e-04
1.345872e+01    8.893012e-05
1.347093e+01    7.715459e-05
1.348315e+01    6.533734e-05
1.349536e+01    5.348970e-05
1.350757e+01    4.163008e-05
1.351978e+01    2.975835e-05
1.353200e+01    1.787235e-05
1.354421e+01    6.001828e-06
1.355642e+01    -5.870803e-06
1.356864e+01    -1.771263e-05
1.358085e+01    -2.954023e-05
1.359306e+01    -4.132860e-05
1.360528e+01    -5.308248e-05
1.361749e+01    -6.477439e-05
1.362970e+01    -7.642324e-05
1.364192e+01    -8.800776e-05
1.365413e+01    -9.952366e-05
1.366634e+01    -1.109683e-04
1.367855e+01    -1.223349e-04
1.369077e+01    -1.336099e-04
1.370298e+01    -1.447977e-04
1.371519e+01    -1.558935e-04
1.372741e+01    -1.668847e-04
1.373962e+01    -1.777653e-04
1.375183e+01    -1.885378e-04
1.376404e+01    -1.991845e-04
1.377626e+01    -2.097177e-04
1.378847e+01    -2.201236e-04
1.380068e+01    -2.303952e-04
1.381290e+01    -2.405350e-04
1.382511e+01    -2.505348e-04
1.383732e+01    -2.603893e-04
1.384954e+01    -2.701017e-04
1.386175e+01    -2.796548e-04
1.387396e+01    -2.890621e-04
1.388618e+01    -2.983118e-04
1.389839e+01    -3.074023e-04
1.391060e+01    -3.163255e-04
1.392281e+01    -3.250842e-04
1.393503e+01    -3.336749e-04
1.394724e+01    -3.420968e-04
1.395945e+01    -3.503406e-04
1.397167e+01    -3.584124e-04
1.398388e+01    -3.663063e-04
1.399609e+01    -3.740228e-04
1.400830e+01    -3.815487e-04
1.402052e+01    -3.888925e-04
1.403273e+01    -3.960563e-04
1.404494e+01    -4.030289e-04
1.405716e+01    -4.098163e-04
1.406937e+01    -4.164081e-04
1.408158e+01    -4.228093e-04
1.409380e+01    -4.290217e-04
1.410601e+01    -4.350236e-04
1.411822e+01    -4.408524e-04
1.413043e+01    -4.464720e-04
1.414265e+01    -4.518965e-04
1.415486e+01    -4.571216e-04
1.416707e+01    -4.621455e-04
1.417929e+01    -4.669694e-04
1.419150e+01    -4.715751e-04
1.420371e+01    -4.760156e-04
1.421593e+01    -4.802344e-04
1.422814e+01    -4.842445e-04
1.424035e+01    -4.880588e-04
1.425256e+01    -4.916613e-04
1.426478e+01    -4.950629e-04
1.427699e+01    -4.982539e-04
1.428920e+01    -5.012383e-04
1.430142e+01    -5.040225e-04
1.431363e+01    -5.065888e-04
1.432584e+01    -5.089458e-04
1.433806e+01    -5.111006e-04
1.435027e+01    -5.130462e-04
1.436248e+01    -5.147786e-04
1.437469e+01    -5.162965e-04
1.438691e+01    -5.176061e-04
1.439912e+01    -5.187038e-04
1.441133e+01    -5.195912e-04
1.442355e+01    -5.202629e-04
1.443576e+01    -5.207226e-04
1.444797e+01    -5.209658e-04
1.446019e+01    -5.209983e-04
1.447240e+01    -5.208136e-04
1.448461e+01    -5.204101e-04
1.449682e+01    -5.197905e-04
1.450904e+01    -5.189556e-04
1.452125e+01    -5.179062e-04
1.453346e+01    -5.166371e-04
1.454568e+01    -5.151438e-04
1.455789e+01    -5.134338e-04
1.457010e+01    -5.115137e-04
1.458232e+01    -5.093557e-04
1.459453e+01    -5.069901e-04
1.460674e+01    -5.043976e-04
1.461895e+01    -5.015808e-04
1.463117e+01    -4.985453e-04
1.464338e+01    -4.952826e-04
1.465559e+01    -4.918008e-04
1.466781e+01    -4.880863e-04
1.468002e+01    -4.841571e-04
1.469223e+01    -4.799893e-04
1.470445e+01    -4.756065e-04
1.471666e+01    -4.709982e-04
1.472887e+01    -4.661561e-04
1.474109e+01    -4.610895e-04
1.475330e+01    -4.557923e-04
1.476551e+01    -4.502650e-04
1.477772e+01    -4.445126e-04
1.478994e+01    -4.385334e-04
1.480215e+01    -4.323209e-04
1.481436e+01    -4.258804e-04
1.482658e+01    -4.192090e-04
1.483879e+01    -4.123099e-04
1.485100e+01    -4.051788e-04
1.486321e+01    -3.978241e-04
1.487543e+01    -3.902337e-04
1.488764e+01    -3.824220e-04
1.489985e+01    -3.743737e-04
1.491207e+01    -3.660973e-04
1.492428e+01    -3.575986e-04
1.493649e+01    -3.488784e-04
1.494871e+01    -3.399191e-04
1.496092e+01    -3.307418e-04
1.497313e+01    -3.213413e-04
1.498534e+01    -3.117170e-04
1.499756e+01    -3.018711e-04
1.500977e+01    -2.918019e-04
1.502198e+01    -2.815129e-04
1.503420e+01    -2.710066e-04
1.504641e+01    -2.602876e-04
1.505862e+01    -2.493527e-04
1.507084e+01    -2.382038e-04
1.508305e+01    -2.268446e-04
1.509526e+01    -2.152768e-04
1.510747e+01    -2.035038e-04
1.511969e+01    -1.915299e-04
1.513190e+01    -1.793570e-04
1.514411e+01    -1.669815e-04
1.515633e+01    -1.544138e-04
1.516854e+01    -1.416467e-04
1.518075e+01    -1.286979e-04
1.519297e+01    -1.155627e-04
1.520518e+01    -1.022500e-04
1.521739e+01    -8.875394e-05
1.522960e+01    -7.508434e-05
1.524182e+01    -6.124652e-05
1.525403e+01    -4.724306e-05
1.526624e+01    -3.307754e-05
1.527846e+01    -1.875312e-05
1.529067e+01    -4.280595e-06
1.530288e+01    1.034071e-05
1.531509e+01    2.509876e-05
1.532731e+01    4.000318e-05
1.533952e+01    5.503189e-05
1.535173e+01    7.018904e-05
1.536395e+01    8.546129e-05
1.537616e+01    1.008502e-04
1.538837e+01    1.163499e-04
1.540059e+01    1.319470e-04
1.541280e+01    1.476487e-04
1.542501e+01    1.634245e-04
1.543723e+01    1.792898e-04
1.544944e+01    1.952340e-04
1.546165e+01    2.112391e-04
1.547386e+01    2.273082e-04
1.548608e+01    2.434359e-04
1.549829e+01    2.596203e-04
1.551050e+01    2.758169e-04
1.552272e+01    2.920653e-04
1.553493e+01    3.083322e-04
1.554714e+01    3.246186e-04
1.555935e+01    3.409120e-04
1.557157e+01    3.572078e-04
1.558378e+01    3.734945e-04
1.559599e+01    3.897710e-04
1.560821e+01    4.060177e-04
1.562042e+01    4.222328e-04
1.563263e+01    4.384143e-04
1.564485e+01    4.545412e-04
1.565706e+01    4.706154e-04
1.566927e+01    4.866191e-04
1.568149e+01    5.025498e-04
1.569370e+01    5.183918e-04
1.570591e+01    5.341557e-04
1.571812e+01    5.498091e-04
1.573034e+01    5.653556e-04
1.574255e+01    5.807840e-04
1.575476e+01    5.960895e-04
1.576698e+01    6.112575e-04
1.577919e+01    6.262785e-04
1.579140e+01    6.411491e-04
1.580362e+01    6.558554e-04
1.581583e+01    6.703990e-04
1.582804e+01    6.847586e-04
1.584025e+01    6.989359e-04
1.585247e+01    7.129150e-04
1.586468e+01    7.266919e-04
1.587689e+01    7.402547e-04
1.588911e+01    7.535974e-04
1.590132e+01    7.667188e-04
1.591353e+01    7.796009e-04
1.592575e+01    7.922382e-04
1.593796e+01    8.046265e-04
1.595017e+01    8.167534e-04
1.596238e+01    8.286181e-04
1.597460e+01    8.402073e-04
1.598681e+01    8.515139e-04
1.599902e+01    8.625354e-04
1.601124e+01    8.732564e-04
1.602345e+01    8.836810e-04
1.603566e+01    8.937917e-04
1.604787e+01    9.035952e-04
1.606009e+01    9.130767e-04
1.607230e+01    9.222284e-04
1.608451e+01    9.310464e-04
1.609673e+01    9.395254e-04
1.610894e+01    9.476617e-04
1.612115e+01    9.554550e-04
1.613337e+01    9.628890e-04
1.614558e+01    9.699675e-04
1.615779e+01    9.766794e-04
1.617001e+01    9.830283e-04
1.618222e+01    9.889998e-04
1.619443e+01    9.946014e-04
1.620664e+01    9.998229e-04
1.621886e+01    1.004661e-03
1.623107e+01    1.009116e-03
1.624328e+01    1.013183e-03
1.625550e+01    1.016859e-03
1.626771e+01    1.020145e-03
1.627992e+01    1.023038e-03
1.629214e+01    1.025533e-03
1.630435e+01    1.027624e-03
1.631656e+01    1.029326e-03
1.632877e+01    1.030626e-03
1.634099e+01    1.031524e-03
1.635320e+01    1.032021e-03
1.636541e+01    1.032125e-03
1.637763e+01    1.031820e-03
1.638984e+01    1.031123e-03
1.640205e+01    1.030015e-03
1.641426e+01    1.028517e-03
1.642648e+01    1.026619e-03
1.643869e+01    1.024326e-03
1.645090e+01    1.021638e-03
1.646312e+01    1.018560e-03
1.647533e+01    1.015087e-03
1.648754e+01    1.011231e-03
1.649976e+01    1.006992e-03
1.651197e+01    1.002364e-03
1.652418e+01    9.973621e-04
1.653639e+01    9.919830e-04
1.654861e+01    9.862361e-04
1.656082e+01    9.801162e-04
1.657303e+01    9.736398e-04
1.658525e+01    9.668000e-04
1.659746e+01    9.596150e-04
1.660967e+01    9.520663e-04
1.662189e+01    9.441869e-04
1.663410e+01    9.359577e-04
1.664631e+01    9.274061e-04
1.665853e+01    9.185245e-04
1.667074e+01    9.093167e-04
1.668295e+01    8.997948e-04
1.669516e+01    8.899664e-04
1.670738e+01    8.798321e-04
1.671959e+01    8.694024e-04
1.673180e+01    8.586872e-04
1.674402e+01    8.476835e-04
1.675623e+01    8.364074e-04
1.676844e+01    8.248604e-04
1.678065e+01    8.130504e-04
1.679287e+01    8.009914e-04
1.680508e+01    7.886759e-04
1.681729e+01    7.761371e-04
1.682951e+01    7.633567e-04
1.684172e+01    7.503539e-04
1.685393e+01    7.371348e-04
1.686615e+01    7.237068e-04
1.687836e+01    7.100821e-04
1.689057e+01    6.962616e-04
1.690278e+01    6.822601e-04
1.691500e+01    6.680825e-04
1.692721e+01    6.537351e-04
1.693942e+01    6.392237e-04
1.695164e+01    6.245695e-04
1.696385e+01    6.097731e-04
1.697606e+01    5.948413e-04
1.698828e+01    5.797765e-04
1.700049e+01    5.646021e-04
1.701270e+01    5.493090e-04
1.702491e+01    5.339211e-04
1.703713e+01    5.184358e-04
1.704934e+01    5.028697e-04
1.706155e+01    4.872232e-04
1.707377e+01    4.715152e-04
1.708598e+01    4.557366e-04
1.709819e+01    4.399046e-04
1.711040e+01    4.240467e-04
1.712262e+01    4.081312e-04
1.713483e+01    3.921910e-04
1.714705e+01    3.762312e-04
1.715926e+01    3.602626e-04
1.717147e+01    3.442813e-04
1.718368e+01    3.282996e-04
1.719590e+01    3.123202e-04
1.720811e+01    2.963696e-04
1.722032e+01    2.804376e-04
1.723254e+01    2.645268e-04
1.724475e+01    2.486582e-04
1.725696e+01    2.328341e-04
1.726917e+01    2.170546e-04
1.728139e+01    2.013336e-04
1.729360e+01    1.856665e-04
1.730581e+01    1.700848e-04
1.731803e+01    1.545562e-04
1.733024e+01    1.391126e-04
1.734245e+01    1.237573e-04
1.735467e+01    1.084966e-04
1.736688e+01    9.332898e-05
1.737909e+01    7.826518e-05
1.739130e+01    6.330770e-05
1.740352e+01    4.846872e-05
1.741573e+01    3.373557e-05
1.742794e+01    1.912427e-05
1.744016e+01    4.646150e-06
1.745237e+01    -9.704308e-06
1.746458e+01    -2.391898e-05
1.747680e+01    -3.799824e-05
1.748901e+01    -5.193185e-05
1.750122e+01    -6.572319e-05
1.751343e+01    -7.935707e-05
1.752565e+01    -9.284228e-05
1.753786e+01    -1.061733e-04
1.755007e+01    -1.193377e-04
1.756229e+01    -1.323411e-04
1.757450e+01    -1.451793e-04
1.758671e+01    -1.578576e-04
1.759892e+01    -1.703646e-04
1.761114e+01    -1.826865e-04
1.762335e+01    -1.948419e-04
1.763556e+01    -2.068273e-04
1.764778e+01    -2.186203e-04
1.765999e+01    -2.302394e-04
1.767220e+01    -2.416758e-04
1.768442e+01    -2.529210e-04
1.769663e+01    -2.639814e-04
1.770884e+01    -2.748697e-04
1.772106e+01    -2.855631e-04
1.773327e+01    -2.960590e-04
1.774548e+01    -3.063719e-04
1.775769e+01    -3.164862e-04
1.776991e+01    -3.264186e-04
1.778212e+01    -3.361570e-04
1.779433e+01    -3.456916e-04
1.780655e+01    -3.550494e-04
1.781876e+01    -3.641988e-04
1.783097e+01    -3.731584e-04
1.784319e+01    -3.819212e-04
1.785540e+01    -3.904849e-04
1.786761e+01    -3.988678e-04
1.787982e+01    -4.070432e-04
1.789204e+01    -4.150236e-04
1.790425e+01    -4.228213e-04
1.791646e+01    -4.304204e-04
1.792868e+01    -4.378193e-04
1.794089e+01    -4.450311e-04
1.795310e+01    -4.520418e-04
1.796531e+01    -4.588636e-04
1.797753e+01    -4.654948e-04
1.798974e+01    -4.719331e-04
1.800196e+01    -4.781820e-04
1.801417e+01    -4.842381e-04
1.802638e+01    -4.900974e-04
1.803859e+01    -4.957784e-04
1.805081e+01    -5.012651e-04
1.806302e+01    -5.065691e-04
1.807523e+01    -5.116750e-04
1.808744e+01    -5.165986e-04
1.809966e+01    -5.213319e-04
1.811187e+01    -5.258931e-04
1.812408e+01    -5.302551e-04
1.813630e+01    -5.344349e-04
1.814851e+01    -5.384334e-04
1.816072e+01    -5.422527e-04
1.817294e+01    -5.458818e-04
1.818515e+01    -5.493326e-04
1.819736e+01    -5.526031e-04
1.820958e+01    -5.556940e-04
1.822179e+01    -5.586037e-04
1.823400e+01    -5.613293e-04
1.824621e+01    -5.638844e-04
1.825843e+01    -5.662596e-04
1.827064e+01    -5.684497e-04
1.828285e+01    -5.704733e-04
1.829507e+01    -5.723279e-04
1.830728e+01    -5.739937e-04
1.831949e+01    -5.754862e-04
1.833171e+01    -5.768001e-04
1.834392e+01    -5.779522e-04
1.835613e+01    -5.789259e-04
1.836834e+01    -5.797301e-04
1.838056e+01    -5.803553e-04
1.839277e+01    -5.808127e-04
1.840498e+01    -5.811031e-04
1.841720e+01    -5.812236e-04
1.842941e+01    -5.811668e-04
1.844162e+01    -5.809468e-04
1.845383e+01    -5.805508e-04
1.846605e+01    -5.799935e-04
1.847826e+01    -5.792642e-04
1.849047e+01    -5.783677e-04
1.850269e+01    -5.773170e-04
1.851490e+01    -5.760731e-04
1.852711e+01    -5.746739e-04
1.853933e+01    -5.731098e-04
1.855154e+01    -5.713725e-04
1.856375e+01    -5.694764e-04
1.857596e+01    -5.674155e-04
1.858818e+01    -5.651870e-04
1.860039e+01    -5.627954e-04
1.861260e+01    -5.602357e-04
1.862482e+01    -5.575209e-04
1.863703e+01    -5.546325e-04
1.864924e+01    -5.515879e-04
1.866146e+01    -5.483807e-04
1.867367e+01    -5.450135e-04
1.868588e+01    -5.414819e-04
1.869810e+01    -5.377942e-04
1.871031e+01    -5.339431e-04
1.872252e+01    -5.299371e-04
1.873473e+01    -5.257705e-04
1.874695e+01    -5.214465e-04
1.875916e+01    -5.169696e-04
1.877137e+01    -5.123341e-04
1.878359e+01    -5.075510e-04
1.879580e+01    -5.026085e-04
1.880801e+01    -4.975160e-04
1.882022e+01    -4.922743e-04
1.883244e+01    -4.868766e-04
1.884465e+01    -4.813371e-04
1.885686e+01    -4.756479e-04
1.886908e+01    -4.698148e-04
1.888129e+01    -4.638347e-04
1.889350e+01    -4.577062e-04
1.890572e+01    -4.514428e-04
1.891793e+01    -4.450427e-04
1.893014e+01    -4.385018e-04
1.894235e+01    -4.318173e-04
1.895457e+01    -4.250130e-04
1.896678e+01    -4.180570e-04
1.897899e+01    -4.109833e-04
1.899121e+01    -4.037786e-04
1.900342e+01    -3.964477e-04
1.901563e+01    -3.889999e-04
1.902785e+01    -3.814229e-04
1.904006e+01    -3.737300e-04
1.905227e+01    -3.659215e-04
1.906449e+01    -3.579925e-04
1.907670e+01    -3.499626e-04
1.908891e+01    -3.418208e-04
1.910112e+01    -3.335727e-04
1.911334e+01    -3.252178e-04
1.912555e+01    -3.167773e-04
1.913776e+01    -3.082310e-04
1.914997e+01    -2.995956e-04
1.916219e+01    -2.908724e-04
1.917440e+01    -2.820590e-04
1.918661e+01    -2.731646e-04
1.919883e+01    -2.641937e-04
1.921104e+01    -2.551526e-04
1.922325e+01    -2.460321e-04
1.923547e+01    -2.368472e-04
1.924768e+01    -2.276049e-04
1.925989e+01    -2.182951e-04
1.927211e+01    -2.089364e-04
1.928432e+01    -1.995214e-04
1.929653e+01    -1.900588e-04
1.930874e+01    -1.805569e-04
1.932096e+01    -1.710185e-04
1.933317e+01    -1.614426e-04
1.934538e+01    -1.518425e-04
1.935760e+01    -1.422082e-04
1.936981e+01    -1.325594e-04
1.938202e+01    -1.228966e-04
1.939424e+01    -1.132163e-04
1.940645e+01    -1.035304e-04
1.941866e+01    -9.383849e-05
1.943087e+01    -8.415832e-05
1.944309e+01    -7.448503e-05
1.945530e+01    -6.482139e-05
1.946751e+01    -5.517737e-05
1.947973e+01    -4.555052e-05
1.949194e+01    -3.595569e-05
1.950415e+01    -2.638606e-05
1.951637e+01    -1.686107e-05
1.952858e+01    -7.378694e-06
1.954079e+01    2.065557e-06
1.955301e+01    1.144741e-05
1.956522e+01    2.078753e-05
1.957743e+01    3.004985e-05
1.958964e+01    3.925679e-05
1.960186e+01    4.839004e-05
1.961407e+01    5.744796e-05
1.962628e+01    6.642923e-05
1.963849e+01    7.531999e-05
1.965071e+01    8.413370e-05
1.966292e+01    9.284151e-05
1.967513e+01    1.014521e-04
1.968735e+01    1.099577e-04
1.969956e+01    1.183545e-04
1.971177e+01    1.266486e-04
1.972399e+01    1.348284e-04
1.973620e+01    1.428717e-04
1.974841e+01    1.508036e-04
1.976063e+01    1.586062e-04
1.977284e+01    1.662680e-04
1.978505e+01    1.737984e-04
1.979726e+01    1.811941e-04
1.980948e+01    1.884349e-04
1.982169e+01    1.955322e-04
1.983390e+01    2.024806e-04
1.984612e+01    2.092717e-04
1.985833e+01    2.159073e-04
1.987054e+01    2.223779e-04
1.988276e+01    2.286868e-04
1.989497e+01    2.348343e-04
1.990718e+01    2.407933e-04
1.991939e+01    2.465901e-04
1.993161e+01    2.522125e-04
1.994382e+01    2.576553e-04
1.995603e+01    2.629182e-04
1.996825e+01    2.679920e-04
1.998046e+01    2.728915e-04
1.999267e+01    2.775994e-04
2.000488e+01    2.821123e-04
2.001710e+01    2.864462e-04
2.002931e+01    2.905955e-04
2.004152e+01    2.945298e-04
2.005374e+01    2.982764e-04
2.006595e+01    3.018364e-04
2.007816e+01    3.051871e-04
2.009038e+01    3.083437e-04
2.010259e+01    3.113042e-04
2.011480e+01    3.140789e-04
2.012702e+01    3.166381e-04
2.013923e+01    3.190027e-04
2.015144e+01    3.211680e-04
2.016365e+01    3.231340e-04
2.017587e+01    3.248992e-04
2.018808e+01    3.264756e-04
2.020029e+01    3.278430e-04
2.021251e+01    3.290125e-04
2.022472e+01    3.299910e-04
2.023693e+01    3.307713e-04
2.024915e+01    3.313514e-04
2.026136e+01    3.317417e-04
2.027357e+01    3.319373e-04
2.028578e+01    3.319530e-04
2.029800e+01    3.317593e-04
2.031021e+01    3.313865e-04
2.032242e+01    3.308301e-04
2.033464e+01    3.300850e-04
2.034685e+01    3.291614e-04
2.035906e+01    3.280597e-04
2.037127e+01    3.267762e-04
2.038349e+01    3.253160e-04
2.039570e+01    3.236773e-04
2.040791e+01    3.218807e-04
2.042013e+01    3.199077e-04
2.043234e+01    3.177693e-04
2.044455e+01    3.154777e-04
2.045677e+01    3.130165e-04
2.046898e+01    3.104019e-04
2.048119e+01    3.076383e-04
2.049340e+01    3.047249e-04
2.050562e+01    3.016460e-04
2.051783e+01    2.984565e-04
2.053004e+01    2.951096e-04
2.054226e+01    2.916322e-04
2.055447e+01    2.880125e-04
2.056668e+01    2.842743e-04
2.057890e+01    2.804050e-04
2.059111e+01    2.764187e-04
2.060332e+01    2.723146e-04
2.061554e+01    2.680851e-04
2.062775e+01    2.637543e-04
2.063996e+01    2.593157e-04
2.065217e+01    2.547752e-04
2.066439e+01    2.501382e-04
2.067660e+01    2.454018e-04
2.068881e+01    2.405744e-04
2.070103e+01    2.356670e-04
2.071324e+01    2.306664e-04
2.072545e+01    2.255926e-04
2.073767e+01    2.204468e-04
2.074988e+01    2.152348e-04
2.076209e+01    2.099417e-04
2.077430e+01    2.045979e-04
2.078652e+01    1.991876e-04
2.079873e+01    1.937223e-04
2.081094e+01    1.882009e-04
2.082316e+01    1.826493e-04
2.083537e+01    1.770475e-04
2.084758e+01    1.714067e-04
2.085979e+01    1.657187e-04
2.087201e+01    1.600058e-04
2.088422e+01    1.542674e-04
2.089643e+01    1.485091e-04
2.090865e+01    1.427133e-04
2.092086e+01    1.369028e-04
2.093307e+01    1.310864e-04
2.094529e+01    1.252610e-04
2.095750e+01    1.194180e-04
2.096971e+01    1.135786e-04
2.098192e+01    1.077438e-04
2.099414e+01    1.018974e-04
2.100635e+01    9.606517e-05
2.101856e+01    9.023798e-05
2.103078e+01    8.442654e-05
2.104299e+01    7.862489e-05
2.105520e+01    7.284354e-05
2.106742e+01    6.708065e-05
2.107963e+01    6.134156e-05
2.109184e+01    5.563657e-05
2.110406e+01    4.994714e-05
2.111627e+01    4.428418e-05
2.112848e+01    3.866593e-05
2.114069e+01    3.308283e-05
2.115291e+01    2.753685e-05
2.116512e+01    2.203263e-05
2.117733e+01    1.655635e-05
2.118955e+01    1.113366e-05
2.120176e+01    5.757189e-06
2.121397e+01    4.256290e-07
2.122618e+01    -4.851929e-06
2.123840e+01    -1.008245e-05
2.125061e+01    -1.526208e-05
2.126282e+01    -2.037943e-05
2.127504e+01    -2.544971e-05
2.128725e+01    -3.045544e-05
2.129946e+01    -3.540676e-05
2.131168e+01    -4.029588e-05
2.132389e+01    -4.512530e-05
2.133610e+01    -4.989186e-05
2.134831e+01    -5.459340e-05
2.136053e+01    -5.923463e-05
2.137274e+01    -6.380673e-05
2.138495e+01    -6.831404e-05
2.139717e+01    -7.275448e-05
2.140938e+01    -7.713004e-05
2.142159e+01    -8.142903e-05
2.143381e+01    -8.566790e-05
2.144602e+01    -8.983696e-05
2.145823e+01    -9.393341e-05
2.147044e+01    -9.795258e-05
2.148266e+01    -1.019113e-04
2.149487e+01    -1.057940e-04
2.150708e+01    -1.096014e-04
2.151930e+01    -1.133484e-04
2.153151e+01    -1.170158e-04
2.154372e+01    -1.206082e-04
2.155593e+01    -1.241311e-04
2.156815e+01    -1.275819e-04
2.158036e+01    -1.309628e-04
2.159258e+01    -1.342749e-04
2.160479e+01    -1.374980e-04
2.161700e+01    -1.406578e-04
2.162921e+01    -1.437469e-04
2.164143e+01    -1.467614e-04
2.165364e+01    -1.497023e-04
2.166585e+01    -1.525734e-04
2.167807e+01    -1.553635e-04
2.169028e+01    -1.580931e-04
2.170249e+01    -1.607481e-04
2.171470e+01    -1.633217e-04
2.172692e+01    -1.658322e-04
2.173913e+01    -1.682657e-04
2.175134e+01    -1.706325e-04
2.176356e+01    -1.729233e-04
2.177577e+01    -1.751419e-04
2.178798e+01    -1.772930e-04
2.180020e+01    -1.793714e-04
2.181241e+01    -1.813853e-04
2.182462e+01    -1.833222e-04
2.183683e+01    -1.851857e-04
2.184905e+01    -1.869832e-04
2.186126e+01    -1.887005e-04
2.187347e+01    -1.903672e-04
2.188569e+01    -1.919522e-04
2.189790e+01    -1.934645e-04
2.191011e+01    -1.949122e-04
2.192233e+01    -1.962922e-04
2.193454e+01    -1.975989e-04
2.194675e+01    -1.988333e-04
2.195897e+01    -2.000013e-04
2.197118e+01    -2.010993e-04
2.198339e+01    -2.021293e-04
2.199560e+01    -2.030923e-04
2.200782e+01    -2.039852e-04
2.202003e+01    -2.047987e-04
2.203224e+01    -2.055514e-04
2.204445e+01    -2.062349e-04
2.205667e+01    -2.068452e-04
2.206888e+01    -2.073899e-04
2.208109e+01    -2.078596e-04
2.209331e+01    -2.082696e-04
2.210552e+01    -2.085967e-04
2.211773e+01    -2.088585e-04
2.212995e+01    -2.090451e-04
2.214216e+01    -2.091728e-04
2.215437e+01    -2.092157e-04
2.216659e+01    -2.091981e-04
2.217880e+01    -2.091081e-04
2.219101e+01    -2.089415e-04
2.220322e+01    -2.087138e-04
2.221544e+01    -2.084018e-04
2.222765e+01    -2.080262e-04
2.223986e+01    -2.075760e-04
2.225208e+01    -2.070499e-04
2.226429e+01    -2.064589e-04
2.227650e+01    -2.057898e-04
2.228872e+01    -2.050543e-04
2.230093e+01    -2.042439e-04
2.231314e+01    -2.033474e-04
2.232535e+01    -2.023920e-04
2.233757e+01    -2.013572e-04
2.234978e+01    -2.002522e-04
2.236199e+01    -1.990703e-04
2.237421e+01    -1.977996e-04
2.238642e+01    -1.964889e-04
2.239863e+01    -1.950769e-04
2.241084e+01    -1.936043e-04
2.242306e+01    -1.920504e-04
2.243527e+01    -1.904248e-04
2.244748e+01    -1.887218e-04
2.245970e+01    -1.869455e-04
2.247191e+01    -1.850892e-04
2.248412e+01    -1.831661e-04
2.249634e+01    -1.811681e-04
2.250855e+01    -1.790833e-04
2.252076e+01    -1.769417e-04
2.253297e+01    -1.747175e-04
2.254519e+01    -1.724300e-04
2.255740e+01    -1.700474e-04
2.256961e+01    -1.676017e-04
2.258183e+01    -1.650835e-04
2.259404e+01    -1.624955e-04
2.260625e+01    -1.598276e-04
2.261847e+01    -1.570868e-04
2.263068e+01    -1.542816e-04
2.264289e+01    -1.514006e-04
2.265511e+01    -1.484493e-04
2.266732e+01    -1.454283e-04
2.267953e+01    -1.423433e-04
2.269174e+01    -1.391864e-04
2.270396e+01    -1.359569e-04
2.271617e+01    -1.326724e-04
2.272838e+01    -1.293133e-04
2.274060e+01    -1.258875e-04
2.275281e+01    -1.224026e-04
2.276502e+01    -1.188521e-04
2.277724e+01    -1.152373e-04
2.278945e+01    -1.115644e-04
2.280166e+01    -1.078310e-04
2.281387e+01    -1.040363e-04
2.282609e+01    -1.001951e-04
2.283830e+01    -9.628740e-05
2.285051e+01    -9.232928e-05
2.286273e+01    -8.831633e-05
2.287494e+01    -8.425396e-05
2.288715e+01    -8.013670e-05
2.289936e+01    -7.596856e-05
2.291158e+01    -7.175724e-05
2.292379e+01    -6.750110e-05
2.293600e+01    -6.319874e-05
2.294822e+01    -5.885726e-05
2.296043e+01    -5.447265e-05
2.297264e+01    -5.005026e-05
2.298486e+01    -4.559272e-05
2.299707e+01    -4.109996e-05
2.300928e+01    -3.657001e-05
2.302150e+01    -3.201881e-05
2.303371e+01    -2.743420e-05
2.304592e+01    -2.282218e-05
2.305813e+01    -1.818710e-05
2.307035e+01    -1.352740e-05
2.308256e+01    -8.852745e-06
2.309477e+01    -4.154979e-06
2.310699e+01    5.488400e-07
2.311920e+01    5.275360e-06
2.313141e+01    1.000648e-05
2.314363e+01    1.474627e-05
2.315584e+01    1.949759e-05
2.316805e+01    2.425286e-05
2.318026e+01    2.899911e-05
2.319248e+01    3.374903e-05
2.320469e+01    3.850099e-05
2.321690e+01    4.324107e-05
2.322912e+01    4.797429e-05
2.324133e+01    5.269673e-05
2.325354e+01    5.740393e-05
2.326575e+01    6.209686e-05
2.327797e+01    6.677181e-05
2.329018e+01    7.143570e-05
2.330239e+01    7.605366e-05
2.331461e+01    8.065882e-05
2.332682e+01    8.523808e-05
2.333903e+01    8.978473e-05
2.335125e+01    9.429612e-05
2.336346e+01    9.877130e-05
2.337567e+01    1.032140e-04
2.338788e+01    1.076154e-04
2.340010e+01    1.119692e-04
2.341231e+01    1.162834e-04
2.342452e+01    1.205481e-04
2.343674e+01    1.247645e-04
2.344895e+01    1.289308e-04
2.346116e+01    1.330444e-04
2.347338e+01    1.370934e-04
2.348559e+01    1.410939e-04
2.349780e+01    1.450315e-04
2.351002e+01    1.488978e-04
2.352223e+01    1.527133e-04
2.353444e+01    1.564589e-04
2.354665e+01    1.601376e-04
2.355887e+01    1.637421e-04
2.357108e+01    1.672738e-04
2.358329e+01    1.707341e-04
2.359550e+01    1.741216e-04
2.360772e+01    1.774302e-04
2.361993e+01    1.806595e-04
2.363214e+01    1.838184e-04
2.364436e+01    1.868829e-04
2.365657e+01    1.898679e-04
2.366878e+01    1.927724e-04
2.368100e+01    1.955900e-04
2.369321e+01    1.983217e-04
2.370542e+01    2.009654e-04
2.371764e+01    2.035259e-04
2.372985e+01    2.059782e-04
2.374206e+01    2.083628e-04
2.375427e+01    2.106479e-04
2.376649e+01    2.128381e-04
2.377870e+01    2.149349e-04
2.379091e+01    2.169369e-04
2.380313e+01    2.188509e-04
2.381534e+01    2.206621e-04
2.382755e+01    2.223831e-04
2.383977e+01    2.240069e-04
2.385198e+01    2.255391e-04
2.386419e+01    2.269651e-04
2.387640e+01    2.283004e-04
2.388862e+01    2.295337e-04
2.390083e+01    2.306694e-04
2.391304e+01    2.317133e-04
2.392526e+01    2.326581e-04
2.393747e+01    2.335086e-04
2.394968e+01    2.342596e-04
2.396189e+01    2.349143e-04
2.397411e+01    2.354754e-04
2.398632e+01    2.359441e-04
2.399854e+01    2.363074e-04
2.401075e+01    2.365753e-04
2.402296e+01    2.367618e-04
2.403517e+01    2.368432e-04
2.404739e+01    2.368420e-04
2.405960e+01    2.367438e-04
2.407181e+01    2.365538e-04
2.408403e+01    2.362737e-04
2.409624e+01    2.359079e-04
2.410845e+01    2.354440e-04
2.412066e+01    2.349016e-04
2.413288e+01    2.342655e-04
2.414509e+01    2.335452e-04
2.415730e+01    2.327422e-04
2.416952e+01    2.318578e-04
2.418173e+01    2.308846e-04
2.419394e+01    2.298377e-04
2.420616e+01    2.287066e-04
2.421837e+01    2.274964e-04
2.423058e+01    2.262103e-04
2.424279e+01    2.248607e-04
2.425501e+01    2.234081e-04
2.426722e+01    2.218988e-04
2.427943e+01    2.203125e-04
2.429165e+01    2.186585e-04
2.430386e+01    2.169403e-04
2.431607e+01    2.151511e-04
2.432829e+01    2.132886e-04
2.434050e+01    2.113725e-04
2.435271e+01    2.093904e-04
2.436492e+01    2.073431e-04
2.437714e+01    2.052228e-04
2.438935e+01    2.030694e-04
2.440156e+01    2.008471e-04
2.441378e+01    1.985710e-04
2.442599e+01    1.962374e-04
2.443820e+01    1.938572e-04
2.445041e+01    1.914208e-04
2.446263e+01    1.889369e-04
2.447484e+01    1.864099e-04
2.448705e+01    1.838243e-04
2.449927e+01    1.812054e-04
2.451148e+01    1.785308e-04
2.452369e+01    1.758321e-04
2.453591e+01    1.730819e-04
2.454812e+01    1.702939e-04
2.456033e+01    1.674676e-04
2.457255e+01    1.646043e-04
2.458476e+01    1.617068e-04
2.459697e+01    1.587771e-04
2.460918e+01    1.558141e-04
2.462140e+01    1.528219e-04
2.463361e+01    1.497954e-04
2.464582e+01    1.467402e-04
2.465804e+01    1.436602e-04
2.467025e+01    1.405555e-04
2.468246e+01    1.374197e-04
2.469468e+01    1.342689e-04
2.470689e+01    1.310926e-04
2.471910e+01    1.278916e-04
2.473131e+01    1.246699e-04
2.474353e+01    1.214303e-04
2.475574e+01    1.181758e-04
2.476795e+01    1.148995e-04
2.478017e+01    1.116105e-04
2.479238e+01    1.083046e-04
2.480459e+01    1.049818e-04
2.481680e+01    1.016439e-04
2.482902e+01    9.830213e-05
2.484123e+01    9.494144e-05
2.485344e+01    9.156900e-05
2.486566e+01    8.819101e-05
2.487787e+01    8.479691e-05
2.489008e+01    8.140082e-05
2.490230e+01    7.798889e-05
2.491451e+01    7.457469e-05
2.492672e+01    7.115038e-05
2.493893e+01    6.772454e-05
2.495115e+01    6.428659e-05
2.496336e+01    6.084586e-05
2.497557e+01    5.739665e-05
2.498779e+01    5.395258e-05
2.500000e+01    5.049453e-05
