1  326.1036376953125
2  16402.701171875
3  819.1890869140625
4  8595.2626953125
5  10143.6552734375
6  3540.89990234375
7  355.0457763671875
8  3067.8447265625
9  5819.12890625
10  4714.25146484375
11  1740.195556640625
12  377.03546142578125
13  1634.350830078125
14  3306.317138671875
15  3127.5107421875
16  1523.9815673828125
17  421.01385498046875
18  790.5465087890625
19  1801.3729248046875
20  2089.585205078125
21  1366.920654296875
22  509.5599060058594
23  406.01788330078125
24  973.790771484375
25  1369.146240234375
26  1095.1181640625
27  535.3765869140625
28  345.4128112792969
29  636.8600463867188
30  937.6300048828125
31  849.8770141601562
32  509.1978759765625
33  336.22418212890625
34  485.135498046875
35  686.293212890625
36  647.6278686523438
37  434.015380859375
38  326.5489501953125
39  424.67340087890625
40  546.140380859375
41  511.3472900390625
42  378.2916259765625
43  328.3122863769531
44  403.312255859375
45  468.724365234375
46  425.7763671875
47  343.6267395019531
48  335.2193908691406
49  391.07208251953125
50  412.6332702636719
51  367.55340576171875
52  325.7886047363281
53  341.3782653808594
54  376.22296142578125
55  370.575439453125
56  335.82147216796875
57  325.6840515136719
58  347.798095703125
59  359.7367858886719
60  342.03326416015625
61  324.4364318847656
62  331.641845703125
63  345.4978942871094
64  340.5919494628906
65  325.9362487792969
66  325.00421142578125
67  335.2262268066406
68  336.598876953125
69  327.1913146972656
70  323.2470703125
71  329.2928466796875
72  332.49951171875
73  327.06719970703125
74  322.828369140625
75  325.9350891113281
76  328.99591064453125
77  326.0401916503906
78  322.5697021484375
79  324.0876770019531
80  326.510498046875
81  324.90606689453125
82  322.41650390625
83  323.033935546875
84  324.5807800292969
85  324.0856628417969
86  322.4706726074219
87  322.39056396484375
88  323.4648132324219
89  323.46600341796875
90  322.3933410644531
91  322.072998046875
92  322.7475891113281
93  322.9266357421875
94  322.2457275390625
95  321.9261474609375
96  322.33074951171875
97  322.5057373046875
98  322.0662536621094
99  321.7853088378906
100  322.0263977050781
101  322.15228271484375
102  321.8614501953125
103  321.6536865234375
104  321.79034423828125
105  321.8638610839844
106  321.646484375
107  321.49896240234375
108  321.58416748046875
109  321.60089111328125
110  321.426513671875
111  321.32232666015625
112  321.36529541015625
113  321.34326171875
114  321.20343017578125
115  321.12664794921875
116  321.1497497558594
117  321.1042175292969
118  320.985595703125
119  320.931884765625
120  320.9327087402344
121  320.8675231933594
122  320.76727294921875
123  320.726806640625
124  320.6978759765625
125  320.6299743652344
126  320.55853271484375
127  320.5199890136719
128  320.4797058105469
129  320.4080810546875
130  320.3437194824219
131  320.3047180175781
132  320.2535095214844
133  320.193115234375
134  320.160888671875
135  320.12896728515625
136  320.08599853515625
137  320.043212890625
138  320.012451171875
139  319.978515625
140  319.9349365234375
141  319.9030456542969
142  319.875732421875
143  319.83990478515625
144  319.802001953125
145  319.76934814453125
146  319.735107421875
147  319.6992492675781
148  319.6690673828125
149  319.6372985839844
150  319.6005859375
151  319.5709533691406
152  319.540283203125
153  319.5044860839844
154  319.4726257324219
155  319.44329833984375
156  319.4139709472656
157  319.3797912597656
158  319.3470458984375
159  319.3144836425781
160  319.28106689453125
161  319.25140380859375
162  319.22003173828125
163  319.19195556640625
164  319.162353515625
165  319.1346435546875
166  319.106689453125
167  319.08123779296875
168  319.0530700683594
169  319.02484130859375
170  318.99420166015625
171  318.9662780761719
172  318.93377685546875
173  318.9007568359375
174  318.8660888671875
175  318.8319091796875
176  318.7975158691406
177  318.7630310058594
178  318.7281494140625
179  318.69464111328125
180  318.6571960449219
181  318.6207275390625
182  318.58843994140625
183  318.5507507324219
184  318.515869140625
185  318.48004150390625
186  318.4439697265625
187  318.4065856933594
188  318.3688659667969
189  318.3322448730469
190  318.296142578125
191  318.25982666015625
192  318.2222900390625
193  318.1842041015625
194  318.1468505859375
195  318.1099853515625
196  318.072265625
197  318.03668212890625
198  318.00469970703125
199  317.97491455078125
200  317.94537353515625
201  317.9184875488281
202  317.88739013671875
203  317.85906982421875
204  317.8293762207031
205  317.80010986328125
206  317.773681640625
207  317.7452392578125
208  317.71795654296875
209  317.6900634765625
210  317.6637878417969
211  317.63507080078125
212  317.6072692871094
213  317.58087158203125
214  317.5538635253906
215  317.526123046875
216  317.4998474121094
217  317.4727783203125
218  317.4458923339844
219  317.41839599609375
220  317.39276123046875
221  317.364990234375
222  317.33831787109375
223  317.31201171875
224  317.28558349609375
225  317.2582702636719
226  317.2312927246094
227  317.2059326171875
228  317.1787109375
229  317.15106201171875
230  317.12652587890625
231  317.098388671875
232  317.072021484375
233  317.0455017089844
234  317.0188903808594
235  316.9929504394531
236  316.9651794433594
237  316.9427795410156
238  316.919189453125
239  316.89593505859375
240  316.8730773925781
241  316.8492126464844
242  316.8267517089844
243  316.8056640625
244  316.7843933105469
245  316.7625732421875
246  316.7423095703125
247  316.7214050292969
248  316.69940185546875
249  316.67901611328125
250  316.6578063964844
251  316.6360778808594
252  316.6169738769531
253  316.5944519042969
254  316.5740051269531
255  316.5540466308594
256  316.53192138671875
257  316.5116882324219
258  316.48992919921875
259  316.4691162109375
260  316.4462890625
261  316.4266052246094
262  316.4045715332031
263  316.38385009765625
264  316.3623962402344
265  316.3408508300781
266  316.3197937011719
267  316.2975158691406
268  316.27569580078125
269  316.2532043457031
270  316.2310485839844
271  316.20928955078125
272  316.1862487792969
273  316.16290283203125
274  316.1410827636719
275  316.1179504394531
276  316.09588623046875
277  316.072265625
278  316.0489807128906
279  316.0258483886719
280  316.0035705566406
281  315.98095703125
282  315.9569091796875
283  315.9332275390625
284  315.9116516113281
285  315.8883972167969
286  315.8648986816406
287  315.84051513671875
288  315.8180236816406
289  315.79486083984375
290  315.7729797363281
291  315.74859619140625
292  315.72528076171875
293  315.70208740234375
294  315.6806335449219
295  315.65911865234375
296  315.6359558105469
297  315.61492919921875
298  315.5946044921875
299  315.5721740722656
300  315.55084228515625
301  315.5281982421875
302  315.50665283203125
303  315.4847412109375
304  315.4622802734375
305  315.44073486328125
306  315.41937255859375
307  315.39752197265625
308  315.3749084472656
309  315.3531494140625
310  315.3316650390625
311  315.31011962890625
312  315.2881164550781
313  315.2665710449219
314  315.2439880371094
315  315.2215270996094
316  315.2003173828125
317  315.17913818359375
318  315.1553955078125
319  315.134033203125
320  315.111328125
321  315.09039306640625
322  315.0697937011719
323  315.05010986328125
324  315.0298767089844
325  315.00909423828125
326  314.9900817871094
327  314.9706726074219
328  314.950439453125
329  314.92913818359375
330  314.90997314453125
331  314.89031982421875
332  314.8697509765625
333  314.85052490234375
334  314.82989501953125
335  314.8101501464844
336  314.7893981933594
337  314.7694396972656
338  314.74957275390625
339  314.7294006347656
340  314.71112060546875
341  314.69061279296875
342  314.6700439453125
343  314.6502990722656
344  314.6310119628906
345  314.610595703125
346  314.590087890625
347  314.570556640625
348  314.54931640625
349  314.5298767089844
350  314.51116943359375
351  314.48992919921875
352  314.4696044921875
353  314.4499816894531
354  314.4304504394531
355  314.40948486328125
356  314.38861083984375
357  314.36810302734375
358  314.3477783203125
359  314.3283386230469
360  314.3086853027344
361  314.28863525390625
362  314.26837158203125
363  314.2471008300781
364  314.2284851074219
365  314.2083740234375
366  314.1873779296875
367  314.1675720214844
368  314.14825439453125
369  314.1277160644531
370  314.10894775390625
371  314.088623046875
372  314.067626953125
373  314.04638671875
374  314.0265808105469
375  314.0063171386719
376  313.9864807128906
377  313.96588134765625
378  313.9455871582031
379  313.92645263671875
380  313.9056396484375
381  313.8856201171875
382  313.86614990234375
383  313.8463134765625
384  313.8265075683594
385  313.80645751953125
386  313.78509521484375
387  313.764404296875
388  313.74444580078125
389  313.7246398925781
390  313.703857421875
391  313.683349609375
392  313.66217041015625
393  313.6415710449219
394  313.620361328125
395  313.60198974609375
396  313.57989501953125
397  313.55999755859375
398  313.54119873046875
399  313.5204772949219
400  313.50103759765625
401  313.4805908203125
402  313.4590148925781
403  313.4401550292969
404  313.422119140625
405  313.4032897949219
406  313.38397216796875
407  313.36553955078125
408  313.34710693359375
409  313.3272705078125
410  313.30963134765625
411  313.28912353515625
412  313.2716369628906
413  313.2541198730469
414  313.2355651855469
415  313.21624755859375
416  313.1982727050781
417  313.1791076660156
418  313.16021728515625
419  313.14111328125
420  313.1229248046875
421  313.10394287109375
422  313.08477783203125
423  313.065673828125
424  313.0465087890625
425  313.0285339355469
426  313.0091552734375
427  312.9891357421875
428  312.9726257324219
429  312.9528503417969
430  312.934814453125
431  312.9156799316406
432  312.897216796875
433  312.8780212402344
434  312.8586730957031
435  312.83978271484375
436  312.819580078125
437  312.79974365234375
438  312.77984619140625
439  312.76214599609375
440  312.74407958984375
441  312.7243957519531
442  312.70477294921875
443  312.6848449707031
444  312.6663513183594
445  312.64715576171875
446  312.626953125
447  312.6084289550781
448  312.5899963378906
449  312.56915283203125
450  312.5504455566406
451  312.53057861328125
452  312.511474609375
453  312.491943359375
454  312.47161865234375
455  312.45404052734375
456  312.43310546875
457  312.41400146484375
458  312.39422607421875
459  312.37493896484375
460  312.355712890625
461  312.3365478515625
462  312.3173828125
463  312.29736328125
464  312.279296875
465  312.258544921875
466  312.23846435546875
467  312.2196044921875
468  312.19866943359375
469  312.17950439453125
470  312.15899658203125
471  312.1405029296875
472  312.1206359863281
473  312.10107421875
474  312.0816650390625
475  312.0623779296875
476  312.04248046875
477  312.0226135253906
478  312.00445556640625
479  311.9836120605469
480  311.9637756347656
481  311.9443359375
482  311.924560546875
483  311.9066467285156
484  311.8885192871094
485  311.87017822265625
486  311.8515625
487  311.83331298828125
488  311.8144836425781
489  311.799072265625
490  311.7799987792969
491  311.76068115234375
492  311.7435607910156
493  311.72540283203125
494  311.70751953125
495  311.6896667480469
496  311.6716613769531
497  311.6529541015625
498  311.6348571777344
499  311.61700439453125
500  311.59844970703125
501  311.579833984375
502  311.56170654296875
503  311.54315185546875
504  311.525146484375
505  311.5081787109375
506  311.4888610839844
507  311.4705810546875
508  311.4517822265625
509  311.4339294433594
510  311.4171447753906
511  311.39776611328125
512  311.3799133300781
513  311.3616027832031
514  311.3426513671875
515  311.32513427734375
516  311.30548095703125
517  311.2874450683594
518  311.2681884765625
519  311.2493896484375
520  311.2296142578125
521  311.2121887207031
522  311.19525146484375
523  311.17657470703125
524  311.1560974121094
525  311.1385498046875
526  311.1210632324219
527  311.1024475097656
528  311.0838928222656
529  311.06549072265625
530  311.046630859375
531  311.02728271484375
532  311.00799560546875
533  310.9893798828125
534  310.97265625
535  310.953125
536  310.933837890625
537  310.91436767578125
538  310.894287109375
539  310.8779296875
540  310.85711669921875
541  310.83868408203125
542  310.8216857910156
543  310.80242919921875
544  310.78387451171875
545  310.76507568359375
546  310.7465515136719
547  310.7274169921875
548  310.70947265625
549  310.6902770996094
550  310.6710205078125
551  310.6506652832031
552  310.63323974609375
553  310.6130676269531
554  310.59375
555  310.5747375488281
556  310.55450439453125
557  310.537841796875
558  310.51837158203125
559  310.497314453125
560  310.47943115234375
561  310.4608459472656
562  310.4415588378906
563  310.4252014160156
564  310.408447265625
565  310.389892578125
566  310.37371826171875
567  310.3556213378906
568  310.3394775390625
569  310.3208923339844
570  310.303466796875
571  310.28570556640625
572  310.2690124511719
573  310.251220703125
574  310.23333740234375
575  310.21539306640625
576  310.19964599609375
577  310.18133544921875
578  310.1639404296875
579  310.14605712890625
580  310.1292724609375
581  310.1109313964844
582  310.0934143066406
583  310.0766906738281
584  310.058349609375
585  310.04168701171875
586  310.0237731933594
587  310.00537109375
588  309.9889831542969
589  309.970947265625
590  309.9527587890625
591  309.9351806640625
592  309.9185791015625
593  309.9005126953125
594  309.8841552734375
595  309.86480712890625
596  309.846435546875
597  309.8299255371094
598  309.8111572265625
599  309.7937927246094
600  309.7759094238281
