0.000000e+00    -1.347829e+00
1.221299e-02    -1.346875e+00
2.442599e-02    -1.344015e+00
3.663898e-02    -1.339261e+00
4.885198e-02    -1.332630e+00
6.106497e-02    -1.324145e+00
7.327797e-02    -1.313838e+00
8.549096e-02    -1.301746e+00
9.770396e-02    -1.287913e+00
1.099169e-01    -1.272389e+00
1.221299e-01    -1.255230e+00
1.343429e-01    -1.236496e+00
1.465559e-01    -1.216255e+00
1.587689e-01    -1.194578e+00
1.709819e-01    -1.171541e+00
1.831949e-01    -1.147226e+00
1.954079e-01    -1.121716e+00
2.076209e-01    -1.095098e+00
2.198339e-01    -1.067465e+00
2.320469e-01    -1.038908e+00
2.442599e-01    -1.009524e+00
2.564729e-01    -9.794104e-01
2.686859e-01    -9.486647e-01
2.808989e-01    -9.173871e-01
2.931119e-01    -8.856768e-01
3.053249e-01    -8.536337e-01
3.175378e-01    -8.213573e-01
3.297509e-01    -7.889454e-01
3.419639e-01    -7.564958e-01
3.541768e-01    -7.241035e-01
3.663898e-01    -6.918620e-01
3.786028e-01    -6.598624e-01
3.908158e-01    -6.281927e-01
4.030288e-01    -5.969383e-01
4.152418e-01    -5.661809e-01
4.274548e-01    -5.359991e-01
4.396678e-01    -5.064669e-01
4.518808e-01    -4.776550e-01
4.640938e-01    -4.496293e-01
4.763068e-01    -4.224516e-01
4.885198e-01    -3.961788e-01
5.007328e-01    -3.708635e-01
5.129458e-01    -3.465532e-01
5.251588e-01    -3.232908e-01
5.373718e-01    -3.011141e-01
5.495847e-01    -2.800561e-01
5.617977e-01    -2.601451e-01
5.740107e-01    -2.414042e-01
5.862237e-01    -2.238519e-01
5.984367e-01    -2.075021e-01
6.106497e-01    -1.923639e-01
6.228627e-01    -1.784418e-01
6.350757e-01    -1.657362e-01
6.472887e-01    -1.542429e-01
6.595017e-01    -1.439541e-01
6.717147e-01    -1.348577e-01
6.839277e-01    -1.269382e-01
6.961407e-01    -1.201763e-01
7.083537e-01    -1.145495e-01
7.205667e-01    -1.100324e-01
7.327797e-01    -1.065965e-01
7.449927e-01    -1.042107e-01
7.572057e-01    -1.028417e-01
7.694187e-01    -1.024535e-01
7.816316e-01    -1.030089e-01
7.938446e-01    -1.044682e-01
8.060576e-01    -1.067908e-01
8.182706e-01    -1.099345e-01
8.304836e-01    -1.138563e-01
8.426966e-01    -1.185120e-01
8.549096e-01    -1.238571e-01
8.671226e-01    -1.298467e-01
8.793356e-01    -1.364354e-01
8.915486e-01    -1.435780e-01
9.037616e-01    -1.512295e-01
9.159746e-01    -1.593451e-01
9.281876e-01    -1.678804e-01
9.404006e-01    -1.767917e-01
9.526136e-01    -1.860364e-01
9.648266e-01    -1.955723e-01
9.770396e-01    -2.053587e-01
9.892526e-01    -2.153556e-01
1.001466e+00    -2.255246e-01
1.013679e+00    -2.358285e-01
1.025892e+00    -2.462315e-01
1.038105e+00    -2.566992e-01
1.050318e+00    -2.671990e-01
1.062531e+00    -2.776997e-01
1.074744e+00    -2.881716e-01
1.086957e+00    -2.985870e-01
1.099169e+00    -3.089195e-01
1.111382e+00    -3.191446e-01
1.123595e+00    -3.292395e-01
1.135808e+00    -3.391829e-01
1.148021e+00    -3.489553e-01
1.160234e+00    -3.585390e-01
1.172447e+00    -3.679175e-01
1.184660e+00    -3.770763e-01
1.196873e+00    -3.860022e-01
1.209086e+00    -3.946837e-01
1.221299e+00    -4.031106e-01
1.233512e+00    -4.112742e-01
1.245725e+00    -4.191671e-01
1.257938e+00    -4.267832e-01
1.270151e+00    -4.341177e-01
1.282364e+00    -4.411669e-01
1.294577e+00    -4.479283e-01
1.306790e+00    -4.544004e-01
1.319003e+00    -4.605827e-01
1.331216e+00    -4.664755e-01
1.343429e+00    -4.720801e-01
1.355642e+00    -4.773985e-01
1.367855e+00    -4.824334e-01
1.380068e+00    -4.871883e-01
1.392281e+00    -4.916670e-01
1.404494e+00    -4.958742e-01
1.416707e+00    -4.998146e-01
1.428920e+00    -5.034938e-01
1.441133e+00    -5.069174e-01
1.453346e+00    -5.100914e-01
1.465559e+00    -5.130218e-01
1.477772e+00    -5.157154e-01
1.489985e+00    -5.181787e-01
1.502198e+00    -5.204182e-01
1.514411e+00    -5.224407e-01
1.526624e+00    -5.242529e-01
1.538837e+00    -5.258615e-01
1.551050e+00    -5.272733e-01
1.563263e+00    -5.284947e-01
1.575476e+00    -5.295323e-01
1.587689e+00    -5.303925e-01
1.599902e+00    -5.310812e-01
1.612115e+00    -5.316046e-01
1.624328e+00    -5.319687e-01
1.636541e+00    -5.321788e-01
1.648754e+00    -5.322403e-01
1.660967e+00    -5.321585e-01
1.673180e+00    -5.319382e-01
1.685393e+00    -5.315842e-01
1.697606e+00    -5.311009e-01
1.709819e+00    -5.304925e-01
1.722032e+00    -5.297629e-01
1.734245e+00    -5.289158e-01
1.746458e+00    -5.279548e-01
1.758671e+00    -5.268831e-01
1.770884e+00    -5.257035e-01
1.783097e+00    -5.244191e-01
1.795310e+00    -5.230324e-01
1.807523e+00    -5.215457e-01
1.819736e+00    -5.199613e-01
1.831949e+00    -5.182812e-01
1.844162e+00    -5.165072e-01
1.856375e+00    -5.146410e-01
1.868588e+00    -5.126843e-01
1.880801e+00    -5.106386e-01
1.893014e+00    -5.085049e-01
1.905227e+00    -5.062848e-01
1.917440e+00    -5.039791e-01
1.929653e+00    -5.015890e-01
1.941866e+00    -4.991155e-01
1.954079e+00    -4.965595e-01
1.966292e+00    -4.939218e-01
1.978505e+00    -4.912036e-01
1.990718e+00    -4.884053e-01
2.002931e+00    -4.855282e-01
2.015144e+00    -4.825726e-01
2.027357e+00    -4.795398e-01
2.039570e+00    -4.764305e-01
2.051783e+00    -4.732456e-01
2.063996e+00    -4.699861e-01
2.076209e+00    -4.666529e-01
2.088422e+00    -4.632469e-01
2.100635e+00    -4.597695e-01
2.112848e+00    -4.562216e-01
2.125061e+00    -4.526045e-01
2.137274e+00    -4.489194e-01
2.149487e+00    -4.451676e-01
2.161700e+00    -4.413507e-01
2.173913e+00    -4.374701e-01
2.186126e+00    -4.335273e-01
2.198339e+00    -4.295239e-01
2.210552e+00    -4.254617e-01
2.222765e+00    -4.213424e-01
2.234978e+00    -4.171681e-01
2.247191e+00    -4.129404e-01
2.259404e+00    -4.086615e-01
2.271617e+00    -4.043334e-01
2.283830e+00    -3.999582e-01
2.296043e+00    -3.955381e-01
2.308256e+00    -3.910754e-01
2.320469e+00    -3.865725e-01
2.332682e+00    -3.820314e-01
2.344895e+00    -3.774549e-01
2.357108e+00    -3.728453e-01
2.369321e+00    -3.682049e-01
2.381534e+00    -3.635364e-01
2.393747e+00    -3.588423e-01
2.405960e+00    -3.541250e-01
2.418173e+00    -3.493873e-01
2.430386e+00    -3.446317e-01
2.442599e+00    -3.398607e-01
2.454812e+00    -3.350769e-01
2.467025e+00    -3.302831e-01
2.479238e+00    -3.254816e-01
2.491451e+00    -3.206752e-01
2.503664e+00    -3.158663e-01
2.515877e+00    -3.110575e-01
2.528090e+00    -3.062512e-01
2.540303e+00    -3.014500e-01
2.552516e+00    -2.966563e-01
2.564729e+00    -2.918725e-01
2.576942e+00    -2.871009e-01
2.589155e+00    -2.823439e-01
2.601368e+00    -2.776038e-01
2.613581e+00    -2.728826e-01
2.625794e+00    -2.681828e-01
2.638007e+00    -2.635063e-01
2.650220e+00    -2.588552e-01
2.662433e+00    -2.542315e-01
2.674646e+00    -2.496371e-01
2.686859e+00    -2.450738e-01
2.699072e+00    -2.405436e-01
2.711285e+00    -2.360481e-01
2.723498e+00    -2.315889e-01
2.735711e+00    -2.271677e-01
2.747924e+00    -2.227861e-01
2.760137e+00    -2.184454e-01
2.772350e+00    -2.141470e-01
2.784563e+00    -2.098924e-01
2.796776e+00    -2.056827e-01
2.808989e+00    -2.015191e-01
2.821202e+00    -1.974026e-01
2.833415e+00    -1.933345e-01
2.845628e+00    -1.893156e-01
2.857841e+00    -1.853469e-01
2.870054e+00    -1.814291e-01
2.882267e+00    -1.775631e-01
2.894480e+00    -1.737496e-01
2.906693e+00    -1.699892e-01
2.918906e+00    -1.662825e-01
2.931119e+00    -1.626301e-01
2.943332e+00    -1.590323e-01
2.955545e+00    -1.554897e-01
2.967758e+00    -1.520025e-01
2.979971e+00    -1.485711e-01
2.992184e+00    -1.451957e-01
3.004397e+00    -1.418765e-01
3.016610e+00    -1.386137e-01
3.028823e+00    -1.354073e-01
3.041036e+00    -1.322573e-01
3.053249e+00    -1.291639e-01
3.065462e+00    -1.261269e-01
3.077675e+00    -1.231462e-01
3.089888e+00    -1.202218e-01
3.102101e+00    -1.173535e-01
3.114314e+00    -1.145410e-01
3.126527e+00    -1.117842e-01
3.138740e+00    -1.090827e-01
3.150953e+00    -1.064363e-01
3.163166e+00    -1.038446e-01
3.175379e+00    -1.013073e-01
3.187592e+00    -9.882398e-02
3.199805e+00    -9.639418e-02
3.212018e+00    -9.401751e-02
3.224231e+00    -9.169342e-02
3.236444e+00    -8.942150e-02
3.248657e+00    -8.720118e-02
3.260870e+00    -8.503196e-02
3.273082e+00    -8.291326e-02
3.285295e+00    -8.084448e-02
3.297508e+00    -7.882508e-02
3.309721e+00    -7.685442e-02
3.321934e+00    -7.493186e-02
3.334147e+00    -7.305680e-02
3.346360e+00    -7.122855e-02
3.358573e+00    -6.944645e-02
3.370786e+00    -6.770983e-02
3.382999e+00    -6.601800e-02
3.395212e+00    -6.437025e-02
3.407425e+00    -6.276589e-02
3.419638e+00    -6.120417e-02
3.431851e+00    -5.968439e-02
3.444064e+00    -5.820580e-02
3.456277e+00    -5.676768e-02
3.468490e+00    -5.536926e-02
3.480703e+00    -5.400983e-02
3.492916e+00    -5.268859e-02
3.505129e+00    -5.140481e-02
3.517342e+00    -5.015772e-02
3.529555e+00    -4.894656e-02
3.541768e+00    -4.777057e-02
3.553981e+00    -4.662898e-02
3.566194e+00    -4.552101e-02
3.578407e+00    -4.444592e-02
3.590620e+00    -4.340294e-02
3.602833e+00    -4.239128e-02
3.615046e+00    -4.141020e-02
3.627259e+00    -4.045895e-02
3.639472e+00    -3.953675e-02
3.651685e+00    -3.864284e-02
3.663898e+00    -3.777651e-02
3.676111e+00    -3.693698e-02
3.688324e+00    -3.612354e-02
3.700537e+00    -3.533541e-02
3.712750e+00    -3.457192e-02
3.724963e+00    -3.383230e-02
3.737176e+00    -3.311586e-02
3.749389e+00    -3.242189e-02
3.761602e+00    -3.174968e-02
3.773815e+00    -3.109855e-02
3.786028e+00    -3.046781e-02
3.798241e+00    -2.985679e-02
3.810454e+00    -2.926483e-02
3.822667e+00    -2.869127e-02
3.834880e+00    -2.813548e-02
3.847093e+00    -2.759682e-02
3.859306e+00    -2.707467e-02
3.871519e+00    -2.656841e-02
3.883732e+00    -2.607746e-02
3.895945e+00    -2.560124e-02
3.908158e+00    -2.513916e-02
3.920371e+00    -2.469066e-02
3.932584e+00    -2.425520e-02
3.944797e+00    -2.383225e-02
3.957010e+00    -2.342130e-02
3.969223e+00    -2.302182e-02
3.981436e+00    -2.263333e-02
3.993649e+00    -2.225536e-02
4.005862e+00    -2.188743e-02
4.018075e+00    -2.152912e-02
4.030288e+00    -2.117995e-02
4.042501e+00    -2.083954e-02
4.054714e+00    -2.050746e-02
4.066927e+00    -2.018335e-02
4.079140e+00    -1.986680e-02
4.091353e+00    -1.955748e-02
4.103566e+00    -1.925501e-02
4.115779e+00    -1.895910e-02
4.127992e+00    -1.866940e-02
4.140205e+00    -1.838563e-02
4.152418e+00    -1.810749e-02
4.164631e+00    -1.783472e-02
4.176844e+00    -1.756705e-02
4.189057e+00    -1.730424e-02
4.201270e+00    -1.704608e-02
4.213483e+00    -1.679232e-02
4.225696e+00    -1.654280e-02
4.237909e+00    -1.629730e-02
4.250122e+00    -1.605567e-02
4.262335e+00    -1.581771e-02
4.274548e+00    -1.558332e-02
4.286761e+00    -1.535234e-02
4.298974e+00    -1.512465e-02
4.311187e+00    -1.490012e-02
4.323400e+00    -1.467870e-02
4.335613e+00    -1.446024e-02
4.347826e+00    -1.424472e-02
4.360039e+00    -1.403203e-02
4.372252e+00    -1.382214e-02
4.384465e+00    -1.361499e-02
4.396678e+00    -1.341056e-02
4.408891e+00    -1.320880e-02
4.421104e+00    -1.300972e-02
4.433317e+00    -1.281328e-02
4.445530e+00    -1.261951e-02
4.457743e+00    -1.242839e-02
4.469956e+00    -1.223996e-02
4.482169e+00    -1.205421e-02
4.494382e+00    -1.187119e-02
4.506595e+00    -1.169092e-02
4.518808e+00    -1.151345e-02
4.531021e+00    -1.133882e-02
4.543234e+00    -1.116708e-02
4.555447e+00    -1.099828e-02
4.567660e+00    -1.083248e-02
4.579873e+00    -1.066974e-02
4.592086e+00    -1.051014e-02
4.604299e+00    -1.035372e-02
4.616512e+00    -1.020057e-02
4.628725e+00    -1.005076e-02
4.640938e+00    -9.904360e-03
4.653151e+00    -9.761447e-03
4.665364e+00    -9.622100e-03
4.677577e+00    -9.486387e-03
4.689790e+00    -9.354399e-03
4.702003e+00    -9.226207e-03
4.714216e+00    -9.101889e-03
4.726429e+00    -8.981515e-03
4.738642e+00    -8.865172e-03
4.750855e+00    -8.752925e-03
4.763068e+00    -8.644849e-03
4.775281e+00    -8.541019e-03
4.787494e+00    -8.441495e-03
4.799707e+00    -8.346353e-03
4.811920e+00    -8.255652e-03
4.824133e+00    -8.169447e-03
4.836346e+00    -8.087802e-03
4.848559e+00    -8.010766e-03
4.860772e+00    -7.938393e-03
4.872985e+00    -7.870726e-03
4.885198e+00    -7.807812e-03
4.897411e+00    -7.749684e-03
4.909624e+00    -7.696373e-03
4.921837e+00    -7.647914e-03
4.934050e+00    -7.604335e-03
4.946263e+00    -7.565649e-03
4.958476e+00    -7.531873e-03
4.970689e+00    -7.503015e-03
4.982902e+00    -7.479082e-03
4.995115e+00    -7.460073e-03
5.007328e+00    -7.445982e-03
5.019541e+00    -7.436800e-03
5.031754e+00    -7.432509e-03
5.043967e+00    -7.433083e-03
5.056180e+00    -7.438503e-03
5.068393e+00    -7.448729e-03
5.080606e+00    -7.463724e-03
5.092819e+00    -7.483450e-03
5.105031e+00    -7.507851e-03
5.117245e+00    -7.536876e-03
5.129457e+00    -7.570463e-03
5.141671e+00    -7.608547e-03
5.153883e+00    -7.651058e-03
5.166097e+00    -7.697918e-03
5.178309e+00    -7.749051e-03
5.190523e+00    -7.804367e-03
5.202735e+00    -7.863771e-03
5.214949e+00    -7.927177e-03
5.227162e+00    -7.994475e-03
5.239375e+00    -8.065562e-03
5.251588e+00    -8.140326e-03
5.263801e+00    -8.218655e-03
5.276014e+00    -8.300429e-03
5.288227e+00    -8.385526e-03
5.300440e+00    -8.473821e-03
5.312653e+00    -8.565169e-03
5.324866e+00    -8.659456e-03
5.337079e+00    -8.756525e-03
5.349292e+00    -8.856248e-03
5.361505e+00    -8.958470e-03
5.373718e+00    -9.063050e-03
5.385931e+00    -9.169830e-03
5.398144e+00    -9.278672e-03
5.410357e+00    -9.389389e-03
5.422570e+00    -9.501856e-03
5.434783e+00    -9.615892e-03
5.446996e+00    -9.731345e-03
5.459208e+00    -9.848041e-03
5.471422e+00    -9.965825e-03
5.483634e+00    -1.008452e-02
5.495848e+00    -1.020397e-02
5.508060e+00    -1.032399e-02
5.520274e+00    -1.044443e-02
5.532486e+00    -1.056510e-02
5.544700e+00    -1.068584e-02
5.556912e+00    -1.080648e-02
5.569126e+00    -1.092685e-02
5.581338e+00    -1.104677e-02
5.593552e+00    -1.116609e-02
5.605764e+00    -1.128462e-02
5.617978e+00    -1.140222e-02
5.630190e+00    -1.151869e-02
5.642404e+00    -1.163388e-02
5.654616e+00    -1.174763e-02
5.666830e+00    -1.185977e-02
5.679042e+00    -1.197015e-02
5.691256e+00    -1.207861e-02
5.703468e+00    -1.218498e-02
5.715682e+00    -1.228914e-02
5.727894e+00    -1.239090e-02
5.740108e+00    -1.249014e-02
5.752320e+00    -1.258670e-02
5.764534e+00    -1.268044e-02
5.776746e+00    -1.277124e-02
5.788960e+00    -1.285894e-02
5.801172e+00    -1.294343e-02
5.813385e+00    -1.302456e-02
5.825598e+00    -1.310223e-02
5.837811e+00    -1.317631e-02
5.850024e+00    -1.324669e-02
5.862237e+00    -1.331325e-02
5.874450e+00    -1.337588e-02
5.886663e+00    -1.343450e-02
5.898876e+00    -1.348899e-02
5.911089e+00    -1.353926e-02
5.923302e+00    -1.358524e-02
5.935515e+00    -1.362683e-02
5.947728e+00    -1.366395e-02
5.959941e+00    -1.369654e-02
5.972154e+00    -1.372451e-02
5.984367e+00    -1.374783e-02
5.996580e+00    -1.376641e-02
6.008793e+00    -1.378021e-02
6.021006e+00    -1.378919e-02
6.033219e+00    -1.379330e-02
6.045432e+00    -1.379249e-02
6.057645e+00    -1.378676e-02
6.069858e+00    -1.377605e-02
6.082071e+00    -1.376037e-02
6.094284e+00    -1.373967e-02
6.106497e+00    -1.371397e-02
6.118710e+00    -1.368325e-02
6.130923e+00    -1.364751e-02
6.143136e+00    -1.360676e-02
6.155349e+00    -1.356100e-02
6.167562e+00    -1.351027e-02
6.179775e+00    -1.345456e-02
6.191988e+00    -1.339392e-02
6.204201e+00    -1.332836e-02
6.216414e+00    -1.325793e-02
6.228627e+00    -1.318267e-02
6.240840e+00    -1.310262e-02
6.253053e+00    -1.301783e-02
6.265266e+00    -1.292835e-02
6.277479e+00    -1.283425e-02
6.289692e+00    -1.273558e-02
6.301905e+00    -1.263241e-02
6.314118e+00    -1.252483e-02
6.326331e+00    -1.241290e-02
6.338544e+00    -1.229669e-02
6.350757e+00    -1.217630e-02
6.362970e+00    -1.205181e-02
6.375183e+00    -1.192331e-02
6.387396e+00    -1.179090e-02
6.399609e+00    -1.165467e-02
6.411822e+00    -1.151472e-02
6.424035e+00    -1.137116e-02
6.436248e+00    -1.122408e-02
6.448461e+00    -1.107362e-02
6.460674e+00    -1.091986e-02
6.472887e+00    -1.076293e-02
6.485100e+00    -1.060294e-02
6.497313e+00    -1.044002e-02
6.509526e+00    -1.027427e-02
6.521739e+00    -1.010584e-02
6.533952e+00    -9.934817e-03
6.546165e+00    -9.761356e-03
6.558378e+00    -9.585569e-03
6.570591e+00    -9.407595e-03
6.582804e+00    -9.227549e-03
6.595017e+00    -9.045575e-03
6.607230e+00    -8.861788e-03
6.619443e+00    -8.676335e-03
6.631656e+00    -8.489331e-03
6.643869e+00    -8.300919e-03
6.656082e+00    -8.111221e-03
6.668295e+00    -7.920383e-03
6.680508e+00    -7.728520e-03
6.692721e+00    -7.535775e-03
6.704934e+00    -7.342278e-03
6.717147e+00    -7.148142e-03
6.729360e+00    -6.953508e-03
6.741573e+00    -6.758510e-03
6.753786e+00    -6.563264e-03
6.765999e+00    -6.367905e-03
6.778212e+00    -6.172547e-03
6.790425e+00    -5.977326e-03
6.802638e+00    -5.782343e-03
6.814851e+00    -5.587741e-03
6.827064e+00    -5.393615e-03
6.839277e+00    -5.200104e-03
6.851490e+00    -5.007299e-03
6.863703e+00    -4.815330e-03
6.875916e+00    -4.624295e-03
6.888129e+00    -4.434304e-03
6.900342e+00    -4.245459e-03
6.912555e+00    -4.057867e-03
6.924768e+00    -3.871620e-03
6.936981e+00    -3.686826e-03
6.949194e+00    -3.503560e-03
6.961407e+00    -3.321937e-03
6.973620e+00    -3.142022e-03
6.985833e+00    -2.963916e-03
6.998046e+00    -2.787686e-03
7.010259e+00    -2.613425e-03
7.022472e+00    -2.441197e-03
7.034685e+00    -2.271086e-03
7.046898e+00    -2.103145e-03
7.059111e+00    -1.937460e-03
7.071324e+00    -1.774072e-03
7.083537e+00    -1.613058e-03
7.095750e+00    -1.454472e-03
7.107963e+00    -1.298337e-03
7.120176e+00    -1.144735e-03
7.132389e+00    -9.937077e-04
7.144602e+00    -8.452803e-04
7.156815e+00    -6.995084e-04
7.169028e+00    -5.564166e-04
7.181241e+00    -4.160447e-04
7.193454e+00    -2.784116e-04
7.205667e+00    -1.435523e-04
7.217880e+00    -1.147914e-05
7.230093e+00    1.177816e-04
7.242306e+00    2.442196e-04
7.254519e+00    3.678208e-04
7.266732e+00    4.885787e-04
7.278944e+00    6.064823e-04
7.291158e+00    7.215402e-04
7.303371e+00    8.337436e-04
7.315584e+00    9.430959e-04
7.327797e+00    1.049608e-03
7.340010e+00    1.153283e-03
7.352223e+00    1.254148e-03
7.364436e+00    1.352199e-03
7.376649e+00    1.447468e-03
7.388862e+00    1.539967e-03
7.401075e+00    1.629716e-03
7.413288e+00    1.716762e-03
7.425501e+00    1.801114e-03
7.437714e+00    1.882797e-03
7.449927e+00    1.961855e-03
7.462140e+00    2.038321e-03
7.474353e+00    2.112233e-03
7.486566e+00    2.183619e-03
7.498779e+00    2.252530e-03
7.510992e+00    2.319005e-03
7.523205e+00    2.383088e-03
7.535418e+00    2.444820e-03
7.547631e+00    2.504257e-03
7.559844e+00    2.561437e-03
7.572057e+00    2.616421e-03
7.584270e+00    2.669247e-03
7.596483e+00    2.719975e-03
7.608696e+00    2.768658e-03
7.620909e+00    2.815346e-03
7.633121e+00    2.860093e-03
7.645335e+00    2.902962e-03
7.657547e+00    2.944001e-03
7.669761e+00    2.983269e-03
7.681973e+00    3.020825e-03
7.694187e+00    3.056719e-03
7.706399e+00    3.091012e-03
7.718613e+00    3.123774e-03
7.730825e+00    3.155042e-03
7.743039e+00    3.184888e-03
7.755251e+00    3.213362e-03
7.767465e+00    3.240527e-03
7.779677e+00    3.266434e-03
7.791891e+00    3.291146e-03
7.804103e+00    3.314708e-03
7.816317e+00    3.337193e-03
7.828529e+00    3.358637e-03
7.840743e+00    3.379107e-03
7.852955e+00    3.398651e-03
7.865169e+00    3.417323e-03
7.877381e+00    3.435176e-03
7.889595e+00    3.452260e-03
7.901807e+00    3.468627e-03
7.914021e+00    3.484313e-03
7.926233e+00    3.499376e-03
7.938447e+00    3.513862e-03
7.950659e+00    3.527808e-03
7.962873e+00    3.541272e-03
7.975085e+00    3.554287e-03
7.987298e+00    3.566888e-03
7.999511e+00    3.579118e-03
8.011724e+00    3.591021e-03
8.023937e+00    3.602626e-03
8.036150e+00    3.613968e-03
8.048364e+00    3.625080e-03
8.060576e+00    3.635995e-03
8.072789e+00    3.646739e-03
8.085002e+00    3.657343e-03
8.097216e+00    3.667835e-03
8.109428e+00    3.678227e-03
8.121641e+00    3.688555e-03
8.133854e+00    3.698831e-03
8.146068e+00    3.709082e-03
8.158280e+00    3.719317e-03
8.170493e+00    3.729556e-03
8.182706e+00    3.739807e-03
8.194920e+00    3.750091e-03
8.207132e+00    3.760410e-03
8.219345e+00    3.770776e-03
8.231558e+00    3.781194e-03
8.243772e+00    3.791669e-03
8.255984e+00    3.802204e-03
8.268197e+00    3.812800e-03
8.280410e+00    3.823458e-03
8.292624e+00    3.834179e-03
8.304836e+00    3.844949e-03
8.317049e+00    3.855774e-03
8.329262e+00    3.866640e-03
8.341475e+00    3.877545e-03
8.353688e+00    3.888475e-03
8.365901e+00    3.899421e-03
8.378115e+00    3.910370e-03
8.390327e+00    3.921306e-03
8.402540e+00    3.932226e-03
8.414753e+00    3.943085e-03
8.426967e+00    3.953897e-03
8.439179e+00    3.964625e-03
8.451392e+00    3.975256e-03
8.463605e+00    3.985769e-03
8.475819e+00    3.996142e-03
8.488031e+00    4.006351e-03
8.500244e+00    4.016373e-03
8.512457e+00    4.026182e-03
8.524671e+00    4.035751e-03
8.536883e+00    4.045065e-03
8.549096e+00    4.054085e-03
8.561309e+00    4.062791e-03
8.573523e+00    4.071152e-03
8.585735e+00    4.079140e-03
8.597948e+00    4.086743e-03
8.610161e+00    4.093891e-03
8.622375e+00    4.100593e-03
8.634587e+00    4.106806e-03
8.646800e+00    4.112505e-03
8.659013e+00    4.117656e-03
8.671227e+00    4.122233e-03
8.683439e+00    4.126200e-03
8.695652e+00    4.129535e-03
8.707865e+00    4.132206e-03
8.720078e+00    4.134188e-03
8.732291e+00    4.135443e-03
8.744504e+00    4.135949e-03
8.756717e+00    4.135679e-03
8.768930e+00    4.134601e-03
8.781143e+00    4.132687e-03
8.793356e+00    4.129918e-03
8.805569e+00    4.126262e-03
8.817782e+00    4.121694e-03
8.829995e+00    4.116190e-03
8.842208e+00    4.109732e-03
8.854421e+00    4.102287e-03
8.866634e+00    4.093836e-03
8.878847e+00    4.084363e-03
8.891060e+00    4.073844e-03
8.903273e+00    4.062261e-03
8.915486e+00    4.049589e-03
8.927699e+00    4.035819e-03
8.939912e+00    4.020929e-03
8.952125e+00    4.004907e-03
8.964338e+00    3.987740e-03
8.976551e+00    3.969413e-03
8.988764e+00    3.949912e-03
9.000977e+00    3.929240e-03
9.013190e+00    3.907361e-03
9.025403e+00    3.884296e-03
9.037616e+00    3.860021e-03
9.049829e+00    3.834537e-03
9.062042e+00    3.807832e-03
9.074255e+00    3.779916e-03
9.086468e+00    3.750779e-03
9.098680e+00    3.720419e-03
9.110894e+00    3.688847e-03
9.123107e+00    3.656058e-03
9.135320e+00    3.622059e-03
9.147532e+00    3.586854e-03
9.159746e+00    3.550448e-03
9.171959e+00    3.512855e-03
9.184172e+00    3.474079e-03
9.196384e+00    3.434133e-03
9.208598e+00    3.393025e-03
9.220811e+00    3.350771e-03
9.233024e+00    3.307391e-03
9.245236e+00    3.262897e-03
9.257450e+00    3.217302e-03
9.269663e+00    3.170628e-03
9.281876e+00    3.122896e-03
9.294088e+00    3.074124e-03
9.306302e+00    3.024335e-03
9.318515e+00    2.973556e-03
9.330728e+00    2.921808e-03
9.342940e+00    2.869113e-03
9.355154e+00    2.815497e-03
9.367367e+00    2.760998e-03
9.379580e+00    2.705633e-03
9.391793e+00    2.649434e-03
9.404006e+00    2.592434e-03
9.416219e+00    2.534667e-03
9.428432e+00    2.476157e-03
9.440645e+00    2.416937e-03
9.452858e+00    2.357048e-03
9.465071e+00    2.296520e-03
9.477283e+00    2.235387e-03
9.489497e+00    2.173681e-03
9.501710e+00    2.111443e-03
9.513923e+00    2.048710e-03
9.526135e+00    1.985517e-03
9.538349e+00    1.921896e-03
9.550562e+00    1.857900e-03
9.562775e+00    1.793552e-03
9.574987e+00    1.728893e-03
9.587201e+00    1.663966e-03
9.599414e+00    1.598815e-03
9.611627e+00    1.533465e-03
9.623839e+00    1.467965e-03
9.636053e+00    1.402347e-03
9.648266e+00    1.336656e-03
9.660479e+00    1.270935e-03
9.672691e+00    1.205214e-03
9.684905e+00    1.139530e-03
9.697118e+00    1.073933e-03
9.709331e+00    1.008454e-03
9.721543e+00    9.431354e-04
9.733757e+00    8.780043e-04
9.745970e+00    8.131150e-04
9.758183e+00    7.484924e-04
9.770395e+00    6.841779e-04
9.782609e+00    6.201986e-04
9.794822e+00    5.566059e-04
9.807034e+00    4.934238e-04
9.819247e+00    4.306885e-04
9.831461e+00    3.684310e-04
9.843674e+00    3.066912e-04
9.855886e+00    2.455005e-04
9.868099e+00    1.848866e-04
9.880313e+00    1.248793e-04
9.892526e+00    6.551344e-05
9.904738e+00    6.820674e-06
9.916951e+00    -5.118537e-05
9.929165e+00    -1.084679e-04
9.941378e+00    -1.649975e-04
9.953590e+00    -2.207496e-04
9.965803e+00    -2.757011e-04
9.978017e+00    -3.298342e-04
9.990230e+00    -3.831189e-04
1.000244e+01    -4.355353e-04
1.001466e+01    -4.870654e-04
1.002687e+01    -5.376907e-04
1.003908e+01    -5.873897e-04
1.005129e+01    -6.361461e-04
1.006351e+01    -6.839434e-04
1.007572e+01    -7.307707e-04
1.008793e+01    -7.766110e-04
1.010015e+01    -8.214682e-04
1.011236e+01    -8.652800e-04
1.012457e+01    -9.080964e-04
1.013679e+01    -9.498728e-04
1.014900e+01    -9.906160e-04
1.016121e+01    -1.030313e-03
1.017342e+01    -1.068963e-03
1.018564e+01    -1.106554e-03
1.019785e+01    -1.143093e-03
1.021006e+01    -1.178560e-03
1.022228e+01    -1.212974e-03
1.023449e+01    -1.246322e-03
1.024670e+01    -1.278610e-03
1.025891e+01    -1.309837e-03
1.027113e+01    -1.340013e-03
1.028334e+01    -1.369129e-03
1.029555e+01    -1.397208e-03
1.030777e+01    -1.424239e-03
1.031998e+01    -1.450234e-03
1.033219e+01    -1.475209e-03
1.034441e+01    -1.499160e-03
1.035662e+01    -1.522109e-03
1.036883e+01    -1.544062e-03
1.038105e+01    -1.565027e-03
1.039326e+01    -1.585025e-03
1.040547e+01    -1.604059e-03
1.041768e+01    -1.622149e-03
1.042990e+01    -1.639308e-03
1.044211e+01    -1.655554e-03
1.045432e+01    -1.670899e-03
1.046654e+01    -1.685361e-03
1.047875e+01    -1.698959e-03
1.049096e+01    -1.711716e-03
1.050318e+01    -1.723632e-03
1.051539e+01    -1.734750e-03
1.052760e+01    -1.745073e-03
1.053981e+01    -1.754627e-03
1.055203e+01    -1.763434e-03
1.056424e+01    -1.771510e-03
1.057645e+01    -1.778878e-03
1.058867e+01    -1.785558e-03
1.060088e+01    -1.791572e-03
1.061309e+01    -1.796951e-03
1.062531e+01    -1.801702e-03
1.063752e+01    -1.805860e-03
1.064973e+01    -1.809439e-03
1.066194e+01    -1.812463e-03
1.067416e+01    -1.814957e-03
1.068637e+01    -1.816943e-03
1.069858e+01    -1.818443e-03
1.071080e+01    -1.819475e-03
1.072301e+01    -1.820068e-03
1.073522e+01    -1.820241e-03
1.074744e+01    -1.820016e-03
1.075965e+01    -1.819417e-03
1.077186e+01    -1.818466e-03
1.078407e+01    -1.817180e-03
1.079629e+01    -1.815578e-03
1.080850e+01    -1.813693e-03
1.082071e+01    -1.811533e-03
1.083293e+01    -1.809126e-03
1.084514e+01    -1.806489e-03
1.085735e+01    -1.803640e-03
1.086957e+01    -1.800597e-03
1.088178e+01    -1.797382e-03
1.089399e+01    -1.794011e-03
1.090620e+01    -1.790502e-03
1.091842e+01    -1.786869e-03
1.093063e+01    -1.783133e-03
1.094284e+01    -1.779306e-03
1.095506e+01    -1.775405e-03
1.096727e+01    -1.771447e-03
1.097948e+01    -1.767437e-03
1.099170e+01    -1.763393e-03
1.100391e+01    -1.759338e-03
1.101612e+01    -1.755267e-03
1.102833e+01    -1.751203e-03
1.104055e+01    -1.747153e-03
1.105276e+01    -1.743122e-03
1.106497e+01    -1.739127e-03
1.107719e+01    -1.735173e-03
1.108940e+01    -1.731266e-03
1.110161e+01    -1.727414e-03
1.111382e+01    -1.723625e-03
1.112604e+01    -1.719906e-03
1.113825e+01    -1.716257e-03
1.115046e+01    -1.712686e-03
1.116268e+01    -1.709194e-03
1.117489e+01    -1.705784e-03
1.118710e+01    -1.702463e-03
1.119932e+01    -1.699224e-03
1.121153e+01    -1.696075e-03
1.122374e+01    -1.693010e-03
1.123596e+01    -1.690030e-03
1.124817e+01    -1.687138e-03
1.126038e+01    -1.684327e-03
1.127259e+01    -1.681595e-03
1.128481e+01    -1.678940e-03
1.129702e+01    -1.676355e-03
1.130923e+01    -1.673840e-03
1.132145e+01    -1.671389e-03
1.133366e+01    -1.668994e-03
1.134587e+01    -1.666648e-03
1.135808e+01    -1.664348e-03
1.137030e+01    -1.662086e-03
1.138251e+01    -1.659849e-03
1.139472e+01    -1.657633e-03
1.140694e+01    -1.655432e-03
1.141915e+01    -1.653228e-03
1.143136e+01    -1.651022e-03
1.144358e+01    -1.648796e-03
1.145579e+01    -1.646543e-03
1.146800e+01    -1.644252e-03
1.148022e+01    -1.641912e-03
1.149243e+01    -1.639513e-03
1.150464e+01    -1.637040e-03
1.151685e+01    -1.634485e-03
1.152907e+01    -1.631835e-03
1.154128e+01    -1.629078e-03
1.155349e+01    -1.626200e-03
1.156571e+01    -1.623190e-03
1.157792e+01    -1.620035e-03
1.159013e+01    -1.616721e-03
1.160234e+01    -1.613245e-03
1.161456e+01    -1.609574e-03
1.162677e+01    -1.605713e-03
1.163898e+01    -1.601644e-03
1.165120e+01    -1.597352e-03
1.166341e+01    -1.592832e-03
1.167562e+01    -1.588064e-03
1.168784e+01    -1.583039e-03
1.170005e+01    -1.577741e-03
1.171226e+01    -1.572165e-03
1.172447e+01    -1.566294e-03
1.173669e+01    -1.560122e-03
1.174890e+01    -1.553631e-03
1.176111e+01    -1.546811e-03
1.177333e+01    -1.539657e-03
1.178554e+01    -1.532153e-03
1.179775e+01    -1.524287e-03
1.180997e+01    -1.516066e-03
1.182218e+01    -1.507458e-03
1.183439e+01    -1.498469e-03
1.184660e+01    -1.489086e-03
1.185882e+01    -1.479303e-03
1.187103e+01    -1.469106e-03
1.188324e+01    -1.458496e-03
1.189546e+01    -1.447465e-03
1.190767e+01    -1.436004e-03
1.191988e+01    -1.424111e-03
1.193210e+01    -1.411777e-03
1.194431e+01    -1.399002e-03
1.195652e+01    -1.385777e-03
1.196873e+01    -1.372104e-03
1.198095e+01    -1.357979e-03
1.199316e+01    -1.343398e-03
1.200537e+01    -1.328362e-03
1.201759e+01    -1.312864e-03
1.202980e+01    -1.296915e-03
1.204201e+01    -1.280509e-03
1.205423e+01    -1.263644e-03
1.206644e+01    -1.246325e-03
1.207865e+01    -1.228552e-03
1.209086e+01    -1.210332e-03
1.210308e+01    -1.191654e-03
1.211529e+01    -1.172555e-03
1.212750e+01    -1.153010e-03
1.213972e+01    -1.133030e-03
1.215193e+01    -1.112623e-03
1.216414e+01    -1.091800e-03
1.217636e+01    -1.070564e-03
1.218857e+01    -1.048928e-03
1.220078e+01    -1.026882e-03
1.221299e+01    -1.004458e-03
1.222521e+01    -9.816525e-04
1.223742e+01    -9.584808e-04
1.224963e+01    -9.349490e-04
1.226185e+01    -9.110727e-04
1.227406e+01    -8.868596e-04
1.228627e+01    -8.623241e-04
1.229849e+01    -8.374800e-04
1.231070e+01    -8.123321e-04
1.232291e+01    -7.869062e-04
1.233512e+01    -7.612127e-04
1.234734e+01    -7.352516e-04
1.235955e+01    -7.090585e-04
1.237176e+01    -6.826392e-04
1.238398e+01    -6.560088e-04
1.239619e+01    -6.291821e-04
1.240840e+01    -6.021800e-04
1.242062e+01    -5.750153e-04
1.243283e+01    -5.477045e-04
1.244504e+01    -5.202690e-04
1.245725e+01    -4.927217e-04
1.246947e+01    -4.650831e-04
1.248168e+01    -4.373686e-04
1.249389e+01    -4.096074e-04
1.250611e+01    -3.817884e-04
1.251832e+01    -3.539573e-04
1.253053e+01    -3.261248e-04
1.254275e+01    -2.983113e-04
1.255496e+01    -2.705326e-04
1.256717e+01    -2.428024e-04
1.257938e+01    -2.151502e-04
1.259160e+01    -1.875891e-04
1.260381e+01    -1.601332e-04
1.261602e+01    -1.328120e-04
1.262824e+01    -1.056324e-04
1.264045e+01    -7.861794e-05
1.265266e+01    -5.179028e-05
1.266488e+01    -2.515985e-05
1.267709e+01    1.248889e-06
1.268930e+01    2.741714e-05
1.270151e+01    5.333229e-05
1.271373e+01    7.898190e-05
1.272594e+01    1.043359e-04
1.273815e+01    1.293851e-04
1.275037e+01    1.541153e-04
1.276258e+01    1.785012e-04
1.277479e+01    2.025322e-04
1.278701e+01    2.261954e-04
1.279922e+01    2.494754e-04
1.281143e+01    2.723511e-04
1.282364e+01    2.948142e-04
1.283586e+01    3.168463e-04
1.284807e+01    3.384383e-04
1.286028e+01    3.595735e-04
1.287250e+01    3.802441e-04
1.288471e+01    4.004301e-04
1.289692e+01    4.201271e-04
1.290914e+01    4.393252e-04
1.292135e+01    4.579994e-04
1.293356e+01    4.761570e-04
1.294577e+01    4.937790e-04
1.295799e+01    5.108631e-04
1.297020e+01    5.273918e-04
1.298241e+01    5.433640e-04
1.299463e+01    5.587695e-04
1.300684e+01    5.736041e-04
1.301905e+01    5.878591e-04
1.303127e+01    6.015270e-04
1.304348e+01    6.146132e-04
1.305569e+01    6.270987e-04
1.306790e+01    6.389862e-04
1.308012e+01    6.502779e-04
1.309233e+01    6.609660e-04
1.310454e+01    6.710502e-04
1.311676e+01    6.805244e-04
1.312897e+01    6.893969e-04
1.314118e+01    6.976569e-04
1.315340e+01    7.053129e-04
1.316561e+01    7.123656e-04
1.317782e+01    7.188108e-04
1.319003e+01    7.246531e-04
1.320225e+01    7.298978e-04
1.321446e+01    7.345563e-04
1.322667e+01    7.386165e-04
1.323889e+01    7.420898e-04
1.325110e+01    7.449801e-04
1.326331e+01    7.472979e-04
1.327553e+01    7.490463e-04
1.328774e+01    7.502277e-04
1.329995e+01    7.508526e-04
1.331216e+01    7.509342e-04
1.332438e+01    7.504752e-04
1.333659e+01    7.494814e-04
1.334880e+01    7.479644e-04
1.336102e+01    7.459356e-04
1.337323e+01    7.434036e-04
1.338544e+01    7.403786e-04
1.339766e+01    7.368773e-04
1.340987e+01    7.328972e-04
1.342208e+01    7.284621e-04
1.343429e+01    7.235775e-04
1.344651e+01    7.182573e-04
1.345872e+01    7.125168e-04
1.347093e+01    7.063655e-04
1.348315e+01    6.998149e-04
1.349536e+01    6.928798e-04
1.350757e+01    6.855783e-04
1.351978e+01    6.779210e-04
1.353200e+01    6.699149e-04
1.354421e+01    6.615874e-04
1.355642e+01    6.529394e-04
1.356864e+01    6.439957e-04
1.358085e+01    6.347651e-04
1.359306e+01    6.252620e-04
1.360528e+01    6.155027e-04
1.361749e+01    6.055078e-04
1.362970e+01    5.952816e-04
1.364192e+01    5.848472e-04
1.365413e+01    5.742146e-04
1.366634e+01    5.634009e-04
1.367855e+01    5.524202e-04
1.369077e+01    5.412885e-04
1.370298e+01    5.300198e-04
1.371519e+01    5.186289e-04
1.372741e+01    5.071237e-04
1.373962e+01    4.955273e-04
1.375183e+01    4.838521e-04
1.376404e+01    4.721169e-04
1.377626e+01    4.603222e-04
1.378847e+01    4.484935e-04
1.380068e+01    4.366441e-04
1.381290e+01    4.247779e-04
1.382511e+01    4.129167e-04
1.383732e+01    4.010716e-04
1.384954e+01    3.892538e-04
1.386175e+01    3.774799e-04
1.387396e+01    3.657544e-04
1.388618e+01    3.540940e-04
1.389839e+01    3.425083e-04
1.391060e+01    3.310116e-04
1.392281e+01    3.196113e-04
1.393503e+01    3.083198e-04
1.394724e+01    2.971458e-04
1.395945e+01    2.861016e-04
1.397167e+01    2.751919e-04
1.398388e+01    2.644298e-04
1.399609e+01    2.538270e-04
1.400830e+01    2.433805e-04
1.402052e+01    2.331078e-04
1.403273e+01    2.230132e-04
1.404494e+01    2.131058e-04
1.405716e+01    2.033897e-04
1.406937e+01    1.938722e-04
1.408158e+01    1.845599e-04
1.409380e+01    1.754551e-04
1.410601e+01    1.665739e-04
1.411822e+01    1.579001e-04
1.413043e+01    1.494557e-04
1.414265e+01    1.412377e-04
1.415486e+01    1.332516e-04
1.416707e+01    1.254976e-04
1.417929e+01    1.179801e-04
1.419150e+01    1.107092e-04
1.420371e+01    1.036613e-04
1.421593e+01    9.686125e-05
1.422814e+01    9.030716e-05
1.424035e+01    8.399109e-05
1.425256e+01    7.792189e-05
1.426478e+01    7.208960e-05
1.427699e+01    6.650384e-05
1.428920e+01    6.115902e-05
1.430142e+01    5.605009e-05
1.431363e+01    5.118061e-05
1.432584e+01    4.654776e-05
1.433806e+01    4.214576e-05
1.435027e+01    3.797585e-05
1.436248e+01    3.403201e-05
1.437469e+01    3.031389e-05
1.438691e+01    2.681625e-05
1.439912e+01    2.353295e-05
1.441133e+01    2.046472e-05
1.442355e+01    1.760129e-05
1.443576e+01    1.494280e-05
1.444797e+01    1.248309e-05
1.446019e+01    1.021381e-05
1.447240e+01    8.133175e-06
1.448461e+01    6.237678e-06
1.449682e+01    4.515694e-06
1.450904e+01    2.966675e-06
1.452125e+01    1.579259e-06
1.453346e+01    3.502828e-07
1.454568e+01    -7.224480e-07
1.455789e+01    -1.651360e-06
1.457010e+01    -2.448265e-06
1.458232e+01    -3.104458e-06
1.459453e+01    -3.639844e-06
1.460674e+01    -4.055738e-06
1.461895e+01    -4.358462e-06
1.463117e+01    -4.556963e-06
1.464338e+01    -4.657278e-06
1.465559e+01    -4.669144e-06
1.466781e+01    -4.593776e-06
1.468002e+01    -4.444189e-06
1.469223e+01    -4.219123e-06
1.470445e+01    -3.936744e-06
1.471666e+01    -3.600610e-06
1.472887e+01    -3.206329e-06
1.474109e+01    -2.775454e-06
1.475330e+01    -2.302973e-06
1.476551e+01    -1.802568e-06
1.477772e+01    -1.278695e-06
1.478994e+01    -7.394083e-07
1.480215e+01    -1.880171e-07
1.481436e+01    3.713340e-07
1.482658e+01    9.299147e-07
1.483879e+01    1.478571e-06
1.485100e+01    2.018607e-06
1.486321e+01    2.537327e-06
1.487543e+01    3.039429e-06
1.488764e+01    3.507175e-06
1.489985e+01    3.951040e-06
1.491207e+01    4.355285e-06
1.492428e+01    4.717870e-06
1.493649e+01    5.032108e-06
1.494871e+01    5.302732e-06
1.496092e+01    5.521999e-06
1.497313e+01    5.677614e-06
1.498534e+01    5.776961e-06
1.499756e+01    5.812079e-06
1.500977e+01    5.790502e-06
1.502198e+01    5.697482e-06
1.503420e+01    5.535104e-06
1.504641e+01    5.300839e-06
1.505862e+01    4.993580e-06
1.507084e+01    4.612303e-06
1.508305e+01    4.157233e-06
1.509526e+01    3.623194e-06
1.510747e+01    3.011980e-06
1.511969e+01    2.325734e-06
1.513190e+01    1.558553e-06
1.514411e+01    7.173458e-07
1.515633e+01    -2.030474e-07
1.516854e+01    -1.197652e-06
1.518075e+01    -2.270184e-06
1.519297e+01    -3.412740e-06
1.520518e+01    -4.635845e-06
1.521739e+01    -5.925594e-06
1.522960e+01    -7.285376e-06
1.524182e+01    -8.712155e-06
1.525403e+01    -1.020505e-05
1.526624e+01    -1.176077e-05
1.527846e+01    -1.337678e-05
1.529067e+01    -1.504742e-05
1.530288e+01    -1.677274e-05
1.531509e+01    -1.855333e-05
1.532731e+01    -2.037522e-05
1.533952e+01    -2.224452e-05
1.535173e+01    -2.415221e-05
1.536395e+01    -2.609713e-05
1.537616e+01    -2.807342e-05
1.538837e+01    -3.007567e-05
1.540059e+01    -3.210396e-05
1.541280e+01    -3.414388e-05
1.542501e+01    -3.620967e-05
1.543723e+01    -3.827826e-05
1.544944e+01    -4.035115e-05
1.546165e+01    -4.242680e-05
1.547386e+01    -4.449638e-05
1.548608e+01    -4.655398e-05
1.549829e+01    -4.859451e-05
1.551050e+01    -5.062304e-05
1.552272e+01    -5.262058e-05
1.553493e+01    -5.458654e-05
1.554714e+01    -5.652028e-05
1.555935e+01    -5.841370e-05
1.557157e+01    -6.026038e-05
1.558378e+01    -6.205713e-05
1.559599e+01    -6.379206e-05
1.560821e+01    -6.547231e-05
1.562042e+01    -6.708568e-05
1.563263e+01    -6.862589e-05
1.564485e+01    -7.009215e-05
1.565706e+01    -7.147630e-05
1.566927e+01    -7.277782e-05
1.568149e+01    -7.398917e-05
1.569370e+01    -7.510924e-05
1.570591e+01    -7.612396e-05
1.571812e+01    -7.703013e-05
1.573034e+01    -7.785090e-05
1.574255e+01    -7.854711e-05
1.575476e+01    -7.913024e-05
1.576698e+01    -7.959619e-05
1.577919e+01    -7.994148e-05
1.579140e+01    -8.016120e-05
1.580362e+01    -8.025352e-05
1.581583e+01    -8.021509e-05
1.582804e+01    -8.004353e-05
1.584025e+01    -7.973584e-05
1.585247e+01    -7.928935e-05
1.586468e+01    -7.870221e-05
1.587689e+01    -7.797512e-05
1.588911e+01    -7.711014e-05
1.590132e+01    -7.608443e-05
1.591353e+01    -7.492035e-05
1.592575e+01    -7.360894e-05
1.593796e+01    -7.214904e-05
1.595017e+01    -7.054073e-05
1.596238e+01    -6.878217e-05
1.597460e+01    -6.687475e-05
1.598681e+01    -6.482116e-05
1.599902e+01    -6.261795e-05
1.601124e+01    -6.026798e-05
1.602345e+01    -5.777022e-05
1.603566e+01    -5.512947e-05
1.604787e+01    -5.234322e-05
1.606009e+01    -4.941271e-05
1.607230e+01    -4.634369e-05
1.608451e+01    -4.313923e-05
1.609673e+01    -3.979731e-05
1.610894e+01    -3.631750e-05
1.612115e+01    -3.271561e-05
1.613337e+01    -2.898347e-05
1.614558e+01    -2.512517e-05
1.615779e+01    -2.115032e-05
1.617001e+01    -1.705661e-05
1.618222e+01    -1.285370e-05
1.619443e+01    -8.537685e-06
1.620664e+01    -4.121513e-06
1.621886e+01    3.947007e-07
1.623107e+01    5.005463e-06
1.624328e+01    9.704477e-06
1.625550e+01    1.448870e-05
1.626771e+01    1.935548e-05
1.627992e+01    2.429219e-05
1.629214e+01    2.929824e-05
1.630435e+01    3.436275e-05
1.631656e+01    3.948707e-05
1.632877e+01    4.466164e-05
1.634099e+01    4.987550e-05
1.635320e+01    5.513383e-05
1.636541e+01    6.042387e-05
1.637763e+01    6.573385e-05
1.638984e+01    7.106925e-05
1.640205e+01    7.640729e-05
1.641426e+01    8.175604e-05
1.642648e+01    8.710312e-05
1.643869e+01    9.244178e-05
1.645090e+01    9.776217e-05
1.646312e+01    1.030628e-04
1.647533e+01    1.083317e-04
1.648754e+01    1.135674e-04
1.649976e+01    1.187615e-04
1.651197e+01    1.238999e-04
1.652418e+01    1.289838e-04
1.653639e+01    1.340036e-04
1.654861e+01    1.389557e-04
1.656082e+01    1.438285e-04
1.657303e+01    1.486183e-04
1.658525e+01    1.533186e-04
1.659746e+01    1.579207e-04
1.660967e+01    1.624147e-04
1.662189e+01    1.668064e-04
1.663410e+01    1.710741e-04
1.664631e+01    1.752263e-04
1.665853e+01    1.792462e-04
1.667074e+01    1.831298e-04
1.668295e+01    1.868775e-04
1.669516e+01    1.904760e-04
1.670738e+01    1.939273e-04
1.671959e+01    1.972180e-04
1.673180e+01    2.003502e-04
1.674402e+01    2.033159e-04
1.675623e+01    2.061075e-04
1.676844e+01    2.087239e-04
1.678065e+01    2.111597e-04
1.679287e+01    2.134131e-04
1.680508e+01    2.154755e-04
1.681729e+01    2.173480e-04
1.682951e+01    2.190240e-04
1.684172e+01    2.205021e-04
1.685393e+01    2.217768e-04
1.686615e+01    2.228473e-04
1.687836e+01    2.237109e-04
1.689057e+01    2.243714e-04
1.690278e+01    2.248082e-04
1.691500e+01    2.250376e-04
1.692721e+01    2.250493e-04
1.693942e+01    2.248479e-04
1.695164e+01    2.244264e-04
1.696385e+01    2.237891e-04
1.697606e+01    2.229330e-04
1.698828e+01    2.218586e-04
1.700049e+01    2.205657e-04
1.701270e+01    2.190517e-04
1.702491e+01    2.173214e-04
1.703713e+01    2.153764e-04
1.704934e+01    2.132121e-04
1.706155e+01    2.108350e-04
1.707377e+01    2.082459e-04
1.708598e+01    2.054408e-04
1.709819e+01    2.024265e-04
1.711040e+01    1.992152e-04
1.712262e+01    1.957908e-04
1.713483e+01    1.921653e-04
1.714705e+01    1.883435e-04
1.715926e+01    1.843309e-04
1.717147e+01    1.801227e-04
1.718368e+01    1.757258e-04
1.719590e+01    1.711417e-04
1.720811e+01    1.663892e-04
1.722032e+01    1.614591e-04
1.723254e+01    1.563535e-04
1.724475e+01    1.510875e-04
1.725696e+01    1.456605e-04
1.726917e+01    1.400767e-04
1.728139e+01    1.343477e-04
1.729360e+01    1.284698e-04
1.730581e+01    1.224630e-04
1.731803e+01    1.163106e-04
1.733024e+01    1.100395e-04
1.734245e+01    1.036461e-04
1.735467e+01    9.714188e-05
1.736688e+01    9.053000e-05
1.737909e+01    8.381737e-05
1.739130e+01    7.701300e-05
1.740352e+01    7.012243e-05
1.741573e+01    6.315023e-05
1.742794e+01    5.610387e-05
1.744016e+01    4.899300e-05
1.745237e+01    4.182535e-05
1.746458e+01    3.460496e-05
1.747680e+01    2.734027e-05
1.748901e+01    2.004133e-05
1.750122e+01    1.270856e-05
1.751343e+01    5.356654e-06
1.752565e+01    -2.007623e-06
1.753786e+01    -9.383526e-06
1.755007e+01    -1.675909e-05
1.756229e+01    -2.412382e-05
1.757450e+01    -3.147502e-05
1.758671e+01    -3.880169e-05
1.759892e+01    -4.610760e-05
1.761114e+01    -5.336721e-05
1.762335e+01    -6.058969e-05
1.763556e+01    -6.776393e-05
1.764778e+01    -7.487438e-05
1.765999e+01    -8.192260e-05
1.767220e+01    -8.890029e-05
1.768442e+01    -9.579497e-05
1.769663e+01    -1.026063e-04
1.770884e+01    -1.093340e-04
1.772106e+01    -1.159520e-04
1.773327e+01    -1.224825e-04
1.774548e+01    -1.288940e-04
1.775769e+01    -1.351910e-04
1.776991e+01    -1.413662e-04
1.778212e+01    -1.474139e-04
1.779433e+01    -1.533269e-04
1.780655e+01    -1.591125e-04
1.781876e+01    -1.647418e-04
1.783097e+01    -1.702296e-04
1.784319e+01    -1.755636e-04
1.785540e+01    -1.807380e-04
1.786761e+01    -1.857576e-04
1.787982e+01    -1.906050e-04
1.789204e+01    -1.952836e-04
1.790425e+01    -1.997935e-04
1.791646e+01    -2.041257e-04
1.792868e+01    -2.082737e-04
1.794089e+01    -2.122438e-04
1.795310e+01    -2.160230e-04
1.796531e+01    -2.196158e-04
1.797753e+01    -2.230151e-04
1.798974e+01    -2.262224e-04
1.800196e+01    -2.292358e-04
1.801417e+01    -2.320519e-04
1.802638e+01    -2.346659e-04
1.803859e+01    -2.370877e-04
1.805081e+01    -2.393003e-04
1.806302e+01    -2.413164e-04
1.807523e+01    -2.431279e-04
1.808744e+01    -2.447359e-04
1.809966e+01    -2.461436e-04
1.811187e+01    -2.473532e-04
1.812408e+01    -2.483487e-04
1.813630e+01    -2.491495e-04
1.814851e+01    -2.497455e-04
1.816072e+01    -2.501434e-04
1.817294e+01    -2.503416e-04
1.818515e+01    -2.503435e-04
1.819736e+01    -2.501499e-04
1.820958e+01    -2.497596e-04
1.822179e+01    -2.491775e-04
1.823400e+01    -2.484038e-04
1.824621e+01    -2.474462e-04
1.825843e+01    -2.463000e-04
1.827064e+01    -2.449710e-04
1.828285e+01    -2.434640e-04
1.829507e+01    -2.417847e-04
1.830728e+01    -2.399258e-04
1.831949e+01    -2.378973e-04
1.833171e+01    -2.356998e-04
1.834392e+01    -2.333475e-04
1.835613e+01    -2.308320e-04
1.836834e+01    -2.281584e-04
1.838056e+01    -2.253395e-04
1.839277e+01    -2.223747e-04
1.840498e+01    -2.192633e-04
1.841720e+01    -2.160182e-04
1.842941e+01    -2.126344e-04
1.844162e+01    -2.091289e-04
1.845383e+01    -2.054933e-04
1.846605e+01    -2.017415e-04
1.847826e+01    -1.978750e-04
1.849047e+01    -1.938982e-04
1.850269e+01    -1.898202e-04
1.851490e+01    -1.856398e-04
1.852711e+01    -1.813652e-04
1.853933e+01    -1.770029e-04
1.855154e+01    -1.725566e-04
1.856375e+01    -1.680328e-04
1.857596e+01    -1.634363e-04
1.858818e+01    -1.587627e-04
1.860039e+01    -1.540378e-04
1.861260e+01    -1.492474e-04
1.862482e+01    -1.444072e-04
1.863703e+01    -1.395218e-04
1.864924e+01    -1.345903e-04
1.866146e+01    -1.296257e-04
1.867367e+01    -1.246243e-04
1.868588e+01    -1.195997e-04
1.869810e+01    -1.145474e-04
1.871031e+01    -1.094822e-04
1.872252e+01    -1.044057e-04
1.873473e+01    -9.931857e-05
1.874695e+01    -9.422773e-05
1.875916e+01    -8.914398e-05
1.877137e+01    -8.406199e-05
1.878359e+01    -7.899082e-05
1.879580e+01    -7.393782e-05
1.880801e+01    -6.890355e-05
1.882022e+01    -6.389467e-05
1.883244e+01    -5.890871e-05
1.884465e+01    -5.395745e-05
1.885686e+01    -4.904252e-05
1.886908e+01    -4.416623e-05
1.888129e+01    -3.933150e-05
1.889350e+01    -3.454171e-05
1.890572e+01    -2.980570e-05
1.891793e+01    -2.512417e-05
1.893014e+01    -2.049480e-05
1.894235e+01    -1.592317e-05
1.895457e+01    -1.141435e-05
1.896678e+01    -6.969436e-06
1.897899e+01    -2.594781e-06
1.899121e+01    1.713692e-06
1.900342e+01    5.950802e-06
1.901563e+01    1.011102e-05
1.902785e+01    1.419848e-05
1.904006e+01    1.820788e-05
1.905227e+01    2.213777e-05
1.906449e+01    2.598925e-05
1.907670e+01    2.975349e-05
1.908891e+01    3.344228e-05
1.910112e+01    3.704015e-05
1.911334e+01    4.055240e-05
1.912555e+01    4.398660e-05
1.913776e+01    4.733016e-05
1.914997e+01    5.058275e-05
1.916219e+01    5.375460e-05
1.917440e+01    5.683501e-05
1.918661e+01    5.983008e-05
1.919883e+01    6.273403e-05
1.921104e+01    6.554942e-05
1.922325e+01    6.828006e-05
1.923547e+01    7.092414e-05
1.924768e+01    7.348260e-05
1.925989e+01    7.595061e-05
1.927211e+01    7.833488e-05
1.928432e+01    8.064401e-05
1.929653e+01    8.285663e-05
1.930874e+01    8.499195e-05
1.932096e+01    8.704473e-05
1.933317e+01    8.902140e-05
1.934538e+01    9.091615e-05
1.935760e+01    9.273447e-05
1.936981e+01    9.447528e-05
1.938202e+01    9.614241e-05
1.939424e+01    9.774009e-05
1.940645e+01    9.926429e-05
1.941866e+01    1.007206e-04
1.943087e+01    1.021115e-04
1.944309e+01    1.034342e-04
1.945530e+01    1.046942e-04
1.946751e+01    1.058883e-04
1.947973e+01    1.070298e-04
1.949194e+01    1.081085e-04
1.950415e+01    1.091338e-04
1.951637e+01    1.101037e-04
1.952858e+01    1.110209e-04
1.954079e+01    1.118918e-04
1.955301e+01    1.127121e-04
1.956522e+01    1.134927e-04
1.957743e+01    1.142246e-04
1.958964e+01    1.149210e-04
1.960186e+01    1.155693e-04
1.961407e+01    1.161843e-04
1.962628e+01    1.167654e-04
1.963849e+01    1.173147e-04
1.965071e+01    1.178322e-04
1.966292e+01    1.183203e-04
1.967513e+01    1.187805e-04
1.968735e+01    1.192145e-04
1.969956e+01    1.196226e-04
1.971177e+01    1.200135e-04
1.972399e+01    1.203789e-04
1.973620e+01    1.207333e-04
1.974841e+01    1.210668e-04
1.976063e+01    1.213851e-04
1.977284e+01    1.216872e-04
1.978505e+01    1.219774e-04
1.979726e+01    1.222603e-04
1.980948e+01    1.225306e-04
1.982169e+01    1.227866e-04
1.983390e+01    1.230422e-04
1.984612e+01    1.232845e-04
1.985833e+01    1.235250e-04
1.987054e+01    1.237603e-04
1.988276e+01    1.239888e-04
1.989497e+01    1.242102e-04
1.990718e+01    1.244342e-04
1.991939e+01    1.246547e-04
1.993161e+01    1.248721e-04
1.994382e+01    1.250854e-04
1.995603e+01    1.252978e-04
1.996825e+01    1.255062e-04
1.998046e+01    1.257169e-04
1.999267e+01    1.259210e-04
2.000488e+01    1.261248e-04
2.001710e+01    1.263274e-04
2.002931e+01    1.265286e-04
2.004152e+01    1.267248e-04
2.005374e+01    1.269131e-04
2.006595e+01    1.270993e-04
2.007816e+01    1.272805e-04
2.009038e+01    1.274527e-04
2.010259e+01    1.276233e-04
2.011480e+01    1.277868e-04
2.012702e+01    1.279386e-04
2.013923e+01    1.280787e-04
2.015144e+01    1.282096e-04
2.016365e+01    1.283272e-04
2.017587e+01    1.284291e-04
2.018808e+01    1.285204e-04
2.020029e+01    1.285947e-04
2.021251e+01    1.286467e-04
2.022472e+01    1.286814e-04
2.023693e+01    1.286935e-04
2.024915e+01    1.286824e-04
2.026136e+01    1.286475e-04
2.027357e+01    1.285879e-04
2.028578e+01    1.284993e-04
2.029800e+01    1.283745e-04
2.031021e+01    1.282235e-04
2.032242e+01    1.280388e-04
2.033464e+01    1.278144e-04
2.034685e+01    1.275576e-04
2.035906e+01    1.272616e-04
2.037127e+01    1.269142e-04
2.038349e+01    1.265341e-04
2.039570e+01    1.261025e-04
2.040791e+01    1.256281e-04
2.042013e+01    1.250990e-04
2.043234e+01    1.245188e-04
2.044455e+01    1.238911e-04
2.045677e+01    1.232026e-04
2.046898e+01    1.224590e-04
2.048119e+01    1.216556e-04
2.049340e+01    1.207946e-04
2.050562e+01    1.198601e-04
2.051783e+01    1.188785e-04
2.053004e+01    1.178203e-04
2.054226e+01    1.166987e-04
2.055447e+01    1.155041e-04
2.056668e+01    1.142432e-04
2.057890e+01    1.129078e-04
2.059111e+01    1.115027e-04
2.060332e+01    1.100191e-04
2.061554e+01    1.084541e-04
2.062775e+01    1.068186e-04
2.063996e+01    1.051037e-04
2.065217e+01    1.033076e-04
2.066439e+01    1.014332e-04
2.067660e+01    9.948613e-05
2.068881e+01    9.743730e-05
2.070103e+01    9.531953e-05
2.071324e+01    9.311330e-05
2.072545e+01    9.082828e-05
2.073767e+01    8.845663e-05
2.074988e+01    8.600583e-05
2.076209e+01    8.346364e-05
2.077430e+01    8.084129e-05
2.078652e+01    7.813385e-05
2.079873e+01    7.534081e-05
2.081094e+01    7.245842e-05
2.082316e+01    6.950692e-05
2.083537e+01    6.646722e-05
2.084758e+01    6.334730e-05
2.085979e+01    6.013855e-05
2.087201e+01    5.685387e-05
2.088422e+01    5.348970e-05
2.089643e+01    5.004974e-05
2.090865e+01    4.652591e-05
2.092086e+01    4.292853e-05
2.093307e+01    3.925791e-05
2.094529e+01    3.551605e-05
2.095750e+01    3.170078e-05
2.096971e+01    2.782000e-05
2.098192e+01    2.386968e-05
2.099414e+01    1.985258e-05
2.100635e+01    1.577260e-05
2.101856e+01    1.163626e-05
2.103078e+01    7.439691e-06
2.104299e+01    3.181085e-06
2.105520e+01    -1.124841e-06
2.106742e+01    -5.483798e-06
2.107963e+01    -9.889394e-06
2.109184e+01    -1.433876e-05
2.110406e+01    -1.883190e-05
2.111627e+01    -2.337282e-05
2.112848e+01    -2.793569e-05
2.114069e+01    -3.253503e-05
2.115291e+01    -3.716669e-05
2.116512e+01    -4.181849e-05
2.117733e+01    -4.650106e-05
2.118955e+01    -5.120198e-05
2.120176e+01    -5.591417e-05
2.121397e+01    -6.064066e-05
2.122618e+01    -6.537469e-05
2.123840e+01    -7.011240e-05
2.125061e+01    -7.485183e-05
2.126282e+01    -7.958369e-05
2.127504e+01    -8.431423e-05
2.128725e+01    -8.902940e-05
2.129946e+01    -9.373343e-05
2.131168e+01    -9.841647e-05
2.132389e+01    -1.030782e-04
2.133610e+01    -1.077093e-04
2.134831e+01    -1.123103e-04
2.136053e+01    -1.168772e-04
2.137274e+01    -1.214042e-04
2.138495e+01    -1.258890e-04
2.139717e+01    -1.303261e-04
2.140938e+01    -1.347095e-04
2.142159e+01    -1.390418e-04
2.143381e+01    -1.433080e-04
2.144602e+01    -1.475169e-04
2.145823e+01    -1.516540e-04
2.147044e+01    -1.557214e-04
2.148266e+01    -1.597169e-04
2.149487e+01    -1.636303e-04
2.150708e+01    -1.674586e-04
2.151930e+01    -1.712078e-04
2.153151e+01    -1.748613e-04
2.154372e+01    -1.784194e-04
2.155593e+01    -1.818847e-04
2.156815e+01    -1.852455e-04
2.158036e+01    -1.885057e-04
2.159258e+01    -1.916569e-04
2.160479e+01    -1.946975e-04
2.161700e+01    -1.976209e-04
2.162921e+01    -2.004340e-04
2.164143e+01    -2.031235e-04
2.165364e+01    -2.056903e-04
2.166585e+01    -2.081336e-04
2.167807e+01    -2.104447e-04
2.169028e+01    -2.126288e-04
2.170249e+01    -2.146800e-04
2.171470e+01    -2.165930e-04
2.172692e+01    -2.183762e-04
2.173913e+01    -2.200071e-04
2.175134e+01    -2.215038e-04
2.176356e+01    -2.228532e-04
2.177577e+01    -2.240644e-04
2.178798e+01    -2.251233e-04
2.180020e+01    -2.260351e-04
2.181241e+01    -2.268024e-04
2.182462e+01    -2.274118e-04
2.183683e+01    -2.278738e-04
2.184905e+01    -2.281845e-04
2.186126e+01    -2.283331e-04
2.187347e+01    -2.283387e-04
2.188569e+01    -2.281892e-04
2.189790e+01    -2.278766e-04
2.191011e+01    -2.274175e-04
2.192233e+01    -2.268023e-04
2.193454e+01    -2.260273e-04
2.194675e+01    -2.251015e-04
2.195897e+01    -2.240188e-04
2.197118e+01    -2.227857e-04
2.198339e+01    -2.214007e-04
2.199560e+01    -2.198595e-04
2.200782e+01    -2.181677e-04
2.202003e+01    -2.163245e-04
2.203224e+01    -2.143404e-04
2.204445e+01    -2.121959e-04
2.205667e+01    -2.099105e-04
2.206888e+01    -2.074771e-04
2.208109e+01    -2.049086e-04
2.209331e+01    -2.021978e-04
2.210552e+01    -1.993419e-04
2.211773e+01    -1.963535e-04
2.212995e+01    -1.932278e-04
2.214216e+01    -1.899716e-04
2.215437e+01    -1.865803e-04
2.216659e+01    -1.830652e-04
2.217880e+01    -1.794242e-04
2.219101e+01    -1.756615e-04
2.220322e+01    -1.717827e-04
2.221544e+01    -1.677812e-04
2.222765e+01    -1.636723e-04
2.223986e+01    -1.594483e-04
2.225208e+01    -1.551181e-04
2.226429e+01    -1.506854e-04
2.227650e+01    -1.461531e-04
2.228872e+01    -1.415217e-04
2.230093e+01    -1.368033e-04
2.231314e+01    -1.319869e-04
2.232535e+01    -1.270894e-04
2.233757e+01    -1.221075e-04
2.234978e+01    -1.170493e-04
2.236199e+01    -1.119142e-04
2.237421e+01    -1.067091e-04
2.238642e+01    -1.014362e-04
2.239863e+01    -9.609826e-05
2.241084e+01    -9.070682e-05
2.242306e+01    -8.525576e-05
2.243527e+01    -7.975733e-05
2.244748e+01    -7.420717e-05
2.245970e+01    -6.861841e-05
2.247191e+01    -6.298807e-05
2.248412e+01    -5.732501e-05
2.249634e+01    -5.163180e-05
2.250855e+01    -4.591115e-05
2.252076e+01    -4.016596e-05
2.253297e+01    -3.440271e-05
2.254519e+01    -2.863313e-05
2.255740e+01    -2.283842e-05
2.256961e+01    -1.704338e-05
2.258183e+01    -1.125017e-05
2.259404e+01    -5.456182e-06
2.260625e+01    3.347232e-07
2.261847e+01    6.116694e-06
2.263068e+01    1.188065e-05
2.264289e+01    1.763523e-05
2.265511e+01    2.336371e-05
2.266732e+01    2.907054e-05
2.267953e+01    3.474884e-05
2.269174e+01    4.039309e-05
2.270396e+01    4.600882e-05
2.271617e+01    5.157891e-05
2.272838e+01    5.711260e-05
2.274060e+01    6.259934e-05
2.275281e+01    6.804013e-05
2.276502e+01    7.342742e-05
2.277724e+01    7.876285e-05
2.278945e+01    8.404104e-05
2.280166e+01    8.925813e-05
2.281387e+01    9.441073e-05
2.282609e+01    9.949977e-05
2.283830e+01    1.045206e-04
2.285051e+01    1.094706e-04
2.286273e+01    1.143468e-04
2.287494e+01    1.191488e-04
2.288715e+01    1.238732e-04
2.289936e+01    1.285207e-04
2.291158e+01    1.330827e-04
2.292379e+01    1.375626e-04
2.293600e+01    1.419575e-04
2.294822e+01    1.462629e-04
2.296043e+01    1.504834e-04
2.297264e+01    1.546099e-04
2.298486e+01    1.586494e-04
2.299707e+01    1.625899e-04
2.300928e+01    1.664429e-04
2.302150e+01    1.701930e-04
2.303371e+01    1.738527e-04
2.304592e+01    1.774133e-04
2.305813e+01    1.808751e-04
2.307035e+01    1.842406e-04
2.308256e+01    1.875046e-04
2.309477e+01    1.906691e-04
2.310699e+01    1.937297e-04
2.311920e+01    1.966969e-04
2.313141e+01    1.995555e-04
2.314363e+01    2.023153e-04
2.315584e+01    2.049777e-04
2.316805e+01    2.075364e-04
2.318026e+01    2.099909e-04
2.319248e+01    2.123464e-04
2.320469e+01    2.146047e-04
2.321690e+01    2.167572e-04
2.322912e+01    2.188138e-04
2.324133e+01    2.207707e-04
2.325354e+01    2.226253e-04
2.326575e+01    2.243837e-04
2.327797e+01    2.260465e-04
2.329018e+01    2.276115e-04
2.330239e+01    2.290781e-04
2.331461e+01    2.304506e-04
2.332682e+01    2.317315e-04
2.333903e+01    2.329185e-04
2.335125e+01    2.340117e-04
2.336346e+01    2.350135e-04
2.337567e+01    2.359284e-04
2.338788e+01    2.367515e-04
2.340010e+01    2.374874e-04
2.341231e+01    2.381394e-04
2.342452e+01    2.387092e-04
2.343674e+01    2.391879e-04
2.344895e+01    2.395891e-04
2.346116e+01    2.399053e-04
2.347338e+01    2.401477e-04
2.348559e+01    2.403100e-04
2.349780e+01    2.403953e-04
2.351002e+01    2.404003e-04
2.352223e+01    2.403403e-04
2.353444e+01    2.402050e-04
2.354665e+01    2.399965e-04
2.355887e+01    2.397242e-04
2.357108e+01    2.393753e-04
2.358329e+01    2.389625e-04
2.359550e+01    2.384849e-04
2.360772e+01    2.379483e-04
2.361993e+01    2.373451e-04
2.363214e+01    2.366863e-04
2.364436e+01    2.359600e-04
2.365657e+01    2.351798e-04
2.366878e+01    2.343420e-04
2.368100e+01    2.334503e-04
2.369321e+01    2.325020e-04
2.370542e+01    2.315027e-04
2.371764e+01    2.304542e-04
2.372985e+01    2.293476e-04
2.374206e+01    2.281998e-04
2.375427e+01    2.270021e-04
2.376649e+01    2.257529e-04
2.377870e+01    2.244639e-04
2.379091e+01    2.231253e-04
2.380313e+01    2.217490e-04
2.381534e+01    2.203212e-04
2.382755e+01    2.188586e-04
2.383977e+01    2.173540e-04
2.385198e+01    2.158109e-04
2.386419e+01    2.142237e-04
2.387640e+01    2.125994e-04
2.388862e+01    2.109358e-04
2.390083e+01    2.092350e-04
2.391304e+01    2.074983e-04
2.392526e+01    2.057251e-04
2.393747e+01    2.039179e-04
2.394968e+01    2.020726e-04
2.396189e+01    2.001940e-04
2.397411e+01    1.982815e-04
2.398632e+01    1.963395e-04
2.399854e+01    1.943523e-04
2.401075e+01    1.923358e-04
2.402296e+01    1.902893e-04
2.403517e+01    1.882059e-04
2.404739e+01    1.860935e-04
2.405960e+01    1.839468e-04
2.407181e+01    1.817711e-04
2.408403e+01    1.795510e-04
2.409624e+01    1.773062e-04
2.410845e+01    1.750244e-04
2.412066e+01    1.727127e-04
2.413288e+01    1.703639e-04
2.414509e+01    1.679833e-04
2.415730e+01    1.655692e-04
2.416952e+01    1.631265e-04
2.418173e+01    1.606392e-04
2.419394e+01    1.581228e-04
2.420616e+01    1.555711e-04
2.421837e+01    1.529843e-04
2.423058e+01    1.503620e-04
2.424279e+01    1.477124e-04
2.425501e+01    1.450079e-04
2.426722e+01    1.422771e-04
2.427943e+01    1.395072e-04
2.429165e+01    1.367033e-04
2.430386e+01    1.338600e-04
2.431607e+01    1.309772e-04
2.432829e+01    1.280528e-04
2.434050e+01    1.250964e-04
2.435271e+01    1.220974e-04
2.436492e+01    1.190560e-04
2.437714e+01    1.159712e-04
2.438935e+01    1.128524e-04
2.440156e+01    1.096923e-04
2.441378e+01    1.064892e-04
2.442599e+01    1.032412e-04
2.443820e+01    9.995721e-05
2.445041e+01    9.662697e-05
2.446263e+01    9.325249e-05
2.447484e+01    8.983788e-05
2.448705e+01    8.637657e-05
2.449927e+01    8.287666e-05
2.451148e+01    7.933036e-05
2.452369e+01    7.574001e-05
2.453591e+01    7.210652e-05
2.454812e+01    6.842960e-05
2.456033e+01    6.470871e-05
2.457255e+01    6.094197e-05
2.458476e+01    5.713217e-05
2.459697e+01    5.327802e-05
2.460918e+01    4.938284e-05
2.462140e+01    4.544615e-05
2.463361e+01    4.146321e-05
2.464582e+01    3.743173e-05
2.465804e+01    3.336768e-05
2.467025e+01    2.925690e-05
2.468246e+01    2.510302e-05
2.469468e+01    2.091127e-05
2.470689e+01    1.667949e-05
2.471910e+01    1.240349e-05
2.473131e+01    8.090290e-06
2.474353e+01    3.739122e-06
2.475574e+01    -6.478367e-07
2.476795e+01    -5.075046e-06
2.478017e+01    -9.535950e-06
2.479238e+01    -1.403309e-05
2.480459e+01    -1.856298e-05
2.481680e+01    -2.312894e-05
2.482902e+01    -2.771899e-05
2.484123e+01    -3.234480e-05
2.485344e+01    -3.699785e-05
2.486566e+01    -4.167920e-05
2.487787e+01    -4.638912e-05
2.489008e+01    -5.111883e-05
2.490230e+01    -5.587896e-05
2.491451e+01    -6.065431e-05
2.492672e+01    -6.545109e-05
2.493893e+01    -7.026504e-05
2.495115e+01    -7.509777e-05
2.496336e+01    -7.994595e-05
2.497557e+01    -8.480646e-05
2.498779e+01    -8.967232e-05
2.500000e+01    -9.455786e-05
