0.000000e+00    3.042515e-02
1.221299e-02    2.993882e-02
2.442599e-02    2.848134e-02
3.663898e-02    2.605696e-02
4.885198e-02    2.267276e-02
6.106497e-02    1.833878e-02
7.327797e-02    1.306767e-02
8.549096e-02    6.874818e-03
9.770396e-02    -2.218089e-04
1.099169e-01    -8.201580e-03
1.221299e-01    -1.704163e-02
1.343429e-01    -2.671659e-02
1.465559e-01    -3.719891e-02
1.587689e-01    -4.845911e-02
1.709819e-01    -6.046564e-02
1.831949e-01    -7.318510e-02
1.954079e-01    -8.658261e-02
2.076209e-01    -1.006217e-01
2.198339e-01    -1.152647e-01
2.320469e-01    -1.304726e-01
2.442599e-01    -1.462056e-01
2.564729e-01    -1.624229e-01
2.686859e-01    -1.790833e-01
2.808989e-01    -1.961451e-01
2.931119e-01    -2.135660e-01
3.053249e-01    -2.313042e-01
3.175378e-01    -2.493172e-01
3.297509e-01    -2.675634e-01
3.419639e-01    -2.860011e-01
3.541768e-01    -3.045893e-01
3.663898e-01    -3.232879e-01
3.786028e-01    -3.420573e-01
3.908158e-01    -3.608589e-01
4.030288e-01    -3.796552e-01
4.152418e-01    -3.984101e-01
4.274548e-01    -4.170885e-01
4.396678e-01    -4.356570e-01
4.518808e-01    -4.540834e-01
4.640938e-01    -4.723372e-01
4.763068e-01    -4.903895e-01
4.885198e-01    -5.082131e-01
5.007328e-01    -5.257826e-01
5.129458e-01    -5.430744e-01
5.251588e-01    -5.600665e-01
5.373718e-01    -5.767390e-01
5.495847e-01    -5.930737e-01
5.617977e-01    -6.090542e-01
5.740107e-01    -6.246659e-01
5.862237e-01    -6.398962e-01
5.984367e-01    -6.547343e-01
6.106497e-01    -6.691706e-01
6.228627e-01    -6.831981e-01
6.350757e-01    -6.968107e-01
6.472887e-01    -7.100042e-01
6.595017e-01    -7.227762e-01
6.717147e-01    -7.351253e-01
6.839277e-01    -7.470518e-01
6.961407e-01    -7.585576e-01
7.083537e-01    -7.696452e-01
7.205667e-01    -7.803189e-01
7.327797e-01    -7.905837e-01
7.449927e-01    -8.004462e-01
7.572057e-01    -8.099129e-01
7.694187e-01    -8.189921e-01
7.816316e-01    -8.276929e-01
7.938446e-01    -8.360245e-01
8.060576e-01    -8.439968e-01
8.182706e-01    -8.516206e-01
8.304836e-01    -8.589066e-01
8.426966e-01    -8.658665e-01
8.549096e-01    -8.725120e-01
8.671226e-01    -8.788546e-01
8.793356e-01    -8.849064e-01
8.915486e-01    -8.906794e-01
9.037616e-01    -8.961856e-01
9.159746e-01    -9.014371e-01
9.281876e-01    -9.064455e-01
9.404006e-01    -9.112223e-01
9.526136e-01    -9.157793e-01
9.648266e-01    -9.201271e-01
9.770396e-01    -9.242767e-01
9.892526e-01    -9.282384e-01
1.001466e+00    -9.320225e-01
1.013679e+00    -9.356378e-01
1.025892e+00    -9.390942e-01
1.038105e+00    -9.423997e-01
1.050318e+00    -9.455627e-01
1.062531e+00    -9.485906e-01
1.074744e+00    -9.514904e-01
1.086957e+00    -9.542686e-01
1.099169e+00    -9.569312e-01
1.111382e+00    -9.594833e-01
1.123595e+00    -9.619302e-01
1.135808e+00    -9.642756e-01
1.148021e+00    -9.665236e-01
1.160234e+00    -9.686772e-01
1.172447e+00    -9.707392e-01
1.184660e+00    -9.727119e-01
1.196873e+00    -9.745969e-01
1.209086e+00    -9.763952e-01
1.221299e+00    -9.781079e-01
1.233512e+00    -9.797351e-01
1.245725e+00    -9.812771e-01
1.257938e+00    -9.827331e-01
1.270151e+00    -9.841025e-01
1.282364e+00    -9.853842e-01
1.294577e+00    -9.865768e-01
1.306790e+00    -9.876785e-01
1.319003e+00    -9.886875e-01
1.331216e+00    -9.896015e-01
1.343429e+00    -9.904181e-01
1.355642e+00    -9.911350e-01
1.367855e+00    -9.917492e-01
1.380068e+00    -9.922582e-01
1.392281e+00    -9.926589e-01
1.404494e+00    -9.929486e-01
1.416707e+00    -9.931239e-01
1.428920e+00    -9.931821e-01
1.441133e+00    -9.931199e-01
1.453346e+00    -9.929346e-01
1.465559e+00    -9.926229e-01
1.477772e+00    -9.921820e-01
1.489985e+00    -9.916094e-01
1.502198e+00    -9.909018e-01
1.514411e+00    -9.900570e-01
1.526624e+00    -9.890721e-01
1.538837e+00    -9.879452e-01
1.551050e+00    -9.866736e-01
1.563263e+00    -9.852557e-01
1.575476e+00    -9.836891e-01
1.587689e+00    -9.819724e-01
1.599902e+00    -9.801038e-01
1.612115e+00    -9.780824e-01
1.624328e+00    -9.759067e-01
1.636541e+00    -9.735759e-01
1.648754e+00    -9.710890e-01
1.660967e+00    -9.684457e-01
1.673180e+00    -9.656457e-01
1.685393e+00    -9.626886e-01
1.697606e+00    -9.595747e-01
1.709819e+00    -9.563043e-01
1.722032e+00    -9.528776e-01
1.734245e+00    -9.492955e-01
1.746458e+00    -9.455589e-01
1.758671e+00    -9.416686e-01
1.770884e+00    -9.376262e-01
1.783097e+00    -9.334327e-01
1.795310e+00    -9.290900e-01
1.807523e+00    -9.245998e-01
1.819736e+00    -9.199639e-01
1.831949e+00    -9.151845e-01
1.844162e+00    -9.102637e-01
1.856375e+00    -9.052041e-01
1.868588e+00    -9.000077e-01
1.880801e+00    -8.946778e-01
1.893014e+00    -8.892166e-01
1.905227e+00    -8.836272e-01
1.917440e+00    -8.779123e-01
1.929653e+00    -8.720754e-01
1.941866e+00    -8.661190e-01
1.954079e+00    -8.600467e-01
1.966292e+00    -8.538617e-01
1.978505e+00    -8.475673e-01
1.990718e+00    -8.411670e-01
2.002931e+00    -8.346641e-01
2.015144e+00    -8.280621e-01
2.027357e+00    -8.213644e-01
2.039570e+00    -8.145748e-01
2.051783e+00    -8.076969e-01
2.063996e+00    -8.007339e-01
2.076209e+00    -7.936899e-01
2.088422e+00    -7.865680e-01
2.100635e+00    -7.793722e-01
2.112848e+00    -7.721059e-01
2.125061e+00    -7.647727e-01
2.137274e+00    -7.573762e-01
2.149487e+00    -7.499201e-01
2.161700e+00    -7.424078e-01
2.173913e+00    -7.348429e-01
2.186126e+00    -7.272286e-01
2.198339e+00    -7.195689e-01
2.210552e+00    -7.118669e-01
2.222765e+00    -7.041260e-01
2.234978e+00    -6.963497e-01
2.247191e+00    -6.885411e-01
2.259404e+00    -6.807038e-01
2.271617e+00    -6.728405e-01
2.283830e+00    -6.649551e-01
2.296043e+00    -6.570502e-01
2.308256e+00    -6.491293e-01
2.320469e+00    -6.411950e-01
2.332682e+00    -6.332507e-01
2.344895e+00    -6.252992e-01
2.357108e+00    -6.173434e-01
2.369321e+00    -6.093861e-01
2.381534e+00    -6.014303e-01
2.393747e+00    -5.934786e-01
2.405960e+00    -5.855337e-01
2.418173e+00    -5.775985e-01
2.430386e+00    -5.696751e-01
2.442599e+00    -5.617666e-01
2.454812e+00    -5.538751e-01
2.467025e+00    -5.460033e-01
2.479238e+00    -5.381536e-01
2.491451e+00    -5.303282e-01
2.503664e+00    -5.225294e-01
2.515877e+00    -5.147597e-01
2.528090e+00    -5.070209e-01
2.540303e+00    -4.993155e-01
2.552516e+00    -4.916454e-01
2.564729e+00    -4.840129e-01
2.576942e+00    -4.764197e-01
2.589155e+00    -4.688679e-01
2.601368e+00    -4.613594e-01
2.613581e+00    -4.538960e-01
2.625794e+00    -4.464796e-01
2.638007e+00    -4.391119e-01
2.650220e+00    -4.317948e-01
2.662433e+00    -4.245297e-01
2.674646e+00    -4.173184e-01
2.686859e+00    -4.101623e-01
2.699072e+00    -4.030631e-01
2.711285e+00    -3.960221e-01
2.723498e+00    -3.890409e-01
2.735711e+00    -3.821207e-01
2.747924e+00    -3.752630e-01
2.760137e+00    -3.684690e-01
2.772350e+00    -3.617399e-01
2.784563e+00    -3.550768e-01
2.796776e+00    -3.484811e-01
2.808989e+00    -3.419538e-01
2.821202e+00    -3.354957e-01
2.833415e+00    -3.291081e-01
2.845628e+00    -3.227918e-01
2.857841e+00    -3.165476e-01
2.870054e+00    -3.103764e-01
2.882267e+00    -3.042792e-01
2.894480e+00    -2.982565e-01
2.906693e+00    -2.923091e-01
2.918906e+00    -2.864376e-01
2.931119e+00    -2.806427e-01
2.943332e+00    -2.749248e-01
2.955545e+00    -2.692845e-01
2.967758e+00    -2.637223e-01
2.979971e+00    -2.582386e-01
2.992184e+00    -2.528337e-01
3.004397e+00    -2.475079e-01
3.016610e+00    -2.422615e-01
3.028823e+00    -2.370947e-01
3.041036e+00    -2.320077e-01
3.053249e+00    -2.270006e-01
3.065462e+00    -2.220736e-01
3.077675e+00    -2.172266e-01
3.089888e+00    -2.124596e-01
3.102101e+00    -2.077727e-01
3.114314e+00    -2.031656e-01
3.126527e+00    -1.986383e-01
3.138740e+00    -1.941906e-01
3.150953e+00    -1.898223e-01
3.163166e+00    -1.855330e-01
3.175379e+00    -1.813227e-01
3.187592e+00    -1.771907e-01
3.199805e+00    -1.731369e-01
3.212018e+00    -1.691607e-01
3.224231e+00    -1.652618e-01
3.236444e+00    -1.614397e-01
3.248657e+00    -1.576938e-01
3.260870e+00    -1.540236e-01
3.273082e+00    -1.504285e-01
3.285295e+00    -1.469079e-01
3.297508e+00    -1.434612e-01
3.309721e+00    -1.400876e-01
3.321934e+00    -1.367866e-01
3.334147e+00    -1.335573e-01
3.346360e+00    -1.303990e-01
3.358573e+00    -1.273109e-01
3.370786e+00    -1.242922e-01
3.382999e+00    -1.213422e-01
3.395212e+00    -1.184599e-01
3.407425e+00    -1.156446e-01
3.419638e+00    -1.128952e-01
3.431851e+00    -1.102110e-01
3.444064e+00    -1.075910e-01
3.456277e+00    -1.050343e-01
3.468490e+00    -1.025399e-01
3.480703e+00    -1.001069e-01
3.492916e+00    -9.773435e-02
3.505129e+00    -9.542121e-02
3.517342e+00    -9.316654e-02
3.529555e+00    -9.096933e-02
3.541768e+00    -8.882857e-02
3.553981e+00    -8.674327e-02
3.566194e+00    -8.471237e-02
3.578407e+00    -8.273492e-02
3.590620e+00    -8.080988e-02
3.602833e+00    -7.893621e-02
3.615046e+00    -7.711288e-02
3.627259e+00    -7.533891e-02
3.639472e+00    -7.361326e-02
3.651685e+00    -7.193487e-02
3.663898e+00    -7.030280e-02
3.676111e+00    -6.871598e-02
3.688324e+00    -6.717344e-02
3.700537e+00    -6.567415e-02
3.712750e+00    -6.421714e-02
3.724963e+00    -6.280139e-02
3.737176e+00    -6.142594e-02
3.749389e+00    -6.008982e-02
3.761602e+00    -5.879207e-02
3.773815e+00    -5.753171e-02
3.786028e+00    -5.630780e-02
3.798241e+00    -5.511944e-02
3.810454e+00    -5.396567e-02
3.822667e+00    -5.284561e-02
3.834880e+00    -5.175836e-02
3.847093e+00    -5.070302e-02
3.859306e+00    -4.967874e-02
3.871519e+00    -4.868465e-02
3.883732e+00    -4.771991e-02
3.895945e+00    -4.678370e-02
3.908158e+00    -4.587520e-02
3.920371e+00    -4.499361e-02
3.932584e+00    -4.413816e-02
3.944797e+00    -4.330808e-02
3.957010e+00    -4.250262e-02
3.969223e+00    -4.172105e-02
3.981436e+00    -4.096264e-02
3.993649e+00    -4.022671e-02
4.005862e+00    -3.951256e-02
4.018075e+00    -3.881954e-02
4.030288e+00    -3.814697e-02
4.042501e+00    -3.749425e-02
4.054714e+00    -3.686073e-02
4.066927e+00    -3.624586e-02
4.079140e+00    -3.564901e-02
4.091353e+00    -3.506965e-02
4.103566e+00    -3.450720e-02
4.115779e+00    -3.396116e-02
4.127992e+00    -3.343099e-02
4.140205e+00    -3.291622e-02
4.152418e+00    -3.241634e-02
4.164631e+00    -3.193091e-02
4.176844e+00    -3.145945e-02
4.189057e+00    -3.100155e-02
4.201270e+00    -3.055681e-02
4.213483e+00    -3.012480e-02
4.225696e+00    -2.970516e-02
4.237909e+00    -2.929748e-02
4.250122e+00    -2.890147e-02
4.262335e+00    -2.851671e-02
4.274548e+00    -2.814294e-02
4.286761e+00    -2.777981e-02
4.298974e+00    -2.742706e-02
4.311187e+00    -2.708436e-02
4.323400e+00    -2.675148e-02
4.335613e+00    -2.642814e-02
4.347826e+00    -2.611411e-02
4.360039e+00    -2.580914e-02
4.372252e+00    -2.551302e-02
4.384465e+00    -2.522553e-02
4.396678e+00    -2.494651e-02
4.408891e+00    -2.467572e-02
4.421104e+00    -2.441303e-02
4.433317e+00    -2.415825e-02
4.445530e+00    -2.391124e-02
4.457743e+00    -2.367183e-02
4.469956e+00    -2.343990e-02
4.482169e+00    -2.321533e-02
4.494382e+00    -2.299798e-02
4.506595e+00    -2.278775e-02
4.518808e+00    -2.258454e-02
4.531021e+00    -2.238823e-02
4.543234e+00    -2.219876e-02
4.555447e+00    -2.201602e-02
4.567660e+00    -2.183996e-02
4.579873e+00    -2.167047e-02
4.592086e+00    -2.150752e-02
4.604299e+00    -2.135102e-02
4.616512e+00    -2.120093e-02
4.628725e+00    -2.105719e-02
4.640938e+00    -2.091975e-02
4.653151e+00    -2.078856e-02
4.665364e+00    -2.066358e-02
4.677577e+00    -2.054477e-02
4.689790e+00    -2.043209e-02
4.702003e+00    -2.032551e-02
4.714216e+00    -2.022499e-02
4.726429e+00    -2.013049e-02
4.738642e+00    -2.004199e-02
4.750855e+00    -1.995944e-02
4.763068e+00    -1.988283e-02
4.775281e+00    -1.981212e-02
4.787494e+00    -1.974727e-02
4.799707e+00    -1.968827e-02
4.811920e+00    -1.963506e-02
4.824133e+00    -1.958762e-02
4.836346e+00    -1.954592e-02
4.848559e+00    -1.950991e-02
4.860772e+00    -1.947957e-02
4.872985e+00    -1.945484e-02
4.885198e+00    -1.943570e-02
4.897411e+00    -1.942207e-02
4.909624e+00    -1.941394e-02
4.921837e+00    -1.941123e-02
4.934050e+00    -1.941391e-02
4.946263e+00    -1.942192e-02
4.958476e+00    -1.943519e-02
4.970689e+00    -1.945366e-02
4.982902e+00    -1.947727e-02
4.995115e+00    -1.950594e-02
5.007328e+00    -1.953960e-02
5.019541e+00    -1.957817e-02
5.031754e+00    -1.962159e-02
5.043967e+00    -1.966974e-02
5.056180e+00    -1.972255e-02
5.068393e+00    -1.977992e-02
5.080606e+00    -1.984176e-02
5.092819e+00    -1.990797e-02
5.105031e+00    -1.997843e-02
5.117245e+00    -2.005303e-02
5.129457e+00    -2.013167e-02
5.141671e+00    -2.021422e-02
5.153883e+00    -2.030056e-02
5.166097e+00    -2.039056e-02
5.178309e+00    -2.048410e-02
5.190523e+00    -2.058103e-02
5.202735e+00    -2.068122e-02
5.214949e+00    -2.078453e-02
5.227162e+00    -2.089081e-02
5.239375e+00    -2.099990e-02
5.251588e+00    -2.111166e-02
5.263801e+00    -2.122593e-02
5.276014e+00    -2.134254e-02
5.288227e+00    -2.146133e-02
5.300440e+00    -2.158215e-02
5.312653e+00    -2.170480e-02
5.324866e+00    -2.182914e-02
5.337079e+00    -2.195496e-02
5.349292e+00    -2.208212e-02
5.361505e+00    -2.221040e-02
5.373718e+00    -2.233965e-02
5.385931e+00    -2.246967e-02
5.398144e+00    -2.260027e-02
5.410357e+00    -2.273127e-02
5.422570e+00    -2.286249e-02
5.434783e+00    -2.299372e-02
5.446996e+00    -2.312478e-02
5.459208e+00    -2.325547e-02
5.471422e+00    -2.338561e-02
5.483634e+00    -2.351499e-02
5.495848e+00    -2.364342e-02
5.508060e+00    -2.377072e-02
5.520274e+00    -2.389669e-02
5.532486e+00    -2.402112e-02
5.544700e+00    -2.414385e-02
5.556912e+00    -2.426466e-02
5.569126e+00    -2.438337e-02
5.581338e+00    -2.449979e-02
5.593552e+00    -2.461373e-02
5.605764e+00    -2.472499e-02
5.617978e+00    -2.483343e-02
5.630190e+00    -2.493882e-02
5.642404e+00    -2.504100e-02
5.654616e+00    -2.513978e-02
5.666830e+00    -2.523501e-02
5.679042e+00    -2.532650e-02
5.691256e+00    -2.541408e-02
5.703468e+00    -2.549759e-02
5.715682e+00    -2.557687e-02
5.727894e+00    -2.565174e-02
5.740108e+00    -2.572208e-02
5.752320e+00    -2.578771e-02
5.764534e+00    -2.584850e-02
5.776746e+00    -2.590429e-02
5.788960e+00    -2.595496e-02
5.801172e+00    -2.600038e-02
5.813385e+00    -2.604039e-02
5.825598e+00    -2.607490e-02
5.837811e+00    -2.610377e-02
5.850024e+00    -2.612690e-02
5.862237e+00    -2.614417e-02
5.874450e+00    -2.615549e-02
5.886663e+00    -2.616075e-02
5.898876e+00    -2.615986e-02
5.911089e+00    -2.615274e-02
5.923302e+00    -2.613931e-02
5.935515e+00    -2.611949e-02
5.947728e+00    -2.609322e-02
5.959941e+00    -2.606042e-02
5.972154e+00    -2.602104e-02
5.984367e+00    -2.597505e-02
5.996580e+00    -2.592238e-02
6.008793e+00    -2.586300e-02
6.021006e+00    -2.579688e-02
6.033219e+00    -2.572400e-02
6.045432e+00    -2.564432e-02
6.057645e+00    -2.555786e-02
6.069858e+00    -2.546459e-02
6.082071e+00    -2.536451e-02
6.094284e+00    -2.525763e-02
6.106497e+00    -2.514396e-02
6.118710e+00    -2.502353e-02
6.130923e+00    -2.489635e-02
6.143136e+00    -2.476245e-02
6.155349e+00    -2.462187e-02
6.167562e+00    -2.447467e-02
6.179775e+00    -2.432087e-02
6.191988e+00    -2.416055e-02
6.204201e+00    -2.399374e-02
6.216414e+00    -2.382053e-02
6.228627e+00    -2.364099e-02
6.240840e+00    -2.345519e-02
6.253053e+00    -2.326322e-02
6.265266e+00    -2.306515e-02
6.277479e+00    -2.286110e-02
6.289692e+00    -2.265114e-02
6.301905e+00    -2.243539e-02
6.314118e+00    -2.221396e-02
6.326331e+00    -2.198696e-02
6.338544e+00    -2.175450e-02
6.350757e+00    -2.151672e-02
6.362970e+00    -2.127371e-02
6.375183e+00    -2.102564e-02
6.387396e+00    -2.077262e-02
6.399609e+00    -2.051480e-02
6.411822e+00    -2.025230e-02
6.424035e+00    -1.998530e-02
6.436248e+00    -1.971390e-02
6.448461e+00    -1.943831e-02
6.460674e+00    -1.915864e-02
6.472887e+00    -1.887507e-02
6.485100e+00    -1.858773e-02
6.497313e+00    -1.829683e-02
6.509526e+00    -1.800249e-02
6.521739e+00    -1.770490e-02
6.533952e+00    -1.740422e-02
6.546165e+00    -1.710062e-02
6.558378e+00    -1.679427e-02
6.570591e+00    -1.648536e-02
6.582804e+00    -1.617404e-02
6.595017e+00    -1.586050e-02
6.607230e+00    -1.554490e-02
6.619443e+00    -1.522744e-02
6.631656e+00    -1.490826e-02
6.643869e+00    -1.458758e-02
6.656082e+00    -1.426555e-02
6.668295e+00    -1.394236e-02
6.680508e+00    -1.361816e-02
6.692721e+00    -1.329317e-02
6.704934e+00    -1.296751e-02
6.717147e+00    -1.264141e-02
6.729360e+00    -1.231501e-02
6.741573e+00    -1.198849e-02
6.753786e+00    -1.166201e-02
6.765999e+00    -1.133577e-02
6.778212e+00    -1.100989e-02
6.790425e+00    -1.068458e-02
6.802638e+00    -1.035998e-02
6.814851e+00    -1.003626e-02
6.827064e+00    -9.713558e-03
6.839277e+00    -9.392072e-03
6.851490e+00    -9.071911e-03
6.863703e+00    -8.753267e-03
6.875916e+00    -8.436257e-03
6.888129e+00    -8.121042e-03
6.900342e+00    -7.807762e-03
6.912555e+00    -7.496556e-03
6.924768e+00    -7.187554e-03
6.936981e+00    -6.880906e-03
6.949194e+00    -6.576713e-03
6.961407e+00    -6.275139e-03
6.973620e+00    -5.976271e-03
6.985833e+00    -5.680249e-03
6.998046e+00    -5.387167e-03
7.010259e+00    -5.097162e-03
7.022472e+00    -4.810313e-03
7.034685e+00    -4.526750e-03
7.046898e+00    -4.246541e-03
7.059111e+00    -3.969814e-03
7.071324e+00    -3.696629e-03
7.083537e+00    -3.427092e-03
7.095750e+00    -3.161270e-03
7.107963e+00    -2.899260e-03
7.120176e+00    -2.641113e-03
7.132389e+00    -2.386920e-03
7.144602e+00    -2.136716e-03
7.156815e+00    -1.890594e-03
7.169028e+00    -1.648586e-03
7.181241e+00    -1.410759e-03
7.193454e+00    -1.177146e-03
7.205667e+00    -9.478054e-04
7.217880e+00    -7.227591e-04
7.230093e+00    -5.020543e-04
7.242306e+00    -2.857139e-04
7.254519e+00    -7.377383e-05
7.266732e+00    1.337588e-04
7.278944e+00    3.368542e-04
7.291158e+00    5.355112e-04
7.303371e+00    7.297094e-04
7.315584e+00    9.194411e-04
7.327797e+00    1.104716e-03
7.340010e+00    1.285521e-03
7.352223e+00    1.461887e-03
7.364436e+00    1.633793e-03
7.376649e+00    1.801274e-03
7.388862e+00    1.964337e-03
7.401075e+00    2.122989e-03
7.413288e+00    2.277303e-03
7.425501e+00    2.427263e-03
7.437714e+00    2.572891e-03
7.449927e+00    2.714245e-03
7.462140e+00    2.851359e-03
7.474353e+00    2.984269e-03
7.486566e+00    3.113003e-03
7.498779e+00    3.237617e-03
7.510992e+00    3.358170e-03
7.523205e+00    3.474694e-03
7.535418e+00    3.587239e-03
7.547631e+00    3.695874e-03
7.559844e+00    3.800641e-03
7.572057e+00    3.901615e-03
7.584270e+00    3.998837e-03
7.596483e+00    4.092383e-03
7.608696e+00    4.182306e-03
7.620909e+00    4.268681e-03
7.633121e+00    4.351565e-03
7.645335e+00    4.431040e-03
7.657547e+00    4.507159e-03
7.669761e+00    4.580005e-03
7.681973e+00    4.649644e-03
7.694187e+00    4.716143e-03
7.706399e+00    4.779584e-03
7.718613e+00    4.840037e-03
7.730825e+00    4.897574e-03
7.743039e+00    4.952272e-03
7.755251e+00    5.004205e-03
7.767465e+00    5.053451e-03
7.779677e+00    5.100077e-03
7.791891e+00    5.144165e-03
7.804103e+00    5.185783e-03
7.816317e+00    5.225022e-03
7.828529e+00    5.261933e-03
7.840743e+00    5.296607e-03
7.852955e+00    5.329110e-03
7.865169e+00    5.359517e-03
7.877381e+00    5.387899e-03
7.889595e+00    5.414332e-03
7.901807e+00    5.438884e-03
7.914021e+00    5.461613e-03
7.926233e+00    5.482600e-03
7.938447e+00    5.501908e-03
7.950659e+00    5.519596e-03
7.962873e+00    5.535754e-03
7.975085e+00    5.550426e-03
7.987298e+00    5.563670e-03
7.999511e+00    5.575543e-03
8.011724e+00    5.586131e-03
8.023937e+00    5.595468e-03
8.036150e+00    5.603615e-03
8.048364e+00    5.610625e-03
8.060576e+00    5.616555e-03
8.072789e+00    5.621453e-03
8.085002e+00    5.625368e-03
8.097216e+00    5.628350e-03
8.109428e+00    5.630433e-03
8.121641e+00    5.631675e-03
8.133854e+00    5.632106e-03
8.146068e+00    5.631776e-03
8.158280e+00    5.630713e-03
8.170493e+00    5.628957e-03
8.182706e+00    5.626539e-03
8.194920e+00    5.623497e-03
8.207132e+00    5.619852e-03
8.219345e+00    5.615639e-03
8.231558e+00    5.610877e-03
8.243772e+00    5.605591e-03
8.255984e+00    5.599806e-03
8.268197e+00    5.593540e-03
8.280410e+00    5.586815e-03
8.292624e+00    5.579639e-03
8.304836e+00    5.572029e-03
8.317049e+00    5.564001e-03
8.329262e+00    5.555560e-03
8.341475e+00    5.546719e-03
8.353688e+00    5.537483e-03
8.365901e+00    5.527856e-03
8.378115e+00    5.517845e-03
8.390327e+00    5.507442e-03
8.402540e+00    5.496661e-03
8.414753e+00    5.485489e-03
8.426967e+00    5.473931e-03
8.439179e+00    5.461975e-03
8.451392e+00    5.449621e-03
8.463605e+00    5.436861e-03
8.475819e+00    5.423681e-03
8.488031e+00    5.410080e-03
8.500244e+00    5.396042e-03
8.512457e+00    5.381553e-03
8.524671e+00    5.366597e-03
8.536883e+00    5.351178e-03
8.549096e+00    5.335257e-03
8.561309e+00    5.318834e-03
8.573523e+00    5.301886e-03
8.585735e+00    5.284395e-03
8.597948e+00    5.266360e-03
8.610161e+00    5.247719e-03
8.622375e+00    5.228492e-03
8.634587e+00    5.208646e-03
8.646800e+00    5.188164e-03
8.659013e+00    5.167022e-03
8.671227e+00    5.145201e-03
8.683439e+00    5.122676e-03
8.695652e+00    5.099428e-03
8.707865e+00    5.075444e-03
8.720078e+00    5.050688e-03
8.732291e+00    5.025145e-03
8.744504e+00    4.998799e-03
8.756717e+00    4.971625e-03
8.768930e+00    4.943597e-03
8.781143e+00    4.914701e-03
8.793356e+00    4.884918e-03
8.805569e+00    4.854223e-03
8.817782e+00    4.822594e-03
8.829995e+00    4.790023e-03
8.842208e+00    4.756491e-03
8.854421e+00    4.721971e-03
8.866634e+00    4.686452e-03
8.878847e+00    4.649919e-03
8.891060e+00    4.612358e-03
8.903273e+00    4.573746e-03
8.915486e+00    4.534084e-03
8.927699e+00    4.493351e-03
8.939912e+00    4.451533e-03
8.952125e+00    4.408623e-03
8.964338e+00    4.364616e-03
8.976551e+00    4.319499e-03
8.988764e+00    4.273264e-03
9.000977e+00    4.225920e-03
9.013190e+00    4.177426e-03
9.025403e+00    4.127824e-03
9.037616e+00    4.077079e-03
9.049829e+00    4.025210e-03
9.062042e+00    3.972196e-03
9.074255e+00    3.918062e-03
9.086468e+00    3.862798e-03
9.098680e+00    3.806397e-03
9.110894e+00    3.748903e-03
9.123107e+00    3.690287e-03
9.135320e+00    3.630572e-03
9.147532e+00    3.569767e-03
9.159746e+00    3.507874e-03
9.171959e+00    3.444921e-03
9.184172e+00    3.380914e-03
9.196384e+00    3.315868e-03
9.208598e+00    3.249794e-03
9.220811e+00    3.182719e-03
9.233024e+00    3.114661e-03
9.245236e+00    3.045644e-03
9.257450e+00    2.975678e-03
9.269663e+00    2.904796e-03
9.281876e+00    2.833023e-03
9.294088e+00    2.760377e-03
9.306302e+00    2.686890e-03
9.318515e+00    2.612598e-03
9.330728e+00    2.537516e-03
9.342940e+00    2.461681e-03
9.355154e+00    2.385118e-03
9.367367e+00    2.307875e-03
9.379580e+00    2.229973e-03
9.391793e+00    2.151443e-03
9.404006e+00    2.072332e-03
9.416219e+00    1.992677e-03
9.428432e+00    1.912505e-03
9.440645e+00    1.831852e-03
9.452858e+00    1.750772e-03
9.465071e+00    1.669296e-03
9.477283e+00    1.587464e-03
9.489497e+00    1.505314e-03
9.501710e+00    1.422889e-03
9.513923e+00    1.340233e-03
9.526135e+00    1.257389e-03
9.538349e+00    1.174394e-03
9.550562e+00    1.091306e-03
9.562775e+00    1.008152e-03
9.574987e+00    9.249759e-04
9.587201e+00    8.418334e-04
9.599414e+00    7.587770e-04
9.611627e+00    6.758152e-04
9.623839e+00    5.930288e-04
9.636053e+00    5.104362e-04
9.648266e+00    4.280996e-04
9.660479e+00    3.460636e-04
9.672691e+00    2.643590e-04
9.684905e+00    1.830307e-04
9.697118e+00    1.021363e-04
9.709331e+00    2.170826e-05
9.721543e+00    -5.820325e-05
9.733757e+00    -1.375726e-04
9.745970e+00    -2.163302e-04
9.758183e+00    -2.944572e-04
9.770395e+00    -3.719006e-04
9.782609e+00    -4.486344e-04
9.794822e+00    -5.245967e-04
9.807034e+00    -5.997678e-04
9.819247e+00    -6.741018e-04
9.831461e+00    -7.475647e-04
9.843674e+00    -8.201135e-04
9.855886e+00    -8.917121e-04
9.868099e+00    -9.623304e-04
9.880313e+00    -1.031937e-03
9.892526e+00    -1.100489e-03
9.904738e+00    -1.167955e-03
9.916951e+00    -1.234322e-03
9.929165e+00    -1.299547e-03
9.941378e+00    -1.363599e-03
9.953590e+00    -1.426449e-03
9.965803e+00    -1.488076e-03
9.978017e+00    -1.548459e-03
9.990230e+00    -1.607565e-03
1.000244e+01    -1.665372e-03
1.001466e+01    -1.721861e-03
1.002687e+01    -1.777020e-03
1.003908e+01    -1.830817e-03
1.005129e+01    -1.883240e-03
1.006351e+01    -1.934271e-03
1.007572e+01    -1.983899e-03
1.008793e+01    -2.032108e-03
1.010015e+01    -2.078904e-03
1.011236e+01    -2.124214e-03
1.012457e+01    -2.168106e-03
1.013679e+01    -2.210524e-03
1.014900e+01    -2.251484e-03
1.016121e+01    -2.290966e-03
1.017342e+01    -2.328977e-03
1.018564e+01    -2.365508e-03
1.019785e+01    -2.400567e-03
1.021006e+01    -2.434127e-03
1.022228e+01    -2.466224e-03
1.023449e+01    -2.496840e-03
1.024670e+01    -2.525985e-03
1.025891e+01    -2.553663e-03
1.027113e+01    -2.579887e-03
1.028334e+01    -2.604648e-03
1.029555e+01    -2.627975e-03
1.030777e+01    -2.649872e-03
1.031998e+01    -2.670334e-03
1.033219e+01    -2.689401e-03
1.034441e+01    -2.707065e-03
1.035662e+01    -2.723350e-03
1.036883e+01    -2.738273e-03
1.038105e+01    -2.751845e-03
1.039326e+01    -2.764094e-03
1.040547e+01    -2.775024e-03
1.041768e+01    -2.784672e-03
1.042990e+01    -2.793045e-03
1.044211e+01    -2.800174e-03
1.045432e+01    -2.806075e-03
1.046654e+01    -2.810773e-03
1.047875e+01    -2.814293e-03
1.049096e+01    -2.816661e-03
1.050318e+01    -2.817898e-03
1.051539e+01    -2.818044e-03
1.052760e+01    -2.817108e-03
1.053981e+01    -2.815126e-03
1.055203e+01    -2.812126e-03
1.056424e+01    -2.808136e-03
1.057645e+01    -2.803179e-03
1.058867e+01    -2.797291e-03
1.060088e+01    -2.790497e-03
1.061309e+01    -2.782842e-03
1.062531e+01    -2.774334e-03
1.063752e+01    -2.765019e-03
1.064973e+01    -2.754916e-03
1.066194e+01    -2.744063e-03
1.067416e+01    -2.732490e-03
1.068637e+01    -2.720228e-03
1.069858e+01    -2.707309e-03
1.071080e+01    -2.693754e-03
1.072301e+01    -2.679612e-03
1.073522e+01    -2.664896e-03
1.074744e+01    -2.649645e-03
1.075965e+01    -2.633892e-03
1.077186e+01    -2.617663e-03
1.078407e+01    -2.600988e-03
1.079629e+01    -2.583888e-03
1.080850e+01    -2.566414e-03
1.082071e+01    -2.548575e-03
1.083293e+01    -2.530412e-03
1.084514e+01    -2.511943e-03
1.085735e+01    -2.493199e-03
1.086957e+01    -2.474212e-03
1.088178e+01    -2.455003e-03
1.089399e+01    -2.435596e-03
1.090620e+01    -2.416024e-03
1.091842e+01    -2.396304e-03
1.093063e+01    -2.376464e-03
1.094284e+01    -2.356527e-03
1.095506e+01    -2.336515e-03
1.096727e+01    -2.316456e-03
1.097948e+01    -2.296356e-03
1.099170e+01    -2.276245e-03
1.100391e+01    -2.256154e-03
1.101612e+01    -2.236079e-03
1.102833e+01    -2.216058e-03
1.104055e+01    -2.196098e-03
1.105276e+01    -2.176212e-03
1.106497e+01    -2.156426e-03
1.107719e+01    -2.136751e-03
1.108940e+01    -2.117196e-03
1.110161e+01    -2.097780e-03
1.111382e+01    -2.078507e-03
1.112604e+01    -2.059400e-03
1.113825e+01    -2.040459e-03
1.115046e+01    -2.021702e-03
1.116268e+01    -2.003133e-03
1.117489e+01    -1.984755e-03
1.118710e+01    -1.966585e-03
1.119932e+01    -1.948620e-03
1.121153e+01    -1.930878e-03
1.122374e+01    -1.913344e-03
1.123596e+01    -1.896033e-03
1.124817e+01    -1.878950e-03
1.126038e+01    -1.862096e-03
1.127259e+01    -1.845461e-03
1.128481e+01    -1.829056e-03
1.129702e+01    -1.812882e-03
1.130923e+01    -1.796924e-03
1.132145e+01    -1.781197e-03
1.133366e+01    -1.765683e-03
1.134587e+01    -1.750387e-03
1.135808e+01    -1.735304e-03
1.137030e+01    -1.720431e-03
1.138251e+01    -1.705753e-03
1.139472e+01    -1.691271e-03
1.140694e+01    -1.676978e-03
1.141915e+01    -1.662866e-03
1.143136e+01    -1.648926e-03
1.144358e+01    -1.635148e-03
1.145579e+01    -1.621525e-03
1.146800e+01    -1.608044e-03
1.148022e+01    -1.594700e-03
1.149243e+01    -1.581482e-03
1.150464e+01    -1.568376e-03
1.151685e+01    -1.555369e-03
1.152907e+01    -1.542460e-03
1.154128e+01    -1.529627e-03
1.155349e+01    -1.516859e-03
1.156571e+01    -1.504148e-03
1.157792e+01    -1.491475e-03
1.159013e+01    -1.478831e-03
1.160234e+01    -1.466205e-03
1.161456e+01    -1.453583e-03
1.162677e+01    -1.440947e-03
1.163898e+01    -1.428291e-03
1.165120e+01    -1.415594e-03
1.166341e+01    -1.402854e-03
1.167562e+01    -1.390048e-03
1.168784e+01    -1.377170e-03
1.170005e+01    -1.364192e-03
1.171226e+01    -1.351124e-03
1.172447e+01    -1.337932e-03
1.173669e+01    -1.324622e-03
1.174890e+01    -1.311168e-03
1.176111e+01    -1.297558e-03
1.177333e+01    -1.283791e-03
1.178554e+01    -1.269846e-03
1.179775e+01    -1.255707e-03
1.180997e+01    -1.241389e-03
1.182218e+01    -1.226848e-03
1.183439e+01    -1.212096e-03
1.184660e+01    -1.197114e-03
1.185882e+01    -1.181897e-03
1.187103e+01    -1.166427e-03
1.188324e+01    -1.150710e-03
1.189546e+01    -1.134729e-03
1.190767e+01    -1.118477e-03
1.191988e+01    -1.101949e-03
1.193210e+01    -1.085141e-03
1.194431e+01    -1.068041e-03
1.195652e+01    -1.050645e-03
1.196873e+01    -1.032952e-03
1.198095e+01    -1.014961e-03
1.199316e+01    -9.966581e-04
1.200537e+01    -9.780533e-04
1.201759e+01    -9.591379e-04
1.202980e+01    -9.399010e-04
1.204201e+01    -9.203601e-04
1.205423e+01    -9.005030e-04
1.206644e+01    -8.803356e-04
1.207865e+01    -8.598501e-04
1.209086e+01    -8.390585e-04
1.210308e+01    -8.179445e-04
1.211529e+01    -7.965543e-04
1.212750e+01    -7.748523e-04
1.213972e+01    -7.528527e-04
1.215193e+01    -7.305581e-04
1.216414e+01    -7.079833e-04
1.217636e+01    -6.851269e-04
1.218857e+01    -6.620000e-04
1.220078e+01    -6.386068e-04
1.221299e+01    -6.149586e-04
1.222521e+01    -5.910620e-04
1.223742e+01    -5.669299e-04
1.224963e+01    -5.425698e-04
1.226185e+01    -5.179911e-04
1.227406e+01    -4.932056e-04
1.228627e+01    -4.682274e-04
1.229849e+01    -4.430698e-04
1.231070e+01    -4.177371e-04
1.232291e+01    -3.922553e-04
1.233512e+01    -3.666303e-04
1.234734e+01    -3.408691e-04
1.235955e+01    -3.150068e-04
1.237176e+01    -2.890417e-04
1.238398e+01    -2.629941e-04
1.239619e+01    -2.368797e-04
1.240840e+01    -2.107153e-04
1.242062e+01    -1.845191e-04
1.243283e+01    -1.583010e-04
1.244504e+01    -1.320924e-04
1.245725e+01    -1.058972e-04
1.246947e+01    -7.973885e-05
1.248168e+01    -5.363418e-05
1.249389e+01    -2.760331e-05
1.250611e+01    -1.658002e-06
1.251832e+01    2.417894e-05
1.253053e+01    4.988519e-05
1.254275e+01    7.544298e-05
1.255496e+01    1.008393e-04
1.256717e+01    1.260532e-04
1.257938e+01    1.510643e-04
1.259160e+01    1.758510e-04
1.260381e+01    2.003944e-04
1.261602e+01    2.246932e-04
1.262824e+01    2.487074e-04
1.264045e+01    2.724261e-04
1.265266e+01    2.958305e-04
1.266488e+01    3.189056e-04
1.267709e+01    3.416290e-04
1.268930e+01    3.639802e-04
1.270151e+01    3.859496e-04
1.271373e+01    4.075255e-04
1.272594e+01    4.286734e-04
1.273815e+01    4.493893e-04
1.275037e+01    4.696571e-04
1.276258e+01    4.894490e-04
1.277479e+01    5.087589e-04
1.278701e+01    5.275744e-04
1.279922e+01    5.458808e-04
1.281143e+01    5.636531e-04
1.282364e+01    5.808899e-04
1.283586e+01    5.975673e-04
1.284807e+01    6.136856e-04
1.286028e+01    6.292198e-04
1.287250e+01    6.441682e-04
1.288471e+01    6.585149e-04
1.289692e+01    6.722466e-04
1.290914e+01    6.853653e-04
1.292135e+01    6.978380e-04
1.293356e+01    7.096803e-04
1.294577e+01    7.208717e-04
1.295799e+01    7.314148e-04
1.297020e+01    7.412924e-04
1.298241e+01    7.504992e-04
1.299463e+01    7.590378e-04
1.300684e+01    7.668947e-04
1.301905e+01    7.740689e-04
1.303127e+01    7.805575e-04
1.304348e+01    7.863598e-04
1.305569e+01    7.914683e-04
1.306790e+01    7.958872e-04
1.308012e+01    7.996131e-04
1.309233e+01    8.026478e-04
1.310454e+01    8.049925e-04
1.311676e+01    8.066426e-04
1.312897e+01    8.076113e-04
1.314118e+01    8.078858e-04
1.315340e+01    8.074832e-04
1.316561e+01    8.064059e-04
1.317782e+01    8.046496e-04
1.319003e+01    8.022315e-04
1.320225e+01    7.991420e-04
1.321446e+01    7.954184e-04
1.322667e+01    7.910376e-04
1.323889e+01    7.860194e-04
1.325110e+01    7.803657e-04
1.326331e+01    7.740989e-04
1.327553e+01    7.672229e-04
1.328774e+01    7.597431e-04
1.329995e+01    7.516706e-04
1.331216e+01    7.430328e-04
1.332438e+01    7.338269e-04
1.333659e+01    7.240633e-04
1.334880e+01    7.137639e-04
1.336102e+01    7.029389e-04
1.337323e+01    6.916051e-04
1.338544e+01    6.797728e-04
1.339766e+01    6.674634e-04
1.340987e+01    6.546939e-04
1.342208e+01    6.414630e-04
1.343429e+01    6.278034e-04
1.344651e+01    6.137263e-04
1.345872e+01    5.992515e-04
1.347093e+01    5.843955e-04
1.348315e+01    5.691726e-04
1.349536e+01    5.536033e-04
1.350757e+01    5.377066e-04
1.351978e+01    5.215058e-04
1.353200e+01    5.050014e-04
1.354421e+01    4.882354e-04
1.355642e+01    4.712044e-04
1.356864e+01    4.539457e-04
1.358085e+01    4.364650e-04
1.359306e+01    4.187899e-04
1.360528e+01    4.009374e-04
1.361749e+01    3.829314e-04
1.362970e+01    3.647776e-04
1.364192e+01    3.465111e-04
1.365413e+01    3.281422e-04
1.366634e+01    3.096911e-04
1.367855e+01    2.911747e-04
1.369077e+01    2.726231e-04
1.370298e+01    2.540442e-04
1.371519e+01    2.354554e-04
1.372741e+01    2.168742e-04
1.373962e+01    1.983352e-04
1.375183e+01    1.798410e-04
1.376404e+01    1.614224e-04
1.377626e+01    1.430784e-04
1.378847e+01    1.248415e-04
1.380068e+01    1.067276e-04
1.381290e+01    8.874642e-05
1.382511e+01    7.091924e-05
1.383732e+01    5.326461e-05
1.384954e+01    3.579274e-05
1.386175e+01    1.852886e-05
1.387396e+01    1.473503e-06
1.388618e+01    -1.534903e-05
1.389839e+01    -3.192309e-05
1.391060e+01    -4.823685e-05
1.392281e+01    -6.427937e-05
1.393503e+01    -8.003696e-05
1.394724e+01    -9.549473e-05
1.395945e+01    -1.106390e-04
1.397167e+01    -1.254665e-04
1.398388e+01    -1.399577e-04
1.399609e+01    -1.541063e-04
1.400830e+01    -1.678967e-04
1.402052e+01    -1.813279e-04
1.403273e+01    -1.943814e-04
1.404494e+01    -2.070569e-04
1.405716e+01    -2.193426e-04
1.406937e+01    -2.312317e-04
1.408158e+01    -2.427138e-04
1.409380e+01    -2.537907e-04
1.410601e+01    -2.644377e-04
1.411822e+01    -2.746817e-04
1.413043e+01    -2.844891e-04
1.414265e+01    -2.938672e-04
1.415486e+01    -3.028108e-04
1.416707e+01    -3.113166e-04
1.417929e+01    -3.193820e-04
1.419150e+01    -3.269999e-04
1.420371e+01    -3.341878e-04
1.421593e+01    -3.409222e-04
1.422814e+01    -3.472082e-04
1.424035e+01    -3.530549e-04
1.425256e+01    -3.584516e-04
1.426478e+01    -3.634095e-04
1.427699e+01    -3.679200e-04
1.428920e+01    -3.719894e-04
1.430142e+01    -3.756277e-04
1.431363e+01    -3.788210e-04
1.432584e+01    -3.815824e-04
1.433806e+01    -3.839226e-04
1.435027e+01    -3.858380e-04
1.436248e+01    -3.873314e-04
1.437469e+01    -3.884081e-04
1.438691e+01    -3.890787e-04
1.439912e+01    -3.893444e-04
1.441133e+01    -3.892165e-04
1.442355e+01    -3.886978e-04
1.443576e+01    -3.877940e-04
1.444797e+01    -3.865144e-04
1.446019e+01    -3.848667e-04
1.447240e+01    -3.828576e-04
1.448461e+01    -3.804940e-04
1.449682e+01    -3.777833e-04
1.450904e+01    -3.747400e-04
1.452125e+01    -3.713723e-04
1.453346e+01    -3.676843e-04
1.454568e+01    -3.636809e-04
1.455789e+01    -3.593835e-04
1.457010e+01    -3.548010e-04
1.458232e+01    -3.499272e-04
1.459453e+01    -3.447899e-04
1.460674e+01    -3.393901e-04
1.461895e+01    -3.337372e-04
1.463117e+01    -3.278485e-04
1.464338e+01    -3.217253e-04
1.465559e+01    -3.153880e-04
1.466781e+01    -3.088337e-04
1.468002e+01    -3.020866e-04
1.469223e+01    -2.951418e-04
1.470445e+01    -2.880265e-04
1.471666e+01    -2.807466e-04
1.472887e+01    -2.733000e-04
1.474109e+01    -2.657069e-04
1.475330e+01    -2.579781e-04
1.476551e+01    -2.501184e-04
1.477772e+01    -2.421440e-04
1.478994e+01    -2.340630e-04
1.480215e+01    -2.258798e-04
1.481436e+01    -2.176103e-04
1.482658e+01    -2.092577e-04
1.483879e+01    -2.008388e-04
1.485100e+01    -1.923549e-04
1.486321e+01    -1.838261e-04
1.487543e+01    -1.752475e-04
1.488764e+01    -1.666397e-04
1.489985e+01    -1.579988e-04
1.491207e+01    -1.493391e-04
1.492428e+01    -1.406748e-04
1.493649e+01    -1.320069e-04
1.494871e+01    -1.233372e-04
1.496092e+01    -1.146857e-04
1.497313e+01    -1.060496e-04
1.498534e+01    -9.743738e-05
1.499756e+01    -8.885951e-05
1.500977e+01    -8.031312e-05
1.502198e+01    -7.181063e-05
1.503420e+01    -6.335786e-05
1.504641e+01    -5.495971e-05
1.505862e+01    -4.661900e-05
1.507084e+01    -3.834015e-05
1.508305e+01    -3.012767e-05
1.509526e+01    -2.198844e-05
1.510747e+01    -1.392112e-05
1.511969e+01    -5.935315e-06
1.513190e+01    1.966613e-06
1.514411e+01    9.788990e-06
1.515633e+01    1.752164e-05
1.516854e+01    2.517147e-05
1.518075e+01    3.272561e-05
1.519297e+01    4.018883e-05
1.520518e+01    4.755295e-05
1.521739e+01    5.482481e-05
1.522960e+01    6.200273e-05
1.524182e+01    6.908285e-05
1.525403e+01    7.606514e-05
1.526624e+01    8.295030e-05
1.527846e+01    8.973976e-05
1.529067e+01    9.643356e-05
1.530288e+01    1.030323e-04
1.531509e+01    1.095294e-04
1.532731e+01    1.159420e-04
1.533952e+01    1.222560e-04
1.535173e+01    1.284832e-04
1.536395e+01    1.346144e-04
1.537616e+01    1.406619e-04
1.538837e+01    1.466259e-04
1.540059e+01    1.525025e-04
1.541280e+01    1.583078e-04
1.542501e+01    1.640216e-04
1.543723e+01    1.696645e-04
1.544944e+01    1.752388e-04
1.546165e+01    1.807348e-04
1.547386e+01    1.861664e-04
1.548608e+01    1.915373e-04
1.549829e+01    1.968562e-04
1.551050e+01    2.020929e-04
1.552272e+01    2.072900e-04
1.553493e+01    2.124343e-04
1.554714e+01    2.175301e-04
1.555935e+01    2.225789e-04
1.557157e+01    2.275896e-04
1.558378e+01    2.325581e-04
1.559599e+01    2.375015e-04
1.560821e+01    2.424043e-04
1.562042e+01    2.472806e-04
1.563263e+01    2.521367e-04
1.564485e+01    2.569693e-04
1.565706e+01    2.617838e-04
1.566927e+01    2.665814e-04
1.568149e+01    2.713654e-04
1.569370e+01    2.761363e-04
1.570591e+01    2.809130e-04
1.571812e+01    2.856757e-04
1.573034e+01    2.904414e-04
1.574255e+01    2.952067e-04
1.575476e+01    2.999776e-04
1.576698e+01    3.047531e-04
1.577919e+01    3.095322e-04
1.579140e+01    3.143229e-04
1.580362e+01    3.191239e-04
1.581583e+01    3.239386e-04
1.582804e+01    3.287667e-04
1.584025e+01    3.336107e-04
1.585247e+01    3.384672e-04
1.586468e+01    3.433420e-04
1.587689e+01    3.482315e-04
1.588911e+01    3.531363e-04
1.590132e+01    3.580660e-04
1.591353e+01    3.630099e-04
1.592575e+01    3.679687e-04
1.593796e+01    3.729459e-04
1.595017e+01    3.779350e-04
1.596238e+01    3.829455e-04
1.597460e+01    3.879643e-04
1.598681e+01    3.929921e-04
1.599902e+01    3.980365e-04
1.601124e+01    4.030832e-04
1.602345e+01    4.081387e-04
1.603566e+01    4.131937e-04
1.604787e+01    4.182560e-04
1.606009e+01    4.233150e-04
1.607230e+01    4.283680e-04
1.608451e+01    4.334101e-04
1.609673e+01    4.384413e-04
1.610894e+01    4.434569e-04
1.612115e+01    4.484564e-04
1.613337e+01    4.534313e-04
1.614558e+01    4.583816e-04
1.615779e+01    4.632931e-04
1.617001e+01    4.681729e-04
1.618222e+01    4.730076e-04
1.619443e+01    4.777953e-04
1.620664e+01    4.825346e-04
1.621886e+01    4.872139e-04
1.623107e+01    4.918298e-04
1.624328e+01    4.963751e-04
1.625550e+01    5.008490e-04
1.626771e+01    5.052438e-04
1.627992e+01    5.095510e-04
1.629214e+01    5.137660e-04
1.630435e+01    5.178719e-04
1.631656e+01    5.218880e-04
1.632877e+01    5.257857e-04
1.634099e+01    5.295628e-04
1.635320e+01    5.332144e-04
1.636541e+01    5.367433e-04
1.637763e+01    5.401221e-04
1.638984e+01    5.433705e-04
1.640205e+01    5.464476e-04
1.641426e+01    5.493801e-04
1.642648e+01    5.521434e-04
1.643869e+01    5.547355e-04
1.645090e+01    5.571460e-04
1.646312e+01    5.593750e-04
1.647533e+01    5.614064e-04
1.648754e+01    5.632436e-04
1.649976e+01    5.648761e-04
1.651197e+01    5.662907e-04
1.652418e+01    5.674897e-04
1.653639e+01    5.684647e-04
1.654861e+01    5.692102e-04
1.656082e+01    5.697173e-04
1.657303e+01    5.699822e-04
1.658525e+01    5.699975e-04
1.659746e+01    5.697670e-04
1.660967e+01    5.692615e-04
1.662189e+01    5.685062e-04
1.663410e+01    5.674711e-04
1.664631e+01    5.661680e-04
1.665853e+01    5.645839e-04
1.667074e+01    5.627098e-04
1.668295e+01    5.605504e-04
1.669516e+01    5.581026e-04
1.670738e+01    5.553524e-04
1.671959e+01    5.523035e-04
1.673180e+01    5.489562e-04
1.674402e+01    5.453016e-04
1.675623e+01    5.413329e-04
1.676844e+01    5.370552e-04
1.678065e+01    5.324638e-04
1.679287e+01    5.275585e-04
1.680508e+01    5.223271e-04
1.681729e+01    5.167921e-04
1.682951e+01    5.109304e-04
1.684172e+01    5.047462e-04
1.685393e+01    4.982402e-04
1.686615e+01    4.914148e-04
1.687836e+01    4.842695e-04
1.689057e+01    4.768038e-04
1.690278e+01    4.690161e-04
1.691500e+01    4.609117e-04
1.692721e+01    4.524893e-04
1.693942e+01    4.437463e-04
1.695164e+01    4.346963e-04
1.696385e+01    4.253379e-04
1.697606e+01    4.156661e-04
1.698828e+01    4.056953e-04
1.700049e+01    3.954222e-04
1.701270e+01    3.848447e-04
1.702491e+01    3.739797e-04
1.703713e+01    3.628264e-04
1.704934e+01    3.513870e-04
1.706155e+01    3.396685e-04
1.707377e+01    3.276803e-04
1.708598e+01    3.154175e-04
1.709819e+01    3.028863e-04
1.711040e+01    2.901280e-04
1.712262e+01    2.770921e-04
1.713483e+01    2.638203e-04
1.714705e+01    2.503157e-04
1.715926e+01    2.365869e-04
1.717147e+01    2.226363e-04
1.718368e+01    2.084697e-04
1.719590e+01    1.940933e-04
1.720811e+01    1.795386e-04
1.722032e+01    1.647906e-04
1.723254e+01    1.498555e-04
1.724475e+01    1.347649e-04
1.725696e+01    1.195083e-04
1.726917e+01    1.041017e-04
1.728139e+01    8.856018e-05
1.729360e+01    7.288026e-05
1.730581e+01    5.709606e-05
1.731803e+01    4.118246e-05
1.733024e+01    2.517644e-05
1.734245e+01    9.083356e-06
1.735467e+01    -7.086346e-06
1.736688e+01    -2.332378e-05
1.737909e+01    -3.961819e-05
1.739130e+01    -5.595695e-05
1.740352e+01    -7.232005e-05
1.741573e+01    -8.872432e-05
1.742794e+01    -1.051334e-04
1.744016e+01    -1.215387e-04
1.745237e+01    -1.379349e-04
1.746458e+01    -1.543122e-04
1.747680e+01    -1.706516e-04
1.748901e+01    -1.869480e-04
1.750122e+01    -2.031889e-04
1.751343e+01    -2.193576e-04
1.752565e+01    -2.354488e-04
1.753786e+01    -2.514534e-04
1.755007e+01    -2.673562e-04
1.756229e+01    -2.831386e-04
1.757450e+01    -2.988015e-04
1.758671e+01    -3.143292e-04
1.759892e+01    -3.297188e-04
1.761114e+01    -3.449389e-04
1.762335e+01    -3.600008e-04
1.763556e+01    -3.748896e-04
1.764778e+01    -3.895784e-04
1.765999e+01    -4.040779e-04
1.767220e+01    -4.183696e-04
1.768442e+01    -4.324328e-04
1.769663e+01    -4.462697e-04
1.770884e+01    -4.598881e-04
1.772106e+01    -4.732522e-04
1.773327e+01    -4.863494e-04
1.774548e+01    -4.991959e-04
1.775769e+01    -5.117600e-04
1.776991e+01    -5.240471e-04
1.778212e+01    -5.360475e-04
1.779433e+01    -5.477456e-04
1.780655e+01    -5.591532e-04
1.781876e+01    -5.702324e-04
1.783097e+01    -5.809974e-04
1.784319e+01    -5.914412e-04
1.785540e+01    -6.015491e-04
1.786761e+01    -6.113226e-04
1.787982e+01    -6.207426e-04
1.789204e+01    -6.298149e-04
1.790425e+01    -6.385470e-04
1.791646e+01    -6.469090e-04
1.792868e+01    -6.549055e-04
1.794089e+01    -6.625366e-04
1.795310e+01    -6.697927e-04
1.796531e+01    -6.766745e-04
1.797753e+01    -6.831702e-04
1.798974e+01    -6.892909e-04
1.800196e+01    -6.950266e-04
1.801417e+01    -7.003694e-04
1.802638e+01    -7.053223e-04
1.803859e+01    -7.098894e-04
1.805081e+01    -7.140567e-04
1.806302e+01    -7.178370e-04
1.807523e+01    -7.212178e-04
1.808744e+01    -7.242034e-04
1.809966e+01    -7.267945e-04
1.811187e+01    -7.290000e-04
1.812408e+01    -7.307953e-04
1.813630e+01    -7.322037e-04
1.814851e+01    -7.332228e-04
1.816072e+01    -7.338513e-04
1.817294e+01    -7.340880e-04
1.818515e+01    -7.339414e-04
1.819736e+01    -7.334102e-04
1.820958e+01    -7.324991e-04
1.822179e+01    -7.312033e-04
1.823400e+01    -7.295327e-04
1.824621e+01    -7.274965e-04
1.825843e+01    -7.250913e-04
1.827064e+01    -7.223167e-04
1.828285e+01    -7.191840e-04
1.829507e+01    -7.157057e-04
1.830728e+01    -7.118694e-04
1.831949e+01    -7.076871e-04
1.833171e+01    -7.031638e-04
1.834392e+01    -6.983127e-04
1.835613e+01    -6.931280e-04
1.836834e+01    -6.876237e-04
1.838056e+01    -6.817967e-04
1.839277e+01    -6.756638e-04
1.840498e+01    -6.692308e-04
1.841720e+01    -6.625010e-04
1.842941e+01    -6.554746e-04
1.844162e+01    -6.481693e-04
1.845383e+01    -6.405860e-04
1.846605e+01    -6.327374e-04
1.847826e+01    -6.246238e-04
1.849047e+01    -6.162550e-04
1.850269e+01    -6.076522e-04
1.851490e+01    -5.987922e-04
1.852711e+01    -5.897045e-04
1.853933e+01    -5.803964e-04
1.855154e+01    -5.708738e-04
1.856375e+01    -5.611476e-04
1.857596e+01    -5.512206e-04
1.858818e+01    -5.410974e-04
1.860039e+01    -5.307962e-04
1.861260e+01    -5.203171e-04
1.862482e+01    -5.096777e-04
1.863703e+01    -4.988714e-04
1.864924e+01    -4.879190e-04
1.866146e+01    -4.768238e-04
1.867367e+01    -4.655968e-04
1.868588e+01    -4.542401e-04
1.869810e+01    -4.427596e-04
1.871031e+01    -4.311767e-04
1.872252e+01    -4.194947e-04
1.873473e+01    -4.077100e-04
1.874695e+01    -3.958419e-04
1.875916e+01    -3.839007e-04
1.877137e+01    -3.718794e-04
1.878359e+01    -3.598053e-04
1.879580e+01    -3.476671e-04
1.880801e+01    -3.354845e-04
1.882022e+01    -3.232630e-04
1.883244e+01    -3.110021e-04
1.884465e+01    -2.987219e-04
1.885686e+01    -2.864182e-04
1.886908e+01    -2.741027e-04
1.888129e+01    -2.617831e-04
1.889350e+01    -2.494557e-04
1.890572e+01    -2.371401e-04
1.891793e+01    -2.248462e-04
1.893014e+01    -2.125662e-04
1.894235e+01    -2.003105e-04
1.895457e+01    -1.880883e-04
1.896678e+01    -1.758980e-04
1.897899e+01    -1.637586e-04
1.899121e+01    -1.516647e-04
1.900342e+01    -1.396176e-04
1.901563e+01    -1.276375e-04
1.902785e+01    -1.157180e-04
1.904006e+01    -1.038676e-04
1.905227e+01    -9.209150e-05
1.906449e+01    -8.038920e-05
1.907670e+01    -6.876956e-05
1.908891e+01    -5.723303e-05
1.910112e+01    -4.579267e-05
1.911334e+01    -3.443880e-05
1.912555e+01    -2.318365e-05
1.913776e+01    -1.203024e-05
1.914997e+01    -9.766081e-07
1.916219e+01    9.966199e-06
1.917440e+01    2.080039e-05
1.918661e+01    3.152550e-05
1.919883e+01    4.213129e-05
1.921104e+01    5.262555e-05
1.922325e+01    6.299536e-05
1.923547e+01    7.324363e-05
1.924768e+01    8.337421e-05
1.925989e+01    9.336986e-05
1.927211e+01    1.032449e-04
1.928432e+01    1.129913e-04
1.929653e+01    1.226044e-04
1.930874e+01    1.320861e-04
1.932096e+01    1.414334e-04
1.933317e+01    1.506511e-04
1.934538e+01    1.597331e-04
1.935760e+01    1.686788e-04
1.936981e+01    1.774882e-04
1.938202e+01    1.861561e-04
1.939424e+01    1.946887e-04
1.940645e+01    2.030910e-04
1.941866e+01    2.113465e-04
1.943087e+01    2.194722e-04
1.944309e+01    2.274531e-04
1.945530e+01    2.352946e-04
1.946751e+01    2.429970e-04
1.947973e+01    2.505644e-04
1.949194e+01    2.579900e-04
1.950415e+01    2.652836e-04
1.951637e+01    2.724293e-04
1.952858e+01    2.794393e-04
1.954079e+01    2.863157e-04
1.955301e+01    2.930550e-04
1.956522e+01    2.996572e-04
1.957743e+01    3.061180e-04
1.958964e+01    3.124500e-04
1.960186e+01    3.186378e-04
1.961407e+01    3.246925e-04
1.962628e+01    3.306175e-04
1.963849e+01    3.364044e-04
1.965071e+01    3.420654e-04
1.966292e+01    3.475854e-04
1.967513e+01    3.529752e-04
1.968735e+01    3.582306e-04
1.969956e+01    3.633483e-04
1.971177e+01    3.683444e-04
1.972399e+01    3.732088e-04
1.973620e+01    3.779371e-04
1.974841e+01    3.825439e-04
1.976063e+01    3.870103e-04
1.977284e+01    3.913517e-04
1.978505e+01    3.955624e-04
1.979726e+01    3.996490e-04
1.980948e+01    4.035998e-04
1.982169e+01    4.074204e-04
1.983390e+01    4.111184e-04
1.984612e+01    4.146813e-04
1.985833e+01    4.181220e-04
1.987054e+01    4.214284e-04
1.988276e+01    4.246102e-04
1.989497e+01    4.276672e-04
1.990718e+01    4.305754e-04
1.991939e+01    4.333687e-04
1.993161e+01    4.360285e-04
1.994382e+01    4.385583e-04
1.995603e+01    4.409562e-04
1.996825e+01    4.432208e-04
1.998046e+01    4.453621e-04
1.999267e+01    4.473602e-04
2.000488e+01    4.492278e-04
2.001710e+01    4.509621e-04
2.002931e+01    4.525670e-04
2.004152e+01    4.540303e-04
2.005374e+01    4.553580e-04
2.006595e+01    4.565483e-04
2.007816e+01    4.576008e-04
2.009038e+01    4.585076e-04
2.010259e+01    4.592817e-04
2.011480e+01    4.599131e-04
2.012702e+01    4.604008e-04
2.013923e+01    4.607429e-04
2.015144e+01    4.609412e-04
2.016365e+01    4.609920e-04
2.017587e+01    4.608956e-04
2.018808e+01    4.606565e-04
2.020029e+01    4.602589e-04
2.021251e+01    4.597150e-04
2.022472e+01    4.590180e-04
2.023693e+01    4.581630e-04
2.024915e+01    4.571553e-04
2.026136e+01    4.559929e-04
2.027357e+01    4.546708e-04
2.028578e+01    4.531980e-04
2.029800e+01    4.515491e-04
2.031021e+01    4.497469e-04
2.032242e+01    4.477847e-04
2.033464e+01    4.456535e-04
2.034685e+01    4.433599e-04
2.035906e+01    4.409025e-04
2.037127e+01    4.382725e-04
2.038349e+01    4.354789e-04
2.039570e+01    4.325069e-04
2.040791e+01    4.293788e-04
2.042013e+01    4.260659e-04
2.043234e+01    4.225857e-04
2.044455e+01    4.189360e-04
2.045677e+01    4.151093e-04
2.046898e+01    4.111038e-04
2.048119e+01    4.069318e-04
2.049340e+01    4.025824e-04
2.050562e+01    3.980454e-04
2.051783e+01    3.933525e-04
2.053004e+01    3.884723e-04
2.054226e+01    3.834201e-04
2.055447e+01    3.781849e-04
2.056668e+01    3.727812e-04
2.057890e+01    3.671966e-04
2.059111e+01    3.614444e-04
2.060332e+01    3.555116e-04
2.061554e+01    3.493936e-04
2.062775e+01    3.431140e-04
2.063996e+01    3.366594e-04
2.065217e+01    3.300287e-04
2.066439e+01    3.232335e-04
2.067660e+01    3.162606e-04
2.068881e+01    3.091216e-04
2.070103e+01    3.018210e-04
2.071324e+01    2.943482e-04
2.072545e+01    2.867139e-04
2.073767e+01    2.789180e-04
2.074988e+01    2.709707e-04
2.076209e+01    2.628564e-04
2.077430e+01    2.545895e-04
2.078652e+01    2.461674e-04
2.079873e+01    2.375930e-04
2.081094e+01    2.288707e-04
2.082316e+01    2.200173e-04
2.083537e+01    2.110156e-04
2.084758e+01    2.018713e-04
2.085979e+01    1.925973e-04
2.087201e+01    1.831887e-04
2.088422e+01    1.736541e-04
2.089643e+01    1.640043e-04
2.090865e+01    1.542163e-04
2.092086e+01    1.443170e-04
2.093307e+01    1.343112e-04
2.094529e+01    1.241995e-04
2.095750e+01    1.139785e-04
2.096971e+01    1.036637e-04
2.098192e+01    9.326167e-05
2.099414e+01    8.276032e-05
2.100635e+01    7.217826e-05
2.101856e+01    6.151527e-05
2.103078e+01    5.078678e-05
2.104299e+01    3.998022e-05
2.105520e+01    2.912103e-05
2.106742e+01    1.819897e-05
2.107963e+01    7.230898e-06
2.109184e+01    -3.783942e-06
2.110406e+01    -1.483964e-05
2.111627e+01    -2.593595e-05
2.112848e+01    -3.705102e-05
2.114069e+01    -4.818576e-05
2.115291e+01    -5.934381e-05
2.116512e+01    -7.050283e-05
2.117733e+01    -8.167078e-05
2.118955e+01    -9.283198e-05
2.120176e+01    -1.039822e-04
2.121397e+01    -1.151207e-04
2.122618e+01    -1.262332e-04
2.123840e+01    -1.373117e-04
2.125061e+01    -1.483577e-04
2.126282e+01    -1.593591e-04
2.127504e+01    -1.703112e-04
2.128725e+01    -1.812093e-04
2.129946e+01    -1.920399e-04
2.131168e+01    -2.028013e-04
2.132389e+01    -2.134885e-04
2.133610e+01    -2.240936e-04
2.134831e+01    -2.346047e-04
2.136053e+01    -2.450221e-04
2.137274e+01    -2.553358e-04
2.138495e+01    -2.655401e-04
2.139717e+01    -2.756306e-04
2.140938e+01    -2.855950e-04
2.142159e+01    -2.954339e-04
2.143381e+01    -3.051348e-04
2.144602e+01    -3.146980e-04
2.145823e+01    -3.241064e-04
2.147044e+01    -3.333619e-04
2.148266e+01    -3.424654e-04
2.149487e+01    -3.513914e-04
2.150708e+01    -3.601469e-04
2.151930e+01    -3.687358e-04
2.153151e+01    -3.771360e-04
2.154372e+01    -3.853412e-04
2.155593e+01    -3.933573e-04
2.156815e+01    -4.011716e-04
2.158036e+01    -4.087847e-04
2.159258e+01    -4.161873e-04
2.160479e+01    -4.233710e-04
2.161700e+01    -4.303330e-04
2.162921e+01    -4.370773e-04
2.164143e+01    -4.435868e-04
2.165364e+01    -4.498690e-04
2.166585e+01    -4.559098e-04
2.167807e+01    -4.617059e-04
2.169028e+01    -4.672671e-04
2.170249e+01    -4.725793e-04
2.171470e+01    -4.776277e-04
2.172692e+01    -4.824235e-04
2.173913e+01    -4.869675e-04
2.175134e+01    -4.912428e-04
2.176356e+01    -4.952605e-04
2.177577e+01    -4.990060e-04
2.178798e+01    -5.024822e-04
2.180020e+01    -5.056882e-04
2.181241e+01    -5.086279e-04
2.182462e+01    -5.112816e-04
2.183683e+01    -5.136633e-04
2.184905e+01    -5.157674e-04
2.186126e+01    -5.175911e-04
2.187347e+01    -5.191364e-04
2.188569e+01    -5.203979e-04
2.189790e+01    -5.213750e-04
2.191011e+01    -5.220759e-04
2.192233e+01    -5.224954e-04
2.193454e+01    -5.226282e-04
2.194675e+01    -5.224795e-04
2.195897e+01    -5.220456e-04
2.197118e+01    -5.213372e-04
2.198339e+01    -5.203481e-04
2.199560e+01    -5.190846e-04
2.200782e+01    -5.175370e-04
2.202003e+01    -5.157072e-04
2.203224e+01    -5.136146e-04
2.204445e+01    -5.112406e-04
2.205667e+01    -5.085990e-04
2.206888e+01    -5.056901e-04
2.208109e+01    -5.025100e-04
2.209331e+01    -4.990785e-04
2.210552e+01    -4.953726e-04
2.211773e+01    -4.914159e-04
2.212995e+01    -4.871961e-04
2.214216e+01    -4.827360e-04
2.215437e+01    -4.780169e-04
2.216659e+01    -4.730611e-04
2.217880e+01    -4.678614e-04
2.219101e+01    -4.624236e-04
2.220322e+01    -4.567576e-04
2.221544e+01    -4.508561e-04
2.222765e+01    -4.447344e-04
2.223986e+01    -4.383897e-04
2.225208e+01    -4.318313e-04
2.226429e+01    -4.250620e-04
2.227650e+01    -4.180851e-04
2.228872e+01    -4.109108e-04
2.230093e+01    -4.035456e-04
2.231314e+01    -3.959709e-04
2.232535e+01    -3.882283e-04
2.233757e+01    -3.803003e-04
2.234978e+01    -3.721947e-04
2.236199e+01    -3.639198e-04
2.237421e+01    -3.554766e-04
2.238642e+01    -3.468917e-04
2.239863e+01    -3.381371e-04
2.241084e+01    -3.292498e-04
2.242306e+01    -3.202165e-04
2.243527e+01    -3.110489e-04
2.244748e+01    -3.017499e-04
2.245970e+01    -2.923328e-04
2.247191e+01    -2.827972e-04
2.248412e+01    -2.731468e-04
2.249634e+01    -2.633990e-04
2.250855e+01    -2.535466e-04
2.252076e+01    -2.436051e-04
2.253297e+01    -2.335779e-04
2.254519e+01    -2.234659e-04
2.255740e+01    -2.132846e-04
2.256961e+01    -2.030348e-04
2.258183e+01    -1.927264e-04
2.259404e+01    -1.823640e-04
2.260625e+01    -1.719421e-04
2.261847e+01    -1.614785e-04
2.263068e+01    -1.509823e-04
2.264289e+01    -1.404485e-04
2.265511e+01    -1.298920e-04
2.266732e+01    -1.193144e-04
2.267953e+01    -1.087276e-04
2.269174e+01    -9.813003e-05
2.270396e+01    -8.752098e-05
2.271617e+01    -7.692975e-05
2.272838e+01    -6.633945e-05
2.274060e+01    -5.576003e-05
2.275281e+01    -4.520192e-05
2.276502e+01    -3.467134e-05
2.277724e+01    -2.416736e-05
2.278945e+01    -1.369830e-05
2.280166e+01    -3.269233e-06
2.281387e+01    7.112743e-06
2.282609e+01    1.744350e-05
2.283830e+01    2.772437e-05
2.285051e+01    3.794156e-05
2.286273e+01    4.809618e-05
2.287494e+01    5.818205e-05
2.288715e+01    6.819604e-05
2.289936e+01    7.813494e-05
2.291158e+01    8.799188e-05
2.292379e+01    9.776512e-05
2.293600e+01    1.074480e-04
2.294822e+01    1.170328e-04
2.296043e+01    1.265305e-04
2.297264e+01    1.359220e-04
2.298486e+01    1.452131e-04
2.299707e+01    1.543937e-04
2.300928e+01    1.634703e-04
2.302150e+01    1.724255e-04
2.303371e+01    1.812670e-04
2.304592e+01    1.899911e-04
2.305813e+01    1.985937e-04
2.307035e+01    2.070728e-04
2.308256e+01    2.154217e-04
2.309477e+01    2.236482e-04
2.310699e+01    2.317326e-04
2.311920e+01    2.396920e-04
2.313141e+01    2.475087e-04
2.314363e+01    2.551886e-04
2.315584e+01    2.627323e-04
2.316805e+01    2.701386e-04
2.318026e+01    2.773944e-04
2.319248e+01    2.845045e-04
2.320469e+01    2.914789e-04
2.321690e+01    2.982977e-04
2.322912e+01    3.049684e-04
2.324133e+01    3.114924e-04
2.325354e+01    3.178638e-04
2.326575e+01    3.240844e-04
2.327797e+01    3.301532e-04
2.329018e+01    3.360720e-04
2.330239e+01    3.418299e-04
2.331461e+01    3.474366e-04
2.332682e+01    3.528900e-04
2.333903e+01    3.581914e-04
2.335125e+01    3.633331e-04
2.336346e+01    3.683174e-04
2.337567e+01    3.731522e-04
2.338788e+01    3.778279e-04
2.340010e+01    3.823447e-04
2.341231e+01    3.867119e-04
2.342452e+01    3.909226e-04
2.343674e+01    3.949713e-04
2.344895e+01    3.988693e-04
2.346116e+01    4.026142e-04
2.347338e+01    4.061985e-04
2.348559e+01    4.096336e-04
2.349780e+01    4.129150e-04
2.351002e+01    4.160348e-04
2.352223e+01    4.190126e-04
2.353444e+01    4.218358e-04
2.354665e+01    4.245037e-04
2.355887e+01    4.270210e-04
2.357108e+01    4.293857e-04
2.358329e+01    4.316040e-04
2.359550e+01    4.336668e-04
2.360772e+01    4.355897e-04
2.361993e+01    4.373583e-04
2.363214e+01    4.389835e-04
2.364436e+01    4.404599e-04
2.365657e+01    4.417892e-04
2.366878e+01    4.429761e-04
2.368100e+01    4.440176e-04
2.369321e+01    4.449165e-04
2.370542e+01    4.456700e-04
2.371764e+01    4.462897e-04
2.372985e+01    4.467546e-04
2.374206e+01    4.470929e-04
2.375427e+01    4.472881e-04
2.376649e+01    4.473460e-04
2.377870e+01    4.472564e-04
2.379091e+01    4.470338e-04
2.380313e+01    4.466789e-04
2.381534e+01    4.461863e-04
2.382755e+01    4.455606e-04
2.383977e+01    4.447999e-04
2.385198e+01    4.439112e-04
2.386419e+01    4.428796e-04
2.387640e+01    4.417224e-04
2.388862e+01    4.404291e-04
2.390083e+01    4.390029e-04
2.391304e+01    4.374551e-04
2.392526e+01    4.357741e-04
2.393747e+01    4.339672e-04
2.394968e+01    4.320265e-04
2.396189e+01    4.299609e-04
2.397411e+01    4.277704e-04
2.398632e+01    4.254590e-04
2.399854e+01    4.230075e-04
2.401075e+01    4.204321e-04
2.402296e+01    4.177448e-04
2.403517e+01    4.149266e-04
2.404739e+01    4.119843e-04
2.405960e+01    4.089189e-04
2.407181e+01    4.057328e-04
2.408403e+01    4.024228e-04
2.409624e+01    3.989949e-04
2.410845e+01    3.954385e-04
2.412066e+01    3.917701e-04
2.413288e+01    3.879714e-04
2.414509e+01    3.840576e-04
2.415730e+01    3.800255e-04
2.416952e+01    3.758754e-04
2.418173e+01    3.716038e-04
2.419394e+01    3.672195e-04
2.420616e+01    3.627154e-04
2.421837e+01    3.580941e-04
2.423058e+01    3.533584e-04
2.424279e+01    3.485014e-04
2.425501e+01    3.435356e-04
2.426722e+01    3.384543e-04
2.427943e+01    3.332540e-04
2.429165e+01    3.279429e-04
2.430386e+01    3.225250e-04
2.431607e+01    3.169915e-04
2.432829e+01    3.113389e-04
2.434050e+01    3.055860e-04
2.435271e+01    2.997160e-04
2.436492e+01    2.937409e-04
2.437714e+01    2.876448e-04
2.438935e+01    2.814583e-04
2.440156e+01    2.751584e-04
2.441378e+01    2.687538e-04
2.442599e+01    2.622394e-04
2.443820e+01    2.556278e-04
2.445041e+01    2.489077e-04
2.446263e+01    2.420873e-04
2.447484e+01    2.351705e-04
2.448705e+01    2.281410e-04
2.449927e+01    2.210258e-04
2.451148e+01    2.138000e-04
2.452369e+01    2.064981e-04
2.453591e+01    1.990910e-04
2.454812e+01    1.915902e-04
2.456033e+01    1.839990e-04
2.457255e+01    1.763184e-04
2.458476e+01    1.685473e-04
2.459697e+01    1.606892e-04
2.460918e+01    1.527514e-04
2.462140e+01    1.447284e-04
2.463361e+01    1.366195e-04
2.464582e+01    1.284368e-04
2.465804e+01    1.201714e-04
2.467025e+01    1.118326e-04
2.468246e+01    1.034186e-04
2.469468e+01    9.493985e-05
2.470689e+01    8.639034e-05
2.471910e+01    7.776996e-05
2.473131e+01    6.908707e-05
2.474353e+01    6.034219e-05
2.475574e+01    5.154287e-05
2.476795e+01    4.268120e-05
2.478017e+01    3.376846e-05
2.479238e+01    2.480608e-05
2.480459e+01    1.579228e-05
2.481680e+01    6.730887e-06
2.482902e+01    -2.362198e-06
2.484123e+01    -1.150515e-05
2.485344e+01    -2.068130e-05
2.486566e+01    -2.989155e-05
2.487787e+01    -3.913449e-05
2.489008e+01    -4.839820e-05
2.490230e+01    -5.769238e-05
2.491451e+01    -6.700208e-05
2.492672e+01    -7.633095e-05
2.493893e+01    -8.566883e-05
2.495115e+01    -9.502255e-05
2.496336e+01    -1.043818e-04
2.497557e+01    -1.137455e-04
2.498779e+01    -1.230987e-04
2.500000e+01    -1.324610e-04
