0.000000e+00    -1.701938e+00
1.221299e-02    -1.700787e+00
2.442599e-02    -1.697338e+00
3.663898e-02    -1.691604e+00
4.885198e-02    -1.683605e+00
6.106497e-02    -1.673369e+00
7.327797e-02    -1.660932e+00
8.549096e-02    -1.646337e+00
9.770396e-02    -1.629637e+00
1.099169e-01    -1.610890e+00
1.221299e-01    -1.590159e+00
1.343429e-01    -1.567518e+00
1.465559e-01    -1.543045e+00
1.587689e-01    -1.516822e+00
1.709819e-01    -1.488939e+00
1.831949e-01    -1.459490e+00
1.954079e-01    -1.428575e+00
2.076209e-01    -1.396295e+00
2.198339e-01    -1.362756e+00
2.320469e-01    -1.328069e+00
2.442599e-01    -1.292344e+00
2.564729e-01    -1.255696e+00
2.686859e-01    -1.218241e+00
2.808989e-01    -1.180094e+00
2.931119e-01    -1.141372e+00
3.053249e-01    -1.102193e+00
3.175378e-01    -1.062672e+00
3.297509e-01    -1.022926e+00
3.419639e-01    -9.830676e-01
3.541768e-01    -9.432096e-01
3.663898e-01    -9.034618e-01
3.786028e-01    -8.639311e-01
3.908158e-01    -8.247209e-01
4.030288e-01    -7.859319e-01
4.152418e-01    -7.476608e-01
4.274548e-01    -7.099996e-01
4.396678e-01    -6.730365e-01
4.518808e-01    -6.368545e-01
4.640938e-01    -6.015318e-01
4.763068e-01    -5.671417e-01
4.885198e-01    -5.337521e-01
5.007328e-01    -5.014256e-01
5.129458e-01    -4.702187e-01
5.251588e-01    -4.401831e-01
5.373718e-01    -4.113644e-01
5.495847e-01    -3.838026e-01
5.617977e-01    -3.575320e-01
5.740107e-01    -3.325815e-01
5.862237e-01    -3.089741e-01
5.984367e-01    -2.867277e-01
6.106497e-01    -2.658545e-01
6.228627e-01    -2.463617e-01
6.350757e-01    -2.282514e-01
6.472887e-01    -2.115207e-01
6.595017e-01    -1.961620e-01
6.717147e-01    -1.821634e-01
6.839277e-01    -1.695084e-01
6.961407e-01    -1.581765e-01
7.083537e-01    -1.481435e-01
7.205667e-01    -1.393816e-01
7.327797e-01    -1.318595e-01
7.449927e-01    -1.255429e-01
7.572057e-01    -1.203949e-01
7.694187e-01    -1.163758e-01
7.816316e-01    -1.134438e-01
7.938446e-01    -1.115549e-01
8.060576e-01    -1.106636e-01
8.182706e-01    -1.107228e-01
8.304836e-01    -1.116842e-01
8.426966e-01    -1.134984e-01
8.549096e-01    -1.161155e-01
8.671226e-01    -1.194850e-01
8.793356e-01    -1.235560e-01
8.915486e-01    -1.282778e-01
9.037616e-01    -1.335998e-01
9.159746e-01    -1.394717e-01
9.281876e-01    -1.458437e-01
9.404006e-01    -1.526668e-01
9.526136e-01    -1.598930e-01
9.648266e-01    -1.674750e-01
9.770396e-01    -1.753672e-01
9.892526e-01    -1.835248e-01
1.001466e+00    -1.919048e-01
1.013679e+00    -2.004655e-01
1.025892e+00    -2.091669e-01
1.038105e+00    -2.179707e-01
1.050318e+00    -2.268404e-01
1.062531e+00    -2.357412e-01
1.074744e+00    -2.446402e-01
1.086957e+00    -2.535066e-01
1.099169e+00    -2.623111e-01
1.111382e+00    -2.710267e-01
1.123595e+00    -2.796282e-01
1.135808e+00    -2.880922e-01
1.148021e+00    -2.963975e-01
1.160234e+00    -3.045243e-01
1.172447e+00    -3.124553e-01
1.184660e+00    -3.201744e-01
1.196873e+00    -3.276677e-01
1.209086e+00    -3.349227e-01
1.221299e+00    -3.419288e-01
1.233512e+00    -3.486769e-01
1.245725e+00    -3.551595e-01
1.257938e+00    -3.613705e-01
1.270151e+00    -3.673052e-01
1.282364e+00    -3.729603e-01
1.294577e+00    -3.783338e-01
1.306790e+00    -3.834247e-01
1.319003e+00    -3.882332e-01
1.331216e+00    -3.927605e-01
1.343429e+00    -3.970088e-01
1.355642e+00    -4.009812e-01
1.367855e+00    -4.046814e-01
1.380068e+00    -4.081142e-01
1.392281e+00    -4.112845e-01
1.404494e+00    -4.141982e-01
1.416707e+00    -4.168615e-01
1.428920e+00    -4.192813e-01
1.441133e+00    -4.214643e-01
1.453346e+00    -4.234180e-01
1.465559e+00    -4.251501e-01
1.477772e+00    -4.266682e-01
1.489985e+00    -4.279804e-01
1.502198e+00    -4.290945e-01
1.514411e+00    -4.300185e-01
1.526624e+00    -4.307604e-01
1.538837e+00    -4.313282e-01
1.551050e+00    -4.317297e-01
1.563263e+00    -4.319725e-01
1.575476e+00    -4.320643e-01
1.587689e+00    -4.320123e-01
1.599902e+00    -4.318235e-01
1.612115e+00    -4.315050e-01
1.624328e+00    -4.310634e-01
1.636541e+00    -4.305049e-01
1.648754e+00    -4.298355e-01
1.660967e+00    -4.290612e-01
1.673180e+00    -4.281873e-01
1.685393e+00    -4.272188e-01
1.697606e+00    -4.261608e-01
1.709819e+00    -4.250175e-01
1.722032e+00    -4.237934e-01
1.734245e+00    -4.224921e-01
1.746458e+00    -4.211173e-01
1.758671e+00    -4.196723e-01
1.770884e+00    -4.181601e-01
1.783097e+00    -4.165832e-01
1.795310e+00    -4.149441e-01
1.807523e+00    -4.132452e-01
1.819736e+00    -4.114882e-01
1.831949e+00    -4.096748e-01
1.844162e+00    -4.078065e-01
1.856375e+00    -4.058847e-01
1.868588e+00    -4.039103e-01
1.880801e+00    -4.018844e-01
1.893014e+00    -3.998076e-01
1.905227e+00    -3.976806e-01
1.917440e+00    -3.955038e-01
1.929653e+00    -3.932778e-01
1.941866e+00    -3.910026e-01
1.954079e+00    -3.886786e-01
1.966292e+00    -3.863059e-01
1.978505e+00    -3.838845e-01
1.990718e+00    -3.814147e-01
2.002931e+00    -3.788963e-01
2.015144e+00    -3.763294e-01
2.027357e+00    -3.737139e-01
2.039570e+00    -3.710501e-01
2.051783e+00    -3.683379e-01
2.063996e+00    -3.655773e-01
2.076209e+00    -3.627686e-01
2.088422e+00    -3.599117e-01
2.100635e+00    -3.570071e-01
2.112848e+00    -3.540550e-01
2.125061e+00    -3.510557e-01
2.137274e+00    -3.480096e-01
2.149487e+00    -3.449174e-01
2.161700e+00    -3.417794e-01
2.173913e+00    -3.385965e-01
2.186126e+00    -3.353693e-01
2.198339e+00    -3.320987e-01
2.210552e+00    -3.287856e-01
2.222765e+00    -3.254310e-01
2.234978e+00    -3.220359e-01
2.247191e+00    -3.186017e-01
2.259404e+00    -3.151295e-01
2.271617e+00    -3.116206e-01
2.283830e+00    -3.080765e-01
2.296043e+00    -3.044987e-01
2.308256e+00    -3.008888e-01
2.320469e+00    -2.972482e-01
2.332682e+00    -2.935789e-01
2.344895e+00    -2.898825e-01
2.357108e+00    -2.861608e-01
2.369321e+00    -2.824157e-01
2.381534e+00    -2.786491e-01
2.393747e+00    -2.748629e-01
2.405960e+00    -2.710591e-01
2.418173e+00    -2.672398e-01
2.430386e+00    -2.634069e-01
2.442599e+00    -2.595626e-01
2.454812e+00    -2.557089e-01
2.467025e+00    -2.518478e-01
2.479238e+00    -2.479815e-01
2.491451e+00    -2.441121e-01
2.503664e+00    -2.402415e-01
2.515877e+00    -2.363720e-01
2.528090e+00    -2.325055e-01
2.540303e+00    -2.286441e-01
2.552516e+00    -2.247898e-01
2.564729e+00    -2.209446e-01
2.576942e+00    -2.171104e-01
2.589155e+00    -2.132891e-01
2.601368e+00    -2.094826e-01
2.613581e+00    -2.056928e-01
2.625794e+00    -2.019215e-01
2.638007e+00    -1.981704e-01
2.650220e+00    -1.944412e-01
2.662433e+00    -1.907355e-01
2.674646e+00    -1.870550e-01
2.686859e+00    -1.834011e-01
2.699072e+00    -1.797754e-01
2.711285e+00    -1.761794e-01
2.723498e+00    -1.726142e-01
2.735711e+00    -1.690813e-01
2.747924e+00    -1.655819e-01
2.760137e+00    -1.621171e-01
2.772350e+00    -1.586882e-01
2.784563e+00    -1.552961e-01
2.796776e+00    -1.519418e-01
2.808989e+00    -1.486263e-01
2.821202e+00    -1.453505e-01
2.833415e+00    -1.421152e-01
2.845628e+00    -1.389211e-01
2.857841e+00    -1.357689e-01
2.870054e+00    -1.326593e-01
2.882267e+00    -1.295928e-01
2.894480e+00    -1.265700e-01
2.906693e+00    -1.235914e-01
2.918906e+00    -1.206573e-01
2.931119e+00    -1.177681e-01
2.943332e+00    -1.149242e-01
2.955545e+00    -1.121259e-01
2.967758e+00    -1.093733e-01
2.979971e+00    -1.066666e-01
2.992184e+00    -1.040059e-01
3.004397e+00    -1.013914e-01
3.016610e+00    -9.882314e-02
3.028823e+00    -9.630106e-02
3.041036e+00    -9.382513e-02
3.053249e+00    -9.139533e-02
3.065462e+00    -8.901154e-02
3.077675e+00    -8.667362e-02
3.089888e+00    -8.438144e-02
3.102101e+00    -8.213476e-02
3.114314e+00    -7.993341e-02
3.126527e+00    -7.777710e-02
3.138740e+00    -7.566559e-02
3.150953e+00    -7.359853e-02
3.163166e+00    -7.157566e-02
3.175379e+00    -6.959661e-02
3.187592e+00    -6.766099e-02
3.199805e+00    -6.576847e-02
3.212018e+00    -6.391862e-02
3.224231e+00    -6.211101e-02
3.236444e+00    -6.034524e-02
3.248657e+00    -5.862084e-02
3.260870e+00    -5.693735e-02
3.273082e+00    -5.529431e-02
3.285295e+00    -5.369121e-02
3.297508e+00    -5.212757e-02
3.309721e+00    -5.060288e-02
3.321934e+00    -4.911661e-02
3.334147e+00    -4.766825e-02
3.346360e+00    -4.625725e-02
3.358573e+00    -4.488309e-02
3.370786e+00    -4.354519e-02
3.382999e+00    -4.224302e-02
3.395212e+00    -4.097601e-02
3.407425e+00    -3.974359e-02
3.419638e+00    -3.854520e-02
3.431851e+00    -3.738026e-02
3.444064e+00    -3.624818e-02
3.456277e+00    -3.514839e-02
3.468490e+00    -3.408030e-02
3.480703e+00    -3.304334e-02
3.492916e+00    -3.203689e-02
3.505129e+00    -3.106039e-02
3.517342e+00    -3.011322e-02
3.529555e+00    -2.919482e-02
3.541768e+00    -2.830457e-02
3.553981e+00    -2.744189e-02
3.566194e+00    -2.660618e-02
3.578407e+00    -2.579686e-02
3.590620e+00    -2.501333e-02
3.602833e+00    -2.425499e-02
3.615046e+00    -2.352127e-02
3.627259e+00    -2.281158e-02
3.639472e+00    -2.212534e-02
3.651685e+00    -2.146195e-02
3.663898e+00    -2.082084e-02
3.676111e+00    -2.020145e-02
3.688324e+00    -1.960320e-02
3.700537e+00    -1.902550e-02
3.712750e+00    -1.846784e-02
3.724963e+00    -1.792960e-02
3.737176e+00    -1.741027e-02
3.749389e+00    -1.690928e-02
3.761602e+00    -1.642610e-02
3.773815e+00    -1.596018e-02
3.786028e+00    -1.551099e-02
3.798241e+00    -1.507801e-02
3.810454e+00    -1.466073e-02
3.822667e+00    -1.425863e-02
3.834880e+00    -1.387121e-02
3.847093e+00    -1.349797e-02
3.859306e+00    -1.313842e-02
3.871519e+00    -1.279209e-02
3.883732e+00    -1.245851e-02
3.895945e+00    -1.213721e-02
3.908158e+00    -1.182773e-02
3.920371e+00    -1.152964e-02
3.932584e+00    -1.124250e-02
3.944797e+00    -1.096588e-02
3.957010e+00    -1.069937e-02
3.969223e+00    -1.044257e-02
3.981436e+00    -1.019507e-02
3.993649e+00    -9.956496e-03
4.005862e+00    -9.726470e-03
4.018075e+00    -9.504637e-03
4.030288e+00    -9.290627e-03
4.042501e+00    -9.084115e-03
4.054714e+00    -8.884756e-03
4.066927e+00    -8.692244e-03
4.079140e+00    -8.506255e-03
4.091353e+00    -8.326505e-03
4.103566e+00    -8.152698e-03
4.115779e+00    -7.984567e-03
4.127992e+00    -7.821835e-03
4.140205e+00    -7.664268e-03
4.152418e+00    -7.511599e-03
4.164631e+00    -7.363617e-03
4.176844e+00    -7.220095e-03
4.189057e+00    -7.080825e-03
4.201270e+00    -6.945620e-03
4.213483e+00    -6.814264e-03
4.225696e+00    -6.686610e-03
4.237909e+00    -6.562475e-03
4.250122e+00    -6.441716e-03
4.262335e+00    -6.324166e-03
4.274548e+00    -6.209712e-03
4.286761e+00    -6.098216e-03
4.298974e+00    -5.989570e-03
4.311187e+00    -5.883650e-03
4.323400e+00    -5.780381e-03
4.335613e+00    -5.679652e-03
4.347826e+00    -5.581401e-03
4.360039e+00    -5.485544e-03
4.372252e+00    -5.392022e-03
4.384465e+00    -5.300779e-03
4.396678e+00    -5.211770e-03
4.408891e+00    -5.124942e-03
4.421104e+00    -5.040279e-03
4.433317e+00    -4.957736e-03
4.445530e+00    -4.877307e-03
4.457743e+00    -4.798970e-03
4.469956e+00    -4.722715e-03
4.482169e+00    -4.648544e-03
4.494382e+00    -4.576455e-03
4.506595e+00    -4.506455e-03
4.518808e+00    -4.438561e-03
4.531021e+00    -4.372782e-03
4.543234e+00    -4.309144e-03
4.555447e+00    -4.247663e-03
4.567660e+00    -4.188372e-03
4.579873e+00    -4.131296e-03
4.592086e+00    -4.076473e-03
4.604299e+00    -4.023935e-03
4.616512e+00    -3.973720e-03
4.628725e+00    -3.925866e-03
4.640938e+00    -3.880413e-03
4.653151e+00    -3.837406e-03
4.665364e+00    -3.796886e-03
4.677577e+00    -3.758894e-03
4.689790e+00    -3.723476e-03
4.702003e+00    -3.690682e-03
4.714216e+00    -3.660544e-03
4.726429e+00    -3.633115e-03
4.738642e+00    -3.608436e-03
4.750855e+00    -3.586549e-03
4.763068e+00    -3.567491e-03
4.775281e+00    -3.551311e-03
4.787494e+00    -3.538036e-03
4.799707e+00    -3.527716e-03
4.811920e+00    -3.520382e-03
4.824133e+00    -3.516063e-03
4.836346e+00    -3.514790e-03
4.848559e+00    -3.516593e-03
4.860772e+00    -3.521499e-03
4.872985e+00    -3.529533e-03
4.885198e+00    -3.540711e-03
4.897411e+00    -3.555054e-03
4.909624e+00    -3.572570e-03
4.921837e+00    -3.593276e-03
4.934050e+00    -3.617184e-03
4.946263e+00    -3.644292e-03
4.958476e+00    -3.674603e-03
4.970689e+00    -3.708115e-03
4.982902e+00    -3.744819e-03
4.995115e+00    -3.784710e-03
5.007328e+00    -3.827770e-03
5.019541e+00    -3.873987e-03
5.031754e+00    -3.923336e-03
5.043967e+00    -3.975792e-03
5.056180e+00    -4.031327e-03
5.068393e+00    -4.089911e-03
5.080606e+00    -4.151500e-03
5.092819e+00    -4.216065e-03
5.105031e+00    -4.283552e-03
5.117245e+00    -4.353916e-03
5.129457e+00    -4.427105e-03
5.141671e+00    -4.503067e-03
5.153883e+00    -4.581735e-03
5.166097e+00    -4.663051e-03
5.178309e+00    -4.746952e-03
5.190523e+00    -4.833365e-03
5.202735e+00    -4.922208e-03
5.214949e+00    -5.013418e-03
5.227162e+00    -5.106905e-03
5.239375e+00    -5.202585e-03
5.251588e+00    -5.300376e-03
5.263801e+00    -5.400184e-03
5.276014e+00    -5.501919e-03
5.288227e+00    -5.605483e-03
5.300440e+00    -5.710783e-03
5.312653e+00    -5.817705e-03
5.324866e+00    -5.926162e-03
5.337079e+00    -6.036034e-03
5.349292e+00    -6.147223e-03
5.361505e+00    -6.259611e-03
5.373718e+00    -6.373094e-03
5.385931e+00    -6.487543e-03
5.398144e+00    -6.602867e-03
5.410357e+00    -6.718912e-03
5.422570e+00    -6.835593e-03
5.434783e+00    -6.952771e-03
5.446996e+00    -7.070335e-03
5.459208e+00    -7.188152e-03
5.471422e+00    -7.306107e-03
5.483634e+00    -7.424069e-03
5.495848e+00    -7.541921e-03
5.508060e+00    -7.659532e-03
5.520274e+00    -7.776780e-03
5.532486e+00    -7.893534e-03
5.544700e+00    -8.009679e-03
5.556912e+00    -8.125081e-03
5.569126e+00    -8.239618e-03
5.581338e+00    -8.353163e-03
5.593552e+00    -8.465596e-03
5.605764e+00    -8.576792e-03
5.617978e+00    -8.686635e-03
5.630190e+00    -8.794990e-03
5.642404e+00    -8.901753e-03
5.654616e+00    -9.006793e-03
5.666830e+00    -9.110003e-03
5.679042e+00    -9.211264e-03
5.691256e+00    -9.310461e-03
5.703468e+00    -9.407478e-03
5.715682e+00    -9.502226e-03
5.727894e+00    -9.594569e-03
5.740108e+00    -9.684423e-03
5.752320e+00    -9.771678e-03
5.764534e+00    -9.856235e-03
5.776746e+00    -9.937994e-03
5.788960e+00    -1.001687e-02
5.801172e+00    -1.009275e-02
5.813385e+00    -1.016557e-02
5.825598e+00    -1.023522e-02
5.837811e+00    -1.030165e-02
5.850024e+00    -1.036474e-02
5.862237e+00    -1.042445e-02
5.874450e+00    -1.048069e-02
5.886663e+00    -1.053339e-02
5.898876e+00    -1.058249e-02
5.911089e+00    -1.062791e-02
5.923302e+00    -1.066962e-02
5.935515e+00    -1.070755e-02
5.947728e+00    -1.074165e-02
5.959941e+00    -1.077187e-02
5.972154e+00    -1.079817e-02
5.984367e+00    -1.082052e-02
5.996580e+00    -1.083887e-02
6.008793e+00    -1.085319e-02
6.021006e+00    -1.086346e-02
6.033219e+00    -1.086965e-02
6.045432e+00    -1.087174e-02
6.057645e+00    -1.086972e-02
6.069858e+00    -1.086358e-02
6.082071e+00    -1.085331e-02
6.094284e+00    -1.083890e-02
6.106497e+00    -1.082035e-02
6.118710e+00    -1.079768e-02
6.130923e+00    -1.077088e-02
6.143136e+00    -1.073998e-02
6.155349e+00    -1.070497e-02
6.167562e+00    -1.066590e-02
6.179775e+00    -1.062278e-02
6.191988e+00    -1.057564e-02
6.204201e+00    -1.052450e-02
6.216414e+00    -1.046941e-02
6.228627e+00    -1.041040e-02
6.240840e+00    -1.034752e-02
6.253053e+00    -1.028080e-02
6.265266e+00    -1.021030e-02
6.277479e+00    -1.013608e-02
6.289692e+00    -1.005818e-02
6.301905e+00    -9.976665e-03
6.314118e+00    -9.891598e-03
6.326331e+00    -9.803043e-03
6.338544e+00    -9.711061e-03
6.350757e+00    -9.615733e-03
6.362970e+00    -9.517124e-03
6.375183e+00    -9.415312e-03
6.387396e+00    -9.310376e-03
6.399609e+00    -9.202392e-03
6.411822e+00    -9.091448e-03
6.424035e+00    -8.977629e-03
6.436248e+00    -8.861014e-03
6.448461e+00    -8.741703e-03
6.460674e+00    -8.619774e-03
6.472887e+00    -8.495338e-03
6.485100e+00    -8.368469e-03
6.497313e+00    -8.239274e-03
6.509526e+00    -8.107846e-03
6.521739e+00    -7.974287e-03
6.533952e+00    -7.838689e-03
6.546165e+00    -7.701162e-03
6.558378e+00    -7.561796e-03
6.570591e+00    -7.420706e-03
6.582804e+00    -7.277981e-03
6.595017e+00    -7.133738e-03
6.607230e+00    -6.988067e-03
6.619443e+00    -6.841084e-03
6.631656e+00    -6.692884e-03
6.643869e+00    -6.543576e-03
6.656082e+00    -6.393259e-03
6.668295e+00    -6.242048e-03
6.680508e+00    -6.090035e-03
6.692721e+00    -5.937330e-03
6.704934e+00    -5.784043e-03
6.717147e+00    -5.630247e-03
6.729360e+00    -5.476069e-03
6.741573e+00    -5.321610e-03
6.753786e+00    -5.166959e-03
6.765999e+00    -5.012223e-03
6.778212e+00    -4.857492e-03
6.790425e+00    -4.702873e-03
6.802638e+00    -4.548444e-03
6.814851e+00    -4.394318e-03
6.827064e+00    -4.240571e-03
6.839277e+00    -4.087309e-03
6.851490e+00    -3.934605e-03
6.863703e+00    -3.782560e-03
6.875916e+00    -3.631250e-03
6.888129e+00    -3.480764e-03
6.900342e+00    -3.331178e-03
6.912555e+00    -3.182579e-03
6.924768e+00    -3.035037e-03
6.936981e+00    -2.888637e-03
6.949194e+00    -2.743437e-03
6.961407e+00    -2.599528e-03
6.973620e+00    -2.456959e-03
6.985833e+00    -2.315811e-03
6.998046e+00    -2.176134e-03
7.010259e+00    -2.038003e-03
7.022472e+00    -1.901467e-03
7.034685e+00    -1.766591e-03
7.046898e+00    -1.633418e-03
7.059111e+00    -1.502013e-03
7.071324e+00    -1.372411e-03
7.083537e+00    -1.244670e-03
7.095750e+00    -1.118837e-03
7.107963e+00    -9.949186e-04
7.120176e+00    -8.729907e-04
7.132389e+00    -7.530820e-04
7.144602e+00    -6.352126e-04
7.156815e+00    -5.194262e-04
7.169028e+00    -4.057427e-04
7.181241e+00    -2.941926e-04
7.193454e+00    -1.847915e-04
7.205667e+00    -7.756783e-05
7.217880e+00    2.746865e-05
7.230093e+00    1.302966e-04
7.242306e+00    2.309087e-04
7.254519e+00    3.292917e-04
7.266732e+00    4.254411e-04
7.278944e+00    5.193468e-04
7.291158e+00    6.110155e-04
7.303371e+00    7.004387e-04
7.315584e+00    7.876188e-04
7.327797e+00    8.725637e-04
7.340010e+00    9.552734e-04
7.352223e+00    1.035770e-03
7.364436e+00    1.114050e-03
7.376649e+00    1.190135e-03
7.388862e+00    1.264035e-03
7.401075e+00    1.335764e-03
7.413288e+00    1.405358e-03
7.425501e+00    1.472822e-03
7.437714e+00    1.538175e-03
7.449927e+00    1.601450e-03
7.462140e+00    1.662672e-03
7.474353e+00    1.721869e-03
7.486566e+00    1.779063e-03
7.498779e+00    1.834290e-03
7.510992e+00    1.887580e-03
7.523205e+00    1.938966e-03
7.535418e+00    1.988481e-03
7.547631e+00    2.036164e-03
7.559844e+00    2.082045e-03
7.572057e+00    2.126171e-03
7.584270e+00    2.168569e-03
7.596483e+00    2.209283e-03
7.608696e+00    2.248358e-03
7.620909e+00    2.285826e-03
7.633121e+00    2.321730e-03
7.645335e+00    2.356119e-03
7.657547e+00    2.389028e-03
7.669761e+00    2.420502e-03
7.681973e+00    2.450584e-03
7.694187e+00    2.479314e-03
7.706399e+00    2.506735e-03
7.718613e+00    2.532906e-03
7.730825e+00    2.557851e-03
7.743039e+00    2.581624e-03
7.755251e+00    2.604264e-03
7.767465e+00    2.625818e-03
7.779677e+00    2.646329e-03
7.791891e+00    2.665839e-03
7.804103e+00    2.684384e-03
7.816317e+00    2.702022e-03
7.828529e+00    2.718778e-03
7.840743e+00    2.734704e-03
7.852955e+00    2.749837e-03
7.865169e+00    2.764218e-03
7.877381e+00    2.777886e-03
7.889595e+00    2.790881e-03
7.901807e+00    2.803244e-03
7.914021e+00    2.814998e-03
7.926233e+00    2.826193e-03
7.938447e+00    2.836860e-03
7.950659e+00    2.847030e-03
7.962873e+00    2.856747e-03
7.975085e+00    2.866036e-03
7.987298e+00    2.874925e-03
7.999511e+00    2.883445e-03
8.011724e+00    2.891634e-03
8.023937e+00    2.899511e-03
8.036150e+00    2.907104e-03
8.048364e+00    2.914441e-03
8.060576e+00    2.921546e-03
8.072789e+00    2.928440e-03
8.085002e+00    2.935146e-03
8.097216e+00    2.941687e-03
8.109428e+00    2.948074e-03
8.121641e+00    2.954334e-03
8.133854e+00    2.960479e-03
8.146068e+00    2.966527e-03
8.158280e+00    2.972488e-03
8.170493e+00    2.978379e-03
8.182706e+00    2.984206e-03
8.194920e+00    2.989987e-03
8.207132e+00    2.995723e-03
8.219345e+00    3.001426e-03
8.231558e+00    3.007101e-03
8.243772e+00    3.012751e-03
8.255984e+00    3.018382e-03
8.268197e+00    3.023995e-03
8.280410e+00    3.029590e-03
8.292624e+00    3.035174e-03
8.304836e+00    3.040735e-03
8.317049e+00    3.046278e-03
8.329262e+00    3.051796e-03
8.341475e+00    3.057287e-03
8.353688e+00    3.062743e-03
8.365901e+00    3.068159e-03
8.378115e+00    3.073527e-03
8.390327e+00    3.078834e-03
8.402540e+00    3.084084e-03
8.414753e+00    3.089238e-03
8.426967e+00    3.094314e-03
8.439179e+00    3.099284e-03
8.451392e+00    3.104139e-03
8.463605e+00    3.108864e-03
8.475819e+00    3.113446e-03
8.488031e+00    3.117869e-03
8.500244e+00    3.122116e-03
8.512457e+00    3.126168e-03
8.524671e+00    3.130009e-03
8.536883e+00    3.133627e-03
8.549096e+00    3.136996e-03
8.561309e+00    3.140101e-03
8.573523e+00    3.142924e-03
8.585735e+00    3.145441e-03
8.597948e+00    3.147647e-03
8.610161e+00    3.149490e-03
8.622375e+00    3.150981e-03
8.634587e+00    3.152087e-03
8.646800e+00    3.152791e-03
8.659013e+00    3.153069e-03
8.671227e+00    3.152905e-03
8.683439e+00    3.152271e-03
8.695652e+00    3.151154e-03
8.707865e+00    3.149529e-03
8.720078e+00    3.147385e-03
8.732291e+00    3.144688e-03
8.744504e+00    3.141426e-03
8.756717e+00    3.137582e-03
8.768930e+00    3.133130e-03
8.781143e+00    3.128055e-03
8.793356e+00    3.122340e-03
8.805569e+00    3.115964e-03
8.817782e+00    3.108910e-03
8.829995e+00    3.101162e-03
8.842208e+00    3.092708e-03
8.854421e+00    3.083524e-03
8.866634e+00    3.073598e-03
8.878847e+00    3.062918e-03
8.891060e+00    3.051470e-03
8.903273e+00    3.039242e-03
8.915486e+00    3.026210e-03
8.927699e+00    3.012376e-03
8.939912e+00    2.997723e-03
8.952125e+00    2.982242e-03
8.964338e+00    2.965927e-03
8.976551e+00    2.948766e-03
8.988764e+00    2.930750e-03
9.000977e+00    2.911882e-03
9.013190e+00    2.892137e-03
9.025403e+00    2.871533e-03
9.037616e+00    2.850052e-03
9.049829e+00    2.827699e-03
9.062042e+00    2.804459e-03
9.074255e+00    2.780346e-03
9.086468e+00    2.755352e-03
9.098680e+00    2.729479e-03
9.110894e+00    2.702732e-03
9.123107e+00    2.675111e-03
9.135320e+00    2.646623e-03
9.147532e+00    2.617269e-03
9.159746e+00    2.587057e-03
9.171959e+00    2.555996e-03
9.184172e+00    2.524090e-03
9.196384e+00    2.491351e-03
9.208598e+00    2.457783e-03
9.220811e+00    2.423402e-03
9.233024e+00    2.388223e-03
9.245236e+00    2.352254e-03
9.257450e+00    2.315506e-03
9.269663e+00    2.277998e-03
9.281876e+00    2.239744e-03
9.294088e+00    2.200760e-03
9.306302e+00    2.161062e-03
9.318515e+00    2.120672e-03
9.330728e+00    2.079606e-03
9.342940e+00    2.037880e-03
9.355154e+00    1.995514e-03
9.367367e+00    1.952539e-03
9.379580e+00    1.908967e-03
9.391793e+00    1.864820e-03
9.404006e+00    1.820126e-03
9.416219e+00    1.774911e-03
9.428432e+00    1.729190e-03
9.440645e+00    1.682991e-03
9.452858e+00    1.636344e-03
9.465071e+00    1.589272e-03
9.477283e+00    1.541800e-03
9.489497e+00    1.493951e-03
9.501710e+00    1.445759e-03
9.513923e+00    1.397249e-03
9.526135e+00    1.348448e-03
9.538349e+00    1.299381e-03
9.550562e+00    1.250086e-03
9.562775e+00    1.200582e-03
9.574987e+00    1.150898e-03
9.587201e+00    1.101067e-03
9.599414e+00    1.051122e-03
9.611627e+00    1.001082e-03
9.623839e+00    9.509831e-04
9.636053e+00    9.008481e-04
9.648266e+00    8.507112e-04
9.660479e+00    8.006058e-04
9.672691e+00    7.505525e-04
9.684905e+00    7.005792e-04
9.697118e+00    6.507236e-04
9.709331e+00    6.010073e-04
9.721543e+00    5.514645e-04
9.733757e+00    5.021121e-04
9.745970e+00    4.529927e-04
9.758183e+00    4.041230e-04
9.770395e+00    3.555351e-04
9.782609e+00    3.072479e-04
9.794822e+00    2.592997e-04
9.807034e+00    2.117092e-04
9.819247e+00    1.645010e-04
9.831461e+00    1.176998e-04
9.843674e+00    7.133487e-05
9.855886e+00    2.542854e-05
9.868099e+00    -1.999855e-05
9.880313e+00    -6.492400e-05
9.892526e+00    -1.093228e-04
9.904738e+00    -1.531724e-04
9.916951e+00    -1.964615e-04
9.929165e+00    -2.391641e-04
9.941378e+00    -2.812581e-04
9.953590e+00    -3.227254e-04
9.965803e+00    -3.635490e-04
9.978017e+00    -4.037175e-04
9.990230e+00    -4.432075e-04
1.000244e+01    -4.820053e-04
1.001466e+01    -5.200971e-04
1.002687e+01    -5.574694e-04
1.003908e+01    -5.941079e-04
1.005129e+01    -6.300000e-04
1.006351e+01    -6.651340e-04
1.007572e+01    -6.995013e-04
1.008793e+01    -7.330910e-04
1.010015e+01    -7.659082e-04
1.011236e+01    -7.979005e-04
1.012457e+01    -8.291116e-04
1.013679e+01    -8.595068e-04
1.014900e+01    -8.890918e-04
1.016121e+01    -9.178559e-04
1.017342e+01    -9.458015e-04
1.018564e+01    -9.729178e-04
1.019785e+01    -9.992130e-04
1.021006e+01    -1.024670e-03
1.022228e+01    -1.049303e-03
1.023449e+01    -1.073106e-03
1.024670e+01    -1.096082e-03
1.025891e+01    -1.118230e-03
1.027113e+01    -1.139559e-03
1.028334e+01    -1.160062e-03
1.029555e+01    -1.179758e-03
1.030777e+01    -1.198637e-03
1.031998e+01    -1.216710e-03
1.033219e+01    -1.233989e-03
1.034441e+01    -1.250471e-03
1.035662e+01    -1.266173e-03
1.036883e+01    -1.281100e-03
1.038105e+01    -1.295259e-03
1.039326e+01    -1.308665e-03
1.040547e+01    -1.321322e-03
1.041768e+01    -1.333243e-03
1.042990e+01    -1.344440e-03
1.044211e+01    -1.354926e-03
1.045432e+01    -1.364712e-03
1.046654e+01    -1.373809e-03
1.047875e+01    -1.382234e-03
1.049096e+01    -1.390005e-03
1.050318e+01    -1.397118e-03
1.051539e+01    -1.403610e-03
1.052760e+01    -1.409482e-03
1.053981e+01    -1.414754e-03
1.055203e+01    -1.419442e-03
1.056424e+01    -1.423559e-03
1.057645e+01    -1.427124e-03
1.058867e+01    -1.430149e-03
1.060088e+01    -1.432652e-03
1.061309e+01    -1.434660e-03
1.062531e+01    -1.436174e-03
1.063752e+01    -1.437222e-03
1.064973e+01    -1.437815e-03
1.066194e+01    -1.437972e-03
1.067416e+01    -1.437710e-03
1.068637e+01    -1.437048e-03
1.069858e+01    -1.436003e-03
1.071080e+01    -1.434586e-03
1.072301e+01    -1.432822e-03
1.073522e+01    -1.430723e-03
1.074744e+01    -1.428306e-03
1.075965e+01    -1.425594e-03
1.077186e+01    -1.422597e-03
1.078407e+01    -1.419333e-03
1.079629e+01    -1.415814e-03
1.080850e+01    -1.412066e-03
1.082071e+01    -1.408096e-03
1.083293e+01    -1.403924e-03
1.084514e+01    -1.399564e-03
1.085735e+01    -1.395029e-03
1.086957e+01    -1.390334e-03
1.088178e+01    -1.385496e-03
1.089399e+01    -1.380526e-03
1.090620e+01    -1.375438e-03
1.091842e+01    -1.370245e-03
1.093063e+01    -1.364960e-03
1.094284e+01    -1.359594e-03
1.095506e+01    -1.354163e-03
1.096727e+01    -1.348675e-03
1.097948e+01    -1.343138e-03
1.099170e+01    -1.337564e-03
1.100391e+01    -1.331971e-03
1.101612e+01    -1.326356e-03
1.102833e+01    -1.320738e-03
1.104055e+01    -1.315120e-03
1.105276e+01    -1.309510e-03
1.106497e+01    -1.303917e-03
1.107719e+01    -1.298349e-03
1.108940e+01    -1.292808e-03
1.110161e+01    -1.287304e-03
1.111382e+01    -1.281840e-03
1.112604e+01    -1.276425e-03
1.113825e+01    -1.271056e-03
1.115046e+01    -1.265743e-03
1.116268e+01    -1.260485e-03
1.117489e+01    -1.255287e-03
1.118710e+01    -1.250154e-03
1.119932e+01    -1.245079e-03
1.121153e+01    -1.240072e-03
1.122374e+01    -1.235130e-03
1.123596e+01    -1.230250e-03
1.124817e+01    -1.225437e-03
1.126038e+01    -1.220689e-03
1.127259e+01    -1.216001e-03
1.128481e+01    -1.211375e-03
1.129702e+01    -1.206806e-03
1.130923e+01    -1.202295e-03
1.132145e+01    -1.197838e-03
1.133366e+01    -1.193428e-03
1.134587e+01    -1.189064e-03
1.135808e+01    -1.184743e-03
1.137030e+01    -1.180457e-03
1.138251e+01    -1.176201e-03
1.139472e+01    -1.171971e-03
1.140694e+01    -1.167764e-03
1.141915e+01    -1.163566e-03
1.143136e+01    -1.159380e-03
1.144358e+01    -1.155193e-03
1.145579e+01    -1.151001e-03
1.146800e+01    -1.146795e-03
1.148022e+01    -1.142570e-03
1.149243e+01    -1.138317e-03
1.150464e+01    -1.134027e-03
1.151685e+01    -1.129694e-03
1.152907e+01    -1.125309e-03
1.154128e+01    -1.120866e-03
1.155349e+01    -1.116353e-03
1.156571e+01    -1.111763e-03
1.157792e+01    -1.107089e-03
1.159013e+01    -1.102318e-03
1.160234e+01    -1.097452e-03
1.161456e+01    -1.092464e-03
1.162677e+01    -1.087361e-03
1.163898e+01    -1.082129e-03
1.165120e+01    -1.076758e-03
1.166341e+01    -1.071246e-03
1.167562e+01    -1.065577e-03
1.168784e+01    -1.059747e-03
1.170005e+01    -1.053743e-03
1.171226e+01    -1.047564e-03
1.172447e+01    -1.041196e-03
1.173669e+01    -1.034636e-03
1.174890e+01    -1.027872e-03
1.176111e+01    -1.020898e-03
1.177333e+01    -1.013708e-03
1.178554e+01    -1.006293e-03
1.179775e+01    -9.986444e-04
1.180997e+01    -9.907681e-04
1.182218e+01    -9.826410e-04
1.183439e+01    -9.742668e-04
1.184660e+01    -9.656393e-04
1.185882e+01    -9.567525e-04
1.187103e+01    -9.475978e-04
1.188324e+01    -9.381741e-04
1.189546e+01    -9.284798e-04
1.190767e+01    -9.185052e-04
1.191988e+01    -9.082521e-04
1.193210e+01    -8.977135e-04
1.194431e+01    -8.868881e-04
1.195652e+01    -8.757726e-04
1.196873e+01    -8.643666e-04
1.198095e+01    -8.526693e-04
1.199316e+01    -8.406781e-04
1.200537e+01    -8.283922e-04
1.201759e+01    -8.158066e-04
1.202980e+01    -8.029353e-04
1.204201e+01    -7.897704e-04
1.205423e+01    -7.763096e-04
1.206644e+01    -7.625572e-04
1.207865e+01    -7.485159e-04
1.209086e+01    -7.341884e-04
1.210308e+01    -7.195693e-04
1.211529e+01    -7.046855e-04
1.212750e+01    -6.895188e-04
1.213972e+01    -6.740765e-04
1.215193e+01    -6.583666e-04
1.216414e+01    -6.423962e-04
1.217636e+01    -6.261674e-04
1.218857e+01    -6.096928e-04
1.220078e+01    -5.929591e-04
1.221299e+01    -5.759966e-04
1.222521e+01    -5.588002e-04
1.223742e+01    -5.413811e-04
1.224963e+01    -5.237443e-04
1.226185e+01    -5.059013e-04
1.227406e+01    -4.878581e-04
1.228627e+01    -4.696247e-04
1.229849e+01    -4.512132e-04
1.231070e+01    -4.326234e-04
1.232291e+01    -4.138781e-04
1.233512e+01    -3.949851e-04
1.234734e+01    -3.759398e-04
1.235955e+01    -3.567735e-04
1.237176e+01    -3.374883e-04
1.238398e+01    -3.180950e-04
1.239619e+01    -2.986053e-04
1.240840e+01    -2.790346e-04
1.242062e+01    -2.593896e-04
1.243283e+01    -2.396847e-04
1.244504e+01    -2.199367e-04
1.245725e+01    -2.001521e-04
1.246947e+01    -1.803479e-04
1.248168e+01    -1.605347e-04
1.249389e+01    -1.407358e-04
1.250611e+01    -1.209351e-04
1.251832e+01    -1.011749e-04
1.253053e+01    -8.145875e-05
1.254275e+01    -6.180142e-05
1.255496e+01    -4.221555e-05
1.256717e+01    -2.271009e-05
1.257938e+01    -3.306443e-06
1.259160e+01    1.598526e-05
1.260381e+01    3.515833e-05
1.261602e+01    5.418411e-05
1.262824e+01    7.306575e-05
1.264045e+01    9.178352e-05
1.265266e+01    1.103207e-04
1.266488e+01    1.286711e-04
1.267709e+01    1.468169e-04
1.268930e+01    1.647451e-04
1.270151e+01    1.824471e-04
1.271373e+01    1.999130e-04
1.272594e+01    2.171233e-04
1.273815e+01    2.340694e-04
1.275037e+01    2.507433e-04
1.276258e+01    2.671257e-04
1.277479e+01    2.832102e-04
1.278701e+01    2.989869e-04
1.279922e+01    3.144479e-04
1.281143e+01    3.295726e-04
1.282364e+01    3.443611e-04
1.283586e+01    3.587978e-04
1.284807e+01    3.728780e-04
1.286028e+01    3.865893e-04
1.287250e+01    3.999260e-04
1.288471e+01    4.128744e-04
1.289692e+01    4.254342e-04
1.290914e+01    4.375960e-04
1.292135e+01    4.493432e-04
1.293356e+01    4.606817e-04
1.294577e+01    4.715982e-04
1.295799e+01    4.820919e-04
1.297020e+01    4.921504e-04
1.298241e+01    5.017758e-04
1.299463e+01    5.109578e-04
1.300684e+01    5.196962e-04
1.301905e+01    5.279850e-04
1.303127e+01    5.358197e-04
1.304348e+01    5.432062e-04
1.305569e+01    5.501279e-04
1.306790e+01    5.565904e-04
1.308012e+01    5.625963e-04
1.309233e+01    5.681396e-04
1.310454e+01    5.732221e-04
1.311676e+01    5.778379e-04
1.312897e+01    5.819963e-04
1.314118e+01    5.856887e-04
1.315340e+01    5.889231e-04
1.316561e+01    5.917011e-04
1.317782e+01    5.940195e-04
1.319003e+01    5.958830e-04
1.320225e+01    5.972974e-04
1.321446e+01    5.982707e-04
1.322667e+01    5.987952e-04
1.323889e+01    5.988801e-04
1.325110e+01    5.985284e-04
1.326331e+01    5.977512e-04
1.327553e+01    5.965504e-04
1.328774e+01    5.949266e-04
1.329995e+01    5.928899e-04
1.331216e+01    5.904539e-04
1.332438e+01    5.876168e-04
1.333659e+01    5.843868e-04
1.334880e+01    5.807708e-04
1.336102e+01    5.767802e-04
1.337323e+01    5.724215e-04
1.338544e+01    5.677040e-04
1.339766e+01    5.626407e-04
1.340987e+01    5.572259e-04
1.342208e+01    5.514867e-04
1.343429e+01    5.454217e-04
1.344651e+01    5.390437e-04
1.345872e+01    5.323652e-04
1.347093e+01    5.253942e-04
1.348315e+01    5.181388e-04
1.349536e+01    5.106114e-04
1.350757e+01    5.028259e-04
1.351978e+01    4.947920e-04
1.353200e+01    4.865148e-04
1.354421e+01    4.780153e-04
1.355642e+01    4.692951e-04
1.356864e+01    4.603739e-04
1.358085e+01    4.512593e-04
1.359306e+01    4.419597e-04
1.360528e+01    4.324912e-04
1.361749e+01    4.228682e-04
1.362970e+01    4.130953e-04
1.364192e+01    4.031899e-04
1.365413e+01    3.931596e-04
1.366634e+01    3.830195e-04
1.367855e+01    3.727796e-04
1.369077e+01    3.624512e-04
1.370298e+01    3.520487e-04
1.371519e+01    3.415809e-04
1.372741e+01    3.310537e-04
1.373962e+01    3.204856e-04
1.375183e+01    3.098880e-04
1.376404e+01    2.992745e-04
1.377626e+01    2.886457e-04
1.378847e+01    2.780215e-04
1.380068e+01    2.674126e-04
1.381290e+01    2.568209e-04
1.382511e+01    2.462643e-04
1.383732e+01    2.357520e-04
1.384954e+01    2.252922e-04
1.386175e+01    2.148980e-04
1.387396e+01    2.045730e-04
1.388618e+01    1.943308e-04
1.389839e+01    1.841761e-04
1.391060e+01    1.741238e-04
1.392281e+01    1.641779e-04
1.393503e+01    1.543489e-04
1.394724e+01    1.446430e-04
1.395945e+01    1.350692e-04
1.397167e+01    1.256333e-04
1.398388e+01    1.163433e-04
1.399609e+01    1.072104e-04
1.400830e+01    9.822956e-05
1.402052e+01    8.941746e-05
1.403273e+01    8.077496e-05
1.404494e+01    7.231204e-05
1.405716e+01    6.402992e-05
1.406937e+01    5.593466e-05
1.408158e+01    4.803194e-05
1.409380e+01    4.032291e-05
1.410601e+01    3.282062e-05
1.411822e+01    2.551406e-05
1.413043e+01    1.841733e-05
1.414265e+01    1.153039e-05
1.415486e+01    4.856931e-06
1.416707e+01    -1.602443e-06
1.417929e+01    -7.844622e-06
1.419150e+01    -1.386100e-05
1.420371e+01    -1.967159e-05
1.421593e+01    -2.525501e-05
1.422814e+01    -3.061320e-05
1.424035e+01    -3.575260e-05
1.425256e+01    -4.066581e-05
1.426478e+01    -4.536128e-05
1.427699e+01    -4.982985e-05
1.428920e+01    -5.407712e-05
1.430142e+01    -5.810689e-05
1.431363e+01    -6.191561e-05
1.432584e+01    -6.550654e-05
1.433806e+01    -6.888212e-05
1.435027e+01    -7.204301e-05
1.436248e+01    -7.499320e-05
1.437469e+01    -7.773336e-05
1.438691e+01    -8.026696e-05
1.439912e+01    -8.259913e-05
1.441133e+01    -8.472760e-05
1.442355e+01    -8.666315e-05
1.443576e+01    -8.840374e-05
1.444797e+01    -8.995472e-05
1.446019e+01    -9.132222e-05
1.447240e+01    -9.250797e-05
1.448461e+01    -9.351385e-05
1.449682e+01    -9.434998e-05
1.450904e+01    -9.501671e-05
1.452125e+01    -9.552247e-05
1.453346e+01    -9.586959e-05
1.454568e+01    -9.606018e-05
1.455789e+01    -9.610286e-05
1.457010e+01    -9.600920e-05
1.458232e+01    -9.577102e-05
1.459453e+01    -9.540340e-05
1.460674e+01    -9.490862e-05
1.461895e+01    -9.429092e-05
1.463117e+01    -9.355694e-05
1.464338e+01    -9.271263e-05
1.465559e+01    -9.176536e-05
1.466781e+01    -9.071652e-05
1.468002e+01    -8.957569e-05
1.469223e+01    -8.834226e-05
1.470445e+01    -8.703087e-05
1.471666e+01    -8.564480e-05
1.472887e+01    -8.418022e-05
1.474109e+01    -8.265510e-05
1.475330e+01    -8.106374e-05
1.476551e+01    -7.941988e-05
1.477772e+01    -7.772504e-05
1.478994e+01    -7.598734e-05
1.480215e+01    -7.420850e-05
1.481436e+01    -7.239376e-05
1.482658e+01    -7.054801e-05
1.483879e+01    -6.868056e-05
1.485100e+01    -6.678987e-05
1.486321e+01    -6.488748e-05
1.487543e+01    -6.296904e-05
1.488764e+01    -6.104886e-05
1.489985e+01    -5.911974e-05
1.491207e+01    -5.719455e-05
1.492428e+01    -5.527442e-05
1.493649e+01    -5.336678e-05
1.494871e+01    -5.146765e-05
1.496092e+01    -4.958228e-05
1.497313e+01    -4.772433e-05
1.498534e+01    -4.588582e-05
1.499756e+01    -4.407395e-05
1.500977e+01    -4.228463e-05
1.502198e+01    -4.052886e-05
1.503420e+01    -3.880592e-05
1.504641e+01    -3.711919e-05
1.505862e+01    -3.546983e-05
1.507084e+01    -3.385922e-05
1.508305e+01    -3.228812e-05
1.509526e+01    -3.076193e-05
1.510747e+01    -2.928044e-05
1.511969e+01    -2.783944e-05
1.513190e+01    -2.644882e-05
1.514411e+01    -2.510144e-05
1.515633e+01    -2.380280e-05
1.516854e+01    -2.255083e-05
1.518075e+01    -2.134746e-05
1.519297e+01    -2.018888e-05
1.520518e+01    -1.908414e-05
1.521739e+01    -1.802292e-05
1.522960e+01    -1.700823e-05
1.524182e+01    -1.604043e-05
1.525403e+01    -1.511757e-05
1.526624e+01    -1.423987e-05
1.527846e+01    -1.340496e-05
1.529067e+01    -1.261102e-05
1.530288e+01    -1.185814e-05
1.531509e+01    -1.114680e-05
1.532731e+01    -1.046951e-05
1.533952e+01    -9.829848e-06
1.535173e+01    -9.223273e-06
1.536395e+01    -8.648842e-06
1.537616e+01    -8.103793e-06
1.538837e+01    -7.584743e-06
1.540059e+01    -7.092950e-06
1.541280e+01    -6.617673e-06
1.542501e+01    -6.170883e-06
1.543723e+01    -5.736715e-06
1.544944e+01    -5.316859e-06
1.546165e+01    -4.911111e-06
1.547386e+01    -4.513094e-06
1.548608e+01    -4.119724e-06
1.549829e+01    -3.728444e-06
1.551050e+01    -3.343996e-06
1.552272e+01    -2.951883e-06
1.553493e+01    -2.552902e-06
1.554714e+01    -2.149042e-06
1.555935e+01    -1.732256e-06
1.557157e+01    -1.301828e-06
1.558378e+01    -8.528373e-07
1.559599e+01    -3.788441e-07
1.560821e+01    1.127469e-07
1.562042e+01    6.330042e-07
1.563263e+01    1.184480e-06
1.564485e+01    1.766388e-06
1.565706e+01    2.385821e-06
1.566927e+01    3.040100e-06
1.568149e+01    3.735483e-06
1.569370e+01    4.472686e-06
1.570591e+01    5.260878e-06
1.571812e+01    6.105025e-06
1.573034e+01    6.976627e-06
1.574255e+01    7.916366e-06
1.575476e+01    8.908715e-06
1.576698e+01    9.958405e-06
1.577919e+01    1.106712e-05
1.579140e+01    1.223687e-05
1.580362e+01    1.347078e-05
1.581583e+01    1.476670e-05
1.582804e+01    1.612934e-05
1.584025e+01    1.755849e-05
1.585247e+01    1.905848e-05
1.586468e+01    2.062774e-05
1.587689e+01    2.226553e-05
1.588911e+01    2.396959e-05
1.590132e+01    2.575844e-05
1.591353e+01    2.761412e-05
1.592575e+01    2.954115e-05
1.593796e+01    3.154265e-05
1.595017e+01    3.361601e-05
1.596238e+01    3.576397e-05
1.597460e+01    3.798405e-05
1.598681e+01    4.027447e-05
1.599902e+01    4.263677e-05
1.601124e+01    4.506995e-05
1.602345e+01    4.757462e-05
1.603566e+01    5.014553e-05
1.604787e+01    5.278422e-05
1.606009e+01    5.549128e-05
1.607230e+01    5.826013e-05
1.608451e+01    6.109093e-05
1.609673e+01    6.398350e-05
1.610894e+01    6.694032e-05
1.612115e+01    6.994279e-05
1.613337e+01    7.300380e-05
1.614558e+01    7.611838e-05
1.615779e+01    7.927923e-05
1.617001e+01    8.248762e-05
1.618222e+01    8.573648e-05
1.619443e+01    8.903004e-05
1.620664e+01    9.235625e-05
1.621886e+01    9.571575e-05
1.623107e+01    9.910733e-05
1.624328e+01    1.025226e-04
1.625550e+01    1.059623e-04
1.626771e+01    1.094224e-04
1.627992e+01    1.128952e-04
1.629214e+01    1.163804e-04
1.630435e+01    1.198678e-04
1.631656e+01    1.233620e-04
1.632877e+01    1.268549e-04
1.634099e+01    1.303358e-04
1.635320e+01    1.338142e-04
1.636541e+01    1.372762e-04
1.637763e+01    1.407157e-04
1.638984e+01    1.441369e-04
1.640205e+01    1.475218e-04
1.641426e+01    1.508766e-04
1.642648e+01    1.541954e-04
1.643869e+01    1.574715e-04
1.645090e+01    1.606973e-04
1.646312e+01    1.638736e-04
1.647533e+01    1.669912e-04
1.648754e+01    1.700486e-04
1.649976e+01    1.730417e-04
1.651197e+01    1.759595e-04
1.652418e+01    1.788025e-04
1.653639e+01    1.815670e-04
1.654861e+01    1.842481e-04
1.656082e+01    1.868367e-04
1.657303e+01    1.893341e-04
1.658525e+01    1.917337e-04
1.659746e+01    1.940304e-04
1.660967e+01    1.962161e-04
1.662189e+01    1.982974e-04
1.663410e+01    2.002584e-04
1.664631e+01    2.021051e-04
1.665853e+01    2.038260e-04
1.667074e+01    2.054193e-04
1.668295e+01    2.068859e-04
1.669516e+01    2.082157e-04
1.670738e+01    2.094102e-04
1.671959e+01    2.104629e-04
1.673180e+01    2.113727e-04
1.674402e+01    2.121361e-04
1.675623e+01    2.127479e-04
1.676844e+01    2.132086e-04
1.678065e+01    2.135131e-04
1.679287e+01    2.136620e-04
1.680508e+01    2.136509e-04
1.681729e+01    2.134776e-04
1.682951e+01    2.131413e-04
1.684172e+01    2.126410e-04
1.685393e+01    2.119713e-04
1.686615e+01    2.111345e-04
1.687836e+01    2.101289e-04
1.689057e+01    2.089587e-04
1.690278e+01    2.076061e-04
1.691500e+01    2.060877e-04
1.692721e+01    2.043959e-04
1.693942e+01    2.025331e-04
1.695164e+01    2.004959e-04
1.696385e+01    1.982875e-04
1.697606e+01    1.959088e-04
1.698828e+01    1.933580e-04
1.700049e+01    1.906390e-04
1.701270e+01    1.877456e-04
1.702491e+01    1.846861e-04
1.703713e+01    1.814612e-04
1.704934e+01    1.780704e-04
1.706155e+01    1.745154e-04
1.707377e+01    1.707985e-04
1.708598e+01    1.669217e-04
1.709819e+01    1.628851e-04
1.711040e+01    1.587002e-04
1.712262e+01    1.543594e-04
1.713483e+01    1.498685e-04
1.714705e+01    1.452333e-04
1.715926e+01    1.404574e-04
1.717147e+01    1.355387e-04
1.718368e+01    1.304832e-04
1.719590e+01    1.252910e-04
1.720811e+01    1.199806e-04
1.722032e+01    1.145438e-04
1.723254e+01    1.089802e-04
1.724475e+01    1.033069e-04
1.725696e+01    9.752005e-05
1.726917e+01    9.162621e-05
1.728139e+01    8.563175e-05
1.729360e+01    7.953837e-05
1.730581e+01    7.336072e-05
1.731803e+01    6.708210e-05
1.733024e+01    6.072796e-05
1.734245e+01    5.429734e-05
1.735467e+01    4.779707e-05
1.736688e+01    4.122918e-05
1.737909e+01    3.460138e-05
1.739130e+01    2.792001e-05
1.740352e+01    2.119103e-05
1.741573e+01    1.441767e-05
1.742794e+01    7.606315e-06
1.744016e+01    7.642120e-07
1.745237e+01    -6.101945e-06
1.746458e+01    -1.298876e-05
1.747680e+01    -1.989007e-05
1.748901e+01    -2.679625e-05
1.750122e+01    -3.370754e-05
1.751343e+01    -4.060767e-05
1.752565e+01    -4.750212e-05
1.753786e+01    -5.438067e-05
1.755007e+01    -6.123423e-05
1.756229e+01    -6.805790e-05
1.757450e+01    -7.484942e-05
1.758671e+01    -8.159677e-05
1.759892e+01    -8.830438e-05
1.761114e+01    -9.495232e-05
1.762335e+01    -1.015473e-04
1.763556e+01    -1.080803e-04
1.764778e+01    -1.145399e-04
1.765999e+01    -1.209258e-04
1.767220e+01    -1.272328e-04
1.768442e+01    -1.334497e-04
1.769663e+01    -1.395763e-04
1.770884e+01    -1.456133e-04
1.772106e+01    -1.515335e-04
1.773327e+01    -1.573702e-04
1.774548e+01    -1.630829e-04
1.775769e+01    -1.686807e-04
1.776991e+01    -1.741569e-04
1.778212e+01    -1.795105e-04
1.779433e+01    -1.847315e-04
1.780655e+01    -1.898264e-04
1.781876e+01    -1.947735e-04
1.783097e+01    -1.995843e-04
1.784319e+01    -2.042486e-04
1.785540e+01    -2.087619e-04
1.786761e+01    -2.131272e-04
1.787982e+01    -2.173320e-04
1.789204e+01    -2.213806e-04
1.790425e+01    -2.252687e-04
1.791646e+01    -2.289901e-04
1.792868e+01    -2.325426e-04
1.794089e+01    -2.359303e-04
1.795310e+01    -2.391415e-04
1.796531e+01    -2.421818e-04
1.797753e+01    -2.450428e-04
1.798974e+01    -2.477281e-04
1.800196e+01    -2.502345e-04
1.801417e+01    -2.525622e-04
1.802638e+01    -2.547028e-04
1.803859e+01    -2.566676e-04
1.805081e+01    -2.584415e-04
1.806302e+01    -2.600387e-04
1.807523e+01    -2.614456e-04
1.808744e+01    -2.626694e-04
1.809966e+01    -2.637085e-04
1.811187e+01    -2.645671e-04
1.812408e+01    -2.652323e-04
1.813630e+01    -2.657200e-04
1.814851e+01    -2.660215e-04
1.816072e+01    -2.661399e-04
1.817294e+01    -2.660784e-04
1.818515e+01    -2.658374e-04
1.819736e+01    -2.654162e-04
1.820958e+01    -2.648170e-04
1.822179e+01    -2.640422e-04
1.823400e+01    -2.630903e-04
1.824621e+01    -2.619712e-04
1.825843e+01    -2.606784e-04
1.827064e+01    -2.592182e-04
1.828285e+01    -2.575929e-04
1.829507e+01    -2.558083e-04
1.830728e+01    -2.538588e-04
1.831949e+01    -2.517517e-04
1.833171e+01    -2.494883e-04
1.834392e+01    -2.470795e-04
1.835613e+01    -2.445192e-04
1.836834e+01    -2.418121e-04
1.838056e+01    -2.389652e-04
1.839277e+01    -2.359839e-04
1.840498e+01    -2.328612e-04
1.841720e+01    -2.296129e-04
1.842941e+01    -2.262324e-04
1.844162e+01    -2.227359e-04
1.845383e+01    -2.191137e-04
1.846605e+01    -2.153779e-04
1.847826e+01    -2.115304e-04
1.849047e+01    -2.075763e-04
1.850269e+01    -2.035207e-04
1.851490e+01    -1.993645e-04
1.852711e+01    -1.951139e-04
1.853933e+01    -1.907749e-04
1.855154e+01    -1.863459e-04
1.856375e+01    -1.818374e-04
1.857596e+01    -1.772547e-04
1.858818e+01    -1.725900e-04
1.860039e+01    -1.678657e-04
1.861260e+01    -1.630752e-04
1.862482e+01    -1.582230e-04
1.863703e+01    -1.533218e-04
1.864924e+01    -1.483631e-04
1.866146e+01    -1.433633e-04
1.867367e+01    -1.383163e-04
1.868588e+01    -1.332348e-04
1.869810e+01    -1.281170e-04
1.871031e+01    -1.229730e-04
1.872252e+01    -1.178035e-04
1.873473e+01    -1.126104e-04
1.874695e+01    -1.074028e-04
1.875916e+01    -1.021842e-04
1.877137e+01    -9.695429e-05
1.878359e+01    -9.172165e-05
1.879580e+01    -8.648715e-05
1.880801e+01    -8.125615e-05
1.882022e+01    -7.603504e-05
1.883244e+01    -7.081986e-05
1.884465e+01    -6.561913e-05
1.885686e+01    -6.043864e-05
1.886908e+01    -5.527819e-05
1.888129e+01    -5.014119e-05
1.889350e+01    -4.503108e-05
1.890572e+01    -3.995473e-05
1.891793e+01    -3.491290e-05
1.893014e+01    -2.990564e-05
1.894235e+01    -2.493837e-05
1.895457e+01    -2.001284e-05
1.896678e+01    -1.512992e-05
1.897899e+01    -1.030124e-05
1.899121e+01    -5.516922e-06
1.900342e+01    -7.849303e-07
1.901563e+01    3.889436e-06
1.902785e+01    8.508214e-06
1.904006e+01    1.306803e-05
1.905227e+01    1.756655e-05
1.906449e+01    2.200517e-05
1.907670e+01    2.637779e-05
1.908891e+01    3.068591e-05
1.910112e+01    3.492483e-05
1.911334e+01    3.909331e-05
1.912555e+01    4.320050e-05
1.913776e+01    4.723234e-05
1.914997e+01    5.119131e-05
1.916219e+01    5.507984e-05
1.917440e+01    5.889498e-05
1.918661e+01    6.263528e-05
1.919883e+01    6.629858e-05
1.921104e+01    6.988819e-05
1.922325e+01    7.340283e-05
1.923547e+01    7.684182e-05
1.924768e+01    8.020614e-05
1.925989e+01    8.348879e-05
1.927211e+01    8.669865e-05
1.928432e+01    8.983869e-05
1.929653e+01    9.288953e-05
1.930874e+01    9.587104e-05
1.932096e+01    9.877625e-05
1.933317e+01    1.016076e-04
1.934538e+01    1.043616e-04
1.935760e+01    1.070446e-04
1.936981e+01    1.096491e-04
1.938202e+01    1.121841e-04
1.939424e+01    1.146478e-04
1.940645e+01    1.170391e-04
1.941866e+01    1.193603e-04
1.943087e+01    1.216108e-04
1.944309e+01    1.237923e-04
1.945530e+01    1.259065e-04
1.946751e+01    1.279508e-04
1.947973e+01    1.299352e-04
1.949194e+01    1.318492e-04
1.950415e+01    1.337048e-04
1.951637e+01    1.354911e-04
1.952858e+01    1.372202e-04
1.954079e+01    1.388889e-04
1.955301e+01    1.404968e-04
1.956522e+01    1.420523e-04
1.957743e+01    1.435459e-04
1.958964e+01    1.449896e-04
1.960186e+01    1.463727e-04
1.961407e+01    1.477033e-04
1.962628e+01    1.489851e-04
1.963849e+01    1.502168e-04
1.965071e+01    1.513994e-04
1.966292e+01    1.525323e-04
1.967513e+01    1.536208e-04
1.968735e+01    1.546607e-04
1.969956e+01    1.556564e-04
1.971177e+01    1.566115e-04
1.972399e+01    1.575182e-04
1.973620e+01    1.583916e-04
1.974841e+01    1.592207e-04
1.976063e+01    1.600116e-04
1.977284e+01    1.607618e-04
1.978505e+01    1.614756e-04
1.979726e+01    1.621556e-04
1.980948e+01    1.627984e-04
1.982169e+01    1.634017e-04
1.983390e+01    1.639776e-04
1.984612e+01    1.645149e-04
1.985833e+01    1.650200e-04
1.987054e+01    1.654949e-04
1.988276e+01    1.659358e-04
1.989497e+01    1.663416e-04
1.990718e+01    1.667247e-04
1.991939e+01    1.670746e-04
1.993161e+01    1.673926e-04
1.994382e+01    1.676816e-04
1.995603e+01    1.679372e-04
1.996825e+01    1.681646e-04
1.998046e+01    1.683668e-04
1.999267e+01    1.685365e-04
2.000488e+01    1.686747e-04
2.001710e+01    1.687860e-04
2.002931e+01    1.688680e-04
2.004152e+01    1.689187e-04
2.005374e+01    1.689348e-04
2.006595e+01    1.689234e-04
2.007816e+01    1.688808e-04
2.009038e+01    1.688047e-04
2.010259e+01    1.686995e-04
2.011480e+01    1.685652e-04
2.012702e+01    1.683929e-04
2.013923e+01    1.681870e-04
2.015144e+01    1.679469e-04
2.016365e+01    1.676734e-04
2.017587e+01    1.673608e-04
2.018808e+01    1.670163e-04
2.020029e+01    1.666333e-04
2.021251e+01    1.662098e-04
2.022472e+01    1.657480e-04
2.023693e+01    1.652470e-04
2.024915e+01    1.647027e-04
2.026136e+01    1.641178e-04
2.027357e+01    1.634905e-04
2.028578e+01    1.628204e-04
2.029800e+01    1.621014e-04
2.031021e+01    1.613386e-04
2.032242e+01    1.605292e-04
2.033464e+01    1.596703e-04
2.034685e+01    1.587646e-04
2.035906e+01    1.578086e-04
2.037127e+01    1.567937e-04
2.038349e+01    1.557359e-04
2.039570e+01    1.546194e-04
2.040791e+01    1.534497e-04
2.042013e+01    1.522229e-04
2.043234e+01    1.509392e-04
2.044455e+01    1.496000e-04
2.045677e+01    1.482005e-04
2.046898e+01    1.467398e-04
2.048119e+01    1.452190e-04
2.049340e+01    1.436375e-04
2.050562e+01    1.419873e-04
2.051783e+01    1.402855e-04
2.053004e+01    1.385111e-04
2.054226e+01    1.366737e-04
2.055447e+01    1.347685e-04
2.056668e+01    1.327999e-04
2.057890e+01    1.307631e-04
2.059111e+01    1.286605e-04
2.060332e+01    1.264871e-04
2.061554e+01    1.242406e-04
2.062775e+01    1.219295e-04
2.063996e+01    1.195481e-04
2.065217e+01    1.170964e-04
2.066439e+01    1.145760e-04
2.067660e+01    1.119919e-04
2.068881e+01    1.093201e-04
2.070103e+01    1.065888e-04
2.071324e+01    1.037846e-04
2.072545e+01    1.009116e-04
2.073767e+01    9.796839e-05
2.074988e+01    9.495728e-05
2.076209e+01    9.187241e-05
2.077430e+01    8.872217e-05
2.078652e+01    8.550272e-05
2.079873e+01    8.221295e-05
2.081094e+01    7.885191e-05
2.082316e+01    7.543707e-05
2.083537e+01    7.195208e-05
2.084758e+01    6.840268e-05
2.085979e+01    6.478350e-05
2.087201e+01    6.110608e-05
2.088422e+01    5.736623e-05
2.089643e+01    5.357065e-05
2.090865e+01    4.970987e-05
2.092086e+01    4.579370e-05
2.093307e+01    4.182321e-05
2.094529e+01    3.779893e-05
2.095750e+01    3.372150e-05
2.096971e+01    2.959524e-05
2.098192e+01    2.541964e-05
2.099414e+01    2.119773e-05
2.100635e+01    1.692789e-05
2.101856e+01    1.262044e-05
2.103078e+01    8.271785e-06
2.104299e+01    3.879592e-06
2.105520e+01    -5.426045e-07
2.106742e+01    -5.000817e-06
2.107963e+01    -9.489158e-06
2.109184e+01    -1.400443e-05
2.110406e+01    -1.854671e-05
2.111627e+01    -2.311813e-05
2.112848e+01    -2.769889e-05
2.114069e+01    -3.230105e-05
2.115291e+01    -3.691892e-05
2.116512e+01    -4.154534e-05
2.117733e+01    -4.618722e-05
2.118955e+01    -5.083168e-05
2.120176e+01    -5.547741e-05
2.121397e+01    -6.012460e-05
2.122618e+01    -6.476826e-05
2.123840e+01    -6.940318e-05
2.125061e+01    -7.403160e-05
2.126282e+01    -7.864283e-05
2.127504e+01    -8.324010e-05
2.128725e+01    -8.781440e-05
2.129946e+01    -9.237332e-05
2.131168e+01    -9.690238e-05
2.132389e+01    -1.014024e-04
2.133610e+01    -1.058684e-04
2.134831e+01    -1.102988e-04
2.136053e+01    -1.146896e-04
2.137274e+01    -1.190375e-04
2.138495e+01    -1.233414e-04
2.139717e+01    -1.275960e-04
2.140938e+01    -1.317927e-04
2.142159e+01    -1.359396e-04
2.143381e+01    -1.400218e-04
2.144602e+01    -1.440455e-04
2.145823e+01    -1.480022e-04
2.147044e+01    -1.518893e-04
2.148266e+01    -1.557088e-04
2.149487e+01    -1.594494e-04
2.150708e+01    -1.631110e-04
2.151930e+01    -1.666968e-04
2.153151e+01    -1.701945e-04
2.154372e+01    -1.736052e-04
2.155593e+01    -1.769277e-04
2.156815e+01    -1.801566e-04
2.158036e+01    -1.832917e-04
2.159258e+01    -1.863291e-04
2.160479e+01    -1.892652e-04
2.161700e+01    -1.920968e-04
2.162921e+01    -1.948268e-04
2.164143e+01    -1.974459e-04
2.165364e+01    -1.999564e-04
2.166585e+01    -2.023543e-04
2.167807e+01    -2.046381e-04
2.169028e+01    -2.068056e-04
2.170249e+01    -2.088561e-04
2.171470e+01    -2.107842e-04
2.172692e+01    -2.125999e-04
2.173913e+01    -2.142754e-04
2.175134e+01    -2.158358e-04
2.176356e+01    -2.172648e-04
2.177577e+01    -2.185734e-04
2.178798e+01    -2.197479e-04
2.180020e+01    -2.207925e-04
2.181241e+01    -2.217091e-04
2.182462e+01    -2.224907e-04
2.183683e+01    -2.231415e-04
2.184905e+01    -2.236593e-04
2.186126e+01    -2.240355e-04
2.187347e+01    -2.242877e-04
2.188569e+01    -2.244020e-04
2.189790e+01    -2.243764e-04
2.191011e+01    -2.242206e-04
2.192233e+01    -2.239283e-04
2.193454e+01    -2.234983e-04
2.194675e+01    -2.229353e-04
2.195897e+01    -2.222360e-04
2.197118e+01    -2.214038e-04
2.198339e+01    -2.204391e-04
2.199560e+01    -2.193394e-04
2.200782e+01    -2.181058e-04
2.202003e+01    -2.167420e-04
2.203224e+01    -2.152548e-04
2.204445e+01    -2.136255e-04
2.205667e+01    -2.118738e-04
2.206888e+01    -2.099888e-04
2.208109e+01    -2.079901e-04
2.209331e+01    -2.058620e-04
2.210552e+01    -2.036111e-04
2.211773e+01    -2.012391e-04
2.212995e+01    -1.987465e-04
2.214216e+01    -1.961408e-04
2.215437e+01    -1.934141e-04
2.216659e+01    -1.905779e-04
2.217880e+01    -1.876309e-04
2.219101e+01    -1.845735e-04
2.220322e+01    -1.814133e-04
2.221544e+01    -1.781433e-04
2.222765e+01    -1.747784e-04
2.223986e+01    -1.713061e-04
2.225208e+01    -1.677421e-04
2.226429e+01    -1.640866e-04
2.227650e+01    -1.603357e-04
2.228872e+01    -1.564980e-04
2.230093e+01    -1.525780e-04
2.231314e+01    -1.485698e-04
2.232535e+01    -1.444851e-04
2.233757e+01    -1.403223e-04
2.234978e+01    -1.360894e-04
2.236199e+01    -1.317839e-04
2.237421e+01    -1.274124e-04
2.238642e+01    -1.229737e-04
2.239863e+01    -1.184729e-04
2.241084e+01    -1.139206e-04
2.242306e+01    -1.093101e-04
2.243527e+01    -1.046498e-04
2.244748e+01    -9.993929e-05
2.245970e+01    -9.518740e-05
2.247191e+01    -9.039087e-05
2.248412e+01    -8.556050e-05
2.249634e+01    -8.069488e-05
2.250855e+01    -7.579740e-05
2.252076e+01    -7.087158e-05
2.253297e+01    -6.592000e-05
2.254519e+01    -6.095628e-05
2.255740e+01    -5.595869e-05
2.256961e+01    -5.095394e-05
2.258183e+01    -4.594022e-05
2.259404e+01    -4.091903e-05
2.260625e+01    -3.588895e-05
2.261847e+01    -3.085716e-05
2.263068e+01    -2.583273e-05
2.264289e+01    -2.080560e-05
2.265511e+01    -1.579075e-05
2.266732e+01    -1.078515e-05
2.267953e+01    -5.793874e-06
2.269174e+01    -8.214265e-07
2.270396e+01    4.136615e-06
2.271617e+01    9.065145e-06
2.272838e+01    1.397176e-05
2.274060e+01    1.885052e-05
2.275281e+01    2.369806e-05
2.276502e+01    2.851037e-05
2.277724e+01    3.328940e-05
2.278945e+01    3.802835e-05
2.280166e+01    4.272591e-05
2.281387e+01    4.737792e-05
2.282609e+01    5.198672e-05
2.283830e+01    5.654630e-05
2.285051e+01    6.105570e-05
2.286273e+01    6.550996e-05
2.287494e+01    6.991194e-05
2.288715e+01    7.425720e-05
2.289936e+01    7.854609e-05
2.291158e+01    8.277112e-05
2.292379e+01    8.693576e-05
2.293600e+01    9.103643e-05
2.294822e+01    9.507147e-05
2.296043e+01    9.903923e-05
2.297264e+01    1.029389e-04
2.298486e+01    1.067717e-04
2.299707e+01    1.105285e-04
2.300928e+01    1.142181e-04
2.302150e+01    1.178280e-04
2.303371e+01    1.213692e-04
2.304592e+01    1.248334e-04
2.305813e+01    1.282198e-04
2.307035e+01    1.315321e-04
2.308256e+01    1.347645e-04
2.309477e+01    1.379197e-04
2.310699e+01    1.409909e-04
2.311920e+01    1.439905e-04
2.313141e+01    1.469025e-04
2.314363e+01    1.497361e-04
2.315584e+01    1.524914e-04
2.316805e+01    1.551641e-04
2.318026e+01    1.577538e-04
2.319248e+01    1.602623e-04
2.320469e+01    1.626925e-04
2.321690e+01    1.650384e-04
2.322912e+01    1.673049e-04
2.324133e+01    1.694898e-04
2.325354e+01    1.715911e-04
2.326575e+01    1.736137e-04
2.327797e+01    1.755575e-04
2.329018e+01    1.774173e-04
2.330239e+01    1.792014e-04
2.331461e+01    1.809040e-04
2.332682e+01    1.825298e-04
2.333903e+01    1.840777e-04
2.335125e+01    1.855457e-04
2.336346e+01    1.869363e-04
2.337567e+01    1.882538e-04
2.338788e+01    1.894934e-04
2.340010e+01    1.906586e-04
2.341231e+01    1.917510e-04
2.342452e+01    1.927732e-04
2.343674e+01    1.937164e-04
2.344895e+01    1.945918e-04
2.346116e+01    1.953935e-04
2.347338e+01    1.961317e-04
2.348559e+01    1.967979e-04
2.349780e+01    1.973954e-04
2.351002e+01    1.979246e-04
2.352223e+01    1.983922e-04
2.353444e+01    1.987944e-04
2.354665e+01    1.991292e-04
2.355887e+01    1.994083e-04
2.357108e+01    1.996163e-04
2.358329e+01    1.997660e-04
2.359550e+01    1.998569e-04
2.360772e+01    1.998923e-04
2.361993e+01    1.998662e-04
2.363214e+01    1.997889e-04
2.364436e+01    1.996466e-04
2.365657e+01    1.994543e-04
2.366878e+01    1.992078e-04
2.368100e+01    1.989083e-04
2.369321e+01    1.985557e-04
2.370542e+01    1.981524e-04
2.371764e+01    1.977014e-04
2.372985e+01    1.971957e-04
2.374206e+01    1.966475e-04
2.375427e+01    1.960493e-04
2.376649e+01    1.954011e-04
2.377870e+01    1.947132e-04
2.379091e+01    1.939752e-04
2.380313e+01    1.931983e-04
2.381534e+01    1.923706e-04
2.382755e+01    1.915053e-04
2.383977e+01    1.905970e-04
2.385198e+01    1.896490e-04
2.386419e+01    1.886554e-04
2.387640e+01    1.876233e-04
2.388862e+01    1.865509e-04
2.390083e+01    1.854388e-04
2.391304e+01    1.842877e-04
2.392526e+01    1.830995e-04
2.393747e+01    1.818735e-04
2.394968e+01    1.806087e-04
2.396189e+01    1.793077e-04
2.397411e+01    1.779706e-04
2.398632e+01    1.766003e-04
2.399854e+01    1.751849e-04
2.401075e+01    1.737375e-04
2.402296e+01    1.722575e-04
2.403517e+01    1.707380e-04
2.404739e+01    1.691874e-04
2.405960e+01    1.676004e-04
2.407181e+01    1.659835e-04
2.408403e+01    1.643194e-04
2.409624e+01    1.626287e-04
2.410845e+01    1.608999e-04
2.412066e+01    1.591389e-04
2.413288e+01    1.573408e-04
2.414509e+01    1.555089e-04
2.415730e+01    1.536428e-04
2.416952e+01    1.517472e-04
2.418173e+01    1.498059e-04
2.419394e+01    1.478357e-04
2.420616e+01    1.458287e-04
2.421837e+01    1.437883e-04
2.423058e+01    1.417111e-04
2.424279e+01    1.396092e-04
2.425501e+01    1.374502e-04
2.426722e+01    1.352669e-04
2.427943e+01    1.330458e-04
2.429165e+01    1.307932e-04
2.430386e+01    1.285001e-04
2.431607e+01    1.261708e-04
2.432829e+01    1.238022e-04
2.434050e+01    1.214025e-04
2.435271e+01    1.189644e-04
2.436492e+01    1.164857e-04
2.437714e+01    1.139686e-04
2.438935e+01    1.114178e-04
2.440156e+01    1.088309e-04
2.441378e+01    1.062040e-04
2.442599e+01    1.035370e-04
2.443820e+01    1.008371e-04
2.445041e+01    9.809647e-05
2.446263e+01    9.531590e-05
2.447484e+01    9.249971e-05
2.448705e+01    8.964274e-05
2.449927e+01    8.675177e-05
2.451148e+01    8.382191e-05
2.452369e+01    8.085032e-05
2.453591e+01    7.784280e-05
2.454812e+01    7.479788e-05
2.456033e+01    7.171547e-05
2.457255e+01    6.859325e-05
2.458476e+01    6.543510e-05
2.459697e+01    6.223800e-05
2.460918e+01    5.900705e-05
2.462140e+01    5.574136e-05
2.463361e+01    5.243670e-05
2.464582e+01    4.908926e-05
2.465804e+01    4.571733e-05
2.467025e+01    4.230606e-05
2.468246e+01    3.885838e-05
2.469468e+01    3.537954e-05
2.470689e+01    3.186682e-05
2.471910e+01    2.831900e-05
2.473131e+01    2.474001e-05
2.474353e+01    2.113048e-05
2.475574e+01    1.749125e-05
2.476795e+01    1.381934e-05
2.478017e+01    1.012054e-05
2.479238e+01    6.392216e-06
2.480459e+01    2.637007e-06
2.481680e+01    -1.146815e-06
2.482902e+01    -4.950205e-06
2.484123e+01    -8.781048e-06
2.485344e+01    -1.263437e-05
2.486566e+01    -1.650976e-05
2.487787e+01    -2.040881e-05
2.489008e+01    -2.432211e-05
2.490230e+01    -2.826047e-05
2.491451e+01    -3.220987e-05
2.492672e+01    -3.617561e-05
2.493893e+01    -4.015573e-05
2.495115e+01    -4.414913e-05
2.496336e+01    -4.815524e-05
2.497557e+01    -5.217002e-05
2.498779e+01    -5.618947e-05
2.500000e+01    -6.022248e-05
