0.000000e+00    -2.489027e+00
1.221299e-02    -2.487799e+00
2.442599e-02    -2.484120e+00
3.663898e-02    -2.478003e+00
4.885198e-02    -2.469469e+00
6.106497e-02    -2.458546e+00
7.327797e-02    -2.445275e+00
8.549096e-02    -2.429701e+00
9.770396e-02    -2.411876e+00
1.099169e-01    -2.391864e+00
1.221299e-01    -2.369733e+00
1.343429e-01    -2.345557e+00
1.465559e-01    -2.319419e+00
1.587689e-01    -2.291408e+00
1.709819e-01    -2.261616e+00
1.831949e-01    -2.230144e+00
1.954079e-01    -2.197095e+00
2.076209e-01    -2.162576e+00
2.198339e-01    -2.126701e+00
2.320469e-01    -2.089584e+00
2.442599e-01    -2.051342e+00
2.564729e-01    -2.012095e+00
2.686859e-01    -1.971966e+00
2.808989e-01    -1.931077e+00
2.931119e-01    -1.889549e+00
3.053249e-01    -1.847508e+00
3.175378e-01    -1.805076e+00
3.297509e-01    -1.762373e+00
3.419639e-01    -1.719521e+00
3.541768e-01    -1.676637e+00
3.663898e-01    -1.633837e+00
3.786028e-01    -1.591233e+00
3.908158e-01    -1.548935e+00
4.030288e-01    -1.507050e+00
4.152418e-01    -1.465678e+00
4.274548e-01    -1.424917e+00
4.396678e-01    -1.384859e+00
4.518808e-01    -1.345594e+00
4.640938e-01    -1.307202e+00
4.763068e-01    -1.269762e+00
4.885198e-01    -1.233345e+00
5.007328e-01    -1.198017e+00
5.129458e-01    -1.163839e+00
5.251588e-01    -1.130865e+00
5.373718e-01    -1.099143e+00
5.495847e-01    -1.068715e+00
5.617977e-01    -1.039619e+00
5.740107e-01    -1.011885e+00
5.862237e-01    -9.855372e-01
5.984367e-01    -9.605953e-01
6.106497e-01    -9.370726e-01
6.228627e-01    -9.149773e-01
6.350757e-01    -8.943116e-01
6.472887e-01    -8.750731e-01
6.595017e-01    -8.572544e-01
6.717147e-01    -8.408432e-01
6.839277e-01    -8.258228e-01
6.961407e-01    -8.121721e-01
7.083537e-01    -7.998661e-01
7.205667e-01    -7.888760e-01
7.327797e-01    -7.791693e-01
7.449927e-01    -7.707107e-01
7.572057e-01    -7.634616e-01
7.694187e-01    -7.573806e-01
7.816316e-01    -7.524246e-01
7.938446e-01    -7.485476e-01
8.060576e-01    -7.457023e-01
8.182706e-01    -7.438395e-01
8.304836e-01    -7.429088e-01
8.426966e-01    -7.428589e-01
8.549096e-01    -7.436378e-01
8.671226e-01    -7.451926e-01
8.793356e-01    -7.474706e-01
8.915486e-01    -7.504187e-01
9.037616e-01    -7.539839e-01
9.159746e-01    -7.581139e-01
9.281876e-01    -7.627568e-01
9.404006e-01    -7.678613e-01
9.526136e-01    -7.733775e-01
9.648266e-01    -7.792561e-01
9.770396e-01    -7.854492e-01
9.892526e-01    -7.919104e-01
1.001466e+00    -7.985947e-01
1.013679e+00    -8.054583e-01
1.025892e+00    -8.124600e-01
1.038105e+00    -8.195596e-01
1.050318e+00    -8.267189e-01
1.062531e+00    -8.339016e-01
1.074744e+00    -8.410738e-01
1.086957e+00    -8.482029e-01
1.099169e+00    -8.552586e-01
1.111382e+00    -8.622127e-01
1.123595e+00    -8.690391e-01
1.135808e+00    -8.757131e-01
1.148021e+00    -8.822129e-01
1.160234e+00    -8.885179e-01
1.172447e+00    -8.946100e-01
1.184660e+00    -9.004725e-01
1.196873e+00    -9.060909e-01
1.209086e+00    -9.114522e-01
1.221299e+00    -9.165456e-01
1.233512e+00    -9.213615e-01
1.245725e+00    -9.258922e-01
1.257938e+00    -9.301314e-01
1.270151e+00    -9.340743e-01
1.282364e+00    -9.377175e-01
1.294577e+00    -9.410588e-01
1.306790e+00    -9.440975e-01
1.319003e+00    -9.468338e-01
1.331216e+00    -9.492691e-01
1.343429e+00    -9.514056e-01
1.355642e+00    -9.532467e-01
1.367855e+00    -9.547963e-01
1.380068e+00    -9.560593e-01
1.392281e+00    -9.570412e-01
1.404494e+00    -9.577480e-01
1.416707e+00    -9.581862e-01
1.428920e+00    -9.583631e-01
1.441133e+00    -9.582856e-01
1.453346e+00    -9.579619e-01
1.465559e+00    -9.573995e-01
1.477772e+00    -9.566069e-01
1.489985e+00    -9.555924e-01
1.502198e+00    -9.543640e-01
1.514411e+00    -9.529302e-01
1.526624e+00    -9.512993e-01
1.538837e+00    -9.494796e-01
1.551050e+00    -9.474794e-01
1.563263e+00    -9.453065e-01
1.575476e+00    -9.429687e-01
1.587689e+00    -9.404740e-01
1.599902e+00    -9.378294e-01
1.612115e+00    -9.350421e-01
1.624328e+00    -9.321191e-01
1.636541e+00    -9.290670e-01
1.648754e+00    -9.258916e-01
1.660967e+00    -9.225996e-01
1.673180e+00    -9.191961e-01
1.685393e+00    -9.156865e-01
1.697606e+00    -9.120760e-01
1.709819e+00    -9.083689e-01
1.722032e+00    -9.045697e-01
1.734245e+00    -9.006823e-01
1.746458e+00    -8.967105e-01
1.758671e+00    -8.926573e-01
1.770884e+00    -8.885262e-01
1.783097e+00    -8.843196e-01
1.795310e+00    -8.800403e-01
1.807523e+00    -8.756901e-01
1.819736e+00    -8.712712e-01
1.831949e+00    -8.667852e-01
1.844162e+00    -8.622336e-01
1.856375e+00    -8.576178e-01
1.868588e+00    -8.529387e-01
1.880801e+00    -8.481973e-01
1.893014e+00    -8.433943e-01
1.905227e+00    -8.385302e-01
1.917440e+00    -8.336056e-01
1.929653e+00    -8.286210e-01
1.941866e+00    -8.235763e-01
1.954079e+00    -8.184721e-01
1.966292e+00    -8.133082e-01
1.978505e+00    -8.080847e-01
1.990718e+00    -8.028020e-01
2.002931e+00    -7.974599e-01
2.015144e+00    -7.920582e-01
2.027357e+00    -7.865973e-01
2.039570e+00    -7.810770e-01
2.051783e+00    -7.754976e-01
2.063996e+00    -7.698591e-01
2.076209e+00    -7.641616e-01
2.088422e+00    -7.584055e-01
2.100635e+00    -7.525911e-01
2.112848e+00    -7.467187e-01
2.125061e+00    -7.407886e-01
2.137274e+00    -7.348017e-01
2.149487e+00    -7.287583e-01
2.161700e+00    -7.226593e-01
2.173913e+00    -7.165055e-01
2.186126e+00    -7.102977e-01
2.198339e+00    -7.040371e-01
2.210552e+00    -6.977247e-01
2.222765e+00    -6.913616e-01
2.234978e+00    -6.849495e-01
2.247191e+00    -6.784894e-01
2.259404e+00    -6.719830e-01
2.271617e+00    -6.654319e-01
2.283830e+00    -6.588379e-01
2.296043e+00    -6.522026e-01
2.308256e+00    -6.455280e-01
2.320469e+00    -6.388159e-01
2.332682e+00    -6.320686e-01
2.344895e+00    -6.252879e-01
2.357108e+00    -6.184762e-01
2.369321e+00    -6.116356e-01
2.381534e+00    -6.047685e-01
2.393747e+00    -5.978773e-01
2.405960e+00    -5.909641e-01
2.418173e+00    -5.840316e-01
2.430386e+00    -5.770822e-01
2.442599e+00    -5.701184e-01
2.454812e+00    -5.631427e-01
2.467025e+00    -5.561576e-01
2.479238e+00    -5.491657e-01
2.491451e+00    -5.421696e-01
2.503664e+00    -5.351718e-01
2.515877e+00    -5.281748e-01
2.528090e+00    -5.211813e-01
2.540303e+00    -5.141938e-01
2.552516e+00    -5.072147e-01
2.564729e+00    -5.002466e-01
2.576942e+00    -4.932920e-01
2.589155e+00    -4.863532e-01
2.601368e+00    -4.794328e-01
2.613581e+00    -4.725328e-01
2.625794e+00    -4.656561e-01
2.638007e+00    -4.588046e-01
2.650220e+00    -4.519807e-01
2.662433e+00    -4.451863e-01
2.674646e+00    -4.384240e-01
2.686859e+00    -4.316955e-01
2.699072e+00    -4.250028e-01
2.711285e+00    -4.183482e-01
2.723498e+00    -4.117333e-01
2.735711e+00    -4.051601e-01
2.747924e+00    -3.986304e-01
2.760137e+00    -3.921458e-01
2.772350e+00    -3.857080e-01
2.784563e+00    -3.793186e-01
2.796776e+00    -3.729792e-01
2.808989e+00    -3.666912e-01
2.821202e+00    -3.604560e-01
2.833415e+00    -3.542749e-01
2.845628e+00    -3.481494e-01
2.857841e+00    -3.420804e-01
2.870054e+00    -3.360691e-01
2.882267e+00    -3.301167e-01
2.894480e+00    -3.242244e-01
2.906693e+00    -3.183928e-01
2.918906e+00    -3.126229e-01
2.931119e+00    -3.069157e-01
2.943332e+00    -3.012719e-01
2.955545e+00    -2.956922e-01
2.967758e+00    -2.901774e-01
2.979971e+00    -2.847281e-01
2.992184e+00    -2.793447e-01
3.004397e+00    -2.740279e-01
3.016610e+00    -2.687782e-01
3.028823e+00    -2.635959e-01
3.041036e+00    -2.584815e-01
3.053249e+00    -2.534353e-01
3.065462e+00    -2.484575e-01
3.077675e+00    -2.435485e-01
3.089888e+00    -2.387085e-01
3.102101e+00    -2.339375e-01
3.114314e+00    -2.292358e-01
3.126527e+00    -2.246035e-01
3.138740e+00    -2.200406e-01
3.150953e+00    -2.155471e-01
3.163166e+00    -2.111230e-01
3.175379e+00    -2.067684e-01
3.187592e+00    -2.024829e-01
3.199805e+00    -1.982668e-01
3.212018e+00    -1.941197e-01
3.224231e+00    -1.900415e-01
3.236444e+00    -1.860320e-01
3.248657e+00    -1.820911e-01
3.260870e+00    -1.782184e-01
3.273082e+00    -1.744137e-01
3.285295e+00    -1.706766e-01
3.297508e+00    -1.670070e-01
3.309721e+00    -1.634044e-01
3.321934e+00    -1.598685e-01
3.334147e+00    -1.563989e-01
3.346360e+00    -1.529952e-01
3.358573e+00    -1.496569e-01
3.370786e+00    -1.463837e-01
3.382999e+00    -1.431750e-01
3.395212e+00    -1.400304e-01
3.407425e+00    -1.369494e-01
3.419638e+00    -1.339314e-01
3.431851e+00    -1.309759e-01
3.444064e+00    -1.280824e-01
3.456277e+00    -1.252504e-01
3.468490e+00    -1.224791e-01
3.480703e+00    -1.197680e-01
3.492916e+00    -1.171165e-01
3.505129e+00    -1.145240e-01
3.517342e+00    -1.119898e-01
3.529555e+00    -1.095133e-01
3.541768e+00    -1.070937e-01
3.553981e+00    -1.047305e-01
3.566194e+00    -1.024229e-01
3.578407e+00    -1.001702e-01
3.590620e+00    -9.797163e-02
3.602833e+00    -9.582655e-02
3.615046e+00    -9.373421e-02
3.627259e+00    -9.169383e-02
3.639472e+00    -8.970467e-02
3.651685e+00    -8.776592e-02
3.663898e+00    -8.587688e-02
3.676111e+00    -8.403671e-02
3.688324e+00    -8.224465e-02
3.700537e+00    -8.049989e-02
3.712750e+00    -7.880166e-02
3.724963e+00    -7.714909e-02
3.737176e+00    -7.554141e-02
3.749389e+00    -7.397780e-02
3.761602e+00    -7.245743e-02
3.773815e+00    -7.097948e-02
3.786028e+00    -6.954313e-02
3.798241e+00    -6.814755e-02
3.810454e+00    -6.679191e-02
3.822667e+00    -6.547537e-02
3.834880e+00    -6.419711e-02
3.847093e+00    -6.295630e-02
3.859306e+00    -6.175212e-02
3.871519e+00    -6.058373e-02
3.883732e+00    -5.945031e-02
3.895945e+00    -5.835105e-02
3.908158e+00    -5.728512e-02
3.920371e+00    -5.625169e-02
3.932584e+00    -5.524998e-02
3.944797e+00    -5.427917e-02
3.957010e+00    -5.333848e-02
3.969223e+00    -5.242708e-02
3.981436e+00    -5.154422e-02
3.993649e+00    -5.068910e-02
4.005862e+00    -4.986097e-02
4.018075e+00    -4.905904e-02
4.030288e+00    -4.828256e-02
4.042501e+00    -4.753081e-02
4.054714e+00    -4.680301e-02
4.066927e+00    -4.609849e-02
4.079140e+00    -4.541648e-02
4.091353e+00    -4.475632e-02
4.103566e+00    -4.411727e-02
4.115779e+00    -4.349870e-02
4.127992e+00    -4.289988e-02
4.140205e+00    -4.232022e-02
4.152418e+00    -4.175900e-02
4.164631e+00    -4.121564e-02
4.176844e+00    -4.068948e-02
4.189057e+00    -4.017993e-02
4.201270e+00    -3.968643e-02
4.213483e+00    -3.920833e-02
4.225696e+00    -3.874512e-02
4.237909e+00    -3.829620e-02
4.250122e+00    -3.786108e-02
4.262335e+00    -3.743916e-02
4.274548e+00    -3.703000e-02
4.286761e+00    -3.663306e-02
4.298974e+00    -3.624788e-02
4.311187e+00    -3.587395e-02
4.323400e+00    -3.551088e-02
4.335613e+00    -3.515815e-02
4.347826e+00    -3.481540e-02
4.360039e+00    -3.448217e-02
4.372252e+00    -3.415809e-02
4.384465e+00    -3.384275e-02
4.396678e+00    -3.353580e-02
4.408891e+00    -3.323685e-02
4.421104e+00    -3.294560e-02
4.433317e+00    -3.266168e-02
4.445530e+00    -3.238480e-02
4.457743e+00    -3.211464e-02
4.469956e+00    -3.185091e-02
4.482169e+00    -3.159334e-02
4.494382e+00    -3.134165e-02
4.506595e+00    -3.109559e-02
4.518808e+00    -3.085494e-02
4.531021e+00    -3.061944e-02
4.543234e+00    -3.038890e-02
4.555447e+00    -3.016309e-02
4.567660e+00    -2.994182e-02
4.579873e+00    -2.972492e-02
4.592086e+00    -2.951222e-02
4.604299e+00    -2.930354e-02
4.616512e+00    -2.909874e-02
4.628725e+00    -2.889767e-02
4.640938e+00    -2.870019e-02
4.653151e+00    -2.850621e-02
4.665364e+00    -2.831558e-02
4.677577e+00    -2.812821e-02
4.689790e+00    -2.794401e-02
4.702003e+00    -2.776289e-02
4.714216e+00    -2.758475e-02
4.726429e+00    -2.740954e-02
4.738642e+00    -2.723719e-02
4.750855e+00    -2.706763e-02
4.763068e+00    -2.690081e-02
4.775281e+00    -2.673670e-02
4.787494e+00    -2.657524e-02
4.799707e+00    -2.641642e-02
4.811920e+00    -2.626020e-02
4.824133e+00    -2.610655e-02
4.836346e+00    -2.595546e-02
4.848559e+00    -2.580692e-02
4.860772e+00    -2.566090e-02
4.872985e+00    -2.551742e-02
4.885198e+00    -2.537647e-02
4.897411e+00    -2.523805e-02
4.909624e+00    -2.510216e-02
4.921837e+00    -2.496882e-02
4.934050e+00    -2.483804e-02
4.946263e+00    -2.470982e-02
4.958476e+00    -2.458420e-02
4.970689e+00    -2.446116e-02
4.982902e+00    -2.434076e-02
4.995115e+00    -2.422299e-02
5.007328e+00    -2.410789e-02
5.019541e+00    -2.399546e-02
5.031754e+00    -2.388575e-02
5.043967e+00    -2.377877e-02
5.056180e+00    -2.367454e-02
5.068393e+00    -2.357309e-02
5.080606e+00    -2.347444e-02
5.092819e+00    -2.337862e-02
5.105031e+00    -2.328564e-02
5.117245e+00    -2.319552e-02
5.129457e+00    -2.310830e-02
5.141671e+00    -2.302399e-02
5.153883e+00    -2.294260e-02
5.166097e+00    -2.286414e-02
5.178309e+00    -2.278865e-02
5.190523e+00    -2.271613e-02
5.202735e+00    -2.264659e-02
5.214949e+00    -2.258004e-02
5.227162e+00    -2.251648e-02
5.239375e+00    -2.245593e-02
5.251588e+00    -2.239838e-02
5.263801e+00    -2.234383e-02
5.276014e+00    -2.229228e-02
5.288227e+00    -2.224374e-02
5.300440e+00    -2.219817e-02
5.312653e+00    -2.215557e-02
5.324866e+00    -2.211595e-02
5.337079e+00    -2.207925e-02
5.349292e+00    -2.204549e-02
5.361505e+00    -2.201461e-02
5.373718e+00    -2.198661e-02
5.385931e+00    -2.196145e-02
5.398144e+00    -2.193911e-02
5.410357e+00    -2.191952e-02
5.422570e+00    -2.190268e-02
5.434783e+00    -2.188852e-02
5.446996e+00    -2.187700e-02
5.459208e+00    -2.186807e-02
5.471422e+00    -2.186168e-02
5.483634e+00    -2.185778e-02
5.495848e+00    -2.185630e-02
5.508060e+00    -2.185718e-02
5.520274e+00    -2.186035e-02
5.532486e+00    -2.186575e-02
5.544700e+00    -2.187330e-02
5.556912e+00    -2.188293e-02
5.569126e+00    -2.189455e-02
5.581338e+00    -2.190810e-02
5.593552e+00    -2.192348e-02
5.605764e+00    -2.194060e-02
5.617978e+00    -2.195940e-02
5.630190e+00    -2.197975e-02
5.642404e+00    -2.200157e-02
5.654616e+00    -2.202477e-02
5.666830e+00    -2.204923e-02
5.679042e+00    -2.207488e-02
5.691256e+00    -2.210160e-02
5.703468e+00    -2.212927e-02
5.715682e+00    -2.215781e-02
5.727894e+00    -2.218708e-02
5.740108e+00    -2.221699e-02
5.752320e+00    -2.224743e-02
5.764534e+00    -2.227827e-02
5.776746e+00    -2.230940e-02
5.788960e+00    -2.234071e-02
5.801172e+00    -2.237207e-02
5.813385e+00    -2.240336e-02
5.825598e+00    -2.243447e-02
5.837811e+00    -2.246528e-02
5.850024e+00    -2.249567e-02
5.862237e+00    -2.252551e-02
5.874450e+00    -2.255468e-02
5.886663e+00    -2.258307e-02
5.898876e+00    -2.261055e-02
5.911089e+00    -2.263698e-02
5.923302e+00    -2.266226e-02
5.935515e+00    -2.268627e-02
5.947728e+00    -2.270888e-02
5.959941e+00    -2.272998e-02
5.972154e+00    -2.274944e-02
5.984367e+00    -2.276714e-02
5.996580e+00    -2.278297e-02
6.008793e+00    -2.279683e-02
6.021006e+00    -2.280857e-02
6.033219e+00    -2.281811e-02
6.045432e+00    -2.282531e-02
6.057645e+00    -2.283010e-02
6.069858e+00    -2.283232e-02
6.082071e+00    -2.283191e-02
6.094284e+00    -2.282874e-02
6.106497e+00    -2.282273e-02
6.118710e+00    -2.281376e-02
6.130923e+00    -2.280174e-02
6.143136e+00    -2.278658e-02
6.155349e+00    -2.276818e-02
6.167562e+00    -2.274647e-02
6.179775e+00    -2.272134e-02
6.191988e+00    -2.269273e-02
6.204201e+00    -2.266055e-02
6.216414e+00    -2.262471e-02
6.228627e+00    -2.258516e-02
6.240840e+00    -2.254182e-02
6.253053e+00    -2.249461e-02
6.265266e+00    -2.244349e-02
6.277479e+00    -2.238839e-02
6.289692e+00    -2.232925e-02
6.301905e+00    -2.226602e-02
6.314118e+00    -2.219866e-02
6.326331e+00    -2.212711e-02
6.338544e+00    -2.205133e-02
6.350757e+00    -2.197130e-02
6.362970e+00    -2.188696e-02
6.375183e+00    -2.179830e-02
6.387396e+00    -2.170530e-02
6.399609e+00    -2.160791e-02
6.411822e+00    -2.150613e-02
6.424035e+00    -2.139995e-02
6.436248e+00    -2.128934e-02
6.448461e+00    -2.117432e-02
6.460674e+00    -2.105488e-02
6.472887e+00    -2.093101e-02
6.485100e+00    -2.080273e-02
6.497313e+00    -2.067003e-02
6.509526e+00    -2.053294e-02
6.521739e+00    -2.039149e-02
6.533952e+00    -2.024567e-02
6.546165e+00    -2.009553e-02
6.558378e+00    -1.994109e-02
6.570591e+00    -1.978238e-02
6.582804e+00    -1.961944e-02
6.595017e+00    -1.945232e-02
6.607230e+00    -1.928105e-02
6.619443e+00    -1.910569e-02
6.631656e+00    -1.892628e-02
6.643869e+00    -1.874288e-02
6.656082e+00    -1.855554e-02
6.668295e+00    -1.836435e-02
6.680508e+00    -1.816934e-02
6.692721e+00    -1.797060e-02
6.704934e+00    -1.776821e-02
6.717147e+00    -1.756220e-02
6.729360e+00    -1.735268e-02
6.741573e+00    -1.713974e-02
6.753786e+00    -1.692345e-02
6.765999e+00    -1.670390e-02
6.778212e+00    -1.648116e-02
6.790425e+00    -1.625535e-02
6.802638e+00    -1.602653e-02
6.814851e+00    -1.579483e-02
6.827064e+00    -1.556032e-02
6.839277e+00    -1.532313e-02
6.851490e+00    -1.508333e-02
6.863703e+00    -1.484105e-02
6.875916e+00    -1.459638e-02
6.888129e+00    -1.434943e-02
6.900342e+00    -1.410032e-02
6.912555e+00    -1.384915e-02
6.924768e+00    -1.359602e-02
6.936981e+00    -1.334107e-02
6.949194e+00    -1.308439e-02
6.961407e+00    -1.282613e-02
6.973620e+00    -1.256637e-02
6.985833e+00    -1.230524e-02
6.998046e+00    -1.204285e-02
7.010259e+00    -1.177934e-02
7.022472e+00    -1.151481e-02
7.034685e+00    -1.124939e-02
7.046898e+00    -1.098318e-02
7.059111e+00    -1.071634e-02
7.071324e+00    -1.044894e-02
7.083537e+00    -1.018113e-02
7.095750e+00    -9.913035e-03
7.107963e+00    -9.644737e-03
7.120176e+00    -9.376385e-03
7.132389e+00    -9.108104e-03
7.144602e+00    -8.839979e-03
7.156815e+00    -8.572159e-03
7.169028e+00    -8.304738e-03
7.181241e+00    -8.037849e-03
7.193454e+00    -7.771583e-03
7.205667e+00    -7.506078e-03
7.217880e+00    -7.241425e-03
7.230093e+00    -6.977746e-03
7.242306e+00    -6.715141e-03
7.254519e+00    -6.453728e-03
7.266732e+00    -6.193601e-03
7.278944e+00    -5.934874e-03
7.291158e+00    -5.677636e-03
7.303371e+00    -5.421998e-03
7.315584e+00    -5.168063e-03
7.327797e+00    -4.915914e-03
7.340010e+00    -4.665664e-03
7.352223e+00    -4.417374e-03
7.364436e+00    -4.171172e-03
7.376649e+00    -3.927116e-03
7.388862e+00    -3.685307e-03
7.401075e+00    -3.445833e-03
7.413288e+00    -3.208746e-03
7.425501e+00    -2.974147e-03
7.437714e+00    -2.742127e-03
7.449927e+00    -2.512728e-03
7.462140e+00    -2.286037e-03
7.474353e+00    -2.062112e-03
7.486566e+00    -1.841038e-03
7.498779e+00    -1.622858e-03
7.510992e+00    -1.407641e-03
7.523205e+00    -1.195439e-03
7.535418e+00    -9.863151e-04
7.547631e+00    -7.803085e-04
7.559844e+00    -5.774859e-04
7.572057e+00    -3.778665e-04
7.584270e+00    -1.815266e-04
7.596483e+00    1.151994e-05
7.608696e+00    2.012214e-04
7.620909e+00    3.875492e-04
7.633121e+00    5.704610e-04
7.645335e+00    7.499501e-04
7.657547e+00    9.259646e-04
7.669761e+00    1.098499e-03
7.681973e+00    1.267522e-03
7.694187e+00    1.433021e-03
7.706399e+00    1.594969e-03
7.718613e+00    1.753380e-03
7.730825e+00    1.908215e-03
7.743039e+00    2.059485e-03
7.755251e+00    2.207174e-03
7.767465e+00    2.351292e-03
7.779677e+00    2.491826e-03
7.791891e+00    2.628794e-03
7.804103e+00    2.762181e-03
7.816317e+00    2.892025e-03
7.828529e+00    3.018302e-03
7.840743e+00    3.141049e-03
7.852955e+00    3.260269e-03
7.865169e+00    3.375988e-03
7.877381e+00    3.488219e-03
7.889595e+00    3.596989e-03
7.901807e+00    3.702322e-03
7.914021e+00    3.804229e-03
7.926233e+00    3.902750e-03
7.938447e+00    3.997917e-03
7.950659e+00    4.089746e-03
7.962873e+00    4.178299e-03
7.975085e+00    4.263590e-03
7.987298e+00    4.345654e-03
7.999511e+00    4.424522e-03
8.011724e+00    4.500264e-03
8.023937e+00    4.572894e-03
8.036150e+00    4.642463e-03
8.048364e+00    4.709015e-03
8.060576e+00    4.772592e-03
8.072789e+00    4.833242e-03
8.085002e+00    4.891014e-03
8.097216e+00    4.945960e-03
8.109428e+00    4.998114e-03
8.121641e+00    5.047538e-03
8.133854e+00    5.094280e-03
8.146068e+00    5.138396e-03
8.158280e+00    5.179931e-03
8.170493e+00    5.218940e-03
8.182706e+00    5.255476e-03
8.194920e+00    5.289602e-03
8.207132e+00    5.321355e-03
8.219345e+00    5.350803e-03
8.231558e+00    5.377995e-03
8.243772e+00    5.402986e-03
8.255984e+00    5.425832e-03
8.268197e+00    5.446588e-03
8.280410e+00    5.465311e-03
8.292624e+00    5.482055e-03
8.304836e+00    5.496872e-03
8.317049e+00    5.509819e-03
8.329262e+00    5.520950e-03
8.341475e+00    5.530320e-03
8.353688e+00    5.537981e-03
8.365901e+00    5.543984e-03
8.378115e+00    5.548390e-03
8.390327e+00    5.551239e-03
8.402540e+00    5.552602e-03
8.414753e+00    5.552497e-03
8.426967e+00    5.551008e-03
8.439179e+00    5.548163e-03
8.451392e+00    5.544023e-03
8.463605e+00    5.538628e-03
8.475819e+00    5.532031e-03
8.488031e+00    5.524277e-03
8.500244e+00    5.515410e-03
8.512457e+00    5.505469e-03
8.524671e+00    5.494498e-03
8.536883e+00    5.482555e-03
8.549096e+00    5.469661e-03
8.561309e+00    5.455869e-03
8.573523e+00    5.441210e-03
8.585735e+00    5.425724e-03
8.597948e+00    5.409464e-03
8.610161e+00    5.392422e-03
8.622375e+00    5.374673e-03
8.634587e+00    5.356234e-03
8.646800e+00    5.337141e-03
8.659013e+00    5.317423e-03
8.671227e+00    5.297109e-03
8.683439e+00    5.276220e-03
8.695652e+00    5.254793e-03
8.707865e+00    5.232849e-03
8.720078e+00    5.210420e-03
8.732291e+00    5.187511e-03
8.744504e+00    5.164157e-03
8.756717e+00    5.140377e-03
8.768930e+00    5.116184e-03
8.781143e+00    5.091598e-03
8.793356e+00    5.066641e-03
8.805569e+00    5.041319e-03
8.817782e+00    5.015648e-03
8.829995e+00    4.989646e-03
8.842208e+00    4.963329e-03
8.854421e+00    4.936690e-03
8.866634e+00    4.909750e-03
8.878847e+00    4.882516e-03
8.891060e+00    4.854998e-03
8.903273e+00    4.827200e-03
8.915486e+00    4.799110e-03
8.927699e+00    4.770758e-03
8.939912e+00    4.742129e-03
8.952125e+00    4.713229e-03
8.964338e+00    4.684064e-03
8.976551e+00    4.654630e-03
8.988764e+00    4.624923e-03
9.000977e+00    4.594955e-03
9.013190e+00    4.564691e-03
9.025403e+00    4.534166e-03
9.037616e+00    4.503349e-03
9.049829e+00    4.472253e-03
9.062042e+00    4.440848e-03
9.074255e+00    4.409153e-03
9.086468e+00    4.377145e-03
9.098680e+00    4.344818e-03
9.110894e+00    4.312176e-03
9.123107e+00    4.279197e-03
9.135320e+00    4.245880e-03
9.147532e+00    4.212209e-03
9.159746e+00    4.178176e-03
9.171959e+00    4.143775e-03
9.184172e+00    4.108991e-03
9.196384e+00    4.073817e-03
9.208598e+00    4.038231e-03
9.220811e+00    4.002232e-03
9.233024e+00    3.965812e-03
9.245236e+00    3.928954e-03
9.257450e+00    3.891645e-03
9.269663e+00    3.853874e-03
9.281876e+00    3.815634e-03
9.294088e+00    3.776906e-03
9.306302e+00    3.737686e-03
9.318515e+00    3.697966e-03
9.330728e+00    3.657726e-03
9.342940e+00    3.616954e-03
9.355154e+00    3.575643e-03
9.367367e+00    3.533793e-03
9.379580e+00    3.491378e-03
9.391793e+00    3.448394e-03
9.404006e+00    3.404837e-03
9.416219e+00    3.360700e-03
9.428432e+00    3.315963e-03
9.440645e+00    3.270624e-03
9.452858e+00    3.224681e-03
9.465071e+00    3.178124e-03
9.477283e+00    3.130944e-03
9.489497e+00    3.083135e-03
9.501710e+00    3.034695e-03
9.513923e+00    2.985620e-03
9.526135e+00    2.935906e-03
9.538349e+00    2.885546e-03
9.550562e+00    2.834551e-03
9.562775e+00    2.782902e-03
9.574987e+00    2.730604e-03
9.587201e+00    2.677665e-03
9.599414e+00    2.624086e-03
9.611627e+00    2.569853e-03
9.623839e+00    2.514986e-03
9.636053e+00    2.459474e-03
9.648266e+00    2.403329e-03
9.660479e+00    2.346563e-03
9.672691e+00    2.289168e-03
9.684905e+00    2.231152e-03
9.697118e+00    2.172532e-03
9.709331e+00    2.113309e-03
9.721543e+00    2.053499e-03
9.733757e+00    1.993097e-03
9.745970e+00    1.932137e-03
9.758183e+00    1.870612e-03
9.770395e+00    1.808545e-03
9.782609e+00    1.745935e-03
9.794822e+00    1.682816e-03
9.807034e+00    1.619192e-03
9.819247e+00    1.555077e-03
9.831461e+00    1.490489e-03
9.843674e+00    1.425451e-03
9.855886e+00    1.359982e-03
9.868099e+00    1.294095e-03
9.880313e+00    1.227810e-03
9.892526e+00    1.161155e-03
9.904738e+00    1.094147e-03
9.916951e+00    1.026799e-03
9.929165e+00    9.591405e-04
9.941378e+00    8.912000e-04
9.953590e+00    8.230010e-04
9.965803e+00    7.545656e-04
9.978017e+00    6.859108e-04
9.990230e+00    6.170752e-04
1.000244e+01    5.480811e-04
1.001466e+01    4.789550e-04
1.002687e+01    4.097188e-04
1.003908e+01    3.404092e-04
1.005129e+01    2.710496e-04
1.006351e+01    2.016721e-04
1.007572e+01    1.323018e-04
1.008793e+01    6.296867e-05
1.010015e+01    -6.317267e-06
1.011236e+01    -7.545387e-05
1.012457e+01    -1.444991e-04
1.013679e+01    -2.133703e-04
1.014900e+01    -2.820582e-04
1.016121e+01    -3.505191e-04
1.017342e+01    -4.187372e-04
1.018564e+01    -4.866642e-04
1.019785e+01    -5.542855e-04
1.021006e+01    -6.215436e-04
1.022228e+01    -6.884381e-04
1.023449e+01    -7.549174e-04
1.024670e+01    -8.209590e-04
1.025891e+01    -8.865275e-04
1.027113e+01    -9.516020e-04
1.028334e+01    -1.016131e-03
1.029555e+01    -1.080110e-03
1.030777e+01    -1.143487e-03
1.031998e+01    -1.206237e-03
1.033219e+01    -1.268339e-03
1.034441e+01    -1.329752e-03
1.035662e+01    -1.390455e-03
1.036883e+01    -1.450420e-03
1.038105e+01    -1.509609e-03
1.039326e+01    -1.568008e-03
1.040547e+01    -1.625573e-03
1.041768e+01    -1.682293e-03
1.042990e+01    -1.738131e-03
1.044211e+01    -1.793064e-03
1.045432e+01    -1.847071e-03
1.046654e+01    -1.900119e-03
1.047875e+01    -1.952189e-03
1.049096e+01    -2.003264e-03
1.050318e+01    -2.053303e-03
1.051539e+01    -2.102309e-03
1.052760e+01    -2.150239e-03
1.053981e+01    -2.197082e-03
1.055203e+01    -2.242824e-03
1.056424e+01    -2.287435e-03
1.057645e+01    -2.330901e-03
1.058867e+01    -2.373204e-03
1.060088e+01    -2.414326e-03
1.061309e+01    -2.454272e-03
1.062531e+01    -2.492995e-03
1.063752e+01    -2.530504e-03
1.064973e+01    -2.566779e-03
1.066194e+01    -2.601803e-03
1.067416e+01    -2.635570e-03
1.068637e+01    -2.668073e-03
1.069858e+01    -2.699304e-03
1.071080e+01    -2.729241e-03
1.072301e+01    -2.757893e-03
1.073522e+01    -2.785243e-03
1.074744e+01    -2.811294e-03
1.075965e+01    -2.836040e-03
1.077186e+01    -2.859474e-03
1.078407e+01    -2.881596e-03
1.079629e+01    -2.902400e-03
1.080850e+01    -2.921895e-03
1.082071e+01    -2.940073e-03
1.083293e+01    -2.956941e-03
1.084514e+01    -2.972506e-03
1.085735e+01    -2.986758e-03
1.086957e+01    -2.999709e-03
1.088178e+01    -3.011368e-03
1.089399e+01    -3.021736e-03
1.090620e+01    -3.030821e-03
1.091842e+01    -3.038632e-03
1.093063e+01    -3.045180e-03
1.094284e+01    -3.050471e-03
1.095506e+01    -3.054521e-03
1.096727e+01    -3.057342e-03
1.097948e+01    -3.058933e-03
1.099170e+01    -3.059321e-03
1.100391e+01    -3.058527e-03
1.101612e+01    -3.056546e-03
1.102833e+01    -3.053409e-03
1.104055e+01    -3.049127e-03
1.105276e+01    -3.043714e-03
1.106497e+01    -3.037196e-03
1.107719e+01    -3.029588e-03
1.108940e+01    -3.020904e-03
1.110161e+01    -3.011171e-03
1.111382e+01    -3.000407e-03
1.112604e+01    -2.988637e-03
1.113825e+01    -2.975876e-03
1.115046e+01    -2.962152e-03
1.116268e+01    -2.947482e-03
1.117489e+01    -2.931893e-03
1.118710e+01    -2.915412e-03
1.119932e+01    -2.898059e-03
1.121153e+01    -2.879862e-03
1.122374e+01    -2.860840e-03
1.123596e+01    -2.841021e-03
1.124817e+01    -2.820436e-03
1.126038e+01    -2.799107e-03
1.127259e+01    -2.777057e-03
1.128481e+01    -2.754316e-03
1.129702e+01    -2.730915e-03
1.130923e+01    -2.706871e-03
1.132145e+01    -2.682223e-03
1.133366e+01    -2.656985e-03
1.134587e+01    -2.631199e-03
1.135808e+01    -2.604883e-03
1.137030e+01    -2.578068e-03
1.138251e+01    -2.550777e-03
1.139472e+01    -2.523040e-03
1.140694e+01    -2.494890e-03
1.141915e+01    -2.466344e-03
1.143136e+01    -2.437438e-03
1.144358e+01    -2.408198e-03
1.145579e+01    -2.378647e-03
1.146800e+01    -2.348811e-03
1.148022e+01    -2.318722e-03
1.149243e+01    -2.288408e-03
1.150464e+01    -2.257889e-03
1.151685e+01    -2.227192e-03
1.152907e+01    -2.196347e-03
1.154128e+01    -2.165378e-03
1.155349e+01    -2.134307e-03
1.156571e+01    -2.103159e-03
1.157792e+01    -2.071962e-03
1.159013e+01    -2.040732e-03
1.160234e+01    -2.009508e-03
1.161456e+01    -1.978289e-03
1.162677e+01    -1.947117e-03
1.163898e+01    -1.916009e-03
1.165120e+01    -1.884983e-03
1.166341e+01    -1.854067e-03
1.167562e+01    -1.823277e-03
1.168784e+01    -1.792634e-03
1.170005e+01    -1.762147e-03
1.171226e+01    -1.731853e-03
1.172447e+01    -1.701758e-03
1.173669e+01    -1.671889e-03
1.174890e+01    -1.642252e-03
1.176111e+01    -1.612864e-03
1.177333e+01    -1.583751e-03
1.178554e+01    -1.554918e-03
1.179775e+01    -1.526377e-03
1.180997e+01    -1.498166e-03
1.182218e+01    -1.470263e-03
1.183439e+01    -1.442703e-03
1.184660e+01    -1.415493e-03
1.185882e+01    -1.388644e-03
1.187103e+01    -1.362158e-03
1.188324e+01    -1.336056e-03
1.189546e+01    -1.310347e-03
1.190767e+01    -1.285028e-03
1.191988e+01    -1.260119e-03
1.193210e+01    -1.235619e-03
1.194431e+01    -1.211536e-03
1.195652e+01    -1.187875e-03
1.196873e+01    -1.164643e-03
1.198095e+01    -1.141845e-03
1.199316e+01    -1.119480e-03
1.200537e+01    -1.097556e-03
1.201759e+01    -1.076065e-03
1.202980e+01    -1.055023e-03
1.204201e+01    -1.034427e-03
1.205423e+01    -1.014270e-03
1.206644e+01    -9.945568e-04
1.207865e+01    -9.752819e-04
1.209086e+01    -9.564491e-04
1.210308e+01    -9.380392e-04
1.211529e+01    -9.200954e-04
1.212750e+01    -9.025701e-04
1.213972e+01    -8.854700e-04
1.215193e+01    -8.687925e-04
1.216414e+01    -8.525385e-04
1.217636e+01    -8.366958e-04
1.218857e+01    -8.212682e-04
1.220078e+01    -8.062266e-04
1.221299e+01    -7.915891e-04
1.222521e+01    -7.773340e-04
1.223742e+01    -7.634620e-04
1.224963e+01    -7.499621e-04
1.226185e+01    -7.368240e-04
1.227406e+01    -7.240381e-04
1.228627e+01    -7.115975e-04
1.229849e+01    -6.995008e-04
1.231070e+01    -6.877133e-04
1.232291e+01    -6.762517e-04
1.233512e+01    -6.650983e-04
1.234734e+01    -6.542245e-04
1.235955e+01    -6.436466e-04
1.237176e+01    -6.333386e-04
1.238398e+01    -6.232905e-04
1.239619e+01    -6.134915e-04
1.240840e+01    -6.039338e-04
1.242062e+01    -5.945952e-04
1.243283e+01    -5.854698e-04
1.244504e+01    -5.765570e-04
1.245725e+01    -5.678266e-04
1.246947e+01    -5.592761e-04
1.248168e+01    -5.508914e-04
1.249389e+01    -5.426747e-04
1.250611e+01    -5.345714e-04
1.251832e+01    -5.266113e-04
1.253053e+01    -5.187667e-04
1.254275e+01    -5.110319e-04
1.255496e+01    -5.033872e-04
1.256717e+01    -4.958222e-04
1.257938e+01    -4.883285e-04
1.259160e+01    -4.808973e-04
1.260381e+01    -4.735056e-04
1.261602e+01    -4.661559e-04
1.262824e+01    -4.588251e-04
1.264045e+01    -4.515062e-04
1.265266e+01    -4.441942e-04
1.266488e+01    -4.368728e-04
1.267709e+01    -4.295327e-04
1.268930e+01    -4.221679e-04
1.270151e+01    -4.147638e-04
1.271373e+01    -4.073047e-04
1.272594e+01    -3.997957e-04
1.273815e+01    -3.922195e-04
1.275037e+01    -3.845629e-04
1.276258e+01    -3.768361e-04
1.277479e+01    -3.690172e-04
1.278701e+01    -3.610966e-04
1.279922e+01    -3.530642e-04
1.281143e+01    -3.449357e-04
1.282364e+01    -3.366783e-04
1.283586e+01    -3.283041e-04
1.284807e+01    -3.197921e-04
1.286028e+01    -3.111530e-04
1.287250e+01    -3.023675e-04
1.288471e+01    -2.934428e-04
1.289692e+01    -2.843654e-04
1.290914e+01    -2.751325e-04
1.292135e+01    -2.657572e-04
1.293356e+01    -2.562150e-04
1.294577e+01    -2.465167e-04
1.295799e+01    -2.366498e-04
1.297020e+01    -2.266252e-04
1.298241e+01    -2.164316e-04
1.299463e+01    -2.060721e-04
1.300684e+01    -1.955497e-04
1.301905e+01    -1.848605e-04
1.303127e+01    -1.740079e-04
1.304348e+01    -1.629824e-04
1.305569e+01    -1.518036e-04
1.306790e+01    -1.404637e-04
1.308012e+01    -1.289583e-04
1.309233e+01    -1.172983e-04
1.310454e+01    -1.054813e-04
1.311676e+01    -9.352186e-05
1.312897e+01    -8.140726e-05
1.314118e+01    -6.915933e-05
1.315340e+01    -5.676759e-05
1.316561e+01    -4.424062e-05
1.317782e+01    -3.159040e-05
1.319003e+01    -1.881980e-05
1.320225e+01    -5.930778e-06
1.321446e+01    7.084704e-06
1.322667e+01    2.019162e-05
1.323889e+01    3.339818e-05
1.325110e+01    4.669177e-05
1.326331e+01    6.007557e-05
1.327553e+01    7.353684e-05
1.328774e+01    8.706076e-05
1.329995e+01    1.006431e-04
1.331216e+01    1.142893e-04
1.332438e+01    1.279738e-04
1.333659e+01    1.416917e-04
1.334880e+01    1.554365e-04
1.336102e+01    1.691997e-04
1.337323e+01    1.829717e-04
1.338544e+01    1.967424e-04
1.339766e+01    2.105120e-04
1.340987e+01    2.242512e-04
1.342208e+01    2.379679e-04
1.343429e+01    2.516444e-04
1.344651e+01    2.652728e-04
1.345872e+01    2.788450e-04
1.347093e+01    2.923483e-04
1.348315e+01    3.057728e-04
1.349536e+01    3.191133e-04
1.350757e+01    3.323531e-04
1.351978e+01    3.454938e-04
1.353200e+01    3.585068e-04
1.354421e+01    3.714060e-04
1.355642e+01    3.841584e-04
1.356864e+01    3.967706e-04
1.358085e+01    4.092284e-04
1.359306e+01    4.215165e-04
1.360528e+01    4.336340e-04
1.361749e+01    4.455717e-04
1.362970e+01    4.573129e-04
1.364192e+01    4.688566e-04
1.365413e+01    4.801886e-04
1.366634e+01    4.913044e-04
1.367855e+01    5.021942e-04
1.369077e+01    5.128493e-04
1.370298e+01    5.232641e-04
1.371519e+01    5.334260e-04
1.372741e+01    5.433239e-04
1.373962e+01    5.529604e-04
1.375183e+01    5.623235e-04
1.376404e+01    5.714167e-04
1.377626e+01    5.802174e-04
1.378847e+01    5.887275e-04
1.380068e+01    5.969449e-04
1.381290e+01    6.048514e-04
1.382511e+01    6.124550e-04
1.383732e+01    6.197448e-04
1.384954e+01    6.267146e-04
1.386175e+01    6.333687e-04
1.387396e+01    6.396899e-04
1.388618e+01    6.456835e-04
1.389839e+01    6.513396e-04
1.391060e+01    6.566631e-04
1.392281e+01    6.616469e-04
1.393503e+01    6.662892e-04
1.394724e+01    6.705860e-04
1.395945e+01    6.745396e-04
1.397167e+01    6.781446e-04
1.398388e+01    6.814016e-04
1.399609e+01    6.843145e-04
1.400830e+01    6.868722e-04
1.402052e+01    6.890843e-04
1.403273e+01    6.909466e-04
1.404494e+01    6.924633e-04
1.405716e+01    6.936332e-04
1.406937e+01    6.944570e-04
1.408158e+01    6.949396e-04
1.409380e+01    6.950769e-04
1.410601e+01    6.948857e-04
1.411822e+01    6.943494e-04
1.413043e+01    6.934834e-04
1.414265e+01    6.922878e-04
1.415486e+01    6.907681e-04
1.416707e+01    6.889275e-04
1.417929e+01    6.867695e-04
1.419150e+01    6.843055e-04
1.420371e+01    6.815186e-04
1.421593e+01    6.784393e-04
1.422814e+01    6.750665e-04
1.424035e+01    6.713976e-04
1.425256e+01    6.674484e-04
1.426478e+01    6.632148e-04
1.427699e+01    6.587184e-04
1.428920e+01    6.539552e-04
1.430142e+01    6.489277e-04
1.431363e+01    6.436592e-04
1.432584e+01    6.381448e-04
1.433806e+01    6.323934e-04
1.435027e+01    6.264155e-04
1.436248e+01    6.202188e-04
1.437469e+01    6.138117e-04
1.438691e+01    6.072021e-04
1.439912e+01    6.003962e-04
1.441133e+01    5.934072e-04
1.442355e+01    5.862390e-04
1.443576e+01    5.789052e-04
1.444797e+01    5.714110e-04
1.446019e+01    5.637656e-04
1.447240e+01    5.559805e-04
1.448461e+01    5.480673e-04
1.449682e+01    5.400308e-04
1.450904e+01    5.318779e-04
1.452125e+01    5.236223e-04
1.453346e+01    5.152728e-04
1.454568e+01    5.068429e-04
1.455789e+01    4.983348e-04
1.457010e+01    4.897537e-04
1.458232e+01    4.811254e-04
1.459453e+01    4.724428e-04
1.460674e+01    4.637252e-04
1.461895e+01    4.549784e-04
1.463117e+01    4.462118e-04
1.464338e+01    4.374333e-04
1.465559e+01    4.286502e-04
1.466781e+01    4.198778e-04
1.468002e+01    4.111158e-04
1.469223e+01    4.023863e-04
1.470445e+01    3.936809e-04
1.471666e+01    3.850110e-04
1.472887e+01    3.764018e-04
1.474109e+01    3.678401e-04
1.475330e+01    3.593503e-04
1.476551e+01    3.509279e-04
1.477772e+01    3.425864e-04
1.478994e+01    3.343275e-04
1.480215e+01    3.261649e-04
1.481436e+01    3.181052e-04
1.482658e+01    3.101552e-04
1.483879e+01    3.023105e-04
1.485100e+01    2.945916e-04
1.486321e+01    2.869896e-04
1.487543e+01    2.795281e-04
1.488764e+01    2.721924e-04
1.489985e+01    2.650095e-04
1.491207e+01    2.579694e-04
1.492428e+01    2.510788e-04
1.493649e+01    2.443379e-04
1.494871e+01    2.377646e-04
1.496092e+01    2.313541e-04
1.497313e+01    2.251020e-04
1.498534e+01    2.190215e-04
1.499756e+01    2.131144e-04
1.500977e+01    2.073873e-04
1.502198e+01    2.018351e-04
1.503420e+01    1.964624e-04
1.504641e+01    1.912705e-04
1.505862e+01    1.862606e-04
1.507084e+01    1.814366e-04
1.508305e+01    1.767986e-04
1.509526e+01    1.723433e-04
1.510747e+01    1.680738e-04
1.511969e+01    1.639939e-04
1.513190e+01    1.600938e-04
1.514411e+01    1.563837e-04
1.515633e+01    1.528558e-04
1.516854e+01    1.495141e-04
1.518075e+01    1.463506e-04
1.519297e+01    1.433706e-04
1.520518e+01    1.405646e-04
1.521739e+01    1.379370e-04
1.522960e+01    1.354848e-04
1.524182e+01    1.332030e-04
1.525403e+01    1.310903e-04
1.526624e+01    1.291418e-04
1.527846e+01    1.273558e-04
1.529067e+01    1.257311e-04
1.530288e+01    1.242605e-04
1.531509e+01    1.229343e-04
1.532731e+01    1.217632e-04
1.533952e+01    1.207292e-04
1.535173e+01    1.198363e-04
1.536395e+01    1.190725e-04
1.537616e+01    1.184382e-04
1.538837e+01    1.179286e-04
1.540059e+01    1.175329e-04
1.541280e+01    1.172586e-04
1.542501e+01    1.170783e-04
1.543723e+01    1.170050e-04
1.544944e+01    1.170303e-04
1.546165e+01    1.171385e-04
1.547386e+01    1.173328e-04
1.548608e+01    1.176077e-04
1.549829e+01    1.179563e-04
1.551050e+01    1.183560e-04
1.552272e+01    1.188253e-04
1.553493e+01    1.193477e-04
1.554714e+01    1.199117e-04
1.555935e+01    1.205157e-04
1.557157e+01    1.211531e-04
1.558378e+01    1.218151e-04
1.559599e+01    1.225067e-04
1.560821e+01    1.231999e-04
1.562042e+01    1.239044e-04
1.563263e+01    1.246158e-04
1.564485e+01    1.253150e-04
1.565706e+01    1.260043e-04
1.566927e+01    1.266719e-04
1.568149e+01    1.273159e-04
1.569370e+01    1.279245e-04
1.570591e+01    1.285081e-04
1.571812e+01    1.290530e-04
1.573034e+01    1.295221e-04
1.574255e+01    1.299547e-04
1.575476e+01    1.303244e-04
1.576698e+01    1.306279e-04
1.577919e+01    1.308566e-04
1.579140e+01    1.310098e-04
1.580362e+01    1.310825e-04
1.581583e+01    1.310647e-04
1.582804e+01    1.309555e-04
1.584025e+01    1.307482e-04
1.585247e+01    1.304412e-04
1.586468e+01    1.300271e-04
1.587689e+01    1.295010e-04
1.588911e+01    1.288539e-04
1.590132e+01    1.281040e-04
1.591353e+01    1.272242e-04
1.592575e+01    1.262184e-04
1.593796e+01    1.250861e-04
1.595017e+01    1.238173e-04
1.596238e+01    1.224207e-04
1.597460e+01    1.208841e-04
1.598681e+01    1.192048e-04
1.599902e+01    1.173853e-04
1.601124e+01    1.154222e-04
1.602345e+01    1.133146e-04
1.603566e+01    1.110552e-04
1.604787e+01    1.086521e-04
1.606009e+01    1.061012e-04
1.607230e+01    1.033962e-04
1.608451e+01    1.005400e-04
1.609673e+01    9.753331e-05
1.610894e+01    9.438494e-05
1.612115e+01    9.107021e-05
1.613337e+01    8.761304e-05
1.614558e+01    8.400686e-05
1.615779e+01    8.024853e-05
1.617001e+01    7.634285e-05
1.618222e+01    7.228997e-05
1.619443e+01    6.809437e-05
1.620664e+01    6.375527e-05
1.621886e+01    5.927285e-05
1.623107e+01    5.465204e-05
1.624328e+01    4.989290e-05
1.625550e+01    4.500079e-05
1.626771e+01    3.997922e-05
1.627992e+01    3.483040e-05
1.629214e+01    2.955543e-05
1.630435e+01    2.415055e-05
1.631656e+01    1.864084e-05
1.632877e+01    1.301400e-05
1.634099e+01    7.268645e-06
1.635320e+01    1.427114e-06
1.636541e+01    -4.516070e-06
1.637763e+01    -1.056210e-05
1.638984e+01    -1.668889e-05
1.640205e+01    -2.291798e-05
1.641426e+01    -2.921801e-05
1.642648e+01    -3.559861e-05
1.643869e+01    -4.204956e-05
1.645090e+01    -4.857075e-05
1.646312e+01    -5.515073e-05
1.647533e+01    -6.178745e-05
1.648754e+01    -6.847076e-05
1.649976e+01    -7.519739e-05
1.651197e+01    -8.196742e-05
1.652418e+01    -8.876788e-05
1.653639e+01    -9.559303e-05
1.654861e+01    -1.024354e-04
1.656082e+01    -1.092977e-04
1.657303e+01    -1.161625e-04
1.658525e+01    -1.230267e-04
1.659746e+01    -1.298845e-04
1.660967e+01    -1.367425e-04
1.662189e+01    -1.435689e-04
1.663410e+01    -1.503818e-04
1.664631e+01    -1.571567e-04
1.665853e+01    -1.638970e-04
1.667074e+01    -1.705983e-04
1.668295e+01    -1.772440e-04
1.669516e+01    -1.838363e-04
1.670738e+01    -1.903668e-04
1.671959e+01    -1.968321e-04
1.673180e+01    -2.032176e-04
1.674402e+01    -2.095243e-04
1.675623e+01    -2.157486e-04
1.676844e+01    -2.218814e-04
1.678065e+01    -2.279134e-04
1.679287e+01    -2.338395e-04
1.680508e+01    -2.396618e-04
1.681729e+01    -2.453646e-04
1.682951e+01    -2.509507e-04
1.684172e+01    -2.564085e-04
1.685393e+01    -2.617384e-04
1.686615e+01    -2.669328e-04
1.687836e+01    -2.719855e-04
1.689057e+01    -2.768878e-04
1.690278e+01    -2.816507e-04
1.691500e+01    -2.862564e-04
1.692721e+01    -2.907032e-04
1.693942e+01    -2.949871e-04
1.695164e+01    -2.991058e-04
1.696385e+01    -3.030554e-04
1.697606e+01    -3.068277e-04
1.698828e+01    -3.104241e-04
1.700049e+01    -3.138377e-04
1.701270e+01    -3.170751e-04
1.702491e+01    -3.201235e-04
1.703713e+01    -3.229832e-04
1.704934e+01    -3.256496e-04
1.706155e+01    -3.281240e-04
1.707377e+01    -3.304022e-04
1.708598e+01    -3.324880e-04
1.709819e+01    -3.343794e-04
1.711040e+01    -3.360537e-04
1.712262e+01    -3.375382e-04
1.713483e+01    -3.388199e-04
1.714705e+01    -3.398992e-04
1.715926e+01    -3.407685e-04
1.717147e+01    -3.414399e-04
1.718368e+01    -3.419089e-04
1.719590e+01    -3.421826e-04
1.720811e+01    -3.422363e-04
1.722032e+01    -3.420896e-04
1.723254e+01    -3.417483e-04
1.724475e+01    -3.412007e-04
1.725696e+01    -3.404573e-04
1.726917e+01    -3.395145e-04
1.728139e+01    -3.383736e-04
1.729360e+01    -3.370382e-04
1.730581e+01    -3.355002e-04
1.731803e+01    -3.337900e-04
1.733024e+01    -3.318803e-04
1.734245e+01    -3.297866e-04
1.735467e+01    -3.275087e-04
1.736688e+01    -3.250504e-04
1.737909e+01    -3.224167e-04
1.739130e+01    -3.196052e-04
1.740352e+01    -3.166174e-04
1.741573e+01    -3.134743e-04
1.742794e+01    -3.101625e-04
1.744016e+01    -3.066899e-04
1.745237e+01    -3.030634e-04
1.746458e+01    -2.992894e-04
1.747680e+01    -2.953635e-04
1.748901e+01    -2.912960e-04
1.750122e+01    -2.870935e-04
1.751343e+01    -2.827533e-04
1.752565e+01    -2.782809e-04
1.753786e+01    -2.736945e-04
1.755007e+01    -2.689820e-04
1.756229e+01    -2.641590e-04
1.757450e+01    -2.592255e-04
1.758671e+01    -2.541881e-04
1.759892e+01    -2.490623e-04
1.761114e+01    -2.438335e-04
1.762335e+01    -2.385199e-04
1.763556e+01    -2.331333e-04
1.764778e+01    -2.276607e-04
1.765999e+01    -2.221253e-04
1.767220e+01    -2.165241e-04
1.768442e+01    -2.108598e-04
1.769663e+01    -2.051399e-04
1.770884e+01    -1.993842e-04
1.772106e+01    -1.935700e-04
1.773327e+01    -1.877399e-04
1.774548e+01    -1.818725e-04
1.775769e+01    -1.759787e-04
1.776991e+01    -1.700658e-04
1.778212e+01    -1.641420e-04
1.779433e+01    -1.582078e-04
1.780655e+01    -1.522814e-04
1.781876e+01    -1.463407e-04
1.783097e+01    -1.404180e-04
1.784319e+01    -1.345119e-04
1.785540e+01    -1.286207e-04
1.786761e+01    -1.227617e-04
1.787982e+01    -1.169265e-04
1.789204e+01    -1.111309e-04
1.790425e+01    -1.053749e-04
1.791646e+01    -9.966526e-05
1.792868e+01    -9.400224e-05
1.794089e+01    -8.840079e-05
1.795310e+01    -8.285356e-05
1.796531e+01    -7.737345e-05
1.797753e+01    -7.195622e-05
1.798974e+01    -6.661916e-05
1.800196e+01    -6.135638e-05
1.801417e+01    -5.617924e-05
1.802638e+01    -5.107731e-05
1.803859e+01    -4.607352e-05
1.805081e+01    -4.115634e-05
1.806302e+01    -3.633951e-05
1.807523e+01    -3.161811e-05
1.808744e+01    -2.699805e-05
1.809966e+01    -2.248777e-05
1.811187e+01    -1.808943e-05
1.812408e+01    -1.379260e-05
1.813630e+01    -9.612239e-06
1.814851e+01    -5.545793e-06
1.816072e+01    -1.602399e-06
1.817294e+01    2.220680e-06
1.818515e+01    5.925773e-06
1.819736e+01    9.504845e-06
1.820958e+01    1.296040e-05
1.822179e+01    1.628743e-05
1.823400e+01    1.948926e-05
1.824621e+01    2.255407e-05
1.825843e+01    2.549688e-05
1.827064e+01    2.830976e-05
1.828285e+01    3.098510e-05
1.829507e+01    3.352750e-05
1.830728e+01    3.594800e-05
1.831949e+01    3.823556e-05
1.833171e+01    4.039286e-05
1.834392e+01    4.240975e-05
1.835613e+01    4.429976e-05
1.836834e+01    4.606147e-05
1.838056e+01    4.769349e-05
1.839277e+01    4.918734e-05
1.840498e+01    5.056709e-05
1.841720e+01    5.180936e-05
1.842941e+01    5.293381e-05
1.844162e+01    5.392998e-05
1.845383e+01    5.480647e-05
1.846605e+01    5.556527e-05
1.847826e+01    5.620311e-05
1.849047e+01    5.672453e-05
1.850269e+01    5.712430e-05
1.851490e+01    5.742186e-05
1.852711e+01    5.761022e-05
1.853933e+01    5.768554e-05
1.855154e+01    5.766016e-05
1.856375e+01    5.753059e-05
1.857596e+01    5.730183e-05
1.858818e+01    5.697983e-05
1.860039e+01    5.656015e-05
1.861260e+01    5.605188e-05
1.862482e+01    5.545968e-05
1.863703e+01    5.477387e-05
1.864924e+01    5.401589e-05
1.866146e+01    5.317666e-05
1.867367e+01    5.226687e-05
1.868588e+01    5.127932e-05
1.869810e+01    5.023181e-05
1.871031e+01    4.911632e-05
1.872252e+01    4.794309e-05
1.873473e+01    4.671281e-05
1.874695e+01    4.542759e-05
1.875916e+01    4.409230e-05
1.877137e+01    4.271418e-05
1.878359e+01    4.128786e-05
1.879580e+01    3.983174e-05
1.880801e+01    3.833370e-05
1.882022e+01    3.680680e-05
1.883244e+01    3.525312e-05
1.884465e+01    3.367173e-05
1.885686e+01    3.207475e-05
1.886908e+01    3.045378e-05
1.888129e+01    2.882304e-05
1.889350e+01    2.718694e-05
1.890572e+01    2.553896e-05
1.891793e+01    2.388260e-05
1.893014e+01    2.223323e-05
1.894235e+01    2.058642e-05
1.895457e+01    1.894496e-05
1.896678e+01    1.731515e-05
1.897899e+01    1.569069e-05
1.899121e+01    1.409068e-05
1.900342e+01    1.251092e-05
1.901563e+01    1.094420e-05
1.902785e+01    9.402051e-06
1.904006e+01    7.893308e-06
1.905227e+01    6.410060e-06
1.906449e+01    4.960690e-06
1.907670e+01    3.542751e-06
1.908891e+01    2.163812e-06
1.910112e+01    8.189818e-07
1.911334e+01    -4.871981e-07
1.912555e+01    -1.734006e-06
1.913776e+01    -2.949615e-06
1.914997e+01    -4.114001e-06
1.916219e+01    -5.232636e-06
1.917440e+01    -6.300514e-06
1.918661e+01    -7.316237e-06
1.919883e+01    -8.285861e-06
1.921104e+01    -9.195646e-06
1.922325e+01    -1.005235e-05
1.923547e+01    -1.085142e-05
1.924768e+01    -1.159695e-05
1.925989e+01    -1.228647e-05
1.927211e+01    -1.291896e-05
1.928432e+01    -1.348485e-05
1.929653e+01    -1.400546e-05
1.930874e+01    -1.446006e-05
1.932096e+01    -1.486228e-05
1.933317e+01    -1.519942e-05
1.934538e+01    -1.548277e-05
1.935760e+01    -1.570722e-05
1.936981e+01    -1.587649e-05
1.938202e+01    -1.598394e-05
1.939424e+01    -1.603644e-05
1.940645e+01    -1.603388e-05
1.941866e+01    -1.597661e-05
1.943087e+01    -1.586287e-05
1.944309e+01    -1.569919e-05
1.945530e+01    -1.548161e-05
1.946751e+01    -1.522363e-05
1.947973e+01    -1.490500e-05
1.949194e+01    -1.454388e-05
1.950415e+01    -1.413480e-05
1.951637e+01    -1.368986e-05
1.952858e+01    -1.319684e-05
1.954079e+01    -1.266156e-05
1.955301e+01    -1.209357e-05
1.956522e+01    -1.147948e-05
1.957743e+01    -1.084013e-05
1.958964e+01    -1.016224e-05
1.960186e+01    -9.461888e-06
1.961407e+01    -8.736155e-06
1.962628e+01    -7.975847e-06
1.963849e+01    -7.193536e-06
1.965071e+01    -6.392016e-06
1.966292e+01    -5.574897e-06
1.967513e+01    -4.740781e-06
1.968735e+01    -3.896537e-06
1.969956e+01    -3.044028e-06
1.971177e+01    -2.178713e-06
1.972399e+01    -1.316541e-06
1.973620e+01    -4.443573e-07
1.974841e+01    4.268950e-07
1.976063e+01    1.294771e-06
1.977284e+01    2.150424e-06
1.978505e+01    2.998509e-06
1.979726e+01    3.841007e-06
1.980948e+01    4.665693e-06
1.982169e+01    5.468260e-06
1.983390e+01    6.257324e-06
1.984612e+01    7.015769e-06
1.985833e+01    7.753144e-06
1.987054e+01    8.464209e-06
1.988276e+01    9.139767e-06
1.989497e+01    9.784824e-06
1.990718e+01    1.039321e-05
1.991939e+01    1.096574e-05
1.993161e+01    1.149497e-05
1.994382e+01    1.198193e-05
1.995603e+01    1.242105e-05
1.996825e+01    1.281023e-05
1.998046e+01    1.315563e-05
1.999267e+01    1.344044e-05
2.000488e+01    1.367193e-05
2.001710e+01    1.385156e-05
2.002931e+01    1.397135e-05
2.004152e+01    1.403166e-05
2.005374e+01    1.401972e-05
2.006595e+01    1.395290e-05
2.007816e+01    1.381431e-05
2.009038e+01    1.360459e-05
2.010259e+01    1.333753e-05
2.011480e+01    1.299725e-05
2.012702e+01    1.258223e-05
2.013923e+01    1.209002e-05
2.015144e+01    1.152841e-05
2.016365e+01    1.089307e-05
2.017587e+01    1.017840e-05
2.018808e+01    9.392112e-06
2.020029e+01    8.525909e-06
2.021251e+01    7.579481e-06
2.022472e+01    6.556722e-06
2.023693e+01    5.455695e-06
2.024915e+01    4.268974e-06
2.026136e+01    3.013487e-06
2.027357e+01    1.673703e-06
2.028578e+01    2.606175e-07
2.029800e+01    -1.240027e-06
2.031021e+01    -2.815126e-06
2.032242e+01    -4.464033e-06
2.033464e+01    -6.193659e-06
2.034685e+01    -7.996481e-06
2.035906e+01    -9.874362e-06
2.037127e+01    -1.183631e-05
2.038349e+01    -1.386261e-05
2.039570e+01    -1.596665e-05
2.040791e+01    -1.813254e-05
2.042013e+01    -2.037794e-05
2.043234e+01    -2.269364e-05
2.044455e+01    -2.506849e-05
2.045677e+01    -2.751471e-05
2.046898e+01    -3.002397e-05
2.048119e+01    -3.258958e-05
2.049340e+01    -3.521668e-05
2.050562e+01    -3.791371e-05
2.051783e+01    -4.064281e-05
2.053004e+01    -4.343930e-05
2.054226e+01    -4.628560e-05
2.055447e+01    -4.918274e-05
2.056668e+01    -5.211774e-05
2.057890e+01    -5.510082e-05
2.059111e+01    -5.812308e-05
2.060332e+01    -6.118168e-05
2.061554e+01    -6.428604e-05
2.062775e+01    -6.741321e-05
2.063996e+01    -7.057038e-05
2.065217e+01    -7.375934e-05
2.066439e+01    -7.696450e-05
2.067660e+01    -8.018497e-05
2.068881e+01    -8.344151e-05
2.070103e+01    -8.669640e-05
2.071324e+01    -8.997023e-05
2.072545e+01    -9.324450e-05
2.073767e+01    -9.652787e-05
2.074988e+01    -9.980515e-05
2.076209e+01    -1.030852e-04
2.077430e+01    -1.063579e-04
2.078652e+01    -1.096184e-04
2.079873e+01    -1.128772e-04
2.081094e+01    -1.161143e-04
2.082316e+01    -1.193213e-04
2.083537e+01    -1.225100e-04
2.084758e+01    -1.256713e-04
2.085979e+01    -1.288112e-04
2.087201e+01    -1.319106e-04
2.088422e+01    -1.349769e-04
2.089643e+01    -1.379918e-04
2.090865e+01    -1.409806e-04
2.092086e+01    -1.439155e-04
2.093307e+01    -1.468015e-04
2.094529e+01    -1.496293e-04
2.095750e+01    -1.524046e-04
2.096971e+01    -1.551179e-04
2.098192e+01    -1.577676e-04
2.099414e+01    -1.603508e-04
2.100635e+01    -1.628678e-04
2.101856e+01    -1.653104e-04
2.103078e+01    -1.676738e-04
2.104299e+01    -1.699734e-04
2.105520e+01    -1.721813e-04
2.106742e+01    -1.743075e-04
2.107963e+01    -1.763481e-04
2.109184e+01    -1.782977e-04
2.110406e+01    -1.801590e-04
2.111627e+01    -1.819345e-04
2.112848e+01    -1.836006e-04
2.114069e+01    -1.851732e-04
2.115291e+01    -1.866505e-04
2.116512e+01    -1.880156e-04
2.117733e+01    -1.892874e-04
2.118955e+01    -1.904494e-04
2.120176e+01    -1.914983e-04
2.121397e+01    -1.924471e-04
2.122618e+01    -1.932800e-04
2.123840e+01    -1.940010e-04
2.125061e+01    -1.946092e-04
2.126282e+01    -1.950981e-04
2.127504e+01    -1.954755e-04
2.128725e+01    -1.957285e-04
2.129946e+01    -1.958764e-04
2.131168e+01    -1.958983e-04
2.132389e+01    -1.957984e-04
2.133610e+01    -1.955812e-04
2.134831e+01    -1.952398e-04
2.136053e+01    -1.947792e-04
2.137274e+01    -1.941972e-04
2.138495e+01    -1.934944e-04
2.139717e+01    -1.926731e-04
2.140938e+01    -1.917240e-04
2.142159e+01    -1.906583e-04
2.143381e+01    -1.894664e-04
2.144602e+01    -1.881598e-04
2.145823e+01    -1.867261e-04
2.147044e+01    -1.851778e-04
2.148266e+01    -1.835141e-04
2.149487e+01    -1.817269e-04
2.150708e+01    -1.798217e-04
2.151930e+01    -1.778086e-04
2.153151e+01    -1.756763e-04
2.154372e+01    -1.734317e-04
2.155593e+01    -1.710743e-04
2.156815e+01    -1.686063e-04
2.158036e+01    -1.660277e-04
2.159258e+01    -1.633465e-04
2.160479e+01    -1.605544e-04
2.161700e+01    -1.576581e-04
2.162921e+01    -1.546646e-04
2.164143e+01    -1.515704e-04
2.165364e+01    -1.483775e-04
2.166585e+01    -1.450888e-04
2.167807e+01    -1.417034e-04
2.169028e+01    -1.382327e-04
2.170249e+01    -1.346732e-04
2.171470e+01    -1.310179e-04
2.172692e+01    -1.272978e-04
2.173913e+01    -1.234768e-04
2.175134e+01    -1.195847e-04
2.176356e+01    -1.156139e-04
2.177577e+01    -1.115769e-04
2.178798e+01    -1.074638e-04
2.180020e+01    -1.032825e-04
2.181241e+01    -9.904028e-05
2.182462e+01    -9.473502e-05
2.183683e+01    -9.036904e-05
2.184905e+01    -8.595288e-05
2.186126e+01    -8.147148e-05
2.187347e+01    -7.695370e-05
2.188569e+01    -7.238641e-05
2.189790e+01    -6.776676e-05
2.191011e+01    -6.311840e-05
2.192233e+01    -5.842703e-05
2.193454e+01    -5.369996e-05
2.194675e+01    -4.894333e-05
2.195897e+01    -4.415157e-05
2.197118e+01    -3.934062e-05
2.198339e+01    -3.451316e-05
2.199560e+01    -2.966003e-05
2.200782e+01    -2.479274e-05
2.202003e+01    -1.990986e-05
2.203224e+01    -1.502503e-05
2.204445e+01    -1.012222e-05
2.205667e+01    -5.218921e-06
2.206888e+01    -3.124078e-07
2.208109e+01    4.583579e-06
2.209331e+01    9.476818e-06
2.210552e+01    1.436243e-05
2.211773e+01    1.923929e-05
2.212995e+01    2.410245e-05
2.214216e+01    2.894618e-05
2.215437e+01    3.378052e-05
2.216659e+01    3.858455e-05
2.217880e+01    4.336574e-05
2.219101e+01    4.812233e-05
2.220322e+01    5.284543e-05
2.221544e+01    5.754479e-05
2.222765e+01    6.220076e-05
2.223986e+01    6.682944e-05
2.225208e+01    7.141414e-05
2.226429e+01    7.595919e-05
2.227650e+01    8.046209e-05
2.228872e+01    8.492063e-05
2.230093e+01    8.932548e-05
2.231314e+01    9.369844e-05
2.232535e+01    9.800408e-05
2.233757e+01    1.022631e-04
2.234978e+01    1.064684e-04
2.236199e+01    1.106147e-04
2.237421e+01    1.147072e-04
2.238642e+01    1.187449e-04
2.239863e+01    1.227235e-04
2.241084e+01    1.266318e-04
2.242306e+01    1.304873e-04
2.243527e+01    1.342723e-04
2.244748e+01    1.379979e-04
2.245970e+01    1.416523e-04
2.247191e+01    1.452486e-04
2.248412e+01    1.487703e-04
2.249634e+01    1.522252e-04
2.250855e+01    1.556138e-04
2.252076e+01    1.589319e-04
2.253297e+01    1.621815e-04
2.254519e+01    1.653525e-04
2.255740e+01    1.684707e-04
2.256961e+01    1.715088e-04
2.258183e+01    1.744737e-04
2.259404e+01    1.773658e-04
2.260625e+01    1.801928e-04
2.261847e+01    1.829506e-04
2.263068e+01    1.856285e-04
2.264289e+01    1.882431e-04
2.265511e+01    1.907853e-04
2.266732e+01    1.932569e-04
2.267953e+01    1.956551e-04
2.269174e+01    1.979850e-04
2.270396e+01    2.002525e-04
2.271617e+01    2.024374e-04
2.272838e+01    2.045622e-04
2.274060e+01    2.066197e-04
2.275281e+01    2.086079e-04
2.276502e+01    2.105313e-04
2.277724e+01    2.123910e-04
2.278945e+01    2.141866e-04
2.280166e+01    2.159147e-04
2.281387e+01    2.175763e-04
2.282609e+01    2.191797e-04
2.283830e+01    2.207219e-04
2.285051e+01    2.222016e-04
2.286273e+01    2.236227e-04
2.287494e+01    2.249852e-04
2.288715e+01    2.262922e-04
2.289936e+01    2.275445e-04
2.291158e+01    2.287396e-04
2.292379e+01    2.298807e-04
2.293600e+01    2.309685e-04
2.294822e+01    2.320013e-04
2.296043e+01    2.329924e-04
2.297264e+01    2.339251e-04
2.298486e+01    2.348149e-04
2.299707e+01    2.356564e-04
2.300928e+01    2.364523e-04
2.302150e+01    2.371928e-04
2.303371e+01    2.379008e-04
2.304592e+01    2.385634e-04
2.305813e+01    2.391828e-04
2.307035e+01    2.397650e-04
2.308256e+01    2.403062e-04
2.309477e+01    2.408113e-04
2.310699e+01    2.412696e-04
2.311920e+01    2.417014e-04
2.313141e+01    2.420905e-04
2.314363e+01    2.424480e-04
2.315584e+01    2.427732e-04
2.316805e+01    2.430670e-04
2.318026e+01    2.433251e-04
2.319248e+01    2.435510e-04
2.320469e+01    2.437539e-04
2.321690e+01    2.439195e-04
2.322912e+01    2.440621e-04
2.324133e+01    2.441761e-04
2.325354e+01    2.442599e-04
2.326575e+01    2.443164e-04
2.327797e+01    2.443500e-04
2.329018e+01    2.443537e-04
2.330239e+01    2.443379e-04
2.331461e+01    2.442933e-04
2.332682e+01    2.442247e-04
2.333903e+01    2.441355e-04
2.335125e+01    2.440180e-04
2.336346e+01    2.438753e-04
2.337567e+01    2.437159e-04
2.338788e+01    2.435282e-04
2.340010e+01    2.433164e-04
2.341231e+01    2.430857e-04
2.342452e+01    2.428330e-04
2.343674e+01    2.425506e-04
2.344895e+01    2.422464e-04
2.346116e+01    2.419181e-04
2.347338e+01    2.415692e-04
2.348559e+01    2.411951e-04
2.349780e+01    2.407964e-04
2.351002e+01    2.403670e-04
2.352223e+01    2.399192e-04
2.353444e+01    2.394466e-04
2.354665e+01    2.389422e-04
2.355887e+01    2.384176e-04
2.357108e+01    2.378552e-04
2.358329e+01    2.372684e-04
2.359550e+01    2.366516e-04
2.360772e+01    2.360127e-04
2.361993e+01    2.353361e-04
2.363214e+01    2.346353e-04
2.364436e+01    2.338933e-04
2.365657e+01    2.331211e-04
2.366878e+01    2.323157e-04
2.368100e+01    2.314729e-04
2.369321e+01    2.305949e-04
2.370542e+01    2.296797e-04
2.371764e+01    2.287324e-04
2.372985e+01    2.277343e-04
2.374206e+01    2.267045e-04
2.375427e+01    2.256297e-04
2.376649e+01    2.245111e-04
2.377870e+01    2.233516e-04
2.379091e+01    2.221432e-04
2.380313e+01    2.208928e-04
2.381534e+01    2.195927e-04
2.382755e+01    2.182439e-04
2.383977e+01    2.168447e-04
2.385198e+01    2.154000e-04
2.386419e+01    2.138942e-04
2.387640e+01    2.123390e-04
2.388862e+01    2.107256e-04
2.390083e+01    2.090558e-04
2.391304e+01    2.073290e-04
2.392526e+01    2.055446e-04
2.393747e+01    2.037018e-04
2.394968e+01    2.017948e-04
2.396189e+01    1.998278e-04
2.397411e+01    1.977968e-04
2.398632e+01    1.957069e-04
2.399854e+01    1.935387e-04
2.401075e+01    1.913058e-04
2.402296e+01    1.890160e-04
2.403517e+01    1.866475e-04
2.404739e+01    1.842144e-04
2.405960e+01    1.817110e-04
2.407181e+01    1.791386e-04
2.408403e+01    1.764825e-04
2.409624e+01    1.737623e-04
2.410845e+01    1.709611e-04
2.412066e+01    1.680924e-04
2.413288e+01    1.651407e-04
2.414509e+01    1.621152e-04
2.415730e+01    1.590156e-04
2.416952e+01    1.558420e-04
2.418173e+01    1.525810e-04
2.419394e+01    1.492483e-04
2.420616e+01    1.458368e-04
2.421837e+01    1.423440e-04
2.423058e+01    1.387747e-04
2.424279e+01    1.351357e-04
2.425501e+01    1.313940e-04
2.426722e+01    1.275873e-04
2.427943e+01    1.236968e-04
2.429165e+01    1.197364e-04
2.430386e+01    1.156896e-04
2.431607e+01    1.115639e-04
2.432829e+01    1.073561e-04
2.434050e+01    1.030786e-04
2.435271e+01    9.872179e-05
2.436492e+01    9.428375e-05
2.437714e+01    8.976762e-05
2.438935e+01    8.518033e-05
2.440156e+01    8.052133e-05
2.441378e+01    7.578501e-05
2.442599e+01    7.097027e-05
2.443820e+01    6.609457e-05
2.445041e+01    6.114109e-05
2.446263e+01    5.611678e-05
2.447484e+01    5.102839e-05
2.448705e+01    4.586385e-05
2.449927e+01    4.064423e-05
2.451148e+01    3.535330e-05
2.452369e+01    3.000346e-05
2.453591e+01    2.459003e-05
2.454812e+01    1.911828e-05
2.456033e+01    1.358995e-05
2.457255e+01    8.001778e-06
2.458476e+01    2.361456e-06
2.459697e+01    -3.334950e-06
2.460918e+01    -9.073527e-06
2.462140e+01    -1.485995e-05
2.463361e+01    -2.069713e-05
2.464582e+01    -2.658344e-05
2.465804e+01    -3.250001e-05
2.467025e+01    -3.846007e-05
2.468246e+01    -4.445744e-05
2.469468e+01    -5.048682e-05
2.470689e+01    -5.654866e-05
2.471910e+01    -6.264145e-05
2.473131e+01    -6.875992e-05
2.474353e+01    -7.490086e-05
2.475574e+01    -8.106028e-05
2.476795e+01    -8.724348e-05
2.478017e+01    -9.343689e-05
2.479238e+01    -9.964374e-05
2.480459e+01    -1.058628e-04
2.481680e+01    -1.120916e-04
2.482902e+01    -1.183133e-04
2.484123e+01    -1.245421e-04
2.485344e+01    -1.307683e-04
2.486566e+01    -1.369873e-04
2.487787e+01    -1.432039e-04
2.489008e+01    -1.493992e-04
2.490230e+01    -1.555914e-04
2.491451e+01    -1.617570e-04
2.492672e+01    -1.679026e-04
2.493893e+01    -1.740230e-04
2.495115e+01    -1.801197e-04
2.496336e+01    -1.861862e-04
2.497557e+01    -1.922193e-04
2.498779e+01    -1.982103e-04
2.500000e+01    -2.041706e-04
