0.000000e+00    -1.480636e+00
1.221299e-02    -1.479608e+00
2.442599e-02    -1.476527e+00
3.663898e-02    -1.471404e+00
4.885198e-02    -1.464259e+00
6.106497e-02    -1.455115e+00
7.327797e-02    -1.444007e+00
8.549096e-02    -1.430973e+00
9.770396e-02    -1.416061e+00
1.099169e-01    -1.399323e+00
1.221299e-01    -1.380818e+00
1.343429e-01    -1.360611e+00
1.465559e-01    -1.338773e+00
1.587689e-01    -1.315381e+00
1.709819e-01    -1.290513e+00
1.831949e-01    -1.264257e+00
1.954079e-01    -1.236702e+00
2.076209e-01    -1.207940e+00
2.198339e-01    -1.178068e+00
2.320469e-01    -1.147185e+00
2.442599e-01    -1.115392e+00
2.564729e-01    -1.082793e+00
2.686859e-01    -1.049492e+00
2.808989e-01    -1.015595e+00
2.931119e-01    -9.812076e-01
3.053249e-01    -9.464356e-01
3.175378e-01    -9.113847e-01
3.297509e-01    -8.761593e-01
3.419639e-01    -8.408627e-01
3.541768e-01    -8.055965e-01
3.663898e-01    -7.704599e-01
3.786028e-01    -7.355499e-01
3.908158e-01    -7.009604e-01
4.030288e-01    -6.667821e-01
4.152418e-01    -6.331024e-01
4.274548e-01    -6.000049e-01
4.396678e-01    -5.675688e-01
4.518808e-01    -5.358694e-01
4.640938e-01    -5.049773e-01
4.763068e-01    -4.749588e-01
4.885198e-01    -4.458748e-01
5.007328e-01    -4.177817e-01
5.129458e-01    -3.907309e-01
5.251588e-01    -3.647684e-01
5.373718e-01    -3.399352e-01
5.495847e-01    -3.162673e-01
5.617977e-01    -2.937953e-01
5.740107e-01    -2.725449e-01
5.862237e-01    -2.525365e-01
5.984367e-01    -2.337858e-01
6.106497e-01    -2.163035e-01
6.228627e-01    -2.000955e-01
6.350757e-01    -1.851630e-01
6.472887e-01    -1.715031e-01
6.595017e-01    -1.591081e-01
6.717147e-01    -1.479667e-01
6.839277e-01    -1.380633e-01
6.961407e-01    -1.293788e-01
7.083537e-01    -1.218905e-01
7.205667e-01    -1.155726e-01
7.327797e-01    -1.103959e-01
7.449927e-01    -1.063290e-01
7.572057e-01    -1.033373e-01
7.694187e-01    -1.013844e-01
7.816316e-01    -1.004316e-01
7.938446e-01    -1.004384e-01
8.060576e-01    -1.013627e-01
8.182706e-01    -1.031610e-01
8.304836e-01    -1.057889e-01
8.426966e-01    -1.092009e-01
8.549096e-01    -1.133509e-01
8.671226e-01    -1.181923e-01
8.793356e-01    -1.236784e-01
8.915486e-01    -1.297624e-01
9.037616e-01    -1.363975e-01
9.159746e-01    -1.435374e-01
9.281876e-01    -1.511362e-01
9.404006e-01    -1.591488e-01
9.526136e-01    -1.675308e-01
9.648266e-01    -1.762386e-01
9.770396e-01    -1.852300e-01
9.892526e-01    -1.944638e-01
1.001466e+00    -2.039000e-01
1.013679e+00    -2.135002e-01
1.025892e+00    -2.232274e-01
1.038105e+00    -2.330460e-01
1.050318e+00    -2.429221e-01
1.062531e+00    -2.528237e-01
1.074744e+00    -2.627200e-01
1.086957e+00    -2.725823e-01
1.099169e+00    -2.823835e-01
1.111382e+00    -2.920982e-01
1.123595e+00    -3.017029e-01
1.135808e+00    -3.111757e-01
1.148021e+00    -3.204967e-01
1.160234e+00    -3.296473e-01
1.172447e+00    -3.386109e-01
1.184660e+00    -3.473724e-01
1.196873e+00    -3.559185e-01
1.209086e+00    -3.642371e-01
1.221299e+00    -3.723181e-01
1.233512e+00    -3.801525e-01
1.245725e+00    -3.877329e-01
1.257938e+00    -3.950529e-01
1.270151e+00    -4.021080e-01
1.282364e+00    -4.088944e-01
1.294577e+00    -4.154095e-01
1.306790e+00    -4.216521e-01
1.319003e+00    -4.276217e-01
1.331216e+00    -4.333187e-01
1.343429e+00    -4.387447e-01
1.355642e+00    -4.439017e-01
1.367855e+00    -4.487928e-01
1.380068e+00    -4.534214e-01
1.392281e+00    -4.577918e-01
1.404494e+00    -4.619088e-01
1.416707e+00    -4.657772e-01
1.428920e+00    -4.694030e-01
1.441133e+00    -4.727918e-01
1.453346e+00    -4.759499e-01
1.465559e+00    -4.788837e-01
1.477772e+00    -4.815997e-01
1.489985e+00    -4.841049e-01
1.502198e+00    -4.864057e-01
1.514411e+00    -4.885092e-01
1.526624e+00    -4.904221e-01
1.538837e+00    -4.921512e-01
1.551050e+00    -4.937033e-01
1.563263e+00    -4.950849e-01
1.575476e+00    -4.963025e-01
1.587689e+00    -4.973625e-01
1.599902e+00    -4.982708e-01
1.612115e+00    -4.990335e-01
1.624328e+00    -4.996561e-01
1.636541e+00    -5.001442e-01
1.648754e+00    -5.005029e-01
1.660967e+00    -5.007372e-01
1.673180e+00    -5.008518e-01
1.685393e+00    -5.008510e-01
1.697606e+00    -5.007392e-01
1.709819e+00    -5.005199e-01
1.722032e+00    -5.001969e-01
1.734245e+00    -4.997735e-01
1.746458e+00    -4.992528e-01
1.758671e+00    -4.986375e-01
1.770884e+00    -4.979303e-01
1.783097e+00    -4.971333e-01
1.795310e+00    -4.962488e-01
1.807523e+00    -4.952785e-01
1.819736e+00    -4.942242e-01
1.831949e+00    -4.930873e-01
1.844162e+00    -4.918690e-01
1.856375e+00    -4.905706e-01
1.868588e+00    -4.891928e-01
1.880801e+00    -4.877367e-01
1.893014e+00    -4.862027e-01
1.905227e+00    -4.845917e-01
1.917440e+00    -4.829039e-01
1.929653e+00    -4.811398e-01
1.941866e+00    -4.792997e-01
1.954079e+00    -4.773838e-01
1.966292e+00    -4.753925e-01
1.978505e+00    -4.733258e-01
1.990718e+00    -4.711840e-01
2.002931e+00    -4.689673e-01
2.015144e+00    -4.666757e-01
2.027357e+00    -4.643093e-01
2.039570e+00    -4.618687e-01
2.051783e+00    -4.593537e-01
2.063996e+00    -4.567649e-01
2.076209e+00    -4.541025e-01
2.088422e+00    -4.513669e-01
2.100635e+00    -4.485586e-01
2.112848e+00    -4.456780e-01
2.125061e+00    -4.427258e-01
2.137274e+00    -4.397026e-01
2.149487e+00    -4.366091e-01
2.161700e+00    -4.334463e-01
2.173913e+00    -4.302151e-01
2.186126e+00    -4.269165e-01
2.198339e+00    -4.235514e-01
2.210552e+00    -4.201214e-01
2.222765e+00    -4.166273e-01
2.234978e+00    -4.130709e-01
2.247191e+00    -4.094534e-01
2.259404e+00    -4.057765e-01
2.271617e+00    -4.020416e-01
2.283830e+00    -3.982507e-01
2.296043e+00    -3.944055e-01
2.308256e+00    -3.905078e-01
2.320469e+00    -3.865594e-01
2.332682e+00    -3.825627e-01
2.344895e+00    -3.785194e-01
2.357108e+00    -3.744318e-01
2.369321e+00    -3.703019e-01
2.381534e+00    -3.661321e-01
2.393747e+00    -3.619247e-01
2.405960e+00    -3.576818e-01
2.418173e+00    -3.534060e-01
2.430386e+00    -3.490995e-01
2.442599e+00    -3.447648e-01
2.454812e+00    -3.404041e-01
2.467025e+00    -3.360201e-01
2.479238e+00    -3.316150e-01
2.491451e+00    -3.271915e-01
2.503664e+00    -3.227518e-01
2.515877e+00    -3.182984e-01
2.528090e+00    -3.138338e-01
2.540303e+00    -3.093603e-01
2.552516e+00    -3.048804e-01
2.564729e+00    -3.003964e-01
2.576942e+00    -2.959107e-01
2.589155e+00    -2.914254e-01
2.601368e+00    -2.869431e-01
2.613581e+00    -2.824657e-01
2.625794e+00    -2.779958e-01
2.638007e+00    -2.735353e-01
2.650220e+00    -2.690863e-01
2.662433e+00    -2.646509e-01
2.674646e+00    -2.602312e-01
2.686859e+00    -2.558291e-01
2.699072e+00    -2.514464e-01
2.711285e+00    -2.470852e-01
2.723498e+00    -2.427471e-01
2.735711e+00    -2.384339e-01
2.747924e+00    -2.341473e-01
2.760137e+00    -2.298890e-01
2.772350e+00    -2.256603e-01
2.784563e+00    -2.214630e-01
2.796776e+00    -2.172984e-01
2.808989e+00    -2.131679e-01
2.821202e+00    -2.090728e-01
2.833415e+00    -2.050145e-01
2.845628e+00    -2.009940e-01
2.857841e+00    -1.970125e-01
2.870054e+00    -1.930712e-01
2.882267e+00    -1.891710e-01
2.894480e+00    -1.853129e-01
2.906693e+00    -1.814979e-01
2.918906e+00    -1.777267e-01
2.931119e+00    -1.740002e-01
2.943332e+00    -1.703192e-01
2.955545e+00    -1.666842e-01
2.967758e+00    -1.630960e-01
2.979971e+00    -1.595552e-01
2.992184e+00    -1.560623e-01
3.004397e+00    -1.526178e-01
3.016610e+00    -1.492221e-01
3.028823e+00    -1.458757e-01
3.041036e+00    -1.425789e-01
3.053249e+00    -1.393319e-01
3.065462e+00    -1.361352e-01
3.077675e+00    -1.329890e-01
3.089888e+00    -1.298933e-01
3.102101e+00    -1.268484e-01
3.114314e+00    -1.238545e-01
3.126527e+00    -1.209115e-01
3.138740e+00    -1.180195e-01
3.150953e+00    -1.151786e-01
3.163166e+00    -1.123887e-01
3.175379e+00    -1.096499e-01
3.187592e+00    -1.069619e-01
3.199805e+00    -1.043248e-01
3.212018e+00    -1.017383e-01
3.224231e+00    -9.920235e-02
3.236444e+00    -9.671673e-02
3.248657e+00    -9.428123e-02
3.260870e+00    -9.189561e-02
3.273082e+00    -8.955962e-02
3.285295e+00    -8.727296e-02
3.297508e+00    -8.503532e-02
3.309721e+00    -8.284643e-02
3.321934e+00    -8.070587e-02
3.334147e+00    -7.861334e-02
3.346360e+00    -7.656840e-02
3.358573e+00    -7.457069e-02
3.370786e+00    -7.261978e-02
3.382999e+00    -7.071521e-02
3.395212e+00    -6.885655e-02
3.407425e+00    -6.704333e-02
3.419638e+00    -6.527503e-02
3.431851e+00    -6.355119e-02
3.444064e+00    -6.187129e-02
3.456277e+00    -6.023480e-02
3.468490e+00    -5.864115e-02
3.480703e+00    -5.708982e-02
3.492916e+00    -5.558022e-02
3.505129e+00    -5.411180e-02
3.517342e+00    -5.268395e-02
3.529555e+00    -5.129608e-02
3.541768e+00    -4.994758e-02
3.553981e+00    -4.863783e-02
3.566194e+00    -4.736618e-02
3.578407e+00    -4.613203e-02
3.590620e+00    -4.493472e-02
3.602833e+00    -4.377359e-02
3.615046e+00    -4.264800e-02
3.627259e+00    -4.155727e-02
3.639472e+00    -4.050073e-02
3.651685e+00    -3.947769e-02
3.663898e+00    -3.848751e-02
3.676111e+00    -3.752947e-02
3.688324e+00    -3.660290e-02
3.700537e+00    -3.570709e-02
3.712750e+00    -3.484137e-02
3.724963e+00    -3.400502e-02
3.737176e+00    -3.319734e-02
3.749389e+00    -3.241765e-02
3.761602e+00    -3.166523e-02
3.773815e+00    -3.093940e-02
3.786028e+00    -3.023944e-02
3.798241e+00    -2.956466e-02
3.810454e+00    -2.891438e-02
3.822667e+00    -2.828788e-02
3.834880e+00    -2.768449e-02
3.847093e+00    -2.710351e-02
3.859306e+00    -2.654427e-02
3.871519e+00    -2.600607e-02
3.883732e+00    -2.548826e-02
3.895945e+00    -2.499016e-02
3.908158e+00    -2.451111e-02
3.920371e+00    -2.405044e-02
3.932584e+00    -2.360753e-02
3.944797e+00    -2.318172e-02
3.957010e+00    -2.277238e-02
3.969223e+00    -2.237889e-02
3.981436e+00    -2.200062e-02
3.993649e+00    -2.163698e-02
4.005862e+00    -2.128736e-02
4.018075e+00    -2.095120e-02
4.030288e+00    -2.062787e-02
4.042501e+00    -2.031686e-02
4.054714e+00    -2.001758e-02
4.066927e+00    -1.972950e-02
4.079140e+00    -1.945208e-02
4.091353e+00    -1.918482e-02
4.103566e+00    -1.892718e-02
4.115779e+00    -1.867870e-02
4.127992e+00    -1.843886e-02
4.140205e+00    -1.820723e-02
4.152418e+00    -1.798332e-02
4.164631e+00    -1.776670e-02
4.176844e+00    -1.755695e-02
4.189057e+00    -1.735363e-02
4.201270e+00    -1.715637e-02
4.213483e+00    -1.696474e-02
4.225696e+00    -1.677841e-02
4.237909e+00    -1.659697e-02
4.250122e+00    -1.642012e-02
4.262335e+00    -1.624748e-02
4.274548e+00    -1.607877e-02
4.286761e+00    -1.591366e-02
4.298974e+00    -1.575187e-02
4.311187e+00    -1.559310e-02
4.323400e+00    -1.543712e-02
4.335613e+00    -1.528364e-02
4.347826e+00    -1.513245e-02
4.360039e+00    -1.498331e-02
4.372252e+00    -1.483601e-02
4.384465e+00    -1.469035e-02
4.396678e+00    -1.454616e-02
4.408891e+00    -1.440324e-02
4.421104e+00    -1.426145e-02
4.433317e+00    -1.412063e-02
4.445530e+00    -1.398065e-02
4.457743e+00    -1.384138e-02
4.469956e+00    -1.370271e-02
4.482169e+00    -1.356453e-02
4.494382e+00    -1.342675e-02
4.506595e+00    -1.328930e-02
4.518808e+00    -1.315210e-02
4.531021e+00    -1.301509e-02
4.543234e+00    -1.287823e-02
4.555447e+00    -1.274147e-02
4.567660e+00    -1.260478e-02
4.579873e+00    -1.246813e-02
4.592086e+00    -1.233152e-02
4.604299e+00    -1.219494e-02
4.616512e+00    -1.205839e-02
4.628725e+00    -1.192188e-02
4.640938e+00    -1.178543e-02
4.653151e+00    -1.164907e-02
4.665364e+00    -1.151282e-02
4.677577e+00    -1.137672e-02
4.689790e+00    -1.124083e-02
4.702003e+00    -1.110518e-02
4.714216e+00    -1.096983e-02
4.726429e+00    -1.083484e-02
4.738642e+00    -1.070029e-02
4.750855e+00    -1.056622e-02
4.763068e+00    -1.043273e-02
4.775281e+00    -1.029988e-02
4.787494e+00    -1.016776e-02
4.799707e+00    -1.003645e-02
4.811920e+00    -9.906037e-03
4.824133e+00    -9.776608e-03
4.836346e+00    -9.648256e-03
4.848559e+00    -9.521073e-03
4.860772e+00    -9.395155e-03
4.872985e+00    -9.270594e-03
4.885198e+00    -9.147495e-03
4.897411e+00    -9.025947e-03
4.909624e+00    -8.906049e-03
4.921837e+00    -8.787900e-03
4.934050e+00    -8.671609e-03
4.946263e+00    -8.557258e-03
4.958476e+00    -8.444956e-03
4.970689e+00    -8.334790e-03
4.982902e+00    -8.226865e-03
4.995115e+00    -8.121268e-03
5.007328e+00    -8.018096e-03
5.019541e+00    -7.917438e-03
5.031754e+00    -7.819387e-03
5.043967e+00    -7.724022e-03
5.056180e+00    -7.631439e-03
5.068393e+00    -7.541709e-03
5.080606e+00    -7.454918e-03
5.092819e+00    -7.371143e-03
5.105031e+00    -7.290456e-03
5.117245e+00    -7.212926e-03
5.129457e+00    -7.138626e-03
5.141671e+00    -7.067613e-03
5.153883e+00    -6.999953e-03
5.166097e+00    -6.935694e-03
5.178309e+00    -6.874904e-03
5.190523e+00    -6.817619e-03
5.202735e+00    -6.763888e-03
5.214949e+00    -6.713754e-03
5.227162e+00    -6.667245e-03
5.239375e+00    -6.624408e-03
5.251588e+00    -6.585256e-03
5.263801e+00    -6.549824e-03
5.276014e+00    -6.518124e-03
5.288227e+00    -6.490176e-03
5.300440e+00    -6.465989e-03
5.312653e+00    -6.445562e-03
5.324866e+00    -6.428906e-03
5.337079e+00    -6.416012e-03
5.349292e+00    -6.406873e-03
5.361505e+00    -6.401480e-03
5.373718e+00    -6.399811e-03
5.385931e+00    -6.401843e-03
5.398144e+00    -6.407565e-03
5.410357e+00    -6.416916e-03
5.422570e+00    -6.429889e-03
5.434783e+00    -6.446437e-03
5.446996e+00    -6.466513e-03
5.459208e+00    -6.490065e-03
5.471422e+00    -6.517048e-03
5.483634e+00    -6.547401e-03
5.495848e+00    -6.581066e-03
5.508060e+00    -6.617977e-03
5.520274e+00    -6.658063e-03
5.532486e+00    -6.701255e-03
5.544700e+00    -6.747476e-03
5.556912e+00    -6.796644e-03
5.569126e+00    -6.848676e-03
5.581338e+00    -6.903484e-03
5.593552e+00    -6.960981e-03
5.605764e+00    -7.021069e-03
5.617978e+00    -7.083660e-03
5.630190e+00    -7.148640e-03
5.642404e+00    -7.215917e-03
5.654616e+00    -7.285380e-03
5.666830e+00    -7.356930e-03
5.679042e+00    -7.430448e-03
5.691256e+00    -7.505826e-03
5.703468e+00    -7.582941e-03
5.715682e+00    -7.661696e-03
5.727894e+00    -7.741947e-03
5.740108e+00    -7.823593e-03
5.752320e+00    -7.906504e-03
5.764534e+00    -7.990558e-03
5.776746e+00    -8.075628e-03
5.788960e+00    -8.161595e-03
5.801172e+00    -8.248328e-03
5.813385e+00    -8.335696e-03
5.825598e+00    -8.423576e-03
5.837811e+00    -8.511843e-03
5.850024e+00    -8.600362e-03
5.862237e+00    -8.689008e-03
5.874450e+00    -8.777646e-03
5.886663e+00    -8.866156e-03
5.898876e+00    -8.954410e-03
5.911089e+00    -9.042262e-03
5.923302e+00    -9.129601e-03
5.935515e+00    -9.216301e-03
5.947728e+00    -9.302229e-03
5.959941e+00    -9.387268e-03
5.972154e+00    -9.471281e-03
5.984367e+00    -9.554164e-03
5.996580e+00    -9.635781e-03
6.008793e+00    -9.716021e-03
6.021006e+00    -9.794761e-03
6.033219e+00    -9.871889e-03
6.045432e+00    -9.947290e-03
6.057645e+00    -1.002086e-02
6.069858e+00    -1.009247e-02
6.082071e+00    -1.016204e-02
6.094284e+00    -1.022944e-02
6.106497e+00    -1.029459e-02
6.118710e+00    -1.035737e-02
6.130923e+00    -1.041771e-02
6.143136e+00    -1.047548e-02
6.155349e+00    -1.053062e-02
6.167562e+00    -1.058303e-02
6.179775e+00    -1.063263e-02
6.191988e+00    -1.067934e-02
6.204201e+00    -1.072308e-02
6.216414e+00    -1.076377e-02
6.228627e+00    -1.080134e-02
6.240840e+00    -1.083573e-02
6.253053e+00    -1.086687e-02
6.265266e+00    -1.089470e-02
6.277479e+00    -1.091916e-02
6.289692e+00    -1.094021e-02
6.301905e+00    -1.095779e-02
6.314118e+00    -1.097186e-02
6.326331e+00    -1.098237e-02
6.338544e+00    -1.098928e-02
6.350757e+00    -1.099257e-02
6.362970e+00    -1.099220e-02
6.375183e+00    -1.098814e-02
6.387396e+00    -1.098038e-02
6.399609e+00    -1.096889e-02
6.411822e+00    -1.095366e-02
6.424035e+00    -1.093468e-02
6.436248e+00    -1.091194e-02
6.448461e+00    -1.088544e-02
6.460674e+00    -1.085517e-02
6.472887e+00    -1.082115e-02
6.485100e+00    -1.078337e-02
6.497313e+00    -1.074186e-02
6.509526e+00    -1.069662e-02
6.521739e+00    -1.064768e-02
6.533952e+00    -1.059506e-02
6.546165e+00    -1.053878e-02
6.558378e+00    -1.047887e-02
6.570591e+00    -1.041537e-02
6.582804e+00    -1.034831e-02
6.595017e+00    -1.027774e-02
6.607230e+00    -1.020368e-02
6.619443e+00    -1.012620e-02
6.631656e+00    -1.004533e-02
6.643869e+00    -9.961136e-03
6.656082e+00    -9.873662e-03
6.668295e+00    -9.782975e-03
6.680508e+00    -9.689127e-03
6.692721e+00    -9.592186e-03
6.704934e+00    -9.492220e-03
6.717147e+00    -9.389277e-03
6.729360e+00    -9.283448e-03
6.741573e+00    -9.174800e-03
6.753786e+00    -9.063404e-03
6.765999e+00    -8.949342e-03
6.778212e+00    -8.832686e-03
6.790425e+00    -8.713525e-03
6.802638e+00    -8.591925e-03
6.814851e+00    -8.467989e-03
6.827064e+00    -8.341786e-03
6.839277e+00    -8.213418e-03
6.851490e+00    -8.082954e-03
6.863703e+00    -7.950502e-03
6.875916e+00    -7.816140e-03
6.888129e+00    -7.679961e-03
6.900342e+00    -7.542058e-03
6.912555e+00    -7.402527e-03
6.924768e+00    -7.261453e-03
6.936981e+00    -7.118944e-03
6.949194e+00    -6.975074e-03
6.961407e+00    -6.829961e-03
6.973620e+00    -6.683680e-03
6.985833e+00    -6.536339e-03
6.998046e+00    -6.388022e-03
7.010259e+00    -6.238833e-03
7.022472e+00    -6.088858e-03
7.034685e+00    -5.938204e-03
7.046898e+00    -5.786948e-03
7.059111e+00    -5.635204e-03
7.071324e+00    -5.483043e-03
7.083537e+00    -5.330574e-03
7.095750e+00    -5.177889e-03
7.107963e+00    -5.025048e-03
7.120176e+00    -4.872171e-03
7.132389e+00    -4.719347e-03
7.144602e+00    -4.566645e-03
7.156815e+00    -4.414166e-03
7.169028e+00    -4.261986e-03
7.181241e+00    -4.110196e-03
7.193454e+00    -3.958866e-03
7.205667e+00    -3.808089e-03
7.217880e+00    -3.657934e-03
7.230093e+00    -3.508484e-03
7.242306e+00    -3.359810e-03
7.254519e+00    -3.211989e-03
7.266732e+00    -3.065087e-03
7.278944e+00    -2.919182e-03
7.291158e+00    -2.774330e-03
7.303371e+00    -2.630605e-03
7.315584e+00    -2.488073e-03
7.327797e+00    -2.346788e-03
7.340010e+00    -2.206819e-03
7.352223e+00    -2.068206e-03
7.364436e+00    -1.931023e-03
7.376649e+00    -1.795309e-03
7.388862e+00    -1.661122e-03
7.401075e+00    -1.528511e-03
7.413288e+00    -1.397508e-03
7.425501e+00    -1.268167e-03
7.437714e+00    -1.140538e-03
7.449927e+00    -1.014644e-03
7.462140e+00    -8.905284e-04
7.474353e+00    -7.682177e-04
7.486566e+00    -6.477587e-04
7.498779e+00    -5.291649e-04
7.510992e+00    -4.124725e-04
7.523205e+00    -2.976987e-04
7.535418e+00    -1.848748e-04
7.547631e+00    -7.400884e-05
7.559844e+00    3.487052e-05
7.572057e+00    1.417618e-04
7.584270e+00    2.466367e-04
7.596483e+00    3.494968e-04
7.608696e+00    4.503300e-04
7.620909e+00    5.491299e-04
7.633121e+00    6.458893e-04
7.645335e+00    7.406182e-04
7.657547e+00    8.333048e-04
7.669761e+00    9.239588e-04
7.681973e+00    1.012583e-03
7.694187e+00    1.099181e-03
7.706399e+00    1.183761e-03
7.718613e+00    1.266350e-03
7.730825e+00    1.346938e-03
7.743039e+00    1.425553e-03
7.755251e+00    1.502204e-03
7.767465e+00    1.576915e-03
7.779677e+00    1.649699e-03
7.791891e+00    1.720586e-03
7.804103e+00    1.789581e-03
7.816317e+00    1.856733e-03
7.828529e+00    1.922045e-03
7.840743e+00    1.985557e-03
7.852955e+00    2.047291e-03
7.865169e+00    2.107279e-03
7.877381e+00    2.165550e-03
7.889595e+00    2.222139e-03
7.901807e+00    2.277079e-03
7.914021e+00    2.330392e-03
7.926233e+00    2.382122e-03
7.938447e+00    2.432305e-03
7.950659e+00    2.480970e-03
7.962873e+00    2.528167e-03
7.975085e+00    2.573923e-03
7.987298e+00    2.618275e-03
7.999511e+00    2.661260e-03
8.011724e+00    2.702927e-03
8.023937e+00    2.743306e-03
8.036150e+00    2.782439e-03
8.048364e+00    2.820367e-03
8.060576e+00    2.857129e-03
8.072789e+00    2.892761e-03
8.085002e+00    2.927308e-03
8.097216e+00    2.960812e-03
8.109428e+00    2.993301e-03
8.121641e+00    3.024825e-03
8.133854e+00    3.055419e-03
8.146068e+00    3.085129e-03
8.158280e+00    3.113983e-03
8.170493e+00    3.142024e-03
8.182706e+00    3.169288e-03
8.194920e+00    3.195820e-03
8.207132e+00    3.221647e-03
8.219345e+00    3.246810e-03
8.231558e+00    3.271343e-03
8.243772e+00    3.295282e-03
8.255984e+00    3.318658e-03
8.268197e+00    3.341505e-03
8.280410e+00    3.363858e-03
8.292624e+00    3.385749e-03
8.304836e+00    3.407201e-03
8.317049e+00    3.428250e-03
8.329262e+00    3.448921e-03
8.341475e+00    3.469246e-03
8.353688e+00    3.489246e-03
8.365901e+00    3.508949e-03
8.378115e+00    3.528379e-03
8.390327e+00    3.547555e-03
8.402540e+00    3.566510e-03
8.414753e+00    3.585241e-03
8.426967e+00    3.603793e-03
8.439179e+00    3.622167e-03
8.451392e+00    3.640388e-03
8.463605e+00    3.658469e-03
8.475819e+00    3.676425e-03
8.488031e+00    3.694269e-03
8.500244e+00    3.712010e-03
8.512457e+00    3.729657e-03
8.524671e+00    3.747222e-03
8.536883e+00    3.764716e-03
8.549096e+00    3.782138e-03
8.561309e+00    3.799497e-03
8.573523e+00    3.816796e-03
8.585735e+00    3.834035e-03
8.597948e+00    3.851229e-03
8.610161e+00    3.868344e-03
8.622375e+00    3.885412e-03
8.634587e+00    3.902416e-03
8.646800e+00    3.919356e-03
8.659013e+00    3.936223e-03
8.671227e+00    3.953016e-03
8.683439e+00    3.969719e-03
8.695652e+00    3.986329e-03
8.707865e+00    4.002835e-03
8.720078e+00    4.019233e-03
8.732291e+00    4.035496e-03
8.744504e+00    4.051621e-03
8.756717e+00    4.067594e-03
8.768930e+00    4.083396e-03
8.781143e+00    4.099010e-03
8.793356e+00    4.114424e-03
8.805569e+00    4.129616e-03
8.817782e+00    4.144568e-03
8.829995e+00    4.159261e-03
8.842208e+00    4.173679e-03
8.854421e+00    4.187793e-03
8.866634e+00    4.201586e-03
8.878847e+00    4.215037e-03
8.891060e+00    4.228121e-03
8.903273e+00    4.240816e-03
8.915486e+00    4.253093e-03
8.927699e+00    4.264932e-03
8.939912e+00    4.276308e-03
8.952125e+00    4.287194e-03
8.964338e+00    4.297570e-03
8.976551e+00    4.307404e-03
8.988764e+00    4.316669e-03
9.000977e+00    4.325352e-03
9.013190e+00    4.333403e-03
9.025403e+00    4.340820e-03
9.037616e+00    4.347561e-03
9.049829e+00    4.353609e-03
9.062042e+00    4.358927e-03
9.074255e+00    4.363498e-03
9.086468e+00    4.367290e-03
9.098680e+00    4.370279e-03
9.110894e+00    4.372445e-03
9.123107e+00    4.373753e-03
9.135320e+00    4.374183e-03
9.147532e+00    4.373711e-03
9.159746e+00    4.372310e-03
9.171959e+00    4.369959e-03
9.184172e+00    4.366631e-03
9.196384e+00    4.362308e-03
9.208598e+00    4.356961e-03
9.220811e+00    4.350573e-03
9.233024e+00    4.343123e-03
9.245236e+00    4.334592e-03
9.257450e+00    4.324959e-03
9.269663e+00    4.314201e-03
9.281876e+00    4.302306e-03
9.294088e+00    4.289253e-03
9.306302e+00    4.275029e-03
9.318515e+00    4.259619e-03
9.330728e+00    4.243006e-03
9.342940e+00    4.225173e-03
9.355154e+00    4.206111e-03
9.367367e+00    4.185813e-03
9.379580e+00    4.164263e-03
9.391793e+00    4.141451e-03
9.404006e+00    4.117371e-03
9.416219e+00    4.092018e-03
9.428432e+00    4.065380e-03
9.440645e+00    4.037455e-03
9.452858e+00    4.008240e-03
9.465071e+00    3.977731e-03
9.477283e+00    3.945926e-03
9.489497e+00    3.912823e-03
9.501710e+00    3.878423e-03
9.513923e+00    3.842732e-03
9.526135e+00    3.805749e-03
9.538349e+00    3.767477e-03
9.550562e+00    3.727931e-03
9.562775e+00    3.687104e-03
9.574987e+00    3.645009e-03
9.587201e+00    3.601659e-03
9.599414e+00    3.557066e-03
9.611627e+00    3.511230e-03
9.623839e+00    3.464174e-03
9.636053e+00    3.415903e-03
9.648266e+00    3.366437e-03
9.660479e+00    3.315798e-03
9.672691e+00    3.263992e-03
9.684905e+00    3.211038e-03
9.697118e+00    3.156965e-03
9.709331e+00    3.101784e-03
9.721543e+00    3.045525e-03
9.733757e+00    2.988197e-03
9.745970e+00    2.929840e-03
9.758183e+00    2.870467e-03
9.770395e+00    2.810110e-03
9.782609e+00    2.748784e-03
9.794822e+00    2.686531e-03
9.807034e+00    2.623372e-03
9.819247e+00    2.559336e-03
9.831461e+00    2.494450e-03
9.843674e+00    2.428752e-03
9.855886e+00    2.362272e-03
9.868099e+00    2.295038e-03
9.880313e+00    2.227084e-03
9.892526e+00    2.158446e-03
9.904738e+00    2.089162e-03
9.916951e+00    2.019254e-03
9.929165e+00    1.948763e-03
9.941378e+00    1.877731e-03
9.953590e+00    1.806194e-03
9.965803e+00    1.734186e-03
9.978017e+00    1.661737e-03
9.990230e+00    1.588897e-03
1.000244e+01    1.515700e-03
1.001466e+01    1.442181e-03
1.002687e+01    1.368379e-03
1.003908e+01    1.294337e-03
1.005129e+01    1.220094e-03
1.006351e+01    1.145688e-03
1.007572e+01    1.071153e-03
1.008793e+01    9.965367e-04
1.010015e+01    9.218591e-04
1.011236e+01    8.472097e-04
1.012457e+01    7.725677e-04
1.013679e+01    6.980102e-04
1.014900e+01    6.235609e-04
1.016121e+01    5.492651e-04
1.017342e+01    4.751522e-04
1.018564e+01    4.012756e-04
1.019785e+01    3.276601e-04
1.021006e+01    2.543601e-04
1.022228e+01    1.813915e-04
1.023449e+01    1.088101e-04
1.024670e+01    3.664372e-05
1.025891e+01    -3.506663e-05
1.027113e+01    -1.062954e-04
1.028334e+01    -1.769888e-04
1.029555e+01    -2.471328e-04
1.030777e+01    -3.166737e-04
1.031998e+01    -3.855905e-04
1.033219e+01    -4.538470e-04
1.034441e+01    -5.214040e-04
1.035662e+01    -5.882410e-04
1.036883e+01    -6.543251e-04
1.038105e+01    -7.196169e-04
1.039326e+01    -7.840980e-04
1.040547e+01    -8.477320e-04
1.041768e+01    -9.104971e-04
1.042990e+01    -9.723593e-04
1.044211e+01    -1.033298e-03
1.045432e+01    -1.093289e-03
1.046654e+01    -1.152301e-03
1.047875e+01    -1.210316e-03
1.049096e+01    -1.267316e-03
1.050318e+01    -1.323266e-03
1.051539e+01    -1.378161e-03
1.052760e+01    -1.431969e-03
1.053981e+01    -1.484677e-03
1.055203e+01    -1.536274e-03
1.056424e+01    -1.586731e-03
1.057645e+01    -1.636040e-03
1.058867e+01    -1.684182e-03
1.060088e+01    -1.731148e-03
1.061309e+01    -1.776930e-03
1.062531e+01    -1.821503e-03
1.063752e+01    -1.864871e-03
1.064973e+01    -1.907019e-03
1.066194e+01    -1.947934e-03
1.067416e+01    -1.987614e-03
1.068637e+01    -2.026053e-03
1.069858e+01    -2.063249e-03
1.071080e+01    -2.099187e-03
1.072301e+01    -2.133876e-03
1.073522e+01    -2.167306e-03
1.074744e+01    -2.199482e-03
1.075965e+01    -2.230401e-03
1.077186e+01    -2.260064e-03
1.078407e+01    -2.288473e-03
1.079629e+01    -2.315628e-03
1.080850e+01    -2.341541e-03
1.082071e+01    -2.366209e-03
1.083293e+01    -2.389643e-03
1.084514e+01    -2.411850e-03
1.085735e+01    -2.432832e-03
1.086957e+01    -2.452598e-03
1.088178e+01    -2.471162e-03
1.089399e+01    -2.488535e-03
1.090620e+01    -2.504722e-03
1.091842e+01    -2.519737e-03
1.093063e+01    -2.533594e-03
1.094284e+01    -2.546304e-03
1.095506e+01    -2.557884e-03
1.096727e+01    -2.568350e-03
1.097948e+01    -2.577708e-03
1.099170e+01    -2.585979e-03
1.100391e+01    -2.593190e-03
1.101612e+01    -2.599340e-03
1.102833e+01    -2.604462e-03
1.104055e+01    -2.608567e-03
1.105276e+01    -2.611671e-03
1.106497e+01    -2.613800e-03
1.107719e+01    -2.614971e-03
1.108940e+01    -2.615202e-03
1.110161e+01    -2.614515e-03
1.111382e+01    -2.612934e-03
1.112604e+01    -2.610478e-03
1.113825e+01    -2.607166e-03
1.115046e+01    -2.603023e-03
1.116268e+01    -2.598070e-03
1.117489e+01    -2.592328e-03
1.118710e+01    -2.585826e-03
1.119932e+01    -2.578577e-03
1.121153e+01    -2.570612e-03
1.122374e+01    -2.561950e-03
1.123596e+01    -2.552612e-03
1.124817e+01    -2.542627e-03
1.126038e+01    -2.532016e-03
1.127259e+01    -2.520799e-03
1.128481e+01    -2.509002e-03
1.129702e+01    -2.496647e-03
1.130923e+01    -2.483758e-03
1.132145e+01    -2.470359e-03
1.133366e+01    -2.456469e-03
1.134587e+01    -2.442115e-03
1.135808e+01    -2.427318e-03
1.137030e+01    -2.412100e-03
1.138251e+01    -2.396480e-03
1.139472e+01    -2.380484e-03
1.140694e+01    -2.364134e-03
1.141915e+01    -2.347446e-03
1.143136e+01    -2.330446e-03
1.144358e+01    -2.313153e-03
1.145579e+01    -2.295588e-03
1.146800e+01    -2.277767e-03
1.148022e+01    -2.259715e-03
1.149243e+01    -2.241450e-03
1.150464e+01    -2.222987e-03
1.151685e+01    -2.204347e-03
1.152907e+01    -2.185549e-03
1.154128e+01    -2.166610e-03
1.155349e+01    -2.147543e-03
1.156571e+01    -2.128368e-03
1.157792e+01    -2.109101e-03
1.159013e+01    -2.089754e-03
1.160234e+01    -2.070352e-03
1.161456e+01    -2.050888e-03
1.162677e+01    -2.031396e-03
1.163898e+01    -2.011883e-03
1.165120e+01    -1.992359e-03
1.166341e+01    -1.972842e-03
1.167562e+01    -1.953338e-03
1.168784e+01    -1.933861e-03
1.170005e+01    -1.914417e-03
1.171226e+01    -1.895022e-03
1.172447e+01    -1.875682e-03
1.173669e+01    -1.856410e-03
1.174890e+01    -1.837208e-03
1.176111e+01    -1.818082e-03
1.177333e+01    -1.799048e-03
1.178554e+01    -1.780104e-03
1.179775e+01    -1.761257e-03
1.180997e+01    -1.742525e-03
1.182218e+01    -1.723894e-03
1.183439e+01    -1.705380e-03
1.184660e+01    -1.686984e-03
1.185882e+01    -1.668709e-03
1.187103e+01    -1.650553e-03
1.188324e+01    -1.632524e-03
1.189546e+01    -1.614626e-03
1.190767e+01    -1.596851e-03
1.191988e+01    -1.579209e-03
1.193210e+01    -1.561694e-03
1.194431e+01    -1.544307e-03
1.195652e+01    -1.527048e-03
1.196873e+01    -1.509917e-03
1.198095e+01    -1.492911e-03
1.199316e+01    -1.476029e-03
1.200537e+01    -1.459266e-03
1.201759e+01    -1.442618e-03
1.202980e+01    -1.426091e-03
1.204201e+01    -1.409675e-03
1.205423e+01    -1.393364e-03
1.206644e+01    -1.377158e-03
1.207865e+01    -1.361047e-03
1.209086e+01    -1.345034e-03
1.210308e+01    -1.329098e-03
1.211529e+01    -1.313267e-03
1.212750e+01    -1.297505e-03
1.213972e+01    -1.281814e-03
1.215193e+01    -1.266188e-03
1.216414e+01    -1.250627e-03
1.217636e+01    -1.235119e-03
1.218857e+01    -1.219665e-03
1.220078e+01    -1.204239e-03
1.221299e+01    -1.188858e-03
1.222521e+01    -1.173502e-03
1.223742e+01    -1.158169e-03
1.224963e+01    -1.142849e-03
1.226185e+01    -1.127539e-03
1.227406e+01    -1.112228e-03
1.228627e+01    -1.096912e-03
1.229849e+01    -1.081587e-03
1.231070e+01    -1.066233e-03
1.232291e+01    -1.050860e-03
1.233512e+01    -1.035456e-03
1.234734e+01    -1.020001e-03
1.235955e+01    -1.004509e-03
1.237176e+01    -9.889634e-04
1.238398e+01    -9.733574e-04
1.239619e+01    -9.576854e-04
1.240840e+01    -9.419449e-04
1.242062e+01    -9.261249e-04
1.243283e+01    -9.102218e-04
1.244504e+01    -8.942346e-04
1.245725e+01    -8.781522e-04
1.246947e+01    -8.619725e-04
1.248168e+01    -8.456894e-04
1.249389e+01    -8.293103e-04
1.250611e+01    -8.127993e-04
1.251832e+01    -7.961829e-04
1.253053e+01    -7.794466e-04
1.254275e+01    -7.625907e-04
1.255496e+01    -7.456096e-04
1.256717e+01    -7.284967e-04
1.257938e+01    -7.112569e-04
1.259160e+01    -6.938861e-04
1.260381e+01    -6.763757e-04
1.261602e+01    -6.587373e-04
1.262824e+01    -6.409571e-04
1.264045e+01    -6.230397e-04
1.265266e+01    -6.049869e-04
1.266488e+01    -5.867946e-04
1.267709e+01    -5.684658e-04
1.268930e+01    -5.500031e-04
1.270151e+01    -5.314036e-04
1.271373e+01    -5.126648e-04
1.272594e+01    -4.937988e-04
1.273815e+01    -4.748020e-04
1.275037e+01    -4.556730e-04
1.276258e+01    -4.364266e-04
1.277479e+01    -4.170575e-04
1.278701e+01    -3.975691e-04
1.279922e+01    -3.779639e-04
1.281143e+01    -3.582546e-04
1.282364e+01    -3.384372e-04
1.283586e+01    -3.185233e-04
1.284807e+01    -2.985120e-04
1.286028e+01    -2.784141e-04
1.287250e+01    -2.582310e-04
1.288471e+01    -2.379756e-04
1.289692e+01    -2.176466e-04
1.290914e+01    -1.972524e-04
1.292135e+01    -1.768121e-04
1.293356e+01    -1.563171e-04
1.294577e+01    -1.357847e-04
1.295799e+01    -1.152160e-04
1.297020e+01    -9.462845e-05
1.298241e+01    -7.402219e-05
1.299463e+01    -5.341188e-05
1.300684e+01    -3.280161e-05
1.301905e+01    -1.220514e-05
1.303127e+01    8.368897e-06
1.304348e+01    2.891811e-05
1.305569e+01    4.942055e-05
1.306790e+01    6.987044e-05
1.308012e+01    9.026538e-05
1.309233e+01    1.105884e-04
1.310454e+01    1.308308e-04
1.311676e+01    1.509791e-04
1.312897e+01    1.710292e-04
1.314118e+01    1.909606e-04
1.315340e+01    2.107726e-04
1.316561e+01    2.304512e-04
1.317782e+01    2.499811e-04
1.319003e+01    2.693539e-04
1.320225e+01    2.885626e-04
1.321446e+01    3.076017e-04
1.322667e+01    3.264460e-04
1.323889e+01    3.450904e-04
1.325110e+01    3.635264e-04
1.326331e+01    3.817436e-04
1.327553e+01    3.997311e-04
1.328774e+01    4.174736e-04
1.329995e+01    4.349661e-04
1.331216e+01    4.522006e-04
1.332438e+01    4.691620e-04
1.333659e+01    4.858399e-04
1.334880e+01    5.022266e-04
1.336102e+01    5.183127e-04
1.337323e+01    5.340879e-04
1.338544e+01    5.495452e-04
1.339766e+01    5.646794e-04
1.340987e+01    5.794668e-04
1.342208e+01    5.939149e-04
1.343429e+01    6.080059e-04
1.344651e+01    6.217366e-04
1.345872e+01    6.350994e-04
1.347093e+01    6.480844e-04
1.348315e+01    6.606834e-04
1.349536e+01    6.728916e-04
1.350757e+01    6.847045e-04
1.351978e+01    6.961155e-04
1.353200e+01    7.071111e-04
1.354421e+01    7.176992e-04
1.355642e+01    7.278598e-04
1.356864e+01    7.375990e-04
1.358085e+01    7.469100e-04
1.359306e+01    7.557827e-04
1.360528e+01    7.642175e-04
1.361749e+01    7.722171e-04
1.362970e+01    7.797697e-04
1.364192e+01    7.868774e-04
1.365413e+01    7.935341e-04
1.366634e+01    7.997419e-04
1.367855e+01    8.054983e-04
1.369077e+01    8.108011e-04
1.370298e+01    8.156516e-04
1.371519e+01    8.200475e-04
1.372741e+01    8.239847e-04
1.373962e+01    8.274699e-04
1.375183e+01    8.305031e-04
1.376404e+01    8.330912e-04
1.377626e+01    8.352223e-04
1.378847e+01    8.369091e-04
1.380068e+01    8.381546e-04
1.381290e+01    8.389523e-04
1.382511e+01    8.393147e-04
1.383732e+01    8.392415e-04
1.384954e+01    8.387374e-04
1.386175e+01    8.378097e-04
1.387396e+01    8.364571e-04
1.388618e+01    8.346894e-04
1.389839e+01    8.325076e-04
1.391060e+01    8.299231e-04
1.392281e+01    8.269394e-04
1.393503e+01    8.235639e-04
1.394724e+01    8.198010e-04
1.395945e+01    8.156607e-04
1.397167e+01    8.111483e-04
1.398388e+01    8.062717e-04
1.399609e+01    8.010457e-04
1.400830e+01    7.954626e-04
1.402052e+01    7.895457e-04
1.403273e+01    7.832973e-04
1.404494e+01    7.767300e-04
1.405716e+01    7.698507e-04
1.406937e+01    7.626687e-04
1.408158e+01    7.551956e-04
1.409380e+01    7.474382e-04
1.410601e+01    7.394180e-04
1.411822e+01    7.311235e-04
1.413043e+01    7.225823e-04
1.414265e+01    7.138010e-04
1.415486e+01    7.047903e-04
1.416707e+01    6.955598e-04
1.417929e+01    6.861209e-04
1.419150e+01    6.764933e-04
1.420371e+01    6.666644e-04
1.421593e+01    6.566671e-04
1.422814e+01    6.465102e-04
1.424035e+01    6.361979e-04
1.425256e+01    6.257486e-04
1.426478e+01    6.151650e-04
1.427699e+01    6.044683e-04
1.428920e+01    5.936667e-04
1.430142e+01    5.827669e-04
1.431363e+01    5.717847e-04
1.432584e+01    5.607319e-04
1.433806e+01    5.496162e-04
1.435027e+01    5.384527e-04
1.436248e+01    5.272490e-04
1.437469e+01    5.160199e-04
1.438691e+01    5.047746e-04
1.439912e+01    4.935210e-04
1.441133e+01    4.822743e-04
1.442355e+01    4.710417e-04
1.443576e+01    4.598368e-04
1.444797e+01    4.486675e-04
1.446019e+01    4.375408e-04
1.447240e+01    4.264724e-04
1.448461e+01    4.154720e-04
1.449682e+01    4.045429e-04
1.450904e+01    3.937014e-04
1.452125e+01    3.829495e-04
1.453346e+01    3.723002e-04
1.454568e+01    3.617653e-04
1.455789e+01    3.513476e-04
1.457010e+01    3.410500e-04
1.458232e+01    3.308947e-04
1.459453e+01    3.208765e-04
1.460674e+01    3.110088e-04
1.461895e+01    3.012978e-04
1.463117e+01    2.917498e-04
1.464338e+01    2.823691e-04
1.465559e+01    2.731623e-04
1.466781e+01    2.641385e-04
1.468002e+01    2.552971e-04
1.469223e+01    2.466518e-04
1.470445e+01    2.381963e-04
1.471666e+01    2.299378e-04
1.472887e+01    2.218915e-04
1.474109e+01    2.140451e-04
1.475330e+01    2.064162e-04
1.476551e+01    1.989984e-04
1.477772e+01    1.917984e-04
1.478994e+01    1.848140e-04
1.480215e+01    1.780513e-04
1.481436e+01    1.715163e-04
1.482658e+01    1.652050e-04
1.483879e+01    1.591139e-04
1.485100e+01    1.532538e-04
1.486321e+01    1.476147e-04
1.487543e+01    1.422075e-04
1.488764e+01    1.370192e-04
1.489985e+01    1.320658e-04
1.491207e+01    1.273339e-04
1.492428e+01    1.228239e-04
1.493649e+01    1.185328e-04
1.494871e+01    1.144671e-04
1.496092e+01    1.106208e-04
1.497313e+01    1.069821e-04
1.498534e+01    1.035590e-04
1.499756e+01    1.003439e-04
1.500977e+01    9.734349e-05
1.502198e+01    9.454251e-05
1.503420e+01    9.194028e-05
1.504641e+01    8.953276e-05
1.505862e+01    8.731656e-05
1.507084e+01    8.528761e-05
1.508305e+01    8.344161e-05
1.509526e+01    8.177043e-05
1.510747e+01    8.027152e-05
1.511969e+01    7.893972e-05
1.513190e+01    7.776594e-05
1.514411e+01    7.675101e-05
1.515633e+01    7.588369e-05
1.516854e+01    7.516092e-05
1.518075e+01    7.457286e-05
1.519297e+01    7.411878e-05
1.520518e+01    7.378381e-05
1.521739e+01    7.356940e-05
1.522960e+01    7.346619e-05
1.524182e+01    7.346665e-05
1.525403e+01    7.356467e-05
1.526624e+01    7.375210e-05
1.527846e+01    7.402288e-05
1.529067e+01    7.437140e-05
1.530288e+01    7.478941e-05
1.531509e+01    7.526420e-05
1.532731e+01    7.579922e-05
1.533952e+01    7.637790e-05
1.535173e+01    7.699883e-05
1.536395e+01    7.765091e-05
1.537616e+01    7.833015e-05
1.538837e+01    7.902921e-05
1.540059e+01    7.973694e-05
1.541280e+01    8.045670e-05
1.542501e+01    8.116302e-05
1.543723e+01    8.186555e-05
1.544944e+01    8.255307e-05
1.546165e+01    8.321420e-05
1.547386e+01    8.384712e-05
1.548608e+01    8.444527e-05
1.549829e+01    8.500162e-05
1.551050e+01    8.550391e-05
1.552272e+01    8.595614e-05
1.553493e+01    8.634830e-05
1.554714e+01    8.666908e-05
1.555935e+01    8.691858e-05
1.557157e+01    8.708985e-05
1.558378e+01    8.717617e-05
1.559599e+01    8.718140e-05
1.560821e+01    8.708464e-05
1.562042e+01    8.689248e-05
1.563263e+01    8.659891e-05
1.564485e+01    8.619552e-05
1.565706e+01    8.568318e-05
1.566927e+01    8.505215e-05
1.568149e+01    8.430219e-05
1.569370e+01    8.342808e-05
1.570591e+01    8.243333e-05
1.571812e+01    8.131690e-05
1.573034e+01    8.004534e-05
1.574255e+01    7.865492e-05
1.575476e+01    7.712582e-05
1.576698e+01    7.545739e-05
1.577919e+01    7.364729e-05
1.579140e+01    7.169609e-05
1.580362e+01    6.960127e-05
1.581583e+01    6.736234e-05
1.582804e+01    6.497711e-05
1.584025e+01    6.244617e-05
1.585247e+01    5.977146e-05
1.586468e+01    5.694960e-05
1.587689e+01    5.398055e-05
1.588911e+01    5.085958e-05
1.590132e+01    4.760902e-05
1.591353e+01    4.420814e-05
1.592575e+01    4.066393e-05
1.593796e+01    3.698123e-05
1.595017e+01    3.315576e-05
1.596238e+01    2.919660e-05
1.597460e+01    2.510148e-05
1.598681e+01    2.087253e-05
1.599902e+01    1.651264e-05
1.601124e+01    1.202769e-05
1.602345e+01    7.419547e-06
1.603566e+01    2.689327e-06
1.604787e+01    -2.158022e-06
1.606009e+01    -7.116347e-06
1.607230e+01    -1.218653e-05
1.608451e+01    -1.736345e-05
1.609673e+01    -2.263930e-05
1.610894e+01    -2.800542e-05
1.612115e+01    -3.347477e-05
1.613337e+01    -3.902618e-05
1.614558e+01    -4.465598e-05
1.615779e+01    -5.036721e-05
1.617001e+01    -5.614859e-05
1.618222e+01    -6.199694e-05
1.619443e+01    -6.790259e-05
1.620664e+01    -7.386657e-05
1.621886e+01    -7.987954e-05
1.623107e+01    -8.593372e-05
1.624328e+01    -9.202751e-05
1.625550e+01    -9.815139e-05
1.626771e+01    -1.042983e-04
1.627992e+01    -1.104671e-04
1.629214e+01    -1.166459e-04
1.630435e+01    -1.228356e-04
1.631656e+01    -1.290214e-04
1.632877e+01    -1.352000e-04
1.634099e+01    -1.413715e-04
1.635320e+01    -1.475168e-04
1.636541e+01    -1.536371e-04
1.637763e+01    -1.597295e-04
1.638984e+01    -1.657747e-04
1.640205e+01    -1.717850e-04
1.641426e+01    -1.777371e-04
1.642648e+01    -1.836319e-04
1.643869e+01    -1.894610e-04
1.645090e+01    -1.952238e-04
1.646312e+01    -2.009084e-04
1.647533e+01    -2.065101e-04
1.648754e+01    -2.120225e-04
1.649976e+01    -2.174354e-04
1.651197e+01    -2.227552e-04
1.652418e+01    -2.279656e-04
1.653639e+01    -2.330639e-04
1.654861e+01    -2.380409e-04
1.656082e+01    -2.428994e-04
1.657303e+01    -2.476267e-04
1.658525e+01    -2.522182e-04
1.659746e+01    -2.566716e-04
1.660967e+01    -2.609865e-04
1.662189e+01    -2.651440e-04
1.663410e+01    -2.691564e-04
1.664631e+01    -2.730043e-04
1.665853e+01    -2.766949e-04
1.667074e+01    -2.802206e-04
1.668295e+01    -2.835726e-04
1.669516e+01    -2.867529e-04
1.670738e+01    -2.897558e-04
1.671959e+01    -2.925791e-04
1.673180e+01    -2.952169e-04
1.674402e+01    -2.976700e-04
1.675623e+01    -2.999347e-04
1.676844e+01    -3.020075e-04
1.678065e+01    -3.038874e-04
1.679287e+01    -3.055694e-04
1.680508e+01    -3.070564e-04
1.681729e+01    -3.083412e-04
1.682951e+01    -3.094279e-04
1.684172e+01    -3.103089e-04
1.685393e+01    -3.109915e-04
1.686615e+01    -3.114685e-04
1.687836e+01    -3.117407e-04
1.689057e+01    -3.118025e-04
1.690278e+01    -3.116711e-04
1.691500e+01    -3.113320e-04
1.692721e+01    -3.107885e-04
1.693942e+01    -3.100401e-04
1.695164e+01    -3.090909e-04
1.696385e+01    -3.079401e-04
1.697606e+01    -3.065875e-04
1.698828e+01    -3.050349e-04
1.700049e+01    -3.032858e-04
1.701270e+01    -3.013451e-04
1.702491e+01    -2.992103e-04
1.703713e+01    -2.968796e-04
1.704934e+01    -2.943648e-04
1.706155e+01    -2.916632e-04
1.707377e+01    -2.887770e-04
1.708598e+01    -2.857146e-04
1.709819e+01    -2.824785e-04
1.711040e+01    -2.790584e-04
1.712262e+01    -2.754766e-04
1.713483e+01    -2.717284e-04
1.714705e+01    -2.678168e-04
1.715926e+01    -2.637451e-04
1.717147e+01    -2.595246e-04
1.718368e+01    -2.551540e-04
1.719590e+01    -2.506451e-04
1.720811e+01    -2.459853e-04
1.722032e+01    -2.411927e-04
1.723254e+01    -2.362732e-04
1.724475e+01    -2.312258e-04
1.725696e+01    -2.260593e-04
1.726917e+01    -2.207794e-04
1.728139e+01    -2.153882e-04
1.729360e+01    -2.098957e-04
1.730581e+01    -2.042949e-04
1.731803e+01    -1.986157e-04
1.733024e+01    -1.928420e-04
1.734245e+01    -1.869889e-04
1.735467e+01    -1.810569e-04
1.736688e+01    -1.750579e-04
1.737909e+01    -1.689940e-04
1.739130e+01    -1.628707e-04
1.740352e+01    -1.566925e-04
1.741573e+01    -1.504702e-04
1.742794e+01    -1.442076e-04
1.744016e+01    -1.379119e-04
1.745237e+01    -1.315837e-04
1.746458e+01    -1.252371e-04
1.747680e+01    -1.188710e-04
1.748901e+01    -1.124932e-04
1.750122e+01    -1.061124e-04
1.751343e+01    -9.972833e-05
1.752565e+01    -9.334971e-05
1.753786e+01    -8.698990e-05
1.755007e+01    -8.064094e-05
1.756229e+01    -7.431593e-05
1.757450e+01    -6.802019e-05
1.758671e+01    -6.175776e-05
1.759892e+01    -5.553980e-05
1.761114e+01    -4.935923e-05
1.762335e+01    -4.323047e-05
1.763556e+01    -3.715968e-05
1.764778e+01    -3.114417e-05
1.765999e+01    -2.519516e-05
1.767220e+01    -1.931503e-05
1.768442e+01    -1.350472e-05
1.769663e+01    -7.772891e-06
1.770884e+01    -2.129789e-06
1.772106e+01    3.439702e-06
1.773327e+01    8.899660e-06
1.774548e+01    1.427664e-05
1.775769e+01    1.955473e-05
1.776991e+01    2.473181e-05
1.778212e+01    2.980087e-05
1.779433e+01    3.476516e-05
1.780655e+01    3.961099e-05
1.781876e+01    4.435328e-05
1.783097e+01    4.897381e-05
1.784319e+01    5.347373e-05
1.785540e+01    5.785409e-05
1.786761e+01    6.210516e-05
1.787982e+01    6.623555e-05
1.789204e+01    7.023665e-05
1.790425e+01    7.410425e-05
1.791646e+01    7.784080e-05
1.792868e+01    8.144659e-05
1.794089e+01    8.491354e-05
1.795310e+01    8.824910e-05
1.796531e+01    9.144793e-05
1.797753e+01    9.450963e-05
1.798974e+01    9.743375e-05
1.800196e+01    1.002215e-04
1.801417e+01    1.028670e-04
1.802638e+01    1.053800e-04
1.803859e+01    1.077501e-04
1.805081e+01    1.099881e-04
1.806302e+01    1.120845e-04
1.807523e+01    1.140465e-04
1.808744e+01    1.158724e-04
1.809966e+01    1.175643e-04
1.811187e+01    1.191175e-04
1.812408e+01    1.205496e-04
1.813630e+01    1.218431e-04
1.814851e+01    1.230104e-04
1.816072e+01    1.240495e-04
1.817294e+01    1.249640e-04
1.818515e+01    1.257526e-04
1.819736e+01    1.264203e-04
1.820958e+01    1.269690e-04
1.822179e+01    1.274004e-04
1.823400e+01    1.277194e-04
1.824621e+01    1.279234e-04
1.825843e+01    1.280200e-04
1.827064e+01    1.280110e-04
1.828285e+01    1.278950e-04
1.829507e+01    1.276773e-04
1.830728e+01    1.273665e-04
1.831949e+01    1.269612e-04
1.833171e+01    1.264667e-04
1.834392e+01    1.258772e-04
1.835613e+01    1.252061e-04
1.836834e+01    1.244586e-04
1.838056e+01    1.236271e-04
1.839277e+01    1.227189e-04
1.840498e+01    1.217459e-04
1.841720e+01    1.207015e-04
1.842941e+01    1.195981e-04
1.844162e+01    1.184284e-04
1.845383e+01    1.172081e-04
1.846605e+01    1.159331e-04
1.847826e+01    1.146089e-04
1.849047e+01    1.132383e-04
1.850269e+01    1.118262e-04
1.851490e+01    1.103776e-04
1.852711e+01    1.088928e-04
1.853933e+01    1.073777e-04
1.855154e+01    1.058362e-04
1.856375e+01    1.042726e-04
1.857596e+01    1.026826e-04
1.858818e+01    1.010870e-04
1.860039e+01    9.946676e-05
1.861260e+01    9.784324e-05
1.862482e+01    9.621272e-05
1.863703e+01    9.457464e-05
1.864924e+01    9.294227e-05
1.866146e+01    9.130989e-05
1.867367e+01    8.968508e-05
1.868588e+01    8.806796e-05
1.869810e+01    8.646864e-05
1.871031e+01    8.487853e-05
1.872252e+01    8.330611e-05
1.873473e+01    8.175871e-05
1.874695e+01    8.023193e-05
1.875916e+01    7.873017e-05
1.877137e+01    7.725833e-05
1.878359e+01    7.581396e-05
1.879580e+01    7.440546e-05
1.880801e+01    7.302861e-05
1.882022e+01    7.168716e-05
1.883244e+01    7.038831e-05
1.884465e+01    6.912497e-05
1.885686e+01    6.790494e-05
1.886908e+01    6.672787e-05
1.888129e+01    6.559468e-05
1.889350e+01    6.450969e-05
1.890572e+01    6.346655e-05
1.891793e+01    6.247248e-05
1.893014e+01    6.152835e-05
1.894235e+01    6.063393e-05
1.895457e+01    5.978817e-05
1.896678e+01    5.899498e-05
1.897899e+01    5.824672e-05
1.899121e+01    5.755504e-05
1.900342e+01    5.691417e-05
1.901563e+01    5.632121e-05
1.902785e+01    5.578104e-05
1.904006e+01    5.529210e-05
1.905227e+01    5.485164e-05
1.906449e+01    5.446339e-05
1.907670e+01    5.412247e-05
1.908891e+01    5.383336e-05
1.910112e+01    5.358708e-05
1.911334e+01    5.338574e-05
1.912555e+01    5.323958e-05
1.913776e+01    5.313318e-05
1.914997e+01    5.306897e-05
1.916219e+01    5.304834e-05
1.917440e+01    5.306807e-05
1.918661e+01    5.312791e-05
1.919883e+01    5.322110e-05
1.921104e+01    5.335064e-05
1.922325e+01    5.351618e-05
1.923547e+01    5.371543e-05
1.924768e+01    5.394185e-05
1.925989e+01    5.419378e-05
1.927211e+01    5.447425e-05
1.928432e+01    5.478493e-05
1.929653e+01    5.510380e-05
1.930874e+01    5.544745e-05
1.932096e+01    5.580747e-05
1.933317e+01    5.618387e-05
1.934538e+01    5.656903e-05
1.935760e+01    5.696461e-05
1.936981e+01    5.736586e-05
1.938202e+01    5.777157e-05
1.939424e+01    5.818272e-05
1.940645e+01    5.858962e-05
1.941866e+01    5.899399e-05
1.943087e+01    5.939195e-05
1.944309e+01    5.978113e-05
1.945530e+01    6.015948e-05
1.946751e+01    6.051798e-05
1.947973e+01    6.086638e-05
1.949194e+01    6.119098e-05
1.950415e+01    6.149532e-05
1.951637e+01    6.177227e-05
1.952858e+01    6.202428e-05
1.954079e+01    6.224451e-05
1.955301e+01    6.243004e-05
1.956522e+01    6.258881e-05
1.957743e+01    6.270286e-05
1.958964e+01    6.278302e-05
1.960186e+01    6.281148e-05
1.961407e+01    6.279739e-05
1.962628e+01    6.273994e-05
1.963849e+01    6.263395e-05
1.965071e+01    6.247521e-05
1.966292e+01    6.226212e-05
1.967513e+01    6.199628e-05
1.968735e+01    6.167090e-05
1.969956e+01    6.128318e-05
1.971177e+01    6.083894e-05
1.972399e+01    6.032654e-05
1.973620e+01    5.975837e-05
1.974841e+01    5.912123e-05
1.976063e+01    5.841476e-05
1.977284e+01    5.763979e-05
1.978505e+01    5.679508e-05
1.979726e+01    5.588128e-05
1.980948e+01    5.489826e-05
1.982169e+01    5.383347e-05
1.983390e+01    5.270157e-05
1.984612e+01    5.149096e-05
1.985833e+01    5.020754e-05
1.987054e+01    4.885060e-05
1.988276e+01    4.741456e-05
1.989497e+01    4.589959e-05
1.990718e+01    4.431262e-05
1.991939e+01    4.264986e-05
1.993161e+01    4.090957e-05
1.994382e+01    3.909180e-05
1.995603e+01    3.719784e-05
1.996825e+01    3.522774e-05
1.998046e+01    3.318622e-05
1.999267e+01    3.106683e-05
2.000488e+01    2.887365e-05
2.001710e+01    2.661039e-05
2.002931e+01    2.427664e-05
2.004152e+01    2.186830e-05
2.005374e+01    1.938964e-05
2.006595e+01    1.684314e-05
2.007816e+01    1.423137e-05
2.009038e+01    1.154953e-05
2.010259e+01    8.810865e-06
2.011480e+01    6.010043e-06
2.012702e+01    3.145396e-06
2.013923e+01    2.212182e-07
2.015144e+01    -2.756235e-06
2.016365e+01    -5.787428e-06
2.017587e+01    -8.875133e-06
2.018808e+01    -1.200609e-05
2.020029e+01    -1.518618e-05
2.021251e+01    -1.841450e-05
2.022472e+01    -2.168337e-05
2.023693e+01    -2.499133e-05
2.024915e+01    -2.833868e-05
2.026136e+01    -3.171749e-05
2.027357e+01    -3.512859e-05
2.028578e+01    -3.856439e-05
2.029800e+01    -4.203363e-05
2.031021e+01    -4.552175e-05
2.032242e+01    -4.902796e-05
2.033464e+01    -5.255454e-05
2.034685e+01    -5.608897e-05
2.035906e+01    -5.963446e-05
2.037127e+01    -6.319217e-05
2.038349e+01    -6.674581e-05
2.039570e+01    -7.030478e-05
2.040791e+01    -7.385694e-05
2.042013e+01    -7.740851e-05
2.043234e+01    -8.094763e-05
2.044455e+01    -8.447144e-05
2.045677e+01    -8.798136e-05
2.046898e+01    -9.147076e-05
2.048119e+01    -9.493695e-05
2.049340e+01    -9.837636e-05
2.050562e+01    -1.017936e-04
2.051783e+01    -1.051619e-04
2.053004e+01    -1.085034e-04
2.054226e+01    -1.118027e-04
2.055447e+01    -1.150608e-04
2.056668e+01    -1.182698e-04
2.057890e+01    -1.214309e-04
2.059111e+01    -1.245350e-04
2.060332e+01    -1.275907e-04
2.061554e+01    -1.305886e-04
2.062775e+01    -1.335199e-04
2.063996e+01    -1.363850e-04
2.065217e+01    -1.391866e-04
2.066439e+01    -1.419134e-04
2.067660e+01    -1.445598e-04
2.068881e+01    -1.471483e-04
2.070103e+01    -1.496459e-04
2.071324e+01    -1.520660e-04
2.072545e+01    -1.543978e-04
2.073767e+01    -1.566474e-04
2.074988e+01    -1.588016e-04
2.076209e+01    -1.608731e-04
2.077430e+01    -1.628456e-04
2.078652e+01    -1.647256e-04
2.079873e+01    -1.665090e-04
2.081094e+01    -1.681999e-04
2.082316e+01    -1.697738e-04
2.083537e+01    -1.712515e-04
2.084758e+01    -1.726223e-04
2.085979e+01    -1.738957e-04
2.087201e+01    -1.750571e-04
2.088422e+01    -1.761124e-04
2.089643e+01    -1.770534e-04
2.090865e+01    -1.778906e-04
2.092086e+01    -1.786144e-04
2.093307e+01    -1.792254e-04
2.094529e+01    -1.797208e-04
2.095750e+01    -1.801074e-04
2.096971e+01    -1.803754e-04
2.098192e+01    -1.805301e-04
2.099414e+01    -1.805703e-04
2.100635e+01    -1.804968e-04
2.101856e+01    -1.803060e-04
2.103078e+01    -1.800015e-04
2.104299e+01    -1.795857e-04
2.105520e+01    -1.790525e-04
2.106742e+01    -1.784062e-04
2.107963e+01    -1.776457e-04
2.109184e+01    -1.767714e-04
2.110406e+01    -1.757867e-04
2.111627e+01    -1.747008e-04
2.112848e+01    -1.734887e-04
2.114069e+01    -1.721730e-04
2.115291e+01    -1.707525e-04
2.116512e+01    -1.692197e-04
2.117733e+01    -1.675909e-04
2.118955e+01    -1.658525e-04
2.120176e+01    -1.640144e-04
2.121397e+01    -1.620742e-04
2.122618e+01    -1.600377e-04
2.123840e+01    -1.579016e-04
2.125061e+01    -1.556758e-04
2.126282e+01    -1.533503e-04
2.127504e+01    -1.509399e-04
2.128725e+01    -1.484342e-04
2.129946e+01    -1.458534e-04
2.131168e+01    -1.431818e-04
2.132389e+01    -1.404313e-04
2.133610e+01    -1.376000e-04
2.134831e+01    -1.346933e-04
2.136053e+01    -1.317136e-04
2.137274e+01    -1.286617e-04
2.138495e+01    -1.255419e-04
2.139717e+01    -1.223586e-04
2.140938e+01    -1.191094e-04
2.142159e+01    -1.158047e-04
2.143381e+01    -1.124362e-04
2.144602e+01    -1.090187e-04
2.145823e+01    -1.055468e-04
2.147044e+01    -1.020301e-04
2.148266e+01    -9.846823e-05
2.149487e+01    -9.486247e-05
2.150708e+01    -9.121592e-05
2.151930e+01    -8.754009e-05
2.153151e+01    -8.382813e-05
2.154372e+01    -8.008409e-05
2.155593e+01    -7.631629e-05
2.156815e+01    -7.252257e-05
2.158036e+01    -6.871074e-05
2.159258e+01    -6.488058e-05
2.160479e+01    -6.103515e-05
2.161700e+01    -5.717875e-05
2.162921e+01    -5.331594e-05
2.164143e+01    -4.944510e-05
2.165364e+01    -4.557522e-05
2.166585e+01    -4.170131e-05
2.167807e+01    -3.783284e-05
2.169028e+01    -3.397141e-05
2.170249e+01    -3.012110e-05
2.171470e+01    -2.627902e-05
2.172692e+01    -2.246234e-05
2.173913e+01    -1.864571e-05
2.175134e+01    -1.485712e-05
2.176356e+01    -1.109089e-05
2.177577e+01    -7.351062e-06
2.178798e+01    -3.637411e-06
2.180020e+01    4.702451e-08
2.181241e+01    3.692570e-06
2.182462e+01    7.311610e-06
2.183683e+01    1.089056e-05
2.184905e+01    1.442795e-05
2.186126e+01    1.793363e-05
2.187347e+01    2.138596e-05
2.188569e+01    2.479469e-05
2.189790e+01    2.816297e-05
2.191011e+01    3.147711e-05
2.192233e+01    3.474032e-05
2.193454e+01    3.795531e-05
2.194675e+01    4.111591e-05
2.195897e+01    4.422550e-05
2.197118e+01    4.727465e-05
2.198339e+01    5.026596e-05
2.199560e+01    5.320095e-05
2.200782e+01    5.607722e-05
2.202003e+01    5.889289e-05
2.203224e+01    6.164073e-05
2.204445e+01    6.433826e-05
2.205667e+01    6.696771e-05
2.206888e+01    6.953850e-05
2.208109e+01    7.203603e-05
2.209331e+01    7.447253e-05
2.210552e+01    7.684747e-05
2.211773e+01    7.915380e-05
2.212995e+01    8.139884e-05
2.214216e+01    8.357492e-05
2.215437e+01    8.569224e-05
2.216659e+01    8.773976e-05
2.217880e+01    8.972333e-05
2.219101e+01    9.164258e-05
2.220322e+01    9.349246e-05
2.221544e+01    9.528662e-05
2.222765e+01    9.701292e-05
2.223986e+01    9.867900e-05
2.225208e+01    1.002810e-04
2.226429e+01    1.018211e-04
2.227650e+01    1.033032e-04
2.228872e+01    1.047251e-04
2.230093e+01    1.060821e-04
2.231314e+01    1.073901e-04
2.232535e+01    1.086352e-04
2.233757e+01    1.098289e-04
2.234978e+01    1.109623e-04
2.236199e+01    1.120464e-04
2.237421e+01    1.130772e-04
2.238642e+01    1.140586e-04
2.239863e+01    1.149939e-04
2.241084e+01    1.158742e-04
2.242306e+01    1.167118e-04
2.243527e+01    1.175029e-04
2.244748e+01    1.182514e-04
2.245970e+01    1.189564e-04
2.247191e+01    1.196237e-04
2.248412e+01    1.202504e-04
2.249634e+01    1.208392e-04
2.250855e+01    1.213935e-04
2.252076e+01    1.219155e-04
2.253297e+01    1.224067e-04
2.254519e+01    1.228560e-04
2.255740e+01    1.232950e-04
2.256961e+01    1.236982e-04
2.258183e+01    1.240743e-04
2.259404e+01    1.244266e-04
2.260625e+01    1.247619e-04
2.261847e+01    1.250763e-04
2.263068e+01    1.253675e-04
2.264289e+01    1.256476e-04
2.265511e+01    1.259096e-04
2.266732e+01    1.261597e-04
2.267953e+01    1.263978e-04
2.269174e+01    1.266241e-04
2.270396e+01    1.268463e-04
2.271617e+01    1.270568e-04
2.272838e+01    1.272632e-04
2.274060e+01    1.274653e-04
2.275281e+01    1.276684e-04
2.276502e+01    1.278668e-04
2.277724e+01    1.280686e-04
2.278945e+01    1.282710e-04
2.280166e+01    1.284758e-04
2.281387e+01    1.286843e-04
2.282609e+01    1.288999e-04
2.283830e+01    1.291211e-04
2.285051e+01    1.293492e-04
2.286273e+01    1.295877e-04
2.287494e+01    1.298343e-04
2.288715e+01    1.300935e-04
2.289936e+01    1.303668e-04
2.291158e+01    1.306474e-04
2.292379e+01    1.309425e-04
2.293600e+01    1.312523e-04
2.294822e+01    1.315751e-04
2.296043e+01    1.319155e-04
2.297264e+01    1.322695e-04
2.298486e+01    1.326422e-04
2.299707e+01    1.330267e-04
2.300928e+01    1.334333e-04
2.302150e+01    1.338482e-04
2.303371e+01    1.342868e-04
2.304592e+01    1.347421e-04
2.305813e+01    1.352114e-04
2.307035e+01    1.357011e-04
2.308256e+01    1.362059e-04
2.309477e+01    1.367286e-04
2.310699e+01    1.372629e-04
2.311920e+01    1.378188e-04
2.313141e+01    1.383857e-04
2.314363e+01    1.389693e-04
2.315584e+01    1.395696e-04
2.316805e+01    1.401828e-04
2.318026e+01    1.408075e-04
2.319248e+01    1.414444e-04
2.320469e+01    1.420975e-04
2.321690e+01    1.427564e-04
2.322912e+01    1.434291e-04
2.324133e+01    1.441097e-04
2.325354e+01    1.447966e-04
2.326575e+01    1.454912e-04
2.327797e+01    1.461926e-04
2.329018e+01    1.468980e-04
2.330239e+01    1.476058e-04
2.331461e+01    1.483154e-04
2.332682e+01    1.490277e-04
2.333903e+01    1.497396e-04
2.335125e+01    1.504469e-04
2.336346e+01    1.511510e-04
2.337567e+01    1.518523e-04
2.338788e+01    1.525439e-04
2.340010e+01    1.532271e-04
2.341231e+01    1.539029e-04
2.342452e+01    1.545704e-04
2.343674e+01    1.552172e-04
2.344895e+01    1.558528e-04
2.346116e+01    1.564691e-04
2.347338e+01    1.570719e-04
2.348559e+01    1.576528e-04
2.349780e+01    1.582115e-04
2.351002e+01    1.587429e-04
2.352223e+01    1.592559e-04
2.353444e+01    1.597403e-04
2.354665e+01    1.601914e-04
2.355887e+01    1.606198e-04
2.357108e+01    1.610065e-04
2.358329e+01    1.613608e-04
2.359550e+01    1.616802e-04
2.360772e+01    1.619660e-04
2.361993e+01    1.622083e-04
2.363214e+01    1.624143e-04
2.364436e+01    1.625699e-04
2.365657e+01    1.626844e-04
2.366878e+01    1.627523e-04
2.368100e+01    1.627722e-04
2.369321e+01    1.627424e-04
2.370542e+01    1.626623e-04
2.371764e+01    1.625311e-04
2.372985e+01    1.623412e-04
2.374206e+01    1.620996e-04
2.375427e+01    1.618004e-04
2.376649e+01    1.614396e-04
2.377870e+01    1.610239e-04
2.379091e+01    1.605430e-04
2.380313e+01    1.600054e-04
2.381534e+01    1.593974e-04
2.382755e+01    1.587305e-04
2.383977e+01    1.579967e-04
2.385198e+01    1.571989e-04
2.386419e+01    1.563283e-04
2.387640e+01    1.553917e-04
2.388862e+01    1.543844e-04
2.390083e+01    1.533067e-04
2.391304e+01    1.521589e-04
2.392526e+01    1.509406e-04
2.393747e+01    1.496504e-04
2.394968e+01    1.482858e-04
2.396189e+01    1.468501e-04
2.397411e+01    1.453415e-04
2.398632e+01    1.437634e-04
2.399854e+01    1.421011e-04
2.401075e+01    1.403688e-04
2.402296e+01    1.385663e-04
2.403517e+01    1.366859e-04
2.404739e+01    1.347350e-04
2.405960e+01    1.327095e-04
2.407181e+01    1.306153e-04
2.408403e+01    1.284359e-04
2.409624e+01    1.261922e-04
2.410845e+01    1.238723e-04
2.412066e+01    1.214843e-04
2.413288e+01    1.190213e-04
2.414509e+01    1.164894e-04
2.415730e+01    1.138881e-04
2.416952e+01    1.112231e-04
2.418173e+01    1.084804e-04
2.419394e+01    1.056755e-04
2.420616e+01    1.028042e-04
2.421837e+01    9.986811e-05
2.423058e+01    9.686848e-05
2.424279e+01    9.381595e-05
2.425501e+01    9.068198e-05
2.426722e+01    8.749941e-05
2.427943e+01    8.425597e-05
2.429165e+01    8.096072e-05
2.430386e+01    7.760632e-05
2.431607e+01    7.419831e-05
2.432829e+01    7.073599e-05
2.434050e+01    6.722903e-05
2.435271e+01    6.367243e-05
2.436492e+01    6.006603e-05
2.437714e+01    5.641358e-05
2.438935e+01    5.272176e-05
2.440156e+01    4.899105e-05
2.441378e+01    4.521958e-05
2.442599e+01    4.140903e-05
2.443820e+01    3.756955e-05
2.445041e+01    3.369438e-05
2.446263e+01    2.978691e-05
2.447484e+01    2.585512e-05
2.448705e+01    2.189315e-05
2.449927e+01    1.791315e-05
2.451148e+01    1.390887e-05
2.452369e+01    9.886120e-06
2.453591e+01    5.846494e-06
2.454812e+01    1.793305e-06
2.456033e+01    -2.270797e-06
2.457255e+01    -6.347196e-06
2.458476e+01    -1.042910e-05
2.459697e+01    -1.451721e-05
2.460918e+01    -1.860462e-05
2.462140e+01    -2.269016e-05
2.463361e+01    -2.677554e-05
2.464582e+01    -3.086322e-05
2.465804e+01    -3.493222e-05
2.467025e+01    -3.899698e-05
2.468246e+01    -4.304954e-05
2.469468e+01    -4.708687e-05
2.470689e+01    -5.110646e-05
2.471910e+01    -5.511035e-05
2.473131e+01    -5.909141e-05
2.474353e+01    -6.304791e-05
2.475574e+01    -6.697724e-05
2.476795e+01    -7.088157e-05
2.478017e+01    -7.475331e-05
2.479238e+01    -7.859436e-05
2.480459e+01    -8.239935e-05
2.481680e+01    -8.617093e-05
2.482902e+01    -8.989692e-05
2.484123e+01    -9.358668e-05
2.485344e+01    -9.723314e-05
2.486566e+01    -1.008341e-04
2.487787e+01    -1.043919e-04
2.489008e+01    -1.078962e-04
2.490230e+01    -1.113577e-04
2.491451e+01    -1.147602e-04
2.492672e+01    -1.181112e-04
2.493893e+01    -1.214062e-04
2.495115e+01    -1.246464e-04
2.496336e+01    -1.278286e-04
2.497557e+01    -1.309514e-04
2.498779e+01    -1.340077e-04
2.500000e+01    -1.370115e-04
