0.000000e+00    -2.157003e+00
1.221299e-02    -2.155997e+00
2.442599e-02    -2.152985e+00
3.663898e-02    -2.147975e+00
4.885198e-02    -2.140987e+00
6.106497e-02    -2.132044e+00
7.327797e-02    -2.121179e+00
8.549096e-02    -2.108428e+00
9.770396e-02    -2.093838e+00
1.099169e-01    -2.077457e+00
1.221299e-01    -2.059345e+00
1.343429e-01    -2.039561e+00
1.465559e-01    -2.018176e+00
1.587689e-01    -1.995261e+00
1.709819e-01    -1.970894e+00
1.831949e-01    -1.945157e+00
1.954079e-01    -1.918136e+00
2.076209e-01    -1.889921e+00
2.198339e-01    -1.860604e+00
2.320469e-01    -1.830280e+00
2.442599e-01    -1.799046e+00
2.564729e-01    -1.767002e+00
2.686859e-01    -1.734248e+00
2.808989e-01    -1.700885e+00
2.931119e-01    -1.667015e+00
3.053249e-01    -1.632740e+00
3.175378e-01    -1.598161e+00
3.297509e-01    -1.563379e+00
3.419639e-01    -1.528493e+00
3.541768e-01    -1.493600e+00
3.663898e-01    -1.458795e+00
3.786028e-01    -1.424173e+00
3.908158e-01    -1.389822e+00
4.030288e-01    -1.355831e+00
4.152418e-01    -1.322283e+00
4.274548e-01    -1.289259e+00
4.396678e-01    -1.256835e+00
4.518808e-01    -1.225082e+00
4.640938e-01    -1.194070e+00
4.763068e-01    -1.163862e+00
4.885198e-01    -1.134515e+00
5.007328e-01    -1.106086e+00
5.129458e-01    -1.078623e+00
5.251588e-01    -1.052170e+00
5.373718e-01    -1.026768e+00
5.495847e-01    -1.002450e+00
5.617977e-01    -9.792462e-01
5.740107e-01    -9.571817e-01
5.862237e-01    -9.362762e-01
5.984367e-01    -9.165449e-01
6.106497e-01    -8.979981e-01
6.228627e-01    -8.806418e-01
6.350757e-01    -8.644775e-01
6.472887e-01    -8.495023e-01
6.595017e-01    -8.357093e-01
6.717147e-01    -8.230878e-01
6.839277e-01    -8.116230e-01
6.961407e-01    -8.012968e-01
7.083537e-01    -7.920877e-01
7.205667e-01    -7.839712e-01
7.327797e-01    -7.769195e-01
7.449927e-01    -7.709027e-01
7.572057e-01    -7.658878e-01
7.694187e-01    -7.618402e-01
7.816316e-01    -7.587228e-01
7.938446e-01    -7.564973e-01
8.060576e-01    -7.551234e-01
8.182706e-01    -7.545597e-01
8.304836e-01    -7.547637e-01
8.426966e-01    -7.556921e-01
8.549096e-01    -7.573011e-01
8.671226e-01    -7.595462e-01
8.793356e-01    -7.623826e-01
8.915486e-01    -7.657659e-01
9.037616e-01    -7.696515e-01
9.159746e-01    -7.739952e-01
9.281876e-01    -7.787534e-01
9.404006e-01    -7.838827e-01
9.526136e-01    -7.893413e-01
9.648266e-01    -7.950874e-01
9.770396e-01    -8.010807e-01
9.892526e-01    -8.072823e-01
1.001466e+00    -8.136541e-01
1.013679e+00    -8.201592e-01
1.025892e+00    -8.267629e-01
1.038105e+00    -8.334309e-01
1.050318e+00    -8.401315e-01
1.062531e+00    -8.468339e-01
1.074744e+00    -8.535089e-01
1.086957e+00    -8.601298e-01
1.099169e+00    -8.666704e-01
1.111382e+00    -8.731068e-01
1.123595e+00    -8.794170e-01
1.135808e+00    -8.855801e-01
1.148021e+00    -8.915775e-01
1.160234e+00    -8.973915e-01
1.172447e+00    -9.030069e-01
1.184660e+00    -9.084092e-01
1.196873e+00    -9.135864e-01
1.209086e+00    -9.185269e-01
1.221299e+00    -9.232216e-01
1.233512e+00    -9.276620e-01
1.245725e+00    -9.318416e-01
1.257938e+00    -9.357545e-01
1.270151e+00    -9.393970e-01
1.282364e+00    -9.427655e-01
1.294577e+00    -9.458581e-01
1.306790e+00    -9.486740e-01
1.319003e+00    -9.512130e-01
1.331216e+00    -9.534760e-01
1.343429e+00    -9.554650e-01
1.355642e+00    -9.571822e-01
1.367855e+00    -9.586307e-01
1.380068e+00    -9.598148e-01
1.392281e+00    -9.607385e-01
1.404494e+00    -9.614070e-01
1.416707e+00    -9.618253e-01
1.428920e+00    -9.619995e-01
1.441133e+00    -9.619354e-01
1.453346e+00    -9.616395e-01
1.465559e+00    -9.611181e-01
1.477772e+00    -9.603782e-01
1.489985e+00    -9.594268e-01
1.502198e+00    -9.582703e-01
1.514411e+00    -9.569162e-01
1.526624e+00    -9.553710e-01
1.538837e+00    -9.536421e-01
1.551050e+00    -9.517359e-01
1.563263e+00    -9.496595e-01
1.575476e+00    -9.474192e-01
1.587689e+00    -9.450217e-01
1.599902e+00    -9.424729e-01
1.612115e+00    -9.397795e-01
1.624328e+00    -9.369469e-01
1.636541e+00    -9.339807e-01
1.648754e+00    -9.308864e-01
1.660967e+00    -9.276693e-01
1.673180e+00    -9.243345e-01
1.685393e+00    -9.208859e-01
1.697606e+00    -9.173285e-01
1.709819e+00    -9.136662e-01
1.722032e+00    -9.099028e-01
1.734245e+00    -9.060421e-01
1.746458e+00    -9.020872e-01
1.758671e+00    -8.980414e-01
1.770884e+00    -8.939074e-01
1.783097e+00    -8.896878e-01
1.795310e+00    -8.853851e-01
1.807523e+00    -8.810014e-01
1.819736e+00    -8.765389e-01
1.831949e+00    -8.719990e-01
1.844162e+00    -8.673838e-01
1.856375e+00    -8.626943e-01
1.868588e+00    -8.579321e-01
1.880801e+00    -8.530983e-01
1.893014e+00    -8.481939e-01
1.905227e+00    -8.432199e-01
1.917440e+00    -8.381770e-01
1.929653e+00    -8.330661e-01
1.941866e+00    -8.278877e-01
1.954079e+00    -8.226427e-01
1.966292e+00    -8.173314e-01
1.978505e+00    -8.119545e-01
1.990718e+00    -8.065124e-01
2.002931e+00    -8.010060e-01
2.015144e+00    -7.954351e-01
2.027357e+00    -7.898008e-01
2.039570e+00    -7.841036e-01
2.051783e+00    -7.783437e-01
2.063996e+00    -7.725222e-01
2.076209e+00    -7.666395e-01
2.088422e+00    -7.606962e-01
2.100635e+00    -7.546932e-01
2.112848e+00    -7.486314e-01
2.125061e+00    -7.425115e-01
2.137274e+00    -7.363347e-01
2.149487e+00    -7.301017e-01
2.161700e+00    -7.238142e-01
2.173913e+00    -7.174729e-01
2.186126e+00    -7.110789e-01
2.198339e+00    -7.046341e-01
2.210552e+00    -6.981398e-01
2.222765e+00    -6.915973e-01
2.234978e+00    -6.850084e-01
2.247191e+00    -6.783747e-01
2.259404e+00    -6.716980e-01
2.271617e+00    -6.649800e-01
2.283830e+00    -6.582229e-01
2.296043e+00    -6.514285e-01
2.308256e+00    -6.445989e-01
2.320469e+00    -6.377361e-01
2.332682e+00    -6.308424e-01
2.344895e+00    -6.239200e-01
2.357108e+00    -6.169712e-01
2.369321e+00    -6.099981e-01
2.381534e+00    -6.030034e-01
2.393747e+00    -5.959894e-01
2.405960e+00    -5.889584e-01
2.418173e+00    -5.819131e-01
2.430386e+00    -5.748557e-01
2.442599e+00    -5.677890e-01
2.454812e+00    -5.607153e-01
2.467025e+00    -5.536373e-01
2.479238e+00    -5.465573e-01
2.491451e+00    -5.394781e-01
2.503664e+00    -5.324021e-01
2.515877e+00    -5.253316e-01
2.528090e+00    -5.182695e-01
2.540303e+00    -5.112181e-01
2.552516e+00    -5.041796e-01
2.564729e+00    -4.971569e-01
2.576942e+00    -4.901521e-01
2.589155e+00    -4.831675e-01
2.601368e+00    -4.762057e-01
2.613581e+00    -4.692686e-01
2.625794e+00    -4.623589e-01
2.638007e+00    -4.554786e-01
2.650220e+00    -4.486298e-01
2.662433e+00    -4.418146e-01
2.674646e+00    -4.350351e-01
2.686859e+00    -4.282933e-01
2.699072e+00    -4.215910e-01
2.711285e+00    -4.149302e-01
2.723498e+00    -4.083127e-01
2.735711e+00    -4.017403e-01
2.747924e+00    -3.952146e-01
2.760137e+00    -3.887372e-01
2.772350e+00    -3.823099e-01
2.784563e+00    -3.759339e-01
2.796776e+00    -3.696109e-01
2.808989e+00    -3.633423e-01
2.821202e+00    -3.571291e-01
2.833415e+00    -3.509729e-01
2.845628e+00    -3.448746e-01
2.857841e+00    -3.388357e-01
2.870054e+00    -3.328569e-01
2.882267e+00    -3.269395e-01
2.894480e+00    -3.210843e-01
2.906693e+00    -3.152921e-01
2.918906e+00    -3.095640e-01
2.931119e+00    -3.039006e-01
2.943332e+00    -2.983027e-01
2.955545e+00    -2.927708e-01
2.967758e+00    -2.873057e-01
2.979971e+00    -2.819080e-01
2.992184e+00    -2.765780e-01
3.004397e+00    -2.713163e-01
3.016610e+00    -2.661232e-01
3.028823e+00    -2.609993e-01
3.041036e+00    -2.559446e-01
3.053249e+00    -2.509595e-01
3.065462e+00    -2.460444e-01
3.077675e+00    -2.411992e-01
3.089888e+00    -2.364243e-01
3.102101e+00    -2.317196e-01
3.114314e+00    -2.270852e-01
3.126527e+00    -2.225212e-01
3.138740e+00    -2.180276e-01
3.150953e+00    -2.136043e-01
3.163166e+00    -2.092512e-01
3.175379e+00    -2.049682e-01
3.187592e+00    -2.007552e-01
3.199805e+00    -1.966119e-01
3.212018e+00    -1.925383e-01
3.224231e+00    -1.885340e-01
3.236444e+00    -1.845987e-01
3.248657e+00    -1.807323e-01
3.260870e+00    -1.769343e-01
3.273082e+00    -1.732045e-01
3.285295e+00    -1.695424e-01
3.297508e+00    -1.659477e-01
3.309721e+00    -1.624199e-01
3.321934e+00    -1.589587e-01
3.334147e+00    -1.555634e-01
3.346360e+00    -1.522338e-01
3.358573e+00    -1.489693e-01
3.370786e+00    -1.457693e-01
3.382999e+00    -1.426333e-01
3.395212e+00    -1.395608e-01
3.407425e+00    -1.365512e-01
3.419638e+00    -1.336039e-01
3.431851e+00    -1.307182e-01
3.444064e+00    -1.278937e-01
3.456277e+00    -1.251296e-01
3.468490e+00    -1.224252e-01
3.480703e+00    -1.197800e-01
3.492916e+00    -1.171932e-01
3.505129e+00    -1.146642e-01
3.517342e+00    -1.121922e-01
3.529555e+00    -1.097766e-01
3.541768e+00    -1.074165e-01
3.553981e+00    -1.051113e-01
3.566194e+00    -1.028602e-01
3.578407e+00    -1.006625e-01
3.590620e+00    -9.851736e-02
3.602833e+00    -9.642403e-02
3.615046e+00    -9.438176e-02
3.627259e+00    -9.238974e-02
3.639472e+00    -9.044717e-02
3.651685e+00    -8.855321e-02
3.663898e+00    -8.670714e-02
3.676111e+00    -8.490809e-02
3.688324e+00    -8.315526e-02
3.700537e+00    -8.144781e-02
3.712750e+00    -7.978496e-02
3.724963e+00    -7.816583e-02
3.737176e+00    -7.658964e-02
3.749389e+00    -7.505552e-02
3.761602e+00    -7.356266e-02
3.773815e+00    -7.211022e-02
3.786028e+00    -7.069739e-02
3.798241e+00    -6.932331e-02
3.810454e+00    -6.798718e-02
3.822667e+00    -6.668815e-02
3.834880e+00    -6.542541e-02
3.847093e+00    -6.419814e-02
3.859306e+00    -6.300553e-02
3.871519e+00    -6.184674e-02
3.883732e+00    -6.072099e-02
3.895945e+00    -5.962747e-02
3.908158e+00    -5.856537e-02
3.920371e+00    -5.753392e-02
3.932584e+00    -5.653232e-02
3.944797e+00    -5.555981e-02
3.957010e+00    -5.461562e-02
3.969223e+00    -5.369896e-02
3.981436e+00    -5.280913e-02
3.993649e+00    -5.194534e-02
4.005862e+00    -5.110689e-02
4.018075e+00    -5.029305e-02
4.030288e+00    -4.950307e-02
4.042501e+00    -4.873632e-02
4.054714e+00    -4.799202e-02
4.066927e+00    -4.726959e-02
4.079140e+00    -4.656829e-02
4.091353e+00    -4.588750e-02
4.103566e+00    -4.522653e-02
4.115779e+00    -4.458482e-02
4.127992e+00    -4.396169e-02
4.140205e+00    -4.335658e-02
4.152418e+00    -4.276886e-02
4.164631e+00    -4.219798e-02
4.176844e+00    -4.164335e-02
4.189057e+00    -4.110443e-02
4.201270e+00    -4.058072e-02
4.213483e+00    -4.007162e-02
4.225696e+00    -3.957669e-02
4.237909e+00    -3.909539e-02
4.250122e+00    -3.862727e-02
4.262335e+00    -3.817182e-02
4.274548e+00    -3.772863e-02
4.286761e+00    -3.729724e-02
4.298974e+00    -3.687724e-02
4.311187e+00    -3.646817e-02
4.323400e+00    -3.606970e-02
4.335613e+00    -3.568139e-02
4.347826e+00    -3.530291e-02
4.360039e+00    -3.493388e-02
4.372252e+00    -3.457396e-02
4.384465e+00    -3.422282e-02
4.396678e+00    -3.388016e-02
4.408891e+00    -3.354565e-02
4.421104e+00    -3.321902e-02
4.433317e+00    -3.289998e-02
4.445530e+00    -3.258828e-02
4.457743e+00    -3.228365e-02
4.469956e+00    -3.198585e-02
4.482169e+00    -3.169466e-02
4.494382e+00    -3.140985e-02
4.506595e+00    -3.113122e-02
4.518808e+00    -3.085858e-02
4.531021e+00    -3.059173e-02
4.543234e+00    -3.033052e-02
4.555447e+00    -3.007475e-02
4.567660e+00    -2.982430e-02
4.579873e+00    -2.957900e-02
4.592086e+00    -2.933874e-02
4.604299e+00    -2.910335e-02
4.616512e+00    -2.887276e-02
4.628725e+00    -2.864684e-02
4.640938e+00    -2.842548e-02
4.653151e+00    -2.820860e-02
4.665364e+00    -2.799611e-02
4.677577e+00    -2.778791e-02
4.689790e+00    -2.758397e-02
4.702003e+00    -2.738419e-02
4.714216e+00    -2.718852e-02
4.726429e+00    -2.699691e-02
4.738642e+00    -2.680931e-02
4.750855e+00    -2.662567e-02
4.763068e+00    -2.644596e-02
4.775281e+00    -2.627015e-02
4.787494e+00    -2.609819e-02
4.799707e+00    -2.593008e-02
4.811920e+00    -2.576579e-02
4.824133e+00    -2.560530e-02
4.836346e+00    -2.544859e-02
4.848559e+00    -2.529565e-02
4.860772e+00    -2.514649e-02
4.872985e+00    -2.500107e-02
4.885198e+00    -2.485941e-02
4.897411e+00    -2.472150e-02
4.909624e+00    -2.458732e-02
4.921837e+00    -2.445690e-02
4.934050e+00    -2.433023e-02
4.946263e+00    -2.420730e-02
4.958476e+00    -2.408812e-02
4.970689e+00    -2.397269e-02
4.982902e+00    -2.386102e-02
4.995115e+00    -2.375309e-02
5.007328e+00    -2.364893e-02
5.019541e+00    -2.354852e-02
5.031754e+00    -2.345188e-02
5.043967e+00    -2.335898e-02
5.056180e+00    -2.326985e-02
5.068393e+00    -2.318445e-02
5.080606e+00    -2.310282e-02
5.092819e+00    -2.302492e-02
5.105031e+00    -2.295076e-02
5.117245e+00    -2.288031e-02
5.129457e+00    -2.281358e-02
5.141671e+00    -2.275054e-02
5.153883e+00    -2.269118e-02
5.166097e+00    -2.263547e-02
5.178309e+00    -2.258341e-02
5.190523e+00    -2.253497e-02
5.202735e+00    -2.249010e-02
5.214949e+00    -2.244880e-02
5.227162e+00    -2.241102e-02
5.239375e+00    -2.237673e-02
5.251588e+00    -2.234588e-02
5.263801e+00    -2.231845e-02
5.276014e+00    -2.229438e-02
5.288227e+00    -2.227362e-02
5.300440e+00    -2.225612e-02
5.312653e+00    -2.224183e-02
5.324866e+00    -2.223071e-02
5.337079e+00    -2.222266e-02
5.349292e+00    -2.221764e-02
5.361505e+00    -2.221558e-02
5.373718e+00    -2.221642e-02
5.385931e+00    -2.222005e-02
5.398144e+00    -2.222644e-02
5.410357e+00    -2.223547e-02
5.422570e+00    -2.224709e-02
5.434783e+00    -2.226119e-02
5.446996e+00    -2.227770e-02
5.459208e+00    -2.229650e-02
5.471422e+00    -2.231752e-02
5.483634e+00    -2.234066e-02
5.495848e+00    -2.236580e-02
5.508060e+00    -2.239286e-02
5.520274e+00    -2.242173e-02
5.532486e+00    -2.245228e-02
5.544700e+00    -2.248443e-02
5.556912e+00    -2.251805e-02
5.569126e+00    -2.255302e-02
5.581338e+00    -2.258923e-02
5.593552e+00    -2.262657e-02
5.605764e+00    -2.266490e-02
5.617978e+00    -2.270412e-02
5.630190e+00    -2.274408e-02
5.642404e+00    -2.278467e-02
5.654616e+00    -2.282575e-02
5.666830e+00    -2.286721e-02
5.679042e+00    -2.290891e-02
5.691256e+00    -2.295072e-02
5.703468e+00    -2.299250e-02
5.715682e+00    -2.303414e-02
5.727894e+00    -2.307549e-02
5.740108e+00    -2.311641e-02
5.752320e+00    -2.315678e-02
5.764534e+00    -2.319646e-02
5.776746e+00    -2.323532e-02
5.788960e+00    -2.327323e-02
5.801172e+00    -2.331005e-02
5.813385e+00    -2.334564e-02
5.825598e+00    -2.337989e-02
5.837811e+00    -2.341265e-02
5.850024e+00    -2.344379e-02
5.862237e+00    -2.347319e-02
5.874450e+00    -2.350072e-02
5.886663e+00    -2.352624e-02
5.898876e+00    -2.354965e-02
5.911089e+00    -2.357079e-02
5.923302e+00    -2.358957e-02
5.935515e+00    -2.360586e-02
5.947728e+00    -2.361953e-02
5.959941e+00    -2.363048e-02
5.972154e+00    -2.363858e-02
5.984367e+00    -2.364373e-02
5.996580e+00    -2.364582e-02
6.008793e+00    -2.364474e-02
6.021006e+00    -2.364038e-02
6.033219e+00    -2.363265e-02
6.045432e+00    -2.362144e-02
6.057645e+00    -2.360668e-02
6.069858e+00    -2.358824e-02
6.082071e+00    -2.356606e-02
6.094284e+00    -2.354005e-02
6.106497e+00    -2.351012e-02
6.118710e+00    -2.347620e-02
6.130923e+00    -2.343821e-02
6.143136e+00    -2.339608e-02
6.155349e+00    -2.334974e-02
6.167562e+00    -2.329914e-02
6.179775e+00    -2.324420e-02
6.191988e+00    -2.318488e-02
6.204201e+00    -2.312113e-02
6.216414e+00    -2.305288e-02
6.228627e+00    -2.298011e-02
6.240840e+00    -2.290278e-02
6.253053e+00    -2.282085e-02
6.265266e+00    -2.273428e-02
6.277479e+00    -2.264305e-02
6.289692e+00    -2.254715e-02
6.301905e+00    -2.244655e-02
6.314118e+00    -2.234124e-02
6.326331e+00    -2.223120e-02
6.338544e+00    -2.211644e-02
6.350757e+00    -2.199695e-02
6.362970e+00    -2.187275e-02
6.375183e+00    -2.174382e-02
6.387396e+00    -2.161020e-02
6.399609e+00    -2.147188e-02
6.411822e+00    -2.132891e-02
6.424035e+00    -2.118130e-02
6.436248e+00    -2.102907e-02
6.448461e+00    -2.087226e-02
6.460674e+00    -2.071091e-02
6.472887e+00    -2.054508e-02
6.485100e+00    -2.037478e-02
6.497313e+00    -2.020008e-02
6.509526e+00    -2.002103e-02
6.521739e+00    -1.983769e-02
6.533952e+00    -1.965011e-02
6.546165e+00    -1.945837e-02
6.558378e+00    -1.926252e-02
6.570591e+00    -1.906265e-02
6.582804e+00    -1.885882e-02
6.595017e+00    -1.865112e-02
6.607230e+00    -1.843961e-02
6.619443e+00    -1.822441e-02
6.631656e+00    -1.800558e-02
6.643869e+00    -1.778322e-02
6.656082e+00    -1.755742e-02
6.668295e+00    -1.732828e-02
6.680508e+00    -1.709590e-02
6.692721e+00    -1.686038e-02
6.704934e+00    -1.662182e-02
6.717147e+00    -1.638032e-02
6.729360e+00    -1.613600e-02
6.741573e+00    -1.588897e-02
6.753786e+00    -1.563934e-02
6.765999e+00    -1.538723e-02
6.778212e+00    -1.513274e-02
6.790425e+00    -1.487601e-02
6.802638e+00    -1.461713e-02
6.814851e+00    -1.435625e-02
6.827064e+00    -1.409347e-02
6.839277e+00    -1.382894e-02
6.851490e+00    -1.356274e-02
6.863703e+00    -1.329504e-02
6.875916e+00    -1.302593e-02
6.888129e+00    -1.275556e-02
6.900342e+00    -1.248404e-02
6.912555e+00    -1.221152e-02
6.924768e+00    -1.193810e-02
6.936981e+00    -1.166392e-02
6.949194e+00    -1.138910e-02
6.961407e+00    -1.111379e-02
6.973620e+00    -1.083808e-02
6.985833e+00    -1.056213e-02
6.998046e+00    -1.028605e-02
7.010259e+00    -1.000997e-02
7.022472e+00    -9.734001e-03
7.034685e+00    -9.458292e-03
7.046898e+00    -9.182938e-03
7.059111e+00    -8.908093e-03
7.071324e+00    -8.633845e-03
7.083537e+00    -8.360338e-03
7.095750e+00    -8.087686e-03
7.107963e+00    -7.815981e-03
7.120176e+00    -7.545363e-03
7.132389e+00    -7.275952e-03
7.144602e+00    -7.007831e-03
7.156815e+00    -6.741141e-03
7.169028e+00    -6.475965e-03
7.181241e+00    -6.212429e-03
7.193454e+00    -5.950618e-03
7.205667e+00    -5.690654e-03
7.217880e+00    -5.432616e-03
7.230093e+00    -5.176617e-03
7.242306e+00    -4.922742e-03
7.254519e+00    -4.671094e-03
7.266732e+00    -4.421749e-03
7.278944e+00    -4.174809e-03
7.291158e+00    -3.930339e-03
7.303371e+00    -3.688438e-03
7.315584e+00    -3.449188e-03
7.327797e+00    -3.212649e-03
7.340010e+00    -2.978918e-03
7.352223e+00    -2.748031e-03
7.364436e+00    -2.520095e-03
7.376649e+00    -2.295148e-03
7.388862e+00    -2.073264e-03
7.401075e+00    -1.854509e-03
7.413288e+00    -1.638908e-03
7.425501e+00    -1.426538e-03
7.437714e+00    -1.217465e-03
7.449927e+00    -1.011707e-03
7.462140e+00    -8.093198e-04
7.474353e+00    -6.103367e-04
7.486566e+00    -4.148151e-04
7.498779e+00    -2.227720e-04
7.510992e+00    -3.424242e-05
7.523205e+00    1.507420e-04
7.535418e+00    3.321495e-04
7.547631e+00    5.099718e-04
7.559844e+00    6.841717e-04
7.572057e+00    8.547526e-04
7.584270e+00    1.021678e-03
7.596483e+00    1.184955e-03
7.608696e+00    1.344563e-03
7.620909e+00    1.500506e-03
7.633121e+00    1.652767e-03
7.645335e+00    1.801369e-03
7.657547e+00    1.946292e-03
7.669761e+00    2.087557e-03
7.681973e+00    2.225163e-03
7.694187e+00    2.359123e-03
7.706399e+00    2.489445e-03
7.718613e+00    2.616165e-03
7.730825e+00    2.739274e-03
7.743039e+00    2.858812e-03
7.755251e+00    2.974790e-03
7.767465e+00    3.087245e-03
7.779677e+00    3.196188e-03
7.791891e+00    3.301664e-03
7.804103e+00    3.403687e-03
7.816317e+00    3.502314e-03
7.828529e+00    3.597553e-03
7.840743e+00    3.689463e-03
7.852955e+00    3.778069e-03
7.865169e+00    3.863417e-03
7.877381e+00    3.945550e-03
7.889595e+00    4.024513e-03
7.901807e+00    4.100351e-03
7.914021e+00    4.173096e-03
7.926233e+00    4.242808e-03
7.938447e+00    4.309538e-03
7.950659e+00    4.373323e-03
7.962873e+00    4.434239e-03
7.975085e+00    4.492322e-03
7.987298e+00    4.547618e-03
7.999511e+00    4.600181e-03
8.011724e+00    4.650088e-03
8.023937e+00    4.697373e-03
8.036150e+00    4.742097e-03
8.048364e+00    4.784317e-03
8.060576e+00    4.824093e-03
8.072789e+00    4.861476e-03
8.085002e+00    4.896529e-03
8.097216e+00    4.929311e-03
8.109428e+00    4.959868e-03
8.121641e+00    4.988272e-03
8.133854e+00    5.014572e-03
8.146068e+00    5.038834e-03
8.158280e+00    5.061106e-03
8.170493e+00    5.081451e-03
8.182706e+00    5.099924e-03
8.194920e+00    5.116591e-03
8.207132e+00    5.131493e-03
8.219345e+00    5.144698e-03
8.231558e+00    5.156258e-03
8.243772e+00    5.166226e-03
8.255984e+00    5.174657e-03
8.268197e+00    5.181606e-03
8.280410e+00    5.187126e-03
8.292624e+00    5.191272e-03
8.304836e+00    5.194086e-03
8.317049e+00    5.195629e-03
8.329262e+00    5.195943e-03
8.341475e+00    5.195080e-03
8.353688e+00    5.193086e-03
8.365901e+00    5.190010e-03
8.378115e+00    5.185896e-03
8.390327e+00    5.180782e-03
8.402540e+00    5.174727e-03
8.414753e+00    5.167746e-03
8.426967e+00    5.159905e-03
8.439179e+00    5.151231e-03
8.451392e+00    5.141766e-03
8.463605e+00    5.131545e-03
8.475819e+00    5.120601e-03
8.488031e+00    5.108976e-03
8.500244e+00    5.096697e-03
8.512457e+00    5.083792e-03
8.524671e+00    5.070290e-03
8.536883e+00    5.056237e-03
8.549096e+00    5.041638e-03
8.561309e+00    5.026533e-03
8.573523e+00    5.010938e-03
8.585735e+00    4.994880e-03
8.597948e+00    4.978396e-03
8.610161e+00    4.961463e-03
8.622375e+00    4.944137e-03
8.634587e+00    4.926426e-03
8.646800e+00    4.908347e-03
8.659013e+00    4.889912e-03
8.671227e+00    4.871137e-03
8.683439e+00    4.852026e-03
8.695652e+00    4.832599e-03
8.707865e+00    4.812865e-03
8.720078e+00    4.792832e-03
8.732291e+00    4.772497e-03
8.744504e+00    4.751876e-03
8.756717e+00    4.730975e-03
8.768930e+00    4.709787e-03
8.781143e+00    4.688318e-03
8.793356e+00    4.666577e-03
8.805569e+00    4.644553e-03
8.817782e+00    4.622246e-03
8.829995e+00    4.599662e-03
8.842208e+00    4.576799e-03
8.854421e+00    4.553640e-03
8.866634e+00    4.530187e-03
8.878847e+00    4.506438e-03
8.891060e+00    4.482384e-03
8.903273e+00    4.458020e-03
8.915486e+00    4.433325e-03
8.927699e+00    4.408307e-03
8.939912e+00    4.382946e-03
8.952125e+00    4.357235e-03
8.964338e+00    4.331166e-03
8.976551e+00    4.304727e-03
8.988764e+00    4.277901e-03
9.000977e+00    4.250693e-03
9.013190e+00    4.223057e-03
9.025403e+00    4.195018e-03
9.037616e+00    4.166537e-03
9.049829e+00    4.137618e-03
9.062042e+00    4.108227e-03
9.074255e+00    4.078371e-03
9.086468e+00    4.048022e-03
9.098680e+00    4.017167e-03
9.110894e+00    3.985807e-03
9.123107e+00    3.953913e-03
9.135320e+00    3.921478e-03
9.147532e+00    3.888484e-03
9.159746e+00    3.854918e-03
9.171959e+00    3.820770e-03
9.184172e+00    3.786025e-03
9.196384e+00    3.750670e-03
9.208598e+00    3.714687e-03
9.220811e+00    3.678070e-03
9.233024e+00    3.640808e-03
9.245236e+00    3.602890e-03
9.257450e+00    3.564300e-03
9.269663e+00    3.525028e-03
9.281876e+00    3.485070e-03
9.294088e+00    3.444407e-03
9.306302e+00    3.403038e-03
9.318515e+00    3.360959e-03
9.330728e+00    3.318151e-03
9.342940e+00    3.274608e-03
9.355154e+00    3.230327e-03
9.367367e+00    3.185312e-03
9.379580e+00    3.139543e-03
9.391793e+00    3.093021e-03
9.404006e+00    3.045748e-03
9.416219e+00    2.997724e-03
9.428432e+00    2.948936e-03
9.440645e+00    2.899386e-03
9.452858e+00    2.849083e-03
9.465071e+00    2.798025e-03
9.477283e+00    2.746209e-03
9.489497e+00    2.693640e-03
9.501710e+00    2.640323e-03
9.513923e+00    2.586262e-03
9.526135e+00    2.531465e-03
9.538349e+00    2.475934e-03
9.550562e+00    2.419689e-03
9.562775e+00    2.362723e-03
9.574987e+00    2.305047e-03
9.587201e+00    2.246684e-03
9.599414e+00    2.187644e-03
9.611627e+00    2.127924e-03
9.623839e+00    2.067555e-03
9.636053e+00    2.006534e-03
9.648266e+00    1.944889e-03
9.660479e+00    1.882641e-03
9.672691e+00    1.819792e-03
9.684905e+00    1.756365e-03
9.697118e+00    1.692385e-03
9.709331e+00    1.627865e-03
9.721543e+00    1.562833e-03
9.733757e+00    1.497296e-03
9.745970e+00    1.431298e-03
9.758183e+00    1.364844e-03
9.770395e+00    1.297966e-03
9.782609e+00    1.230678e-03
9.794822e+00    1.163023e-03
9.807034e+00    1.095014e-03
9.819247e+00    1.026678e-03
9.831461e+00    9.580431e-04
9.843674e+00    8.891422e-04
9.855886e+00    8.200042e-04
9.868099e+00    7.506526e-04
9.880313e+00    6.811174e-04
9.892526e+00    6.114334e-04
9.904738e+00    5.416326e-04
9.916951e+00    4.717308e-04
9.929165e+00    4.017696e-04
9.941378e+00    3.317838e-04
9.953590e+00    2.618074e-04
9.965803e+00    1.918690e-04
9.978017e+00    1.219931e-04
9.990230e+00    5.222461e-05
1.000244e+01    -1.740664e-05
1.001466e+01    -8.686806e-05
1.002687e+01    -1.561316e-04
1.003908e+01    -2.251551e-04
1.005129e+01    -2.939097e-04
1.006351e+01    -3.623586e-04
1.007572e+01    -4.304729e-04
1.008793e+01    -4.982158e-04
1.010015e+01    -5.655774e-04
1.011236e+01    -6.324516e-04
1.012457e+01    -6.988912e-04
1.013679e+01    -7.648129e-04
1.014900e+01    -8.302056e-04
1.016121e+01    -8.950247e-04
1.017342e+01    -9.592515e-04
1.018564e+01    -1.022839e-03
1.019785e+01    -1.085773e-03
1.021006e+01    -1.147992e-03
1.022228e+01    -1.209501e-03
1.023449e+01    -1.270248e-03
1.024670e+01    -1.330212e-03
1.025891e+01    -1.389359e-03
1.027113e+01    -1.447672e-03
1.028334e+01    -1.505102e-03
1.029555e+01    -1.561646e-03
1.030777e+01    -1.617260e-03
1.031998e+01    -1.671920e-03
1.033219e+01    -1.725610e-03
1.034441e+01    -1.778294e-03
1.035662e+01    -1.829957e-03
1.036883e+01    -1.880577e-03
1.038105e+01    -1.930121e-03
1.039326e+01    -1.978583e-03
1.040547e+01    -2.025926e-03
1.041768e+01    -2.072145e-03
1.042990e+01    -2.117212e-03
1.044211e+01    -2.161113e-03
1.045432e+01    -2.203831e-03
1.046654e+01    -2.245347e-03
1.047875e+01    -2.285649e-03
1.049096e+01    -2.324727e-03
1.050318e+01    -2.362553e-03
1.051539e+01    -2.399138e-03
1.052760e+01    -2.434452e-03
1.053981e+01    -2.468491e-03
1.055203e+01    -2.501251e-03
1.056424e+01    -2.532716e-03
1.057645e+01    -2.562882e-03
1.058867e+01    -2.591742e-03
1.060088e+01    -2.619290e-03
1.061309e+01    -2.645541e-03
1.062531e+01    -2.670461e-03
1.063752e+01    -2.694073e-03
1.064973e+01    -2.716363e-03
1.066194e+01    -2.737333e-03
1.067416e+01    -2.756986e-03
1.068637e+01    -2.775329e-03
1.069858e+01    -2.792362e-03
1.071080e+01    -2.808081e-03
1.072301e+01    -2.822505e-03
1.073522e+01    -2.835629e-03
1.074744e+01    -2.847468e-03
1.075965e+01    -2.858031e-03
1.077186e+01    -2.867322e-03
1.078407e+01    -2.875353e-03
1.079629e+01    -2.882130e-03
1.080850e+01    -2.887677e-03
1.082071e+01    -2.891997e-03
1.083293e+01    -2.895109e-03
1.084514e+01    -2.897027e-03
1.085735e+01    -2.897761e-03
1.086957e+01    -2.897331e-03
1.088178e+01    -2.895756e-03
1.089399e+01    -2.893051e-03
1.090620e+01    -2.889235e-03
1.091842e+01    -2.884326e-03
1.093063e+01    -2.878348e-03
1.094284e+01    -2.871317e-03
1.095506e+01    -2.863257e-03
1.096727e+01    -2.854194e-03
1.097948e+01    -2.844135e-03
1.099170e+01    -2.833114e-03
1.100391e+01    -2.821166e-03
1.101612e+01    -2.808291e-03
1.102833e+01    -2.794533e-03
1.104055e+01    -2.779906e-03
1.105276e+01    -2.764437e-03
1.106497e+01    -2.748155e-03
1.107719e+01    -2.731087e-03
1.108940e+01    -2.713251e-03
1.110161e+01    -2.694682e-03
1.111382e+01    -2.675402e-03
1.112604e+01    -2.655447e-03
1.113825e+01    -2.634831e-03
1.115046e+01    -2.613593e-03
1.116268e+01    -2.591754e-03
1.117489e+01    -2.569341e-03
1.118710e+01    -2.546389e-03
1.119932e+01    -2.522919e-03
1.121153e+01    -2.498966e-03
1.122374e+01    -2.474549e-03
1.123596e+01    -2.449698e-03
1.124817e+01    -2.424449e-03
1.126038e+01    -2.398825e-03
1.127259e+01    -2.372848e-03
1.128481e+01    -2.346550e-03
1.129702e+01    -2.319963e-03
1.130923e+01    -2.293103e-03
1.132145e+01    -2.266010e-03
1.133366e+01    -2.238697e-03
1.134587e+01    -2.211203e-03
1.135808e+01    -2.183547e-03
1.137030e+01    -2.155758e-03
1.138251e+01    -2.127854e-03
1.139472e+01    -2.099865e-03
1.140694e+01    -2.071820e-03
1.141915e+01    -2.043734e-03
1.143136e+01    -2.015638e-03
1.144358e+01    -1.987553e-03
1.145579e+01    -1.959499e-03
1.146800e+01    -1.931497e-03
1.148022e+01    -1.903574e-03
1.149243e+01    -1.875752e-03
1.150464e+01    -1.848045e-03
1.151685e+01    -1.820474e-03
1.152907e+01    -1.793065e-03
1.154128e+01    -1.765832e-03
1.155349e+01    -1.738792e-03
1.156571e+01    -1.711963e-03
1.157792e+01    -1.685364e-03
1.159013e+01    -1.659005e-03
1.160234e+01    -1.632916e-03
1.161456e+01    -1.607089e-03
1.162677e+01    -1.581557e-03
1.163898e+01    -1.556328e-03
1.165120e+01    -1.531410e-03
1.166341e+01    -1.506827e-03
1.167562e+01    -1.482581e-03
1.168784e+01    -1.458685e-03
1.170005e+01    -1.435139e-03
1.171226e+01    -1.411973e-03
1.172447e+01    -1.389178e-03
1.173669e+01    -1.366775e-03
1.174890e+01    -1.344760e-03
1.176111e+01    -1.323140e-03
1.177333e+01    -1.301929e-03
1.178554e+01    -1.281125e-03
1.179775e+01    -1.260728e-03
1.180997e+01    -1.240766e-03
1.182218e+01    -1.221209e-03
1.183439e+01    -1.202081e-03
1.184660e+01    -1.183377e-03
1.185882e+01    -1.165099e-03
1.187103e+01    -1.147240e-03
1.188324e+01    -1.129810e-03
1.189546e+01    -1.112808e-03
1.190767e+01    -1.096224e-03
1.191988e+01    -1.080064e-03
1.193210e+01    -1.064320e-03
1.194431e+01    -1.048990e-03
1.195652e+01    -1.034070e-03
1.196873e+01    -1.019557e-03
1.198095e+01    -1.005446e-03
1.199316e+01    -9.917292e-04
1.200537e+01    -9.784062e-04
1.201759e+01    -9.654588e-04
1.202980e+01    -9.528935e-04
1.204201e+01    -9.407013e-04
1.205423e+01    -9.288660e-04
1.206644e+01    -9.173845e-04
1.207865e+01    -9.062444e-04
1.209086e+01    -8.954424e-04
1.210308e+01    -8.849527e-04
1.211529e+01    -8.748079e-04
1.212750e+01    -8.649585e-04
1.213972e+01    -8.554018e-04
1.215193e+01    -8.461311e-04
1.216414e+01    -8.371396e-04
1.217636e+01    -8.284091e-04
1.218857e+01    -8.199404e-04
1.220078e+01    -8.116994e-04
1.221299e+01    -8.036976e-04
1.222521e+01    -7.959096e-04
1.223742e+01    -7.883318e-04
1.224963e+01    -7.809505e-04
1.226185e+01    -7.737491e-04
1.227406e+01    -7.667179e-04
1.228627e+01    -7.598470e-04
1.229849e+01    -7.531286e-04
1.231070e+01    -7.465293e-04
1.232291e+01    -7.400636e-04
1.233512e+01    -7.337101e-04
1.234734e+01    -7.274405e-04
1.235955e+01    -7.212695e-04
1.237176e+01    -7.151703e-04
1.238398e+01    -7.091325e-04
1.239619e+01    -7.031459e-04
1.240840e+01    -6.971998e-04
1.242062e+01    -6.912767e-04
1.243283e+01    -6.853683e-04
1.244504e+01    -6.794760e-04
1.245725e+01    -6.735726e-04
1.246947e+01    -6.676542e-04
1.248168e+01    -6.617098e-04
1.249389e+01    -6.557417e-04
1.250611e+01    -6.497031e-04
1.251832e+01    -6.436229e-04
1.253053e+01    -6.374761e-04
1.254275e+01    -6.312591e-04
1.255496e+01    -6.249583e-04
1.256717e+01    -6.185661e-04
1.257938e+01    -6.120764e-04
1.259160e+01    -6.054858e-04
1.260381e+01    -5.987764e-04
1.261602e+01    -5.919524e-04
1.262824e+01    -5.849967e-04
1.264045e+01    -5.779092e-04
1.265266e+01    -5.706879e-04
1.266488e+01    -5.633215e-04
1.267709e+01    -5.558067e-04
1.268930e+01    -5.481439e-04
1.270151e+01    -5.403228e-04
1.271373e+01    -5.323331e-04
1.272594e+01    -5.241869e-04
1.273815e+01    -5.158733e-04
1.275037e+01    -5.073835e-04
1.276258e+01    -4.987343e-04
1.277479e+01    -4.899105e-04
1.278701e+01    -4.809092e-04
1.279922e+01    -4.717269e-04
1.281143e+01    -4.623843e-04
1.282364e+01    -4.528566e-04
1.283586e+01    -4.431625e-04
1.284807e+01    -4.332869e-04
1.286028e+01    -4.232443e-04
1.287250e+01    -4.130263e-04
1.288471e+01    -4.026443e-04
1.289692e+01    -3.920936e-04
1.290914e+01    -3.813748e-04
1.292135e+01    -3.705085e-04
1.293356e+01    -3.594773e-04
1.294577e+01    -3.482977e-04
1.295799e+01    -3.369625e-04
1.297020e+01    -3.254903e-04
1.298241e+01    -3.138756e-04
1.299463e+01    -3.021274e-04
1.300684e+01    -2.902531e-04
1.301905e+01    -2.782569e-04
1.303127e+01    -2.661448e-04
1.304348e+01    -2.539170e-04
1.305569e+01    -2.415942e-04
1.306790e+01    -2.291753e-04
1.308012e+01    -2.166613e-04
1.309233e+01    -2.040681e-04
1.310454e+01    -1.913980e-04
1.311676e+01    -1.786682e-04
1.312897e+01    -1.658718e-04
1.314118e+01    -1.530345e-04
1.315340e+01    -1.401510e-04
1.316561e+01    -1.272308e-04
1.317782e+01    -1.142926e-04
1.319003e+01    -1.013366e-04
1.320225e+01    -8.837779e-05
1.321446e+01    -7.540217e-05
1.322667e+01    -6.244947e-05
1.323889e+01    -4.951709e-05
1.325110e+01    -3.661605e-05
1.326331e+01    -2.374680e-05
1.327553e+01    -1.092281e-05
1.328774e+01    1.838183e-06
1.329995e+01    1.453359e-05
1.331216e+01    2.716502e-05
1.332438e+01    3.970704e-05
1.333659e+01    5.215440e-05
1.334880e+01    6.450200e-05
1.336102e+01    7.673897e-05
1.337323e+01    8.885853e-05
1.338544e+01    1.008500e-04
1.339766e+01    1.127118e-04
1.340987e+01    1.244206e-04
1.342208e+01    1.359818e-04
1.343429e+01    1.473809e-04
1.344651e+01    1.586105e-04
1.345872e+01    1.696669e-04
1.347093e+01    1.805396e-04
1.348315e+01    1.912182e-04
1.349536e+01    2.017007e-04
1.350757e+01    2.119770e-04
1.351978e+01    2.220485e-04
1.353200e+01    2.318911e-04
1.354421e+01    2.415209e-04
1.355642e+01    2.509101e-04
1.356864e+01    2.600688e-04
1.358085e+01    2.689890e-04
1.359306e+01    2.776567e-04
1.360528e+01    2.860768e-04
1.361749e+01    2.942444e-04
1.362970e+01    3.021489e-04
1.364192e+01    3.097932e-04
1.365413e+01    3.171695e-04
1.366634e+01    3.242742e-04
1.367855e+01    3.311092e-04
1.369077e+01    3.376682e-04
1.370298e+01    3.439531e-04
1.371519e+01    3.499527e-04
1.372741e+01    3.556670e-04
1.373962e+01    3.611018e-04
1.375183e+01    3.662531e-04
1.376404e+01    3.711290e-04
1.377626e+01    3.757116e-04
1.378847e+01    3.800127e-04
1.380068e+01    3.840342e-04
1.381290e+01    3.877655e-04
1.382511e+01    3.912194e-04
1.383732e+01    3.943936e-04
1.384954e+01    3.972869e-04
1.386175e+01    3.999107e-04
1.387396e+01    4.022546e-04
1.388618e+01    4.043275e-04
1.389839e+01    4.061323e-04
1.391060e+01    4.076735e-04
1.392281e+01    4.089547e-04
1.393503e+01    4.099773e-04
1.394724e+01    4.107466e-04
1.395945e+01    4.112693e-04
1.397167e+01    4.115458e-04
1.398388e+01    4.115843e-04
1.399609e+01    4.113929e-04
1.400830e+01    4.109685e-04
1.402052e+01    4.103236e-04
1.403273e+01    4.094622e-04
1.404494e+01    4.083925e-04
1.405716e+01    4.071185e-04
1.406937e+01    4.056485e-04
1.408158e+01    4.039899e-04
1.409380e+01    4.021454e-04
1.410601e+01    4.001335e-04
1.411822e+01    3.979433e-04
1.413043e+01    3.955988e-04
1.414265e+01    3.930991e-04
1.415486e+01    3.904550e-04
1.416707e+01    3.876758e-04
1.417929e+01    3.847654e-04
1.419150e+01    3.817413e-04
1.420371e+01    3.785892e-04
1.421593e+01    3.753404e-04
1.422814e+01    3.719992e-04
1.424035e+01    3.685657e-04
1.425256e+01    3.650559e-04
1.426478e+01    3.614694e-04
1.427699e+01    3.578291e-04
1.428920e+01    3.541330e-04
1.430142e+01    3.503854e-04
1.431363e+01    3.466094e-04
1.432584e+01    3.428022e-04
1.433806e+01    3.389731e-04
1.435027e+01    3.351329e-04
1.436248e+01    3.312900e-04
1.437469e+01    3.274519e-04
1.438691e+01    3.236263e-04
1.439912e+01    3.198202e-04
1.441133e+01    3.160442e-04
1.442355e+01    3.123018e-04
1.443576e+01    3.086057e-04
1.444797e+01    3.049605e-04
1.446019e+01    3.013705e-04
1.447240e+01    2.978474e-04
1.448461e+01    2.944004e-04
1.449682e+01    2.910324e-04
1.450904e+01    2.877481e-04
1.452125e+01    2.845544e-04
1.453346e+01    2.814597e-04
1.454568e+01    2.784759e-04
1.455789e+01    2.755986e-04
1.457010e+01    2.728302e-04
1.458232e+01    2.701915e-04
1.459453e+01    2.676737e-04
1.460674e+01    2.652894e-04
1.461895e+01    2.630402e-04
1.463117e+01    2.609309e-04
1.464338e+01    2.589650e-04
1.465559e+01    2.571434e-04
1.466781e+01    2.554757e-04
1.468002e+01    2.539582e-04
1.469223e+01    2.526060e-04
1.470445e+01    2.514035e-04
1.471666e+01    2.503596e-04
1.472887e+01    2.494894e-04
1.474109e+01    2.487766e-04
1.475330e+01    2.482363e-04
1.476551e+01    2.478622e-04
1.477772e+01    2.476562e-04
1.478994e+01    2.476150e-04
1.480215e+01    2.477466e-04
1.481436e+01    2.480479e-04
1.482658e+01    2.485211e-04
1.483879e+01    2.491572e-04
1.485100e+01    2.499637e-04
1.486321e+01    2.509293e-04
1.487543e+01    2.520685e-04
1.488764e+01    2.533624e-04
1.489985e+01    2.548245e-04
1.491207e+01    2.564418e-04
1.492428e+01    2.582127e-04
1.493649e+01    2.601329e-04
1.494871e+01    2.622097e-04
1.496092e+01    2.644300e-04
1.497313e+01    2.667867e-04
1.498534e+01    2.692855e-04
1.499756e+01    2.719160e-04
1.500977e+01    2.746810e-04
1.502198e+01    2.775699e-04
1.503420e+01    2.805787e-04
1.504641e+01    2.837008e-04
1.505862e+01    2.869326e-04
1.507084e+01    2.902690e-04
1.508305e+01    2.937071e-04
1.509526e+01    2.972336e-04
1.510747e+01    3.008473e-04
1.511969e+01    3.045449e-04
1.513190e+01    3.083103e-04
1.514411e+01    3.121494e-04
1.515633e+01    3.160466e-04
1.516854e+01    3.200010e-04
1.518075e+01    3.239996e-04
1.519297e+01    3.280410e-04
1.520518e+01    3.321104e-04
1.521739e+01    3.362104e-04
1.522960e+01    3.403301e-04
1.524182e+01    3.444598e-04
1.525403e+01    3.485935e-04
1.526624e+01    3.527231e-04
1.527846e+01    3.568454e-04
1.529067e+01    3.609496e-04
1.530288e+01    3.650283e-04
1.531509e+01    3.690690e-04
1.532731e+01    3.730767e-04
1.533952e+01    3.770305e-04
1.535173e+01    3.809334e-04
1.536395e+01    3.847699e-04
1.537616e+01    3.885381e-04
1.538837e+01    3.922311e-04
1.540059e+01    3.958354e-04
1.541280e+01    3.993566e-04
1.542501e+01    4.027668e-04
1.543723e+01    4.060780e-04
1.544944e+01    4.092791e-04
1.546165e+01    4.123540e-04
1.547386e+01    4.153062e-04
1.548608e+01    4.181291e-04
1.549829e+01    4.208183e-04
1.551050e+01    4.233458e-04
1.552272e+01    4.257346e-04
1.553493e+01    4.279664e-04
1.554714e+01    4.300331e-04
1.555935e+01    4.319319e-04
1.557157e+01    4.336558e-04
1.558378e+01    4.352028e-04
1.559599e+01    4.365739e-04
1.560821e+01    4.377473e-04
1.562042e+01    4.387315e-04
1.563263e+01    4.395234e-04
1.564485e+01    4.401096e-04
1.565706e+01    4.404945e-04
1.566927e+01    4.406674e-04
1.568149e+01    4.406292e-04
1.569370e+01    4.403733e-04
1.570591e+01    4.399121e-04
1.571812e+01    4.392326e-04
1.573034e+01    4.383097e-04
1.574255e+01    4.371768e-04
1.575476e+01    4.358171e-04
1.576698e+01    4.342296e-04
1.577919e+01    4.324095e-04
1.579140e+01    4.303619e-04
1.580362e+01    4.280845e-04
1.581583e+01    4.255735e-04
1.582804e+01    4.228335e-04
1.584025e+01    4.198604e-04
1.585247e+01    4.166563e-04
1.586468e+01    4.132238e-04
1.587689e+01    4.095578e-04
1.588911e+01    4.056597e-04
1.590132e+01    4.015458e-04
1.591353e+01    3.972027e-04
1.592575e+01    3.926326e-04
1.593796e+01    3.878459e-04
1.595017e+01    3.828332e-04
1.596238e+01    3.776118e-04
1.597460e+01    3.721754e-04
1.598681e+01    3.665249e-04
1.599902e+01    3.606685e-04
1.601124e+01    3.546088e-04
1.602345e+01    3.483533e-04
1.603566e+01    3.418968e-04
1.604787e+01    3.352528e-04
1.606009e+01    3.284246e-04
1.607230e+01    3.214094e-04
1.608451e+01    3.142164e-04
1.609673e+01    3.068534e-04
1.610894e+01    2.993339e-04
1.612115e+01    2.916375e-04
1.613337e+01    2.837935e-04
1.614558e+01    2.758011e-04
1.615779e+01    2.676619e-04
1.617001e+01    2.593856e-04
1.618222e+01    2.509772e-04
1.619443e+01    2.424470e-04
1.620664e+01    2.337971e-04
1.621886e+01    2.250362e-04
1.623107e+01    2.161692e-04
1.624328e+01    2.072028e-04
1.625550e+01    1.981471e-04
1.626771e+01    1.890077e-04
1.627992e+01    1.797906e-04
1.629214e+01    1.705055e-04
1.630435e+01    1.611487e-04
1.631656e+01    1.517493e-04
1.632877e+01    1.422983e-04
1.634099e+01    1.328000e-04
1.635320e+01    1.232755e-04
1.636541e+01    1.137265e-04
1.637763e+01    1.041530e-04
1.638984e+01    9.457616e-05
1.640205e+01    8.498326e-05
1.641426e+01    7.540611e-05
1.642648e+01    6.583716e-05
1.643869e+01    5.628503e-05
1.645090e+01    4.675931e-05
1.646312e+01    3.726413e-05
1.647533e+01    2.780885e-05
1.648754e+01    1.840331e-05
1.649976e+01    9.054987e-06
1.651197e+01    -2.396882e-07
1.652418e+01    -9.465257e-06
1.653639e+01    -1.861583e-05
1.654861e+01    -2.768169e-05
1.656082e+01    -3.666703e-05
1.657303e+01    -4.555465e-05
1.658525e+01    -5.433939e-05
1.659746e+01    -6.301719e-05
1.660967e+01    -7.159462e-05
1.662189e+01    -8.004087e-05
1.663410e+01    -8.837260e-05
1.664631e+01    -9.656826e-05
1.665853e+01    -1.046351e-04
1.667074e+01    -1.125632e-04
1.668295e+01    -1.203418e-04
1.669516e+01    -1.279725e-04
1.670738e+01    -1.354516e-04
1.671959e+01    -1.427758e-04
1.673180e+01    -1.499315e-04
1.674402e+01    -1.569206e-04
1.675623e+01    -1.637463e-04
1.676844e+01    -1.703956e-04
1.678065e+01    -1.768674e-04
1.679287e+01    -1.831579e-04
1.680508e+01    -1.892694e-04
1.681729e+01    -1.951899e-04
1.682951e+01    -2.009250e-04
1.684172e+01    -2.064691e-04
1.685393e+01    -2.118203e-04
1.686615e+01    -2.169793e-04
1.687836e+01    -2.219384e-04
1.689057e+01    -2.266965e-04
1.690278e+01    -2.312641e-04
1.691500e+01    -2.356292e-04
1.692721e+01    -2.397959e-04
1.693942e+01    -2.437604e-04
1.695164e+01    -2.475236e-04
1.696385e+01    -2.510850e-04
1.697606e+01    -2.544445e-04
1.698828e+01    -2.576026e-04
1.700049e+01    -2.605578e-04
1.701270e+01    -2.633229e-04
1.702491e+01    -2.658837e-04
1.703713e+01    -2.682438e-04
1.704934e+01    -2.704097e-04
1.706155e+01    -2.723829e-04
1.707377e+01    -2.741608e-04
1.708598e+01    -2.757525e-04
1.709819e+01    -2.771602e-04
1.711040e+01    -2.783634e-04
1.712262e+01    -2.793936e-04
1.713483e+01    -2.802431e-04
1.714705e+01    -2.809145e-04
1.715926e+01    -2.814061e-04
1.717147e+01    -2.817272e-04
1.718368e+01    -2.818837e-04
1.719590e+01    -2.818789e-04
1.720811e+01    -2.816970e-04
1.722032e+01    -2.813632e-04
1.723254e+01    -2.808776e-04
1.724475e+01    -2.802359e-04
1.725696e+01    -2.794506e-04
1.726917e+01    -2.785267e-04
1.728139e+01    -2.774585e-04
1.729360e+01    -2.762627e-04
1.730581e+01    -2.749232e-04
1.731803e+01    -2.734794e-04
1.733024e+01    -2.719038e-04
1.734245e+01    -2.702190e-04
1.735467e+01    -2.684188e-04
1.736688e+01    -2.665140e-04
1.737909e+01    -2.645079e-04
1.739130e+01    -2.624035e-04
1.740352e+01    -2.602059e-04
1.741573e+01    -2.579275e-04
1.742794e+01    -2.555655e-04
1.744016e+01    -2.531235e-04
1.745237e+01    -2.506109e-04
1.746458e+01    -2.480374e-04
1.747680e+01    -2.453958e-04
1.748901e+01    -2.426973e-04
1.750122e+01    -2.399535e-04
1.751343e+01    -2.371558e-04
1.752565e+01    -2.343129e-04
1.753786e+01    -2.314405e-04
1.755007e+01    -2.285309e-04
1.756229e+01    -2.255919e-04
1.757450e+01    -2.226315e-04
1.758671e+01    -2.196503e-04
1.759892e+01    -2.166633e-04
1.761114e+01    -2.136528e-04
1.762335e+01    -2.106464e-04
1.763556e+01    -2.076384e-04
1.764778e+01    -2.046257e-04
1.765999e+01    -2.016277e-04
1.767220e+01    -1.986371e-04
1.768442e+01    -1.956589e-04
1.769663e+01    -1.926958e-04
1.770884e+01    -1.897641e-04
1.772106e+01    -1.868455e-04
1.773327e+01    -1.839735e-04
1.774548e+01    -1.811254e-04
1.775769e+01    -1.783111e-04
1.776991e+01    -1.755326e-04
1.778212e+01    -1.728001e-04
1.779433e+01    -1.701029e-04
1.780655e+01    -1.674654e-04
1.781876e+01    -1.648644e-04
1.783097e+01    -1.623157e-04
1.784319e+01    -1.598252e-04
1.785540e+01    -1.573821e-04
1.786761e+01    -1.550072e-04
1.787982e+01    -1.526777e-04
1.789204e+01    -1.504138e-04
1.790425e+01    -1.482120e-04
1.791646e+01    -1.460737e-04
1.792868e+01    -1.439938e-04
1.794089e+01    -1.419837e-04
1.795310e+01    -1.400343e-04
1.796531e+01    -1.381570e-04
1.797753e+01    -1.363372e-04
1.798974e+01    -1.345866e-04
1.800196e+01    -1.329034e-04
1.801417e+01    -1.312924e-04
1.802638e+01    -1.297382e-04
1.803859e+01    -1.282591e-04
1.805081e+01    -1.268349e-04
1.806302e+01    -1.254862e-04
1.807523e+01    -1.241989e-04
1.808744e+01    -1.229678e-04
1.809966e+01    -1.218061e-04
1.811187e+01    -1.207101e-04
1.812408e+01    -1.196610e-04
1.813630e+01    -1.186817e-04
1.814851e+01    -1.177522e-04
1.816072e+01    -1.168821e-04
1.817294e+01    -1.160649e-04
1.818515e+01    -1.152993e-04
1.819736e+01    -1.145857e-04
1.820958e+01    -1.139148e-04
1.822179e+01    -1.132967e-04
1.823400e+01    -1.127128e-04
1.824621e+01    -1.121795e-04
1.825843e+01    -1.116783e-04
1.827064e+01    -1.112135e-04
1.828285e+01    -1.107856e-04
1.829507e+01    -1.103933e-04
1.830728e+01    -1.100195e-04
1.831949e+01    -1.096736e-04
1.833171e+01    -1.093458e-04
1.834392e+01    -1.090509e-04
1.835613e+01    -1.087630e-04
1.836834e+01    -1.084902e-04
1.838056e+01    -1.082310e-04
1.839277e+01    -1.079813e-04
1.840498e+01    -1.077328e-04
1.841720e+01    -1.074899e-04
1.842941e+01    -1.072432e-04
1.844162e+01    -1.069991e-04
1.845383e+01    -1.067442e-04
1.846605e+01    -1.064736e-04
1.847826e+01    -1.061946e-04
1.849047e+01    -1.059022e-04
1.850269e+01    -1.055934e-04
1.851490e+01    -1.052525e-04
1.852711e+01    -1.048922e-04
1.853933e+01    -1.045043e-04
1.855154e+01    -1.040857e-04
1.856375e+01    -1.036337e-04
1.857596e+01    -1.031501e-04
1.858818e+01    -1.026184e-04
1.860039e+01    -1.020536e-04
1.861260e+01    -1.014428e-04
1.862482e+01    -1.007833e-04
1.863703e+01    -1.000810e-04
1.864924e+01    -9.932381e-05
1.866146e+01    -9.851460e-05
1.867367e+01    -9.765115e-05
1.868588e+01    -9.673275e-05
1.869810e+01    -9.574427e-05
1.871031e+01    -9.470666e-05
1.872252e+01    -9.360304e-05
1.873473e+01    -9.243004e-05
1.874695e+01    -9.119627e-05
1.875916e+01    -8.989964e-05
1.877137e+01    -8.852640e-05
1.878359e+01    -8.708984e-05
1.879580e+01    -8.557853e-05
1.880801e+01    -8.399901e-05
1.882022e+01    -8.234754e-05
1.883244e+01    -8.061994e-05
1.884465e+01    -7.881667e-05
1.885686e+01    -7.693958e-05
1.886908e+01    -7.499172e-05
1.888129e+01    -7.296889e-05
1.889350e+01    -7.086690e-05
1.890572e+01    -6.869389e-05
1.891793e+01    -6.644614e-05
1.893014e+01    -6.412924e-05
1.894235e+01    -6.173365e-05
1.895457e+01    -5.926588e-05
1.896678e+01    -5.672546e-05
1.897899e+01    -5.412055e-05
1.899121e+01    -5.143625e-05
1.900342e+01    -4.868256e-05
1.901563e+01    -4.587171e-05
1.902785e+01    -4.298566e-05
1.904006e+01    -4.003791e-05
1.905227e+01    -3.702869e-05
1.906449e+01    -3.395218e-05
1.907670e+01    -3.082352e-05
1.908891e+01    -2.763257e-05
1.910112e+01    -2.439006e-05
1.911334e+01    -2.109911e-05
1.912555e+01    -1.774624e-05
1.913776e+01    -1.434737e-05
1.914997e+01    -1.090579e-05
1.916219e+01    -7.417751e-06
1.917440e+01    -3.892346e-06
1.918661e+01    -3.273599e-07
1.919883e+01    3.269408e-06
1.921104e+01    6.898888e-06
1.922325e+01    1.056085e-05
1.923547e+01    1.424307e-05
1.924768e+01    1.795019e-05
1.925989e+01    2.167455e-05
1.927211e+01    2.541021e-05
1.928432e+01    2.917275e-05
1.929653e+01    3.292866e-05
1.930874e+01    3.669586e-05
1.932096e+01    4.045898e-05
1.933317e+01    4.422537e-05
1.934538e+01    4.798325e-05
1.935760e+01    5.172985e-05
1.936981e+01    5.546398e-05
1.938202e+01    5.917926e-05
1.939424e+01    6.287743e-05
1.940645e+01    6.654940e-05
1.941866e+01    7.019308e-05
1.943087e+01    7.380603e-05
1.944309e+01    7.738394e-05
1.945530e+01    8.091878e-05
1.946751e+01    8.440379e-05
1.947973e+01    8.785224e-05
1.949194e+01    9.123841e-05
1.950415e+01    9.458256e-05
1.951637e+01    9.785558e-05
1.952858e+01    1.010714e-04
1.954079e+01    1.042193e-04
1.955301e+01    1.072990e-04
1.956522e+01    1.103089e-04
1.957743e+01    1.132351e-04
1.958964e+01    1.160924e-04
1.960186e+01    1.188538e-04
1.961407e+01    1.215298e-04
1.962628e+01    1.241198e-04
1.963849e+01    1.266184e-04
1.965071e+01    1.290209e-04
1.966292e+01    1.313245e-04
1.967513e+01    1.335272e-04
1.968735e+01    1.356205e-04
1.969956e+01    1.376040e-04
1.971177e+01    1.394848e-04
1.972399e+01    1.412471e-04
1.973620e+01    1.429023e-04
1.974841e+01    1.444409e-04
1.976063e+01    1.458514e-04
1.977284e+01    1.471461e-04
1.978505e+01    1.483152e-04
1.979726e+01    1.493649e-04
1.980948e+01    1.502829e-04
1.982169e+01    1.510710e-04
1.983390e+01    1.517383e-04
1.984612e+01    1.522631e-04
1.985833e+01    1.526590e-04
1.987054e+01    1.529285e-04
1.988276e+01    1.530566e-04
1.989497e+01    1.530522e-04
1.990718e+01    1.529126e-04
1.991939e+01    1.526384e-04
1.993161e+01    1.522256e-04
1.994382e+01    1.516789e-04
1.995603e+01    1.509904e-04
1.996825e+01    1.501708e-04
1.998046e+01    1.492156e-04
1.999267e+01    1.481206e-04
2.000488e+01    1.468869e-04
2.001710e+01    1.455267e-04
2.002931e+01    1.440309e-04
2.004152e+01    1.423997e-04
2.005374e+01    1.406317e-04
2.006595e+01    1.387357e-04
2.007816e+01    1.367101e-04
2.009038e+01    1.345524e-04
2.010259e+01    1.322718e-04
2.011480e+01    1.298684e-04
2.012702e+01    1.273373e-04
2.013923e+01    1.246831e-04
2.015144e+01    1.219129e-04
2.016365e+01    1.190199e-04
2.017587e+01    1.160162e-04
2.018808e+01    1.129002e-04
2.020029e+01    1.096733e-04
2.021251e+01    1.063341e-04
2.022472e+01    1.028939e-04
2.023693e+01    9.934948e-05
2.024915e+01    9.570307e-05
2.026136e+01    9.196687e-05
2.027357e+01    8.813290e-05
2.028578e+01    8.420843e-05
2.029800e+01    8.019445e-05
2.031021e+01    7.610135e-05
2.032242e+01    7.192587e-05
2.033464e+01    6.767268e-05
2.034685e+01    6.334932e-05
2.035906e+01    5.895799e-05
2.037127e+01    5.449257e-05
2.038349e+01    4.997008e-05
2.039570e+01    4.538296e-05
2.040791e+01    4.075200e-05
2.042013e+01    3.605966e-05
2.043234e+01    3.132169e-05
2.044455e+01    2.654809e-05
2.045677e+01    2.172726e-05
2.046898e+01    1.687092e-05
2.048119e+01    1.198881e-05
2.049340e+01    7.076982e-06
2.050562e+01    2.133209e-06
2.051783e+01    -2.811612e-06
2.053004e+01    -7.782670e-06
2.054226e+01    -1.276385e-05
2.055447e+01    -1.775534e-05
2.056668e+01    -2.274355e-05
2.057890e+01    -2.773175e-05
2.059111e+01    -3.271199e-05
2.060332e+01    -3.768702e-05
2.061554e+01    -4.266122e-05
2.062775e+01    -4.760750e-05
2.063996e+01    -5.253333e-05
2.065217e+01    -5.743940e-05
2.066439e+01    -6.231325e-05
2.067660e+01    -6.715176e-05
2.068881e+01    -7.196715e-05
2.070103e+01    -7.673288e-05
2.071324e+01    -8.146544e-05
2.072545e+01    -8.614355e-05
2.073767e+01    -9.077493e-05
2.074988e+01    -9.534910e-05
2.076209e+01    -9.987604e-05
2.077430e+01    -1.043372e-04
2.078652e+01    -1.087375e-04
2.079873e+01    -1.130762e-04
2.081094e+01    -1.173475e-04
2.082316e+01    -1.215351e-04
2.083537e+01    -1.256562e-04
2.084758e+01    -1.296959e-04
2.085979e+01    -1.336660e-04
2.087201e+01    -1.375472e-04
2.088422e+01    -1.413496e-04
2.089643e+01    -1.450535e-04
2.090865e+01    -1.486829e-04
2.092086e+01    -1.522167e-04
2.093307e+01    -1.556608e-04
2.094529e+01    -1.590011e-04
2.095750e+01    -1.622515e-04
2.096971e+01    -1.653974e-04
2.098192e+01    -1.684454e-04
2.099414e+01    -1.713958e-04
2.100635e+01    -1.742413e-04
2.101856e+01    -1.769818e-04
2.103078e+01    -1.796134e-04
2.104299e+01    -1.821506e-04
2.105520e+01    -1.845724e-04
2.106742e+01    -1.868882e-04
2.107963e+01    -1.890937e-04
2.109184e+01    -1.911846e-04
2.110406e+01    -1.931725e-04
2.111627e+01    -1.950565e-04
2.112848e+01    -1.968190e-04
2.114069e+01    -1.984750e-04
2.115291e+01    -2.000184e-04
2.116512e+01    -2.014496e-04
2.117733e+01    -2.027796e-04
2.118955e+01    -2.039929e-04
2.120176e+01    -2.050905e-04
2.121397e+01    -2.060915e-04
2.122618e+01    -2.069756e-04
2.123840e+01    -2.077528e-04
2.125061e+01    -2.084223e-04
2.126282e+01    -2.089793e-04
2.127504e+01    -2.094384e-04
2.128725e+01    -2.097862e-04
2.129946e+01    -2.100369e-04
2.131168e+01    -2.101835e-04
2.132389e+01    -2.102282e-04
2.133610e+01    -2.101705e-04
2.134831e+01    -2.100151e-04
2.136053e+01    -2.097613e-04
2.137274e+01    -2.094092e-04
2.138495e+01    -2.089682e-04
2.139717e+01    -2.084319e-04
2.140938e+01    -2.077997e-04
2.142159e+01    -2.070840e-04
2.143381e+01    -2.062753e-04
2.144602e+01    -2.053854e-04
2.145823e+01    -2.044082e-04
2.147044e+01    -2.033483e-04
2.148266e+01    -2.022126e-04
2.149487e+01    -2.009922e-04
2.150708e+01    -1.997003e-04
2.151930e+01    -1.983378e-04
2.153151e+01    -1.968980e-04
2.154372e+01    -1.953858e-04
2.155593e+01    -1.938106e-04
2.156815e+01    -1.921660e-04
2.158036e+01    -1.904601e-04
2.159258e+01    -1.886927e-04
2.160479e+01    -1.868601e-04
2.161700e+01    -1.849731e-04
2.162921e+01    -1.830344e-04
2.164143e+01    -1.810387e-04
2.165364e+01    -1.789950e-04
2.166585e+01    -1.768984e-04
2.167807e+01    -1.747578e-04
2.169028e+01    -1.725691e-04
2.170249e+01    -1.703446e-04
2.171470e+01    -1.680703e-04
2.172692e+01    -1.657708e-04
2.173913e+01    -1.634177e-04
2.175134e+01    -1.610357e-04
2.176356e+01    -1.586200e-04
2.177577e+01    -1.561778e-04
2.178798e+01    -1.537007e-04
2.180020e+01    -1.511997e-04
2.181241e+01    -1.486720e-04
2.182462e+01    -1.461239e-04
2.183683e+01    -1.435500e-04
2.184905e+01    -1.409596e-04
2.186126e+01    -1.383405e-04
2.187347e+01    -1.357118e-04
2.188569e+01    -1.330711e-04
2.189790e+01    -1.304032e-04
2.191011e+01    -1.277305e-04
2.192233e+01    -1.250475e-04
2.193454e+01    -1.223464e-04
2.194675e+01    -1.196404e-04
2.195897e+01    -1.169201e-04
2.197118e+01    -1.142002e-04
2.198339e+01    -1.114724e-04
2.199560e+01    -1.087382e-04
2.200782e+01    -1.059970e-04
2.202003e+01    -1.032519e-04
2.203224e+01    -1.005124e-04
2.204445e+01    -9.775549e-05
2.205667e+01    -9.500644e-05
2.206888e+01    -9.224999e-05
2.208109e+01    -8.950074e-05
2.209331e+01    -8.674897e-05
2.210552e+01    -8.399738e-05
2.211773e+01    -8.124567e-05
2.212995e+01    -7.849310e-05
2.214216e+01    -7.574710e-05
2.215437e+01    -7.299261e-05
2.216659e+01    -7.024653e-05
2.217880e+01    -6.750032e-05
2.219101e+01    -6.475009e-05
2.220322e+01    -6.201256e-05
2.221544e+01    -5.926406e-05
2.222765e+01    -5.652463e-05
2.223986e+01    -5.377823e-05
2.225208e+01    -5.103649e-05
2.226429e+01    -4.829801e-05
2.227650e+01    -4.555497e-05
2.228872e+01    -4.281234e-05
2.230093e+01    -4.007404e-05
2.231314e+01    -3.732137e-05
2.232535e+01    -3.457491e-05
2.233757e+01    -3.182668e-05
2.234978e+01    -2.907519e-05
2.236199e+01    -2.631672e-05
2.237421e+01    -2.355441e-05
2.238642e+01    -2.078793e-05
2.239863e+01    -1.800917e-05
2.241084e+01    -1.523668e-05
2.242306e+01    -1.244647e-05
2.243527e+01    -9.653435e-06
2.244748e+01    -6.847840e-06
2.245970e+01    -4.036119e-06
2.247191e+01    -1.211884e-06
2.248412e+01    1.623936e-06
2.249634e+01    4.465692e-06
2.250855e+01    7.324503e-06
2.252076e+01    1.019699e-05
2.253297e+01    1.308313e-05
2.254519e+01    1.597730e-05
2.255740e+01    1.890151e-05
2.256961e+01    2.183209e-05
2.258183e+01    2.477970e-05
2.259404e+01    2.774203e-05
2.260625e+01    3.073225e-05
2.261847e+01    3.373838e-05
2.263068e+01    3.675610e-05
2.264289e+01    3.980281e-05
2.265511e+01    4.286756e-05
2.266732e+01    4.595279e-05
2.267953e+01    4.905724e-05
2.269174e+01    5.218206e-05
2.270396e+01    5.533930e-05
2.271617e+01    5.850394e-05
2.272838e+01    6.169954e-05
2.274060e+01    6.491871e-05
2.275281e+01    6.816158e-05
2.276502e+01    7.142598e-05
2.277724e+01    7.471466e-05
2.278945e+01    7.802702e-05
2.280166e+01    8.136319e-05
2.281387e+01    8.472119e-05
2.282609e+01    8.810125e-05
2.283830e+01    9.150663e-05
2.285051e+01    9.493495e-05
2.286273e+01    9.838294e-05
2.287494e+01    1.018536e-04
2.288715e+01    1.053480e-04
2.289936e+01    1.088662e-04
2.291158e+01    1.124007e-04
2.292379e+01    1.159565e-04
2.293600e+01    1.195307e-04
2.294822e+01    1.231193e-04
2.296043e+01    1.267339e-04
2.297264e+01    1.303577e-04
2.298486e+01    1.340045e-04
2.299707e+01    1.376577e-04
2.300928e+01    1.413301e-04
2.302150e+01    1.450058e-04
2.303371e+01    1.486992e-04
2.304592e+01    1.524016e-04
2.305813e+01    1.561085e-04
2.307035e+01    1.598274e-04
2.308256e+01    1.635482e-04
2.309477e+01    1.672736e-04
2.310699e+01    1.709948e-04
2.311920e+01    1.747257e-04
2.313141e+01    1.784444e-04
2.314363e+01    1.821613e-04
2.315584e+01    1.858748e-04
2.316805e+01    1.895850e-04
2.318026e+01    1.932777e-04
2.319248e+01    1.969590e-04
2.320469e+01    2.006337e-04
2.321690e+01    2.042846e-04
2.322912e+01    2.079175e-04
2.324133e+01    2.115334e-04
2.325354e+01    2.151198e-04
2.326575e+01    2.186847e-04
2.327797e+01    2.222243e-04
2.329018e+01    2.257270e-04
2.330239e+01    2.292008e-04
2.331461e+01    2.326352e-04
2.332682e+01    2.360360e-04
2.333903e+01    2.393952e-04
2.335125e+01    2.427083e-04
2.336346e+01    2.459723e-04
2.337567e+01    2.491956e-04
2.338788e+01    2.523628e-04
2.340010e+01    2.554726e-04
2.341231e+01    2.585294e-04
2.342452e+01    2.615310e-04
2.343674e+01    2.644620e-04
2.344895e+01    2.673304e-04
2.346116e+01    2.701292e-04
2.347338e+01    2.728600e-04
2.348559e+01    2.755176e-04
2.349780e+01    2.780983e-04
2.351002e+01    2.805964e-04
2.352223e+01    2.830172e-04
2.353444e+01    2.853556e-04
2.354665e+01    2.876025e-04
2.355887e+01    2.897659e-04
2.357108e+01    2.918271e-04
2.358329e+01    2.937980e-04
2.359550e+01    2.956704e-04
2.360772e+01    2.974506e-04
2.361993e+01    2.991211e-04
2.363214e+01    3.006944e-04
2.364436e+01    3.021506e-04
2.365657e+01    3.035027e-04
2.366878e+01    3.047421e-04
2.368100e+01    3.058666e-04
2.369321e+01    3.068758e-04
2.370542e+01    3.077663e-04
2.371764e+01    3.085430e-04
2.372985e+01    3.091861e-04
2.374206e+01    3.097152e-04
2.375427e+01    3.101156e-04
2.376649e+01    3.103864e-04
2.377870e+01    3.105293e-04
2.379091e+01    3.105392e-04
2.380313e+01    3.104209e-04
2.381534e+01    3.101662e-04
2.382755e+01    3.097783e-04
2.383977e+01    3.092526e-04
2.385198e+01    3.085950e-04
2.386419e+01    3.077894e-04
2.387640e+01    3.068501e-04
2.388862e+01    3.057651e-04
2.390083e+01    3.045406e-04
2.391304e+01    3.031743e-04
2.392526e+01    3.016667e-04
2.393747e+01    3.000163e-04
2.394968e+01    2.982195e-04
2.396189e+01    2.962804e-04
2.397411e+01    2.941992e-04
2.398632e+01    2.919776e-04
2.399854e+01    2.895981e-04
2.401075e+01    2.870786e-04
2.402296e+01    2.844256e-04
2.403517e+01    2.816200e-04
2.404739e+01    2.786749e-04
2.405960e+01    2.755881e-04
2.407181e+01    2.723617e-04
2.408403e+01    2.689842e-04
2.409624e+01    2.654753e-04
2.410845e+01    2.618192e-04
2.412066e+01    2.580326e-04
2.413288e+01    2.541020e-04
2.414509e+01    2.500373e-04
2.415730e+01    2.458401e-04
2.416952e+01    2.415141e-04
2.418173e+01    2.370456e-04
2.419394e+01    2.324538e-04
2.420616e+01    2.277334e-04
2.421837e+01    2.228851e-04
2.423058e+01    2.179149e-04
2.424279e+01    2.128299e-04
2.425501e+01    2.076054e-04
2.426722e+01    2.022748e-04
2.427943e+01    1.968243e-04
2.429165e+01    1.912680e-04
2.430386e+01    1.855963e-04
2.431607e+01    1.798159e-04
2.432829e+01    1.739259e-04
2.434050e+01    1.679410e-04
2.435271e+01    1.618541e-04
2.436492e+01    1.556671e-04
2.437714e+01    1.493813e-04
2.438935e+01    1.430118e-04
2.440156e+01    1.365559e-04
2.441378e+01    1.300125e-04
2.442599e+01    1.233832e-04
2.443820e+01    1.166843e-04
2.445041e+01    1.099046e-04
2.446263e+01    1.030521e-04
2.447484e+01    9.613580e-05
2.448705e+01    8.914529e-05
2.449927e+01    8.210415e-05
2.451148e+01    7.499792e-05
2.452369e+01    6.784429e-05
2.453591e+01    6.063559e-05
2.454812e+01    5.338166e-05
2.456033e+01    4.608466e-05
2.457255e+01    3.874619e-05
2.458476e+01    3.137294e-05
2.459697e+01    2.396337e-05
2.460918e+01    1.653386e-05
2.462140e+01    9.080104e-06
2.463361e+01    1.599808e-06
2.464582e+01    -5.901791e-06
2.465804e+01    -1.340639e-05
2.467025e+01    -2.092490e-05
2.468246e+01    -2.845022e-05
2.469468e+01    -3.597414e-05
2.470689e+01    -4.349757e-05
2.471910e+01    -5.101759e-05
2.473131e+01    -5.852708e-05
2.474353e+01    -6.602364e-05
2.475574e+01    -7.349980e-05
2.476795e+01    -8.096121e-05
2.478017e+01    -8.839456e-05
2.479238e+01    -9.579916e-05
2.480459e+01    -1.031763e-04
2.481680e+01    -1.105216e-04
2.482902e+01    -1.178167e-04
2.484123e+01    -1.250784e-04
2.485344e+01    -1.322939e-04
2.486566e+01    -1.394597e-04
2.487787e+01    -1.465785e-04
2.489008e+01    -1.536336e-04
2.490230e+01    -1.606402e-04
2.491451e+01    -1.675781e-04
2.492672e+01    -1.744527e-04
2.493893e+01    -1.812579e-04
2.495115e+01    -1.879959e-04
2.496336e+01    -1.946612e-04
2.497557e+01    -2.012502e-04
2.498779e+01    -2.077547e-04
2.500000e+01    -2.141868e-04
