0.000000e+00    6.355335e-01
1.221299e-02    6.345975e-01
2.442599e-02    6.317927e-01
3.663898e-02    6.271281e-01
4.885198e-02    6.206185e-01
6.106497e-02    6.122846e-01
7.327797e-02    6.021530e-01
8.549096e-02    5.902559e-01
9.770396e-02    5.766308e-01
1.099169e-01    5.613206e-01
1.221299e-01    5.443733e-01
1.343429e-01    5.258415e-01
1.465559e-01    5.057827e-01
1.587689e-01    4.842587e-01
1.709819e-01    4.613348e-01
1.831949e-01    4.370809e-01
1.954079e-01    4.115692e-01
2.076209e-01    3.848759e-01
2.198339e-01    3.570791e-01
2.320469e-01    3.282599e-01
2.442599e-01    2.985009e-01
2.564729e-01    2.678863e-01
2.686859e-01    2.365019e-01
2.808989e-01    2.044340e-01
2.931119e-01    1.717695e-01
3.053249e-01    1.385954e-01
3.175378e-01    1.049984e-01
3.297509e-01    7.106464e-02
3.419639e-01    3.687960e-02
3.541768e-01    2.527236e-03
3.663898e-01    -3.191010e-02
3.786028e-01    -6.635183e-02
3.908158e-01    -1.007194e-01
4.030288e-01    -1.349368e-01
4.152418e-01    -1.689308e-01
4.274548e-01    -2.026307e-01
4.396678e-01    -2.359693e-01
4.518808e-01    -2.688823e-01
4.640938e-01    -3.013091e-01
4.763068e-01    -3.331925e-01
4.885198e-01    -3.644791e-01
5.007328e-01    -3.951194e-01
5.129458e-01    -4.250675e-01
5.251588e-01    -4.542818e-01
5.373718e-01    -4.827245e-01
5.495847e-01    -5.103617e-01
5.617977e-01    -5.371635e-01
5.740107e-01    -5.631043e-01
5.862237e-01    -5.881620e-01
5.984367e-01    -6.123187e-01
6.106497e-01    -6.355599e-01
6.228627e-01    -6.578751e-01
6.350757e-01    -6.792575e-01
6.472887e-01    -6.997035e-01
6.595017e-01    -7.192131e-01
6.717147e-01    -7.377892e-01
6.839277e-01    -7.554379e-01
6.961407e-01    -7.721683e-01
7.083537e-01    -7.879922e-01
7.205667e-01    -8.029240e-01
7.327797e-01    -8.169800e-01
7.449927e-01    -8.301796e-01
7.572057e-01    -8.425433e-01
7.694187e-01    -8.540938e-01
7.816316e-01    -8.648556e-01
7.938446e-01    -8.748546e-01
8.060576e-01    -8.841175e-01
8.182706e-01    -8.926727e-01
8.304836e-01    -9.005491e-01
8.426966e-01    -9.077764e-01
8.549096e-01    -9.143849e-01
8.671226e-01    -9.204055e-01
8.793356e-01    -9.258689e-01
8.915486e-01    -9.308062e-01
9.037616e-01    -9.352481e-01
9.159746e-01    -9.392256e-01
9.281876e-01    -9.427686e-01
9.404006e-01    -9.459072e-01
9.526136e-01    -9.486709e-01
9.648266e-01    -9.510880e-01
9.770396e-01    -9.531864e-01
9.892526e-01    -9.549931e-01
1.001466e+00    -9.565341e-01
1.013679e+00    -9.578342e-01
1.025892e+00    -9.589176e-01
1.038105e+00    -9.598069e-01
1.050318e+00    -9.605236e-01
1.062531e+00    -9.610881e-01
1.074744e+00    -9.615195e-01
1.086957e+00    -9.618359e-01
1.099169e+00    -9.620534e-01
1.111382e+00    -9.621877e-01
1.123595e+00    -9.622527e-01
1.135808e+00    -9.622607e-01
1.148021e+00    -9.622239e-01
1.160234e+00    -9.621519e-01
1.172447e+00    -9.620540e-01
1.184660e+00    -9.619378e-01
1.196873e+00    -9.618103e-01
1.209086e+00    -9.616766e-01
1.221299e+00    -9.615414e-01
1.233512e+00    -9.614077e-01
1.245725e+00    -9.612786e-01
1.257938e+00    -9.611550e-01
1.270151e+00    -9.610379e-01
1.282364e+00    -9.609267e-01
1.294577e+00    -9.608206e-01
1.306790e+00    -9.607177e-01
1.319003e+00    -9.606159e-01
1.331216e+00    -9.605118e-01
1.343429e+00    -9.604022e-01
1.355642e+00    -9.602829e-01
1.367855e+00    -9.601491e-01
1.380068e+00    -9.599964e-01
1.392281e+00    -9.598192e-01
1.404494e+00    -9.596123e-01
1.416707e+00    -9.593696e-01
1.428920e+00    -9.590856e-01
1.441133e+00    -9.587539e-01
1.453346e+00    -9.583686e-01
1.465559e+00    -9.579233e-01
1.477772e+00    -9.574119e-01
1.489985e+00    -9.568287e-01
1.502198e+00    -9.561668e-01
1.514411e+00    -9.554209e-01
1.526624e+00    -9.545848e-01
1.538837e+00    -9.536532e-01
1.551050e+00    -9.526203e-01
1.563263e+00    -9.514810e-01
1.575476e+00    -9.502302e-01
1.587689e+00    -9.488635e-01
1.599902e+00    -9.473760e-01
1.612115e+00    -9.457637e-01
1.624328e+00    -9.440228e-01
1.636541e+00    -9.421498e-01
1.648754e+00    -9.401410e-01
1.660967e+00    -9.379939e-01
1.673180e+00    -9.357062e-01
1.685393e+00    -9.332752e-01
1.697606e+00    -9.306992e-01
1.709819e+00    -9.279764e-01
1.722032e+00    -9.251057e-01
1.734245e+00    -9.220865e-01
1.746458e+00    -9.189178e-01
1.758671e+00    -9.155994e-01
1.770884e+00    -9.121317e-01
1.783097e+00    -9.085144e-01
1.795310e+00    -9.047486e-01
1.807523e+00    -9.008350e-01
1.819736e+00    -8.967750e-01
1.831949e+00    -8.925697e-01
1.844162e+00    -8.882208e-01
1.856375e+00    -8.837304e-01
1.868588e+00    -8.791004e-01
1.880801e+00    -8.743333e-01
1.893014e+00    -8.694313e-01
1.905227e+00    -8.643974e-01
1.917440e+00    -8.592340e-01
1.929653e+00    -8.539445e-01
1.941866e+00    -8.485317e-01
1.954079e+00    -8.429991e-01
1.966292e+00    -8.373497e-01
1.978505e+00    -8.315871e-01
1.990718e+00    -8.257148e-01
2.002931e+00    -8.197365e-01
2.015144e+00    -8.136553e-01
2.027357e+00    -8.074756e-01
2.039570e+00    -8.012006e-01
2.051783e+00    -7.948341e-01
2.063996e+00    -7.883801e-01
2.076209e+00    -7.818422e-01
2.088422e+00    -7.752240e-01
2.100635e+00    -7.685295e-01
2.112848e+00    -7.617624e-01
2.125061e+00    -7.549263e-01
2.137274e+00    -7.480248e-01
2.149487e+00    -7.410617e-01
2.161700e+00    -7.340406e-01
2.173913e+00    -7.269651e-01
2.186126e+00    -7.198385e-01
2.198339e+00    -7.126642e-01
2.210552e+00    -7.054460e-01
2.222765e+00    -6.981868e-01
2.234978e+00    -6.908901e-01
2.247191e+00    -6.835591e-01
2.259404e+00    -6.761969e-01
2.271617e+00    -6.688064e-01
2.283830e+00    -6.613910e-01
2.296043e+00    -6.539534e-01
2.308256e+00    -6.464964e-01
2.320469e+00    -6.390229e-01
2.332682e+00    -6.315358e-01
2.344895e+00    -6.240374e-01
2.357108e+00    -6.165308e-01
2.369321e+00    -6.090181e-01
2.381534e+00    -6.015021e-01
2.393747e+00    -5.939851e-01
2.405960e+00    -5.864694e-01
2.418173e+00    -5.789574e-01
2.430386e+00    -5.714514e-01
2.442599e+00    -5.639535e-01
2.454812e+00    -5.564660e-01
2.467025e+00    -5.489908e-01
2.479238e+00    -5.415301e-01
2.491451e+00    -5.340858e-01
2.503664e+00    -5.266598e-01
2.515877e+00    -5.192542e-01
2.528090e+00    -5.118708e-01
2.540303e+00    -5.045114e-01
2.552516e+00    -4.971778e-01
2.564729e+00    -4.898718e-01
2.576942e+00    -4.825951e-01
2.589155e+00    -4.753492e-01
2.601368e+00    -4.681361e-01
2.613581e+00    -4.609570e-01
2.625794e+00    -4.538139e-01
2.638007e+00    -4.467081e-01
2.650220e+00    -4.396413e-01
2.662433e+00    -4.326148e-01
2.674646e+00    -4.256303e-01
2.686859e+00    -4.186891e-01
2.699072e+00    -4.117925e-01
2.711285e+00    -4.049421e-01
2.723498e+00    -3.981392e-01
2.735711e+00    -3.913850e-01
2.747924e+00    -3.846809e-01
2.760137e+00    -3.780282e-01
2.772350e+00    -3.714280e-01
2.784563e+00    -3.648817e-01
2.796776e+00    -3.583905e-01
2.808989e+00    -3.519554e-01
2.821202e+00    -3.455776e-01
2.833415e+00    -3.392582e-01
2.845628e+00    -3.329982e-01
2.857841e+00    -3.267988e-01
2.870054e+00    -3.206608e-01
2.882267e+00    -3.145854e-01
2.894480e+00    -3.085733e-01
2.906693e+00    -3.026255e-01
2.918906e+00    -2.967429e-01
2.931119e+00    -2.909264e-01
2.943332e+00    -2.851767e-01
2.955545e+00    -2.794945e-01
2.967758e+00    -2.738807e-01
2.979971e+00    -2.683358e-01
2.992184e+00    -2.628607e-01
3.004397e+00    -2.574557e-01
3.016610e+00    -2.521215e-01
3.028823e+00    -2.468588e-01
3.041036e+00    -2.416679e-01
3.053249e+00    -2.365492e-01
3.065462e+00    -2.315033e-01
3.077675e+00    -2.265304e-01
3.089888e+00    -2.216310e-01
3.102101e+00    -2.168052e-01
3.114314e+00    -2.120534e-01
3.126527e+00    -2.073758e-01
3.138740e+00    -2.027724e-01
3.150953e+00    -1.982435e-01
3.163166e+00    -1.937891e-01
3.175379e+00    -1.894092e-01
3.187592e+00    -1.851039e-01
3.199805e+00    -1.808731e-01
3.212018e+00    -1.767167e-01
3.224231e+00    -1.726346e-01
3.236444e+00    -1.686267e-01
3.248657e+00    -1.646927e-01
3.260870e+00    -1.608325e-01
3.273082e+00    -1.570457e-01
3.285295e+00    -1.533320e-01
3.297508e+00    -1.496911e-01
3.309721e+00    -1.461227e-01
3.321934e+00    -1.426263e-01
3.334147e+00    -1.392014e-01
3.346360e+00    -1.358476e-01
3.358573e+00    -1.325644e-01
3.370786e+00    -1.293512e-01
3.382999e+00    -1.262075e-01
3.395212e+00    -1.231327e-01
3.407425e+00    -1.201261e-01
3.419638e+00    -1.171871e-01
3.431851e+00    -1.143151e-01
3.444064e+00    -1.115092e-01
3.456277e+00    -1.087689e-01
3.468490e+00    -1.060933e-01
3.480703e+00    -1.034817e-01
3.492916e+00    -1.009334e-01
3.505129e+00    -9.844740e-02
3.517342e+00    -9.602301e-02
3.529555e+00    -9.365937e-02
3.541768e+00    -9.135563e-02
3.553981e+00    -8.911091e-02
3.566194e+00    -8.692433e-02
3.578407e+00    -8.479502e-02
3.590620e+00    -8.272207e-02
3.602833e+00    -8.070454e-02
3.615046e+00    -7.874155e-02
3.627259e+00    -7.683215e-02
3.639472e+00    -7.497540e-02
3.651685e+00    -7.317033e-02
3.663898e+00    -7.141608e-02
3.676111e+00    -6.971163e-02
3.688324e+00    -6.805605e-02
3.700537e+00    -6.644838e-02
3.712750e+00    -6.488766e-02
3.724963e+00    -6.337292e-02
3.737176e+00    -6.190323e-02
3.749389e+00    -6.047763e-02
3.761602e+00    -5.909515e-02
3.773815e+00    -5.775484e-02
3.786028e+00    -5.645577e-02
3.798241e+00    -5.519699e-02
3.810454e+00    -5.397755e-02
3.822667e+00    -5.279652e-02
3.834880e+00    -5.165299e-02
3.847093e+00    -5.054602e-02
3.859306e+00    -4.947472e-02
3.871519e+00    -4.843815e-02
3.883732e+00    -4.743545e-02
3.895945e+00    -4.646571e-02
3.908158e+00    -4.552806e-02
3.920371e+00    -4.462163e-02
3.932584e+00    -4.374557e-02
3.944797e+00    -4.289901e-02
3.957010e+00    -4.208114e-02
3.969223e+00    -4.129112e-02
3.981436e+00    -4.052814e-02
3.993649e+00    -3.979141e-02
4.005862e+00    -3.908011e-02
4.018075e+00    -3.839352e-02
4.030288e+00    -3.773080e-02
4.042501e+00    -3.709127e-02
4.054714e+00    -3.647413e-02
4.066927e+00    -3.587873e-02
4.079140e+00    -3.530430e-02
4.091353e+00    -3.475019e-02
4.103566e+00    -3.421567e-02
4.115779e+00    -3.370012e-02
4.127992e+00    -3.320286e-02
4.140205e+00    -3.272327e-02
4.152418e+00    -3.226071e-02
4.164631e+00    -3.181459e-02
4.176844e+00    -3.138429e-02
4.189057e+00    -3.096924e-02
4.201270e+00    -3.056890e-02
4.213483e+00    -3.018269e-02
4.225696e+00    -2.981011e-02
4.237909e+00    -2.945060e-02
4.250122e+00    -2.910369e-02
4.262335e+00    -2.876885e-02
4.274548e+00    -2.844564e-02
4.286761e+00    -2.813359e-02
4.298974e+00    -2.783225e-02
4.311187e+00    -2.754117e-02
4.323400e+00    -2.725997e-02
4.335613e+00    -2.698821e-02
4.347826e+00    -2.672554e-02
4.360039e+00    -2.647154e-02
4.372252e+00    -2.622588e-02
4.384465e+00    -2.598820e-02
4.396678e+00    -2.575817e-02
4.408891e+00    -2.553546e-02
4.421104e+00    -2.531978e-02
4.433317e+00    -2.511083e-02
4.445530e+00    -2.490831e-02
4.457743e+00    -2.471198e-02
4.469956e+00    -2.452156e-02
4.482169e+00    -2.433681e-02
4.494382e+00    -2.415750e-02
4.506595e+00    -2.398342e-02
4.518808e+00    -2.381434e-02
4.531021e+00    -2.365008e-02
4.543234e+00    -2.349044e-02
4.555447e+00    -2.333525e-02
4.567660e+00    -2.318434e-02
4.579873e+00    -2.303756e-02
4.592086e+00    -2.289476e-02
4.604299e+00    -2.275580e-02
4.616512e+00    -2.262056e-02
4.628725e+00    -2.248892e-02
4.640938e+00    -2.236076e-02
4.653151e+00    -2.223600e-02
4.665364e+00    -2.211454e-02
4.677577e+00    -2.199627e-02
4.689790e+00    -2.188115e-02
4.702003e+00    -2.176908e-02
4.714216e+00    -2.166002e-02
4.726429e+00    -2.155390e-02
4.738642e+00    -2.145067e-02
4.750855e+00    -2.135028e-02
4.763068e+00    -2.125271e-02
4.775281e+00    -2.115791e-02
4.787494e+00    -2.106586e-02
4.799707e+00    -2.097654e-02
4.811920e+00    -2.088991e-02
4.824133e+00    -2.080597e-02
4.836346e+00    -2.072472e-02
4.848559e+00    -2.064613e-02
4.860772e+00    -2.057020e-02
4.872985e+00    -2.049694e-02
4.885198e+00    -2.042635e-02
4.897411e+00    -2.035842e-02
4.909624e+00    -2.029317e-02
4.921837e+00    -2.023060e-02
4.934050e+00    -2.017071e-02
4.946263e+00    -2.011353e-02
4.958476e+00    -2.005906e-02
4.970689e+00    -2.000730e-02
4.982902e+00    -1.995829e-02
4.995115e+00    -1.991202e-02
5.007328e+00    -1.986851e-02
5.019541e+00    -1.982777e-02
5.031754e+00    -1.978981e-02
5.043967e+00    -1.975465e-02
5.056180e+00    -1.972230e-02
5.068393e+00    -1.969275e-02
5.080606e+00    -1.966603e-02
5.092819e+00    -1.964214e-02
5.105031e+00    -1.962108e-02
5.117245e+00    -1.960285e-02
5.129457e+00    -1.958746e-02
5.141671e+00    -1.957491e-02
5.153883e+00    -1.956518e-02
5.166097e+00    -1.955828e-02
5.178309e+00    -1.955420e-02
5.190523e+00    -1.955293e-02
5.202735e+00    -1.955444e-02
5.214949e+00    -1.955874e-02
5.227162e+00    -1.956578e-02
5.239375e+00    -1.957556e-02
5.251588e+00    -1.958804e-02
5.263801e+00    -1.960320e-02
5.276014e+00    -1.962101e-02
5.288227e+00    -1.964142e-02
5.300440e+00    -1.966441e-02
5.312653e+00    -1.968992e-02
5.324866e+00    -1.971791e-02
5.337079e+00    -1.974833e-02
5.349292e+00    -1.978114e-02
5.361505e+00    -1.981625e-02
5.373718e+00    -1.985363e-02
5.385931e+00    -1.989322e-02
5.398144e+00    -1.993493e-02
5.410357e+00    -1.997871e-02
5.422570e+00    -2.002448e-02
5.434783e+00    -2.007215e-02
5.446996e+00    -2.012166e-02
5.459208e+00    -2.017292e-02
5.471422e+00    -2.022584e-02
5.483634e+00    -2.028033e-02
5.495848e+00    -2.033630e-02
5.508060e+00    -2.039366e-02
5.520274e+00    -2.045231e-02
5.532486e+00    -2.051214e-02
5.544700e+00    -2.057305e-02
5.556912e+00    -2.063494e-02
5.569126e+00    -2.069770e-02
5.581338e+00    -2.076121e-02
5.593552e+00    -2.082537e-02
5.605764e+00    -2.089006e-02
5.617978e+00    -2.095516e-02
5.630190e+00    -2.102056e-02
5.642404e+00    -2.108612e-02
5.654616e+00    -2.115174e-02
5.666830e+00    -2.121728e-02
5.679042e+00    -2.128263e-02
5.691256e+00    -2.134765e-02
5.703468e+00    -2.141222e-02
5.715682e+00    -2.147621e-02
5.727894e+00    -2.153949e-02
5.740108e+00    -2.160194e-02
5.752320e+00    -2.166342e-02
5.764534e+00    -2.172381e-02
5.776746e+00    -2.178297e-02
5.788960e+00    -2.184077e-02
5.801172e+00    -2.189709e-02
5.813385e+00    -2.195180e-02
5.825598e+00    -2.200476e-02
5.837811e+00    -2.205585e-02
5.850024e+00    -2.210494e-02
5.862237e+00    -2.215191e-02
5.874450e+00    -2.219662e-02
5.886663e+00    -2.223897e-02
5.898876e+00    -2.227881e-02
5.911089e+00    -2.231604e-02
5.923302e+00    -2.235053e-02
5.935515e+00    -2.238217e-02
5.947728e+00    -2.241084e-02
5.959941e+00    -2.243643e-02
5.972154e+00    -2.245882e-02
5.984367e+00    -2.247791e-02
5.996580e+00    -2.249359e-02
6.008793e+00    -2.250576e-02
6.021006e+00    -2.251431e-02
6.033219e+00    -2.251916e-02
6.045432e+00    -2.252019e-02
6.057645e+00    -2.251733e-02
6.069858e+00    -2.251048e-02
6.082071e+00    -2.249957e-02
6.094284e+00    -2.248449e-02
6.106497e+00    -2.246518e-02
6.118710e+00    -2.244157e-02
6.130923e+00    -2.241358e-02
6.143136e+00    -2.238114e-02
6.155349e+00    -2.234419e-02
6.167562e+00    -2.230267e-02
6.179775e+00    -2.225653e-02
6.191988e+00    -2.220571e-02
6.204201e+00    -2.215016e-02
6.216414e+00    -2.208984e-02
6.228627e+00    -2.202471e-02
6.240840e+00    -2.195475e-02
6.253053e+00    -2.187991e-02
6.265266e+00    -2.180016e-02
6.277479e+00    -2.171550e-02
6.289692e+00    -2.162590e-02
6.301905e+00    -2.153133e-02
6.314118e+00    -2.143181e-02
6.326331e+00    -2.132732e-02
6.338544e+00    -2.121785e-02
6.350757e+00    -2.110343e-02
6.362970e+00    -2.098405e-02
6.375183e+00    -2.085972e-02
6.387396e+00    -2.073047e-02
6.399609e+00    -2.059631e-02
6.411822e+00    -2.045727e-02
6.424035e+00    -2.031339e-02
6.436248e+00    -2.016468e-02
6.448461e+00    -2.001119e-02
6.460674e+00    -1.985298e-02
6.472887e+00    -1.969008e-02
6.485100e+00    -1.952253e-02
6.497313e+00    -1.935040e-02
6.509526e+00    -1.917375e-02
6.521739e+00    -1.899264e-02
6.533952e+00    -1.880712e-02
6.546165e+00    -1.861729e-02
6.558378e+00    -1.842320e-02
6.570591e+00    -1.822493e-02
6.582804e+00    -1.802256e-02
6.595017e+00    -1.781619e-02
6.607230e+00    -1.760589e-02
6.619443e+00    -1.739176e-02
6.631656e+00    -1.717387e-02
6.643869e+00    -1.695235e-02
6.656082e+00    -1.672728e-02
6.668295e+00    -1.649876e-02
6.680508e+00    -1.626691e-02
6.692721e+00    -1.603182e-02
6.704934e+00    -1.579360e-02
6.717147e+00    -1.555238e-02
6.729360e+00    -1.530826e-02
6.741573e+00    -1.506136e-02
6.753786e+00    -1.481178e-02
6.765999e+00    -1.455967e-02
6.778212e+00    -1.430513e-02
6.790425e+00    -1.404830e-02
6.802638e+00    -1.378928e-02
6.814851e+00    -1.352822e-02
6.827064e+00    -1.326523e-02
6.839277e+00    -1.300045e-02
6.851490e+00    -1.273400e-02
6.863703e+00    -1.246603e-02
6.875916e+00    -1.219663e-02
6.888129e+00    -1.192597e-02
6.900342e+00    -1.165416e-02
6.912555e+00    -1.138134e-02
6.924768e+00    -1.110764e-02
6.936981e+00    -1.083320e-02
6.949194e+00    -1.055812e-02
6.961407e+00    -1.028258e-02
6.973620e+00    -1.000668e-02
6.985833e+00    -9.730561e-03
6.998046e+00    -9.454336e-03
7.010259e+00    -9.178161e-03
7.022472e+00    -8.902140e-03
7.034685e+00    -8.626425e-03
7.046898e+00    -8.351116e-03
7.059111e+00    -8.076368e-03
7.071324e+00    -7.802278e-03
7.083537e+00    -7.528986e-03
7.095750e+00    -7.256594e-03
7.107963e+00    -6.985264e-03
7.120176e+00    -6.715067e-03
7.132389e+00    -6.446150e-03
7.144602e+00    -6.178598e-03
7.156815e+00    -5.912558e-03
7.169028e+00    -5.648113e-03
7.181241e+00    -5.385392e-03
7.193454e+00    -5.124482e-03
7.205667e+00    -4.865506e-03
7.217880e+00    -4.608545e-03
7.230093e+00    -4.353715e-03
7.242306e+00    -4.101098e-03
7.254519e+00    -3.850806e-03
7.266732e+00    -3.602911e-03
7.278944e+00    -3.357515e-03
7.291158e+00    -3.114691e-03
7.303371e+00    -2.874530e-03
7.315584e+00    -2.637122e-03
7.327797e+00    -2.402521e-03
7.340010e+00    -2.170826e-03
7.352223e+00    -1.942079e-03
7.364436e+00    -1.716380e-03
7.376649e+00    -1.493769e-03
7.388862e+00    -1.274322e-03
7.401075e+00    -1.058105e-03
7.413288e+00    -8.451339e-04
7.425501e+00    -6.354934e-04
7.437714e+00    -4.292479e-04
7.449927e+00    -2.264136e-04
7.462140e+00    -2.704125e-05
7.474353e+00    1.688318e-04
7.486566e+00    3.611500e-04
7.498779e+00    5.498953e-04
7.510992e+00    7.350488e-04
7.523205e+00    9.165635e-04
7.535418e+00    1.094418e-03
7.547631e+00    1.268602e-03
7.559844e+00    1.439084e-03
7.572057e+00    1.605869e-03
7.584270e+00    1.768920e-03
7.596483e+00    1.928251e-03
7.608696e+00    2.083836e-03
7.620909e+00    2.235689e-03
7.633121e+00    2.383798e-03
7.645335e+00    2.528180e-03
7.657547e+00    2.668821e-03
7.669761e+00    2.805750e-03
7.681973e+00    2.938964e-03
7.694187e+00    3.068479e-03
7.706399e+00    3.194315e-03
7.718613e+00    3.316490e-03
7.730825e+00    3.435021e-03
7.743039e+00    3.549939e-03
7.755251e+00    3.661261e-03
7.767465e+00    3.769028e-03
7.779677e+00    3.873253e-03
7.791891e+00    3.973984e-03
7.804103e+00    4.071246e-03
7.816317e+00    4.165091e-03
7.828529e+00    4.255532e-03
7.840743e+00    4.342631e-03
7.852955e+00    4.426419e-03
7.865169e+00    4.506947e-03
7.877381e+00    4.584252e-03
7.889595e+00    4.658393e-03
7.901807e+00    4.729409e-03
7.914021e+00    4.797346e-03
7.926233e+00    4.862262e-03
7.938447e+00    4.924210e-03
7.950659e+00    4.983232e-03
7.962873e+00    5.039409e-03
7.975085e+00    5.092774e-03
7.987298e+00    5.143385e-03
7.999511e+00    5.191293e-03
8.011724e+00    5.236579e-03
8.023937e+00    5.279281e-03
8.036150e+00    5.319463e-03
8.048364e+00    5.357184e-03
8.060576e+00    5.392507e-03
8.072789e+00    5.425488e-03
8.085002e+00    5.456189e-03
8.097216e+00    5.484674e-03
8.109428e+00    5.510990e-03
8.121641e+00    5.535212e-03
8.133854e+00    5.557392e-03
8.146068e+00    5.577598e-03
8.158280e+00    5.595879e-03
8.170493e+00    5.612303e-03
8.182706e+00    5.626921e-03
8.194920e+00    5.639805e-03
8.207132e+00    5.651000e-03
8.219345e+00    5.660569e-03
8.231558e+00    5.668569e-03
8.243772e+00    5.675054e-03
8.255984e+00    5.680082e-03
8.268197e+00    5.683708e-03
8.280410e+00    5.685989e-03
8.292624e+00    5.686969e-03
8.304836e+00    5.686704e-03
8.317049e+00    5.685249e-03
8.329262e+00    5.682649e-03
8.341475e+00    5.678956e-03
8.353688e+00    5.674217e-03
8.365901e+00    5.668477e-03
8.378115e+00    5.661785e-03
8.390327e+00    5.654175e-03
8.402540e+00    5.645704e-03
8.414753e+00    5.636403e-03
8.426967e+00    5.626316e-03
8.439179e+00    5.615480e-03
8.451392e+00    5.603935e-03
8.463605e+00    5.591712e-03
8.475819e+00    5.578846e-03
8.488031e+00    5.565379e-03
8.500244e+00    5.551331e-03
8.512457e+00    5.536739e-03
8.524671e+00    5.521621e-03
8.536883e+00    5.506024e-03
8.549096e+00    5.489953e-03
8.561309e+00    5.473444e-03
8.573523e+00    5.456515e-03
8.585735e+00    5.439186e-03
8.597948e+00    5.421493e-03
8.610161e+00    5.403414e-03
8.622375e+00    5.385002e-03
8.634587e+00    5.366261e-03
8.646800e+00    5.347203e-03
8.659013e+00    5.327843e-03
8.671227e+00    5.308189e-03
8.683439e+00    5.288250e-03
8.695652e+00    5.268035e-03
8.707865e+00    5.247557e-03
8.720078e+00    5.226807e-03
8.732291e+00    5.205797e-03
8.744504e+00    5.184534e-03
8.756717e+00    5.163014e-03
8.768930e+00    5.141235e-03
8.781143e+00    5.119200e-03
8.793356e+00    5.096908e-03
8.805569e+00    5.074350e-03
8.817782e+00    5.051522e-03
8.829995e+00    5.028423e-03
8.842208e+00    5.005050e-03
8.854421e+00    4.981386e-03
8.866634e+00    4.957427e-03
8.878847e+00    4.933166e-03
8.891060e+00    4.908592e-03
8.903273e+00    4.883684e-03
8.915486e+00    4.858452e-03
8.927699e+00    4.832866e-03
8.939912e+00    4.806917e-03
8.952125e+00    4.780591e-03
8.964338e+00    4.753882e-03
8.976551e+00    4.726765e-03
8.988764e+00    4.699228e-03
9.000977e+00    4.671270e-03
9.013190e+00    4.642840e-03
9.025403e+00    4.613962e-03
9.037616e+00    4.584593e-03
9.049829e+00    4.554733e-03
9.062042e+00    4.524346e-03
9.074255e+00    4.493436e-03
9.086468e+00    4.461974e-03
9.098680e+00    4.429932e-03
9.110894e+00    4.397333e-03
9.123107e+00    4.364120e-03
9.135320e+00    4.330295e-03
9.147532e+00    4.295836e-03
9.159746e+00    4.260725e-03
9.171959e+00    4.224954e-03
9.184172e+00    4.188503e-03
9.196384e+00    4.151355e-03
9.208598e+00    4.113491e-03
9.220811e+00    4.074904e-03
9.233024e+00    4.035580e-03
9.245236e+00    3.995506e-03
9.257450e+00    3.954662e-03
9.269663e+00    3.913042e-03
9.281876e+00    3.870633e-03
9.294088e+00    3.827422e-03
9.306302e+00    3.783401e-03
9.318515e+00    3.738564e-03
9.330728e+00    3.692895e-03
9.342940e+00    3.646388e-03
9.355154e+00    3.599033e-03
9.367367e+00    3.550835e-03
9.379580e+00    3.501778e-03
9.391793e+00    3.451856e-03
9.404006e+00    3.401074e-03
9.416219e+00    3.349429e-03
9.428432e+00    3.296913e-03
9.440645e+00    3.243522e-03
9.452858e+00    3.189268e-03
9.465071e+00    3.134148e-03
9.477283e+00    3.078162e-03
9.489497e+00    3.021315e-03
9.501710e+00    2.963606e-03
9.513923e+00    2.905047e-03
9.526135e+00    2.845642e-03
9.538349e+00    2.785397e-03
9.550562e+00    2.724332e-03
9.562775e+00    2.662442e-03
9.574987e+00    2.599738e-03
9.587201e+00    2.536243e-03
9.599414e+00    2.471979e-03
9.611627e+00    2.406920e-03
9.623839e+00    2.341124e-03
9.636053e+00    2.274578e-03
9.648266e+00    2.207316e-03
9.660479e+00    2.139358e-03
9.672691e+00    2.070709e-03
9.684905e+00    2.001394e-03
9.697118e+00    1.931443e-03
9.709331e+00    1.860869e-03
9.721543e+00    1.789703e-03
9.733757e+00    1.717953e-03
9.745970e+00    1.645668e-03
9.758183e+00    1.572854e-03
9.770395e+00    1.499551e-03
9.782609e+00    1.425768e-03
9.794822e+00    1.351558e-03
9.807034e+00    1.276930e-03
9.819247e+00    1.201923e-03
9.831461e+00    1.126563e-03
9.843674e+00    1.050885e-03
9.855886e+00    9.749256e-04
9.868099e+00    8.987105e-04
9.880313e+00    8.222687e-04
9.892526e+00    7.456479e-04
9.904738e+00    6.688766e-04
9.916951e+00    5.919774e-04
9.929165e+00    5.149929e-04
9.941378e+00    4.379647e-04
9.953590e+00    3.609306e-04
9.965803e+00    2.839181e-04
9.978017e+00    2.069604e-04
9.990230e+00    1.301066e-04
1.000244e+01    5.339204e-05
1.001466e+01    -2.315116e-05
1.002687e+01    -9.949450e-05
1.003908e+01    -1.755813e-04
1.005129e+01    -2.513847e-04
1.006351e+01    -3.268635e-04
1.007572e+01    -4.019861e-04
1.008793e+01    -4.767103e-04
1.010015e+01    -5.510136e-04
1.011236e+01    -6.248041e-04
1.012457e+01    -6.981191e-04
1.013679e+01    -7.708722e-04
1.014900e+01    -8.430490e-04
1.016121e+01    -9.146013e-04
1.017342e+01    -9.855051e-04
1.018564e+01    -1.055713e-03
1.019785e+01    -1.125201e-03
1.021006e+01    -1.193911e-03
1.022228e+01    -1.261842e-03
1.023449e+01    -1.328936e-03
1.024670e+01    -1.395169e-03
1.025891e+01    -1.460505e-03
1.027113e+01    -1.524921e-03
1.028334e+01    -1.588369e-03
1.029555e+01    -1.650834e-03
1.030777e+01    -1.712284e-03
1.031998e+01    -1.772674e-03
1.033219e+01    -1.831999e-03
1.034441e+01    -1.890213e-03
1.035662e+01    -1.947296e-03
1.036883e+01    -2.003228e-03
1.038105e+01    -2.057971e-03
1.039326e+01    -2.111516e-03
1.040547e+01    -2.163822e-03
1.041768e+01    -2.214890e-03
1.042990e+01    -2.264677e-03
1.044211e+01    -2.313174e-03
1.045432e+01    -2.360363e-03
1.046654e+01    -2.406217e-03
1.047875e+01    -2.450725e-03
1.049096e+01    -2.493870e-03
1.050318e+01    -2.535640e-03
1.051539e+01    -2.576024e-03
1.052760e+01    -2.614995e-03
1.053981e+01    -2.652555e-03
1.055203e+01    -2.688691e-03
1.056424e+01    -2.723390e-03
1.057645e+01    -2.756641e-03
1.058867e+01    -2.788443e-03
1.060088e+01    -2.818790e-03
1.061309e+01    -2.847682e-03
1.062531e+01    -2.875102e-03
1.063752e+01    -2.901061e-03
1.064973e+01    -2.925546e-03
1.066194e+01    -2.948562e-03
1.067416e+01    -2.970111e-03
1.068637e+01    -2.990198e-03
1.069858e+01    -3.008824e-03
1.071080e+01    -3.025979e-03
1.072301e+01    -3.041695e-03
1.073522e+01    -3.055959e-03
1.074744e+01    -3.068785e-03
1.075965e+01    -3.080184e-03
1.077186e+01    -3.090160e-03
1.078407e+01    -3.098728e-03
1.079629e+01    -3.105892e-03
1.080850e+01    -3.111684e-03
1.082071e+01    -3.116096e-03
1.083293e+01    -3.119157e-03
1.084514e+01    -3.120877e-03
1.085735e+01    -3.121268e-03
1.086957e+01    -3.120358e-03
1.088178e+01    -3.118159e-03
1.089399e+01    -3.114690e-03
1.090620e+01    -3.109975e-03
1.091842e+01    -3.104029e-03
1.093063e+01    -3.096879e-03
1.094284e+01    -3.088544e-03
1.095506e+01    -3.079050e-03
1.096727e+01    -3.068424e-03
1.097948e+01    -3.056676e-03
1.099170e+01    -3.043841e-03
1.100391e+01    -3.029956e-03
1.101612e+01    -3.015026e-03
1.102833e+01    -2.999094e-03
1.104055e+01    -2.982180e-03
1.105276e+01    -2.964308e-03
1.106497e+01    -2.945517e-03
1.107719e+01    -2.925829e-03
1.108940e+01    -2.905271e-03
1.110161e+01    -2.883879e-03
1.111382e+01    -2.861674e-03
1.112604e+01    -2.838696e-03
1.113825e+01    -2.814965e-03
1.115046e+01    -2.790523e-03
1.116268e+01    -2.765393e-03
1.117489e+01    -2.739602e-03
1.118710e+01    -2.713191e-03
1.119932e+01    -2.686183e-03
1.121153e+01    -2.658620e-03
1.122374e+01    -2.630516e-03
1.123596e+01    -2.601913e-03
1.124817e+01    -2.572844e-03
1.126038e+01    -2.543336e-03
1.127259e+01    -2.513415e-03
1.128481e+01    -2.483117e-03
1.129702e+01    -2.452481e-03
1.130923e+01    -2.421514e-03
1.132145e+01    -2.390271e-03
1.133366e+01    -2.358762e-03
1.134587e+01    -2.327030e-03
1.135808e+01    -2.295102e-03
1.137030e+01    -2.263005e-03
1.138251e+01    -2.230761e-03
1.139472e+01    -2.198407e-03
1.140694e+01    -2.165966e-03
1.141915e+01    -2.133470e-03
1.143136e+01    -2.100941e-03
1.144358e+01    -2.068406e-03
1.145579e+01    -2.035890e-03
1.146800e+01    -2.003419e-03
1.148022e+01    -1.971019e-03
1.149243e+01    -1.938715e-03
1.150464e+01    -1.906527e-03
1.151685e+01    -1.874475e-03
1.152907e+01    -1.842594e-03
1.154128e+01    -1.810894e-03
1.155349e+01    -1.779397e-03
1.156571e+01    -1.748127e-03
1.157792e+01    -1.717098e-03
1.159013e+01    -1.686335e-03
1.160234e+01    -1.655853e-03
1.161456e+01    -1.625671e-03
1.162677e+01    -1.595801e-03
1.163898e+01    -1.566267e-03
1.165120e+01    -1.537075e-03
1.166341e+01    -1.508249e-03
1.167562e+01    -1.479797e-03
1.168784e+01    -1.451736e-03
1.170005e+01    -1.424064e-03
1.171226e+01    -1.396815e-03
1.172447e+01    -1.369978e-03
1.173669e+01    -1.343583e-03
1.174890e+01    -1.317626e-03
1.176111e+01    -1.292112e-03
1.177333e+01    -1.267062e-03
1.178554e+01    -1.242473e-03
1.179775e+01    -1.218345e-03
1.180997e+01    -1.194711e-03
1.182218e+01    -1.171541e-03
1.183439e+01    -1.148863e-03
1.184660e+01    -1.126669e-03
1.185882e+01    -1.104964e-03
1.187103e+01    -1.083744e-03
1.188324e+01    -1.063025e-03
1.189546e+01    -1.042794e-03
1.190767e+01    -1.023053e-03
1.191988e+01    -1.003805e-03
1.193210e+01    -9.850463e-04
1.194431e+01    -9.667720e-04
1.195652e+01    -9.489803e-04
1.196873e+01    -9.316701e-04
1.198095e+01    -9.148386e-04
1.199316e+01    -8.984724e-04
1.200537e+01    -8.825800e-04
1.201759e+01    -8.671493e-04
1.202980e+01    -8.521596e-04
1.204201e+01    -8.376276e-04
1.205423e+01    -8.235320e-04
1.206644e+01    -8.098730e-04
1.207865e+01    -7.966296e-04
1.209086e+01    -7.838069e-04
1.210308e+01    -7.713756e-04
1.211529e+01    -7.593675e-04
1.212750e+01    -7.477369e-04
1.213972e+01    -7.364806e-04
1.215193e+01    -7.255886e-04
1.216414e+01    -7.150566e-04
1.217636e+01    -7.048671e-04
1.218857e+01    -6.950102e-04
1.220078e+01    -6.854787e-04
1.221299e+01    -6.762565e-04
1.222521e+01    -6.673310e-04
1.223742e+01    -6.586938e-04
1.224963e+01    -6.503329e-04
1.226185e+01    -6.422302e-04
1.227406e+01    -6.343777e-04
1.228627e+01    -6.267627e-04
1.229849e+01    -6.193754e-04
1.231070e+01    -6.121933e-04
1.232291e+01    -6.052162e-04
1.233512e+01    -5.984239e-04
1.234734e+01    -5.918019e-04
1.235955e+01    -5.853490e-04
1.237176e+01    -5.790416e-04
1.238398e+01    -5.728703e-04
1.239619e+01    -5.668236e-04
1.240840e+01    -5.608886e-04
1.242062e+01    -5.550550e-04
1.243283e+01    -5.493041e-04
1.244504e+01    -5.436405e-04
1.245725e+01    -5.380351e-04
1.246947e+01    -5.324852e-04
1.248168e+01    -5.269765e-04
1.249389e+01    -5.215008e-04
1.250611e+01    -5.160450e-04
1.251832e+01    -5.105988e-04
1.253053e+01    -5.051546e-04
1.254275e+01    -4.997050e-04
1.255496e+01    -4.942325e-04
1.256717e+01    -4.887338e-04
1.257938e+01    -4.831964e-04
1.259160e+01    -4.776184e-04
1.260381e+01    -4.719925e-04
1.261602e+01    -4.662892e-04
1.262824e+01    -4.605260e-04
1.264045e+01    -4.546892e-04
1.265266e+01    -4.487701e-04
1.266488e+01    -4.427618e-04
1.267709e+01    -4.366597e-04
1.268930e+01    -4.304645e-04
1.270151e+01    -4.241605e-04
1.271373e+01    -4.177395e-04
1.272594e+01    -4.112149e-04
1.273815e+01    -4.045679e-04
1.275037e+01    -3.977980e-04
1.276258e+01    -3.909152e-04
1.277479e+01    -3.839020e-04
1.278701e+01    -3.767583e-04
1.279922e+01    -3.694810e-04
1.281143e+01    -3.620797e-04
1.282364e+01    -3.545410e-04
1.283586e+01    -3.468747e-04
1.284807e+01    -3.390683e-04
1.286028e+01    -3.311360e-04
1.287250e+01    -3.230665e-04
1.288471e+01    -3.148659e-04
1.289692e+01    -3.065399e-04
1.290914e+01    -2.980790e-04
1.292135e+01    -2.895070e-04
1.293356e+01    -2.808033e-04
1.294577e+01    -2.719831e-04
1.295799e+01    -2.630400e-04
1.297020e+01    -2.539856e-04
1.298241e+01    -2.448281e-04
1.299463e+01    -2.355589e-04
1.300684e+01    -2.261935e-04
1.301905e+01    -2.167337e-04
1.303127e+01    -2.071836e-04
1.304348e+01    -1.975481e-04
1.305569e+01    -1.878350e-04
1.306790e+01    -1.780476e-04
1.308012e+01    -1.681935e-04
1.309233e+01    -1.582788e-04
1.310454e+01    -1.483100e-04
1.311676e+01    -1.382972e-04
1.312897e+01    -1.282391e-04
1.314118e+01    -1.181569e-04
1.315340e+01    -1.080433e-04
1.316561e+01    -9.791208e-05
1.317782e+01    -8.777651e-05
1.319003e+01    -7.763250e-05
1.320225e+01    -6.750599e-05
1.321446e+01    -5.737231e-05
1.322667e+01    -4.727079e-05
1.323889e+01    -3.719889e-05
1.325110e+01    -2.716729e-05
1.326331e+01    -1.717730e-05
1.327553e+01    -7.240111e-06
1.328774e+01    2.632194e-06
1.329995e+01    1.243170e-05
1.331216e+01    2.216254e-05
1.332438e+01    3.180243e-05
1.333659e+01    4.134357e-05
1.334880e+01    5.078820e-05
1.336102e+01    6.011956e-05
1.337323e+01    6.933588e-05
1.338544e+01    7.842348e-05
1.339766e+01    8.738232e-05
1.340987e+01    9.620999e-05
1.342208e+01    1.048737e-04
1.343429e+01    1.133895e-04
1.344651e+01    1.217446e-04
1.345872e+01    1.299326e-04
1.347093e+01    1.379472e-04
1.348315e+01    1.457789e-04
1.349536e+01    1.534266e-04
1.350757e+01    1.608828e-04
1.351978e+01    1.681469e-04
1.353200e+01    1.751942e-04
1.354421e+01    1.820510e-04
1.355642e+01    1.886809e-04
1.356864e+01    1.951000e-04
1.358085e+01    2.012928e-04
1.359306e+01    2.072645e-04
1.360528e+01    2.130070e-04
1.361749e+01    2.185207e-04
1.362970e+01    2.237937e-04
1.364192e+01    2.288336e-04
1.365413e+01    2.336332e-04
1.366634e+01    2.381875e-04
1.367855e+01    2.424973e-04
1.369077e+01    2.465687e-04
1.370298e+01    2.503906e-04
1.371519e+01    2.539598e-04
1.372741e+01    2.572801e-04
1.373962e+01    2.603622e-04
1.375183e+01    2.631902e-04
1.376404e+01    2.657796e-04
1.377626e+01    2.681157e-04
1.378847e+01    2.702088e-04
1.380068e+01    2.720620e-04
1.381290e+01    2.736716e-04
1.382511e+01    2.750438e-04
1.383732e+01    2.761814e-04
1.384954e+01    2.770833e-04
1.386175e+01    2.777617e-04
1.387396e+01    2.782083e-04
1.388618e+01    2.784308e-04
1.389839e+01    2.784418e-04
1.391060e+01    2.782371e-04
1.392281e+01    2.778242e-04
1.393503e+01    2.772068e-04
1.394724e+01    2.763885e-04
1.395945e+01    2.753827e-04
1.397167e+01    2.741856e-04
1.398388e+01    2.728082e-04
1.399609e+01    2.712557e-04
1.400830e+01    2.695395e-04
1.402052e+01    2.676574e-04
1.403273e+01    2.656258e-04
1.404494e+01    2.634442e-04
1.405716e+01    2.611229e-04
1.406937e+01    2.586706e-04
1.408158e+01    2.560956e-04
1.409380e+01    2.534001e-04
1.410601e+01    2.506112e-04
1.411822e+01    2.477012e-04
1.413043e+01    2.447114e-04
1.414265e+01    2.416362e-04
1.415486e+01    2.384876e-04
1.416707e+01    2.352745e-04
1.417929e+01    2.320027e-04
1.419150e+01    2.286875e-04
1.420371e+01    2.253232e-04
1.421593e+01    2.219334e-04
1.422814e+01    2.185245e-04
1.424035e+01    2.150975e-04
1.425256e+01    2.116721e-04
1.426478e+01    2.082467e-04
1.427699e+01    2.048401e-04
1.428920e+01    2.014574e-04
1.430142e+01    1.980995e-04
1.431363e+01    1.947899e-04
1.432584e+01    1.915311e-04
1.433806e+01    1.883222e-04
1.435027e+01    1.851823e-04
1.436248e+01    1.821173e-04
1.437469e+01    1.791398e-04
1.438691e+01    1.762498e-04
1.439912e+01    1.734604e-04
1.441133e+01    1.707726e-04
1.442355e+01    1.682028e-04
1.443576e+01    1.657555e-04
1.444797e+01    1.634378e-04
1.446019e+01    1.612543e-04
1.447240e+01    1.592148e-04
1.448461e+01    1.573261e-04
1.449682e+01    1.555963e-04
1.450904e+01    1.540257e-04
1.452125e+01    1.526211e-04
1.453346e+01    1.513914e-04
1.454568e+01    1.503486e-04
1.455789e+01    1.494835e-04
1.457010e+01    1.488043e-04
1.458232e+01    1.483290e-04
1.459453e+01    1.480443e-04
1.460674e+01    1.479644e-04
1.461895e+01    1.480932e-04
1.463117e+01    1.484259e-04
1.464338e+01    1.489756e-04
1.465559e+01    1.497355e-04
1.466781e+01    1.507195e-04
1.468002e+01    1.519154e-04
1.469223e+01    1.533434e-04
1.470445e+01    1.549837e-04
1.471666e+01    1.568460e-04
1.472887e+01    1.589399e-04
1.474109e+01    1.612572e-04
1.475330e+01    1.637976e-04
1.476551e+01    1.665653e-04
1.477772e+01    1.695551e-04
1.478994e+01    1.727659e-04
1.480215e+01    1.762027e-04
1.481436e+01    1.798563e-04
1.482658e+01    1.837321e-04
1.483879e+01    1.878186e-04
1.485100e+01    1.921237e-04
1.486321e+01    1.966319e-04
1.487543e+01    2.013526e-04
1.488764e+01    2.062709e-04
1.489985e+01    2.113949e-04
1.491207e+01    2.167149e-04
1.492428e+01    2.222184e-04
1.493649e+01    2.279085e-04
1.494871e+01    2.337848e-04
1.496092e+01    2.398284e-04
1.497313e+01    2.460480e-04
1.498534e+01    2.524285e-04
1.499756e+01    2.589646e-04
1.500977e+01    2.656547e-04
1.502198e+01    2.724896e-04
1.503420e+01    2.794582e-04
1.504641e+01    2.865571e-04
1.505862e+01    2.937775e-04
1.507084e+01    3.011132e-04
1.508305e+01    3.085570e-04
1.509526e+01    3.160976e-04
1.510747e+01    3.237345e-04
1.511969e+01    3.314439e-04
1.513190e+01    3.392277e-04
1.514411e+01    3.470810e-04
1.515633e+01    3.549849e-04
1.516854e+01    3.629453e-04
1.518075e+01    3.709355e-04
1.519297e+01    3.789557e-04
1.520518e+01    3.869919e-04
1.521739e+01    3.950401e-04
1.522960e+01    4.030899e-04
1.524182e+01    4.111294e-04
1.525403e+01    4.191478e-04
1.526624e+01    4.271391e-04
1.527846e+01    4.350919e-04
1.529067e+01    4.429986e-04
1.530288e+01    4.508477e-04
1.531509e+01    4.586221e-04
1.532731e+01    4.663302e-04
1.533952e+01    4.739442e-04
1.535173e+01    4.814663e-04
1.536395e+01    4.888780e-04
1.537616e+01    4.961764e-04
1.538837e+01    5.033530e-04
1.540059e+01    5.103923e-04
1.541280e+01    5.172975e-04
1.542501e+01    5.240373e-04
1.543723e+01    5.306215e-04
1.544944e+01    5.370420e-04
1.546165e+01    5.432746e-04
1.547386e+01    5.493231e-04
1.548608e+01    5.551809e-04
1.549829e+01    5.608429e-04
1.551050e+01    5.662719e-04
1.552272e+01    5.714966e-04
1.553493e+01    5.764910e-04
1.554714e+01    5.812541e-04
1.555935e+01    5.857729e-04
1.557157e+01    5.900481e-04
1.558378e+01    5.940642e-04
1.559599e+01    5.978279e-04
1.560821e+01    6.013172e-04
1.562042e+01    6.045345e-04
1.563263e+01    6.074799e-04
1.564485e+01    6.101367e-04
1.565706e+01    6.125057e-04
1.566927e+01    6.145808e-04
1.568149e+01    6.163565e-04
1.569370e+01    6.178276e-04
1.570591e+01    6.190047e-04
1.571812e+01    6.198590e-04
1.573034e+01    6.204137e-04
1.574255e+01    6.206462e-04
1.575476e+01    6.205632e-04
1.576698e+01    6.201593e-04
1.577919e+01    6.194300e-04
1.579140e+01    6.183785e-04
1.580362e+01    6.170014e-04
1.581583e+01    6.153008e-04
1.582804e+01    6.132728e-04
1.584025e+01    6.109199e-04
1.585247e+01    6.082335e-04
1.586468e+01    6.052251e-04
1.587689e+01    6.018867e-04
1.588911e+01    5.982238e-04
1.590132e+01    5.942424e-04
1.591353e+01    5.899363e-04
1.592575e+01    5.853085e-04
1.593796e+01    5.803665e-04
1.595017e+01    5.751025e-04
1.596238e+01    5.695346e-04
1.597460e+01    5.636521e-04
1.598681e+01    5.574627e-04
1.599902e+01    5.509760e-04
1.601124e+01    5.441867e-04
1.602345e+01    5.371053e-04
1.603566e+01    5.297321e-04
1.604787e+01    5.220808e-04
1.606009e+01    5.141504e-04
1.607230e+01    5.059424e-04
1.608451e+01    4.974658e-04
1.609673e+01    4.887286e-04
1.610894e+01    4.797347e-04
1.612115e+01    4.704974e-04
1.613337e+01    4.610136e-04
1.614558e+01    4.512968e-04
1.615779e+01    4.413480e-04
1.617001e+01    4.311776e-04
1.618222e+01    4.207917e-04
1.619443e+01    4.101991e-04
1.620664e+01    3.994154e-04
1.621886e+01    3.884357e-04
1.623107e+01    3.772739e-04
1.624328e+01    3.659358e-04
1.625550e+01    3.544343e-04
1.626771e+01    3.427723e-04
1.627992e+01    3.309658e-04
1.629214e+01    3.190166e-04
1.630435e+01    3.069294e-04
1.631656e+01    2.947335e-04
1.632877e+01    2.824184e-04
1.634099e+01    2.699967e-04
1.635320e+01    2.574782e-04
1.636541e+01    2.448793e-04
1.637763e+01    2.321968e-04
1.638984e+01    2.194579e-04
1.640205e+01    2.066449e-04
1.641426e+01    1.937933e-04
1.642648e+01    1.809000e-04
1.643869e+01    1.679745e-04
1.645090e+01    1.550278e-04
1.646312e+01    1.420677e-04
1.647533e+01    1.291026e-04
1.648754e+01    1.161453e-04
1.649976e+01    1.032021e-04
1.651197e+01    9.028106e-05
1.652418e+01    7.739179e-05
1.653639e+01    6.454255e-05
1.654861e+01    5.174773e-05
1.656082e+01    3.900419e-05
1.657303e+01    2.633128e-05
1.658525e+01    1.373154e-05
1.659746e+01    1.223088e-06
1.660967e+01    -1.121086e-05
1.662189e+01    -2.353053e-05
1.663410e+01    -3.575513e-05
1.664631e+01    -4.785787e-05
1.665853e+01    -5.984530e-05
1.667074e+01    -7.170608e-05
1.668295e+01    -8.342878e-05
1.669516e+01    -9.500524e-05
1.670738e+01    -1.064389e-04
1.671959e+01    -1.177165e-04
1.673180e+01    -1.288272e-04
1.674402e+01    -1.397761e-04
1.675623e+01    -1.505532e-04
1.676844e+01    -1.611526e-04
1.678065e+01    -1.715642e-04
1.679287e+01    -1.817881e-04
1.680508e+01    -1.918236e-04
1.681729e+01    -2.016459e-04
1.682951e+01    -2.112756e-04
1.684172e+01    -2.206960e-04
1.685393e+01    -2.299069e-04
1.686615e+01    -2.389043e-04
1.687836e+01    -2.476809e-04
1.689057e+01    -2.562375e-04
1.690278e+01    -2.645701e-04
1.691500e+01    -2.726756e-04
1.692721e+01    -2.805532e-04
1.693942e+01    -2.882023e-04
1.695164e+01    -2.956129e-04
1.696385e+01    -3.027865e-04
1.697606e+01    -3.097284e-04
1.698828e+01    -3.164315e-04
1.700049e+01    -3.228932e-04
1.701270e+01    -3.291198e-04
1.702491e+01    -3.351035e-04
1.703713e+01    -3.408468e-04
1.704934e+01    -3.463505e-04
1.706155e+01    -3.516152e-04
1.707377e+01    -3.566376e-04
1.708598e+01    -3.614243e-04
1.709819e+01    -3.659797e-04
1.711040e+01    -3.702691e-04
1.712262e+01    -3.743533e-04
1.713483e+01    -3.781956e-04
1.714705e+01    -3.818038e-04
1.715926e+01    -3.851774e-04
1.717147e+01    -3.883255e-04
1.718368e+01    -3.912504e-04
1.719590e+01    -3.939560e-04
1.720811e+01    -3.964265e-04
1.722032e+01    -3.986825e-04
1.723254e+01    -4.007258e-04
1.724475e+01    -4.025541e-04
1.725696e+01    -4.041769e-04
1.726917e+01    -4.055941e-04
1.728139e+01    -4.068051e-04
1.729360e+01    -4.078254e-04
1.730581e+01    -4.086365e-04
1.731803e+01    -4.092744e-04
1.733024e+01    -4.097172e-04
1.734245e+01    -4.099786e-04
1.735467e+01    -4.100631e-04
1.736688e+01    -4.099733e-04
1.737909e+01    -4.097108e-04
1.739130e+01    -4.092834e-04
1.740352e+01    -4.086901e-04
1.741573e+01    -4.079558e-04
1.742794e+01    -4.070608e-04
1.744016e+01    -4.060196e-04
1.745237e+01    -4.048384e-04
1.746458e+01    -4.035211e-04
1.747680e+01    -4.020684e-04
1.748901e+01    -4.004900e-04
1.750122e+01    -3.987929e-04
1.751343e+01    -3.969703e-04
1.752565e+01    -3.950354e-04
1.753786e+01    -3.929977e-04
1.755007e+01    -3.908547e-04
1.756229e+01    -3.886088e-04
1.757450e+01    -3.862713e-04
1.758671e+01    -3.838457e-04
1.759892e+01    -3.813454e-04
1.761114e+01    -3.787488e-04
1.762335e+01    -3.760837e-04
1.763556e+01    -3.733524e-04
1.764778e+01    -3.705489e-04
1.765999e+01    -3.676838e-04
1.767220e+01    -3.647667e-04
1.768442e+01    -3.617866e-04
1.769663e+01    -3.587569e-04
1.770884e+01    -3.556964e-04
1.772106e+01    -3.525928e-04
1.773327e+01    -3.494356e-04
1.774548e+01    -3.462538e-04
1.775769e+01    -3.430407e-04
1.776991e+01    -3.398031e-04
1.778212e+01    -3.365432e-04
1.779433e+01    -3.332551e-04
1.780655e+01    -3.299654e-04
1.781876e+01    -3.266479e-04
1.783097e+01    -3.233212e-04
1.784319e+01    -3.199921e-04
1.785540e+01    -3.166549e-04
1.786761e+01    -3.133155e-04
1.787982e+01    -3.099713e-04
1.789204e+01    -3.066283e-04
1.790425e+01    -3.032959e-04
1.791646e+01    -2.999703e-04
1.792868e+01    -2.966452e-04
1.794089e+01    -2.933335e-04
1.795310e+01    -2.900293e-04
1.796531e+01    -2.867423e-04
1.797753e+01    -2.834585e-04
1.798974e+01    -2.801992e-04
1.800196e+01    -2.769549e-04
1.801417e+01    -2.737232e-04
1.802638e+01    -2.705088e-04
1.803859e+01    -2.673155e-04
1.805081e+01    -2.641340e-04
1.806302e+01    -2.609799e-04
1.807523e+01    -2.578376e-04
1.808744e+01    -2.547097e-04
1.809966e+01    -2.516110e-04
1.811187e+01    -2.485301e-04
1.812408e+01    -2.454590e-04
1.813630e+01    -2.424096e-04
1.814851e+01    -2.393779e-04
1.816072e+01    -2.363655e-04
1.817294e+01    -2.333643e-04
1.818515e+01    -2.303775e-04
1.819736e+01    -2.274058e-04
1.820958e+01    -2.244520e-04
1.822179e+01    -2.215068e-04
1.823400e+01    -2.185660e-04
1.824621e+01    -2.156396e-04
1.825843e+01    -2.127251e-04
1.827064e+01    -2.098066e-04
1.828285e+01    -2.069009e-04
1.829507e+01    -2.040047e-04
1.830728e+01    -2.010973e-04
1.831949e+01    -1.981891e-04
1.833171e+01    -1.952817e-04
1.834392e+01    -1.923752e-04
1.835613e+01    -1.894574e-04
1.836834e+01    -1.865389e-04
1.838056e+01    -1.836041e-04
1.839277e+01    -1.806585e-04
1.840498e+01    -1.777040e-04
1.841720e+01    -1.747346e-04
1.842941e+01    -1.717437e-04
1.844162e+01    -1.687320e-04
1.845383e+01    -1.657016e-04
1.846605e+01    -1.626498e-04
1.847826e+01    -1.595687e-04
1.849047e+01    -1.564610e-04
1.850269e+01    -1.533360e-04
1.851490e+01    -1.501618e-04
1.852711e+01    -1.469604e-04
1.853933e+01    -1.437246e-04
1.855154e+01    -1.404540e-04
1.856375e+01    -1.371462e-04
1.857596e+01    -1.337979e-04
1.858818e+01    -1.304006e-04
1.860039e+01    -1.269699e-04
1.861260e+01    -1.234906e-04
1.862482e+01    -1.199682e-04
1.863703e+01    -1.163906e-04
1.864924e+01    -1.127751e-04
1.866146e+01    -1.091008e-04
1.867367e+01    -1.053808e-04
1.868588e+01    -1.016051e-04
1.869810e+01    -9.777467e-05
1.871031e+01    -9.389443e-05
1.872252e+01    -8.995843e-05
1.873473e+01    -8.596131e-05
1.874695e+01    -8.191518e-05
1.875916e+01    -7.781060e-05
1.877137e+01    -7.364689e-05
1.878359e+01    -6.943173e-05
1.879580e+01    -6.515370e-05
1.880801e+01    -6.082142e-05
1.882022e+01    -5.643652e-05
1.883244e+01    -5.198386e-05
1.884465e+01    -4.748139e-05
1.885686e+01    -4.292163e-05
1.886908e+01    -3.830856e-05
1.888129e+01    -3.364054e-05
1.889350e+01    -2.891477e-05
1.890572e+01    -2.413709e-05
1.891793e+01    -1.931377e-05
1.893014e+01    -1.443597e-05
1.894235e+01    -9.506708e-06
1.895457e+01    -4.532980e-06
1.896678e+01    4.924368e-07
1.897899e+01    5.556503e-06
1.899121e+01    1.066434e-05
1.900342e+01    1.581712e-05
1.901563e+01    2.099969e-05
1.902785e+01    2.622837e-05
1.904006e+01    3.148522e-05
1.905227e+01    3.677397e-05
1.906449e+01    4.209601e-05
1.907670e+01    4.743855e-05
1.908891e+01    5.281297e-05
1.910112e+01    5.819881e-05
1.911334e+01    6.361096e-05
1.912555e+01    6.903522e-05
1.913776e+01    7.447565e-05
1.914997e+01    7.992028e-05
1.916219e+01    8.537085e-05
1.917440e+01    9.082758e-05
1.918661e+01    9.627896e-05
1.919883e+01    1.017250e-04
1.921104e+01    1.071644e-04
1.922325e+01    1.125943e-04
1.923547e+01    1.180036e-04
1.924768e+01    1.233971e-04
1.925989e+01    1.287677e-04
1.927211e+01    1.341087e-04
1.928432e+01    1.394242e-04
1.929653e+01    1.447019e-04
1.930874e+01    1.499379e-04
1.932096e+01    1.551282e-04
1.933317e+01    1.602770e-04
1.934538e+01    1.653711e-04
1.935760e+01    1.704106e-04
1.936981e+01    1.753928e-04
1.938202e+01    1.803081e-04
1.939424e+01    1.851544e-04
1.940645e+01    1.899370e-04
1.941866e+01    1.946351e-04
1.943087e+01    1.992595e-04
1.944309e+01    2.038012e-04
1.945530e+01    2.082476e-04
1.946751e+01    2.126012e-04
1.947973e+01    2.168687e-04
1.949194e+01    2.210257e-04
1.950415e+01    2.250877e-04
1.951637e+01    2.290317e-04
1.952858e+01    2.328692e-04
1.954079e+01    2.365913e-04
1.955301e+01    2.401971e-04
1.956522e+01    2.436826e-04
1.957743e+01    2.470331e-04
1.958964e+01    2.502599e-04
1.960186e+01    2.533483e-04
1.961407e+01    2.563002e-04
1.962628e+01    2.591232e-04
1.963849e+01    2.617968e-04
1.965071e+01    2.643290e-04
1.966292e+01    2.667101e-04
1.967513e+01    2.689396e-04
1.968735e+01    2.710202e-04
1.969956e+01    2.729302e-04
1.971177e+01    2.746956e-04
1.972399e+01    2.762988e-04
1.973620e+01    2.777332e-04
1.974841e+01    2.790105e-04
1.976063e+01    2.801124e-04
1.977284e+01    2.810501e-04
1.978505e+01    2.818147e-04
1.979726e+01    2.824166e-04
1.980948e+01    2.828331e-04
1.982169e+01    2.830763e-04
1.983390e+01    2.831513e-04
1.984612e+01    2.830441e-04
1.985833e+01    2.827658e-04
1.987054e+01    2.823052e-04
1.988276e+01    2.816687e-04
1.989497e+01    2.808582e-04
1.990718e+01    2.798548e-04
1.991939e+01    2.786788e-04
1.993161e+01    2.773312e-04
1.994382e+01    2.758026e-04
1.995603e+01    2.740941e-04
1.996825e+01    2.722057e-04
1.998046e+01    2.701473e-04
1.999267e+01    2.679091e-04
2.000488e+01    2.654941e-04
2.001710e+01    2.629129e-04
2.002931e+01    2.601610e-04
2.004152e+01    2.572312e-04
2.005374e+01    2.541384e-04
2.006595e+01    2.508793e-04
2.007816e+01    2.474537e-04
2.009038e+01    2.438644e-04
2.010259e+01    2.401164e-04
2.011480e+01    2.362147e-04
2.012702e+01    2.321528e-04
2.013923e+01    2.279382e-04
2.015144e+01    2.235770e-04
2.016365e+01    2.190640e-04
2.017587e+01    2.144098e-04
2.018808e+01    2.096228e-04
2.020029e+01    2.046880e-04
2.021251e+01    1.996211e-04
2.022472e+01    1.944282e-04
2.023693e+01    1.891040e-04
2.024915e+01    1.836577e-04
2.026136e+01    1.780958e-04
2.027357e+01    1.724195e-04
2.028578e+01    1.666372e-04
2.029800e+01    1.607336e-04
2.031021e+01    1.547327e-04
2.032242e+01    1.486389e-04
2.033464e+01    1.424489e-04
2.034685e+01    1.361687e-04
2.035906e+01    1.298047e-04
2.037127e+01    1.233622e-04
2.038349e+01    1.168412e-04
2.039570e+01    1.102426e-04
2.040791e+01    1.035963e-04
2.042013e+01    9.687030e-05
2.043234e+01    9.009638e-05
2.044455e+01    8.327447e-05
2.045677e+01    7.639691e-05
2.046898e+01    6.947588e-05
2.048119e+01    6.252693e-05
2.049340e+01    5.554460e-05
2.050562e+01    4.852115e-05
2.051783e+01    4.149793e-05
2.053004e+01    3.444776e-05
2.054226e+01    2.738458e-05
2.055447e+01    2.031249e-05
2.056668e+01    1.324170e-05
2.057890e+01    6.171656e-06
2.059111e+01    -8.854986e-07
2.060332e+01    -7.934126e-06
2.061554e+01    -1.497820e-05
2.062775e+01    -2.198634e-05
2.063996e+01    -2.896841e-05
2.065217e+01    -3.592606e-05
2.066439e+01    -4.284131e-05
2.067660e+01    -4.972488e-05
2.068881e+01    -5.655609e-05
2.070103e+01    -6.333658e-05
2.071324e+01    -7.006939e-05
2.072545e+01    -7.673765e-05
2.073767e+01    -8.334960e-05
2.074988e+01    -8.988524e-05
2.076209e+01    -9.636185e-05
2.077430e+01    -1.027551e-04
2.078652e+01    -1.090779e-04
2.079873e+01    -1.153198e-04
2.081094e+01    -1.214721e-04
2.082316e+01    -1.275288e-04
2.083537e+01    -1.334977e-04
2.084758e+01    -1.393698e-04
2.085979e+01    -1.451430e-04
2.087201e+01    -1.508099e-04
2.088422e+01    -1.563787e-04
2.089643e+01    -1.618264e-04
2.090865e+01    -1.671824e-04
2.092086e+01    -1.724157e-04
2.093307e+01    -1.775285e-04
2.094529e+01    -1.825197e-04
2.095750e+01    -1.874001e-04
2.096971e+01    -1.921497e-04
2.098192e+01    -1.967661e-04
2.099414e+01    -2.012653e-04
2.100635e+01    -2.056330e-04
2.101856e+01    -2.098700e-04
2.103078e+01    -2.139726e-04
2.104299e+01    -2.179465e-04
2.105520e+01    -2.217788e-04
2.106742e+01    -2.254756e-04
2.107963e+01    -2.290335e-04
2.109184e+01    -2.324474e-04
2.110406e+01    -2.357296e-04
2.111627e+01    -2.388757e-04
2.112848e+01    -2.418748e-04
2.114069e+01    -2.447302e-04
2.115291e+01    -2.474478e-04
2.116512e+01    -2.500170e-04
2.117733e+01    -2.524575e-04
2.118955e+01    -2.547475e-04
2.120176e+01    -2.568939e-04
2.121397e+01    -2.589048e-04
2.122618e+01    -2.607718e-04
2.123840e+01    -2.624978e-04
2.125061e+01    -2.640873e-04
2.126282e+01    -2.655319e-04
2.127504e+01    -2.668443e-04
2.128725e+01    -2.680162e-04
2.129946e+01    -2.690464e-04
2.131168e+01    -2.699470e-04
2.132389e+01    -2.707102e-04
2.133610e+01    -2.713490e-04
2.134831e+01    -2.718474e-04
2.136053e+01    -2.722180e-04
2.137274e+01    -2.724605e-04
2.138495e+01    -2.725760e-04
2.139717e+01    -2.725673e-04
2.140938e+01    -2.724326e-04
2.142159e+01    -2.721765e-04
2.143381e+01    -2.718054e-04
2.144602e+01    -2.713135e-04
2.145823e+01    -2.707041e-04
2.147044e+01    -2.699844e-04
2.148266e+01    -2.691527e-04
2.149487e+01    -2.682066e-04
2.150708e+01    -2.671538e-04
2.151930e+01    -2.660063e-04
2.153151e+01    -2.647481e-04
2.154372e+01    -2.633876e-04
2.155593e+01    -2.619331e-04
2.156815e+01    -2.603827e-04
2.158036e+01    -2.587399e-04
2.159258e+01    -2.570076e-04
2.160479e+01    -2.551806e-04
2.161700e+01    -2.532685e-04
2.162921e+01    -2.512793e-04
2.164143e+01    -2.492045e-04
2.165364e+01    -2.470547e-04
2.166585e+01    -2.448240e-04
2.167807e+01    -2.425166e-04
2.169028e+01    -2.401471e-04
2.170249e+01    -2.377106e-04
2.171470e+01    -2.351960e-04
2.172692e+01    -2.326183e-04
2.173913e+01    -2.299899e-04
2.175134e+01    -2.272934e-04
2.176356e+01    -2.245462e-04
2.177577e+01    -2.217346e-04
2.178798e+01    -2.188772e-04
2.180020e+01    -2.159650e-04
2.181241e+01    -2.130180e-04
2.182462e+01    -2.100089e-04
2.183683e+01    -2.069611e-04
2.184905e+01    -2.038721e-04
2.186126e+01    -2.007459e-04
2.187347e+01    -1.975785e-04
2.188569e+01    -1.943741e-04
2.189790e+01    -1.911366e-04
2.191011e+01    -1.878650e-04
2.192233e+01    -1.845682e-04
2.193454e+01    -1.812410e-04
2.194675e+01    -1.778826e-04
2.195897e+01    -1.744975e-04
2.197118e+01    -1.710933e-04
2.198339e+01    -1.676619e-04
2.199560e+01    -1.642196e-04
2.200782e+01    -1.607462e-04
2.202003e+01    -1.572535e-04
2.203224e+01    -1.537476e-04
2.204445e+01    -1.502230e-04
2.205667e+01    -1.466849e-04
2.206888e+01    -1.431381e-04
2.208109e+01    -1.395637e-04
2.209331e+01    -1.359921e-04
2.210552e+01    -1.323972e-04
2.211773e+01    -1.288000e-04
2.212995e+01    -1.251830e-04
2.214216e+01    -1.215650e-04
2.215437e+01    -1.179294e-04
2.216659e+01    -1.142947e-04
2.217880e+01    -1.106475e-04
2.219101e+01    -1.069907e-04
2.220322e+01    -1.033326e-04
2.221544e+01    -9.966316e-05
2.222765e+01    -9.598813e-05
2.223986e+01    -9.230528e-05
2.225208e+01    -8.861609e-05
2.226429e+01    -8.491953e-05
2.227650e+01    -8.121964e-05
2.228872e+01    -7.751388e-05
2.230093e+01    -7.380285e-05
2.231314e+01    -7.007498e-05
2.232535e+01    -6.635163e-05
2.233757e+01    -6.261852e-05
2.234978e+01    -5.887786e-05
2.236199e+01    -5.512900e-05
2.237421e+01    -5.136244e-05
2.238642e+01    -4.761084e-05
2.239863e+01    -4.383165e-05
2.241084e+01    -4.005691e-05
2.242306e+01    -3.626625e-05
2.243527e+01    -3.246797e-05
2.244748e+01    -2.865845e-05
2.245970e+01    -2.484414e-05
2.247191e+01    -2.101337e-05
2.248412e+01    -1.717062e-05
2.249634e+01    -1.332170e-05
2.250855e+01    -9.456533e-06
2.252076e+01    -5.580485e-06
2.253297e+01    -1.692184e-06
2.254519e+01    2.215384e-06
2.255740e+01    6.126531e-06
2.256961e+01    1.005642e-05
2.258183e+01    1.399918e-05
2.259404e+01    1.795375e-05
2.260625e+01    2.193096e-05
2.261847e+01    2.592639e-05
2.263068e+01    2.992974e-05
2.264289e+01    3.395567e-05
2.265511e+01    3.799476e-05
2.266732e+01    4.205451e-05
2.267953e+01    4.612352e-05
2.269174e+01    5.021790e-05
2.270396e+01    5.433115e-05
2.271617e+01    5.844899e-05
2.272838e+01    6.259303e-05
2.274060e+01    6.675743e-05
2.275281e+01    7.093512e-05
2.276502e+01    7.513177e-05
2.277724e+01    7.934653e-05
2.278945e+01    8.357974e-05
2.280166e+01    8.782808e-05
2.281387e+01    9.209174e-05
2.282609e+01    9.637163e-05
2.283830e+01    1.006700e-04
2.285051e+01    1.049819e-04
2.286273e+01    1.093078e-04
2.287494e+01    1.136514e-04
2.288715e+01    1.180073e-04
2.289936e+01    1.223796e-04
2.291158e+01    1.267618e-04
2.292379e+01    1.311566e-04
2.293600e+01    1.355611e-04
2.294822e+01    1.399696e-04
2.296043e+01    1.443992e-04
2.297264e+01    1.488273e-04
2.298486e+01    1.532674e-04
2.299707e+01    1.577095e-04
2.300928e+01    1.621592e-04
2.302150e+01    1.666036e-04
2.303371e+01    1.710520e-04
2.304592e+01    1.755023e-04
2.305813e+01    1.799496e-04
2.307035e+01    1.843961e-04
2.308256e+01    1.888318e-04
2.309477e+01    1.932697e-04
2.310699e+01    1.976884e-04
2.311920e+01    2.021031e-04
2.313141e+01    2.064988e-04
2.314363e+01    2.108852e-04
2.315584e+01    2.152527e-04
2.316805e+01    2.196109e-04
2.318026e+01    2.239379e-04
2.319248e+01    2.282426e-04
2.320469e+01    2.325276e-04
2.321690e+01    2.367809e-04
2.322912e+01    2.410033e-04
2.324133e+01    2.451949e-04
2.325354e+01    2.493502e-04
2.326575e+01    2.534706e-04
2.327797e+01    2.575506e-04
2.329018e+01    2.615924e-04
2.330239e+01    2.655794e-04
2.331461e+01    2.695228e-04
2.332682e+01    2.734187e-04
2.333903e+01    2.772620e-04
2.335125e+01    2.810468e-04
2.336346e+01    2.847713e-04
2.337567e+01    2.884415e-04
2.338788e+01    2.920465e-04
2.340010e+01    2.955785e-04
2.341231e+01    2.990474e-04
2.342452e+01    3.024429e-04
2.343674e+01    3.057608e-04
2.344895e+01    3.090046e-04
2.346116e+01    3.121686e-04
2.347338e+01    3.152410e-04
2.348559e+01    3.182354e-04
2.349780e+01    3.211407e-04
2.351002e+01    3.239476e-04
2.352223e+01    3.266690e-04
2.353444e+01    3.292926e-04
2.354665e+01    3.318137e-04
2.355887e+01    3.342315e-04
2.357108e+01    3.365437e-04
2.358329e+01    3.387526e-04
2.359550e+01    3.408452e-04
2.360772e+01    3.428323e-04
2.361993e+01    3.446997e-04
2.363214e+01    3.464526e-04
2.364436e+01    3.480846e-04
2.365657e+01    3.495932e-04
2.366878e+01    3.509786e-04
2.368100e+01    3.522364e-04
2.369321e+01    3.533688e-04
2.370542e+01    3.543643e-04
2.371764e+01    3.552368e-04
2.372985e+01    3.559620e-04
2.374206e+01    3.565620e-04
2.375427e+01    3.570219e-04
2.376649e+01    3.573446e-04
2.377870e+01    3.575110e-04
2.379091e+01    3.575428e-04
2.380313e+01    3.574318e-04
2.381534e+01    3.571737e-04
2.382755e+01    3.567718e-04
2.383977e+01    3.562175e-04
2.385198e+01    3.555192e-04
2.386419e+01    3.546617e-04
2.387640e+01    3.536599e-04
2.388862e+01    3.524980e-04
2.390083e+01    3.511846e-04
2.391304e+01    3.497229e-04
2.392526e+01    3.481044e-04
2.393747e+01    3.463337e-04
2.394968e+01    3.444032e-04
2.396189e+01    3.423193e-04
2.397411e+01    3.400824e-04
2.398632e+01    3.376971e-04
2.399854e+01    3.351413e-04
2.401075e+01    3.324318e-04
2.402296e+01    3.295802e-04
2.403517e+01    3.265691e-04
2.404739e+01    3.234030e-04
2.405960e+01    3.200833e-04
2.407181e+01    3.166128e-04
2.408403e+01    3.129934e-04
2.409624e+01    3.092242e-04
2.410845e+01    3.052989e-04
2.412066e+01    3.012352e-04
2.413288e+01    2.970134e-04
2.414509e+01    2.926519e-04
2.415730e+01    2.881472e-04
2.416952e+01    2.834997e-04
2.418173e+01    2.787108e-04
2.419394e+01    2.737876e-04
2.420616e+01    2.687250e-04
2.421837e+01    2.635269e-04
2.423058e+01    2.581988e-04
2.424279e+01    2.527323e-04
2.425501e+01    2.471487e-04
2.426722e+01    2.414372e-04
2.427943e+01    2.355957e-04
2.429165e+01    2.296361e-04
2.430386e+01    2.235662e-04
2.431607e+01    2.173773e-04
2.432829e+01    2.110692e-04
2.434050e+01    2.046593e-04
2.435271e+01    1.981386e-04
2.436492e+01    1.915188e-04
2.437714e+01    1.847869e-04
2.438935e+01    1.779735e-04
2.440156e+01    1.710593e-04
2.441378e+01    1.640567e-04
2.442599e+01    1.569628e-04
2.443820e+01    1.497913e-04
2.445041e+01    1.425333e-04
2.446263e+01    1.352030e-04
2.447484e+01    1.278022e-04
2.448705e+01    1.203195e-04
2.449927e+01    1.127846e-04
2.451148e+01    1.051712e-04
2.452369e+01    9.752488e-05
2.453591e+01    8.981056e-05
2.454812e+01    8.204585e-05
2.456033e+01    7.423481e-05
2.457255e+01    6.638258e-05
2.458476e+01    5.848892e-05
2.459697e+01    5.056053e-05
2.460918e+01    4.260545e-05
2.462140e+01    3.462266e-05
2.463361e+01    2.661053e-05
2.464582e+01    1.858737e-05
2.465804e+01    1.054158e-05
2.467025e+01    2.486428e-06
2.468246e+01    -5.575028e-06
2.469468e+01    -1.363644e-05
2.470689e+01    -2.169807e-05
2.471910e+01    -2.975967e-05
2.473131e+01    -3.781129e-05
2.474353e+01    -4.585025e-05
2.475574e+01    -5.386937e-05
2.476795e+01    -6.187311e-05
2.478017e+01    -6.985186e-05
2.479238e+01    -7.780052e-05
2.480459e+01    -8.572135e-05
2.481680e+01    -9.360907e-05
2.482902e+01    -1.014476e-04
2.484123e+01    -1.092554e-04
2.485344e+01    -1.170134e-04
2.486566e+01    -1.247217e-04
2.487787e+01    -1.323808e-04
2.489008e+01    -1.399785e-04
2.490230e+01    -1.475211e-04
2.491451e+01    -1.549979e-04
2.492672e+01    -1.624119e-04
2.493893e+01    -1.697511e-04
2.495115e+01    -1.770248e-04
2.496336e+01    -1.842216e-04
2.497557e+01    -1.913427e-04
2.498779e+01    -1.983726e-04
2.500000e+01    -2.053325e-04
