0.000000e+00    -1.537246e+00
1.221299e-02    -1.536217e+00
2.442599e-02    -1.533134e+00
3.663898e-02    -1.528008e+00
4.885198e-02    -1.520857e+00
6.106497e-02    -1.511706e+00
7.327797e-02    -1.500588e+00
8.549096e-02    -1.487543e+00
9.770396e-02    -1.472615e+00
1.099169e-01    -1.455858e+00
1.221299e-01    -1.437330e+00
1.343429e-01    -1.417096e+00
1.465559e-01    -1.395225e+00
1.587689e-01    -1.371793e+00
1.709819e-01    -1.346880e+00
1.831949e-01    -1.320570e+00
1.954079e-01    -1.292952e+00
2.076209e-01    -1.264118e+00
2.198339e-01    -1.234163e+00
2.320469e-01    -1.203187e+00
2.442599e-01    -1.171288e+00
2.564729e-01    -1.138570e+00
2.686859e-01    -1.105136e+00
2.808989e-01    -1.071090e+00
2.931119e-01    -1.036538e+00
3.053249e-01    -1.001585e+00
3.175378e-01    -9.663341e-01
3.297509e-01    -9.308901e-01
3.419639e-01    -8.953550e-01
3.541768e-01    -8.598294e-01
3.663898e-01    -8.244118e-01
3.786028e-01    -7.891983e-01
3.908158e-01    -7.542819e-01
4.030288e-01    -7.197527e-01
4.152418e-01    -6.856971e-01
4.274548e-01    -6.521983e-01
4.396678e-01    -6.193347e-01
4.518808e-01    -5.871811e-01
4.640938e-01    -5.558075e-01
4.763068e-01    -5.252796e-01
4.885198e-01    -4.956580e-01
5.007328e-01    -4.669989e-01
5.129458e-01    -4.393529e-01
5.251588e-01    -4.127661e-01
5.373718e-01    -3.872792e-01
5.495847e-01    -3.629279e-01
5.617977e-01    -3.397429e-01
5.740107e-01    -3.177497e-01
5.862237e-01    -2.969689e-01
5.984367e-01    -2.774161e-01
6.106497e-01    -2.591020e-01
6.228627e-01    -2.420330e-01
6.350757e-01    -2.262105e-01
6.472887e-01    -2.116315e-01
6.595017e-01    -1.982891e-01
6.717147e-01    -1.861720e-01
6.839277e-01    -1.752653e-01
6.961407e-01    -1.655501e-01
7.083537e-01    -1.570044e-01
7.205667e-01    -1.496028e-01
7.327797e-01    -1.433170e-01
7.449927e-01    -1.381158e-01
7.572057e-01    -1.339655e-01
7.694187e-01    -1.308303e-01
7.816316e-01    -1.286723e-01
7.938446e-01    -1.274515e-01
8.060576e-01    -1.271268e-01
8.182706e-01    -1.276554e-01
8.304836e-01    -1.289936e-01
8.426966e-01    -1.310967e-01
8.549096e-01    -1.339196e-01
8.671226e-01    -1.374164e-01
8.793356e-01    -1.415412e-01
8.915486e-01    -1.462481e-01
9.037616e-01    -1.514912e-01
9.159746e-01    -1.572249e-01
9.281876e-01    -1.634044e-01
9.404006e-01    -1.699851e-01
9.526136e-01    -1.769237e-01
9.648266e-01    -1.841775e-01
9.770396e-01    -1.917049e-01
9.892526e-01    -1.994657e-01
1.001466e+00    -2.074208e-01
1.013679e+00    -2.155323e-01
1.025892e+00    -2.237643e-01
1.038105e+00    -2.320818e-01
1.050318e+00    -2.404519e-01
1.062531e+00    -2.488432e-01
1.074744e+00    -2.572257e-01
1.086957e+00    -2.655714e-01
1.099169e+00    -2.738540e-01
1.111382e+00    -2.820487e-01
1.123595e+00    -2.901329e-01
1.135808e+00    -2.980853e-01
1.148021e+00    -3.058865e-01
1.160234e+00    -3.135188e-01
1.172447e+00    -3.209661e-01
1.184660e+00    -3.282140e-01
1.196873e+00    -3.352497e-01
1.209086e+00    -3.420620e-01
1.221299e+00    -3.486409e-01
1.233512e+00    -3.549785e-01
1.245725e+00    -3.610676e-01
1.257938e+00    -3.669025e-01
1.270151e+00    -3.724792e-01
1.282364e+00    -3.777944e-01
1.294577e+00    -3.828462e-01
1.306790e+00    -3.876337e-01
1.319003e+00    -3.921568e-01
1.331216e+00    -3.964167e-01
1.343429e+00    -4.004152e-01
1.355642e+00    -4.041550e-01
1.367855e+00    -4.076395e-01
1.380068e+00    -4.108727e-01
1.392281e+00    -4.138592e-01
1.404494e+00    -4.166042e-01
1.416707e+00    -4.191131e-01
1.428920e+00    -4.213922e-01
1.441133e+00    -4.234476e-01
1.453346e+00    -4.252859e-01
1.465559e+00    -4.269140e-01
1.477772e+00    -4.283389e-01
1.489985e+00    -4.295676e-01
1.502198e+00    -4.306073e-01
1.514411e+00    -4.314654e-01
1.526624e+00    -4.321489e-01
1.538837e+00    -4.326651e-01
1.551050e+00    -4.330209e-01
1.563263e+00    -4.332235e-01
1.575476e+00    -4.332795e-01
1.587689e+00    -4.331956e-01
1.599902e+00    -4.329784e-01
1.612115e+00    -4.326341e-01
1.624328e+00    -4.321687e-01
1.636541e+00    -4.315879e-01
1.648754e+00    -4.308973e-01
1.660967e+00    -4.301022e-01
1.673180e+00    -4.292077e-01
1.685393e+00    -4.282182e-01
1.697606e+00    -4.271385e-01
1.709819e+00    -4.259725e-01
1.722032e+00    -4.247243e-01
1.734245e+00    -4.233974e-01
1.746458e+00    -4.219951e-01
1.758671e+00    -4.205206e-01
1.770884e+00    -4.189767e-01
1.783097e+00    -4.173659e-01
1.795310e+00    -4.156905e-01
1.807523e+00    -4.139527e-01
1.819736e+00    -4.121544e-01
1.831949e+00    -4.102973e-01
1.844162e+00    -4.083828e-01
1.856375e+00    -4.064123e-01
1.868588e+00    -4.043869e-01
1.880801e+00    -4.023076e-01
1.893014e+00    -4.001753e-01
1.905227e+00    -3.979908e-01
1.917440e+00    -3.957545e-01
1.929653e+00    -3.934672e-01
1.941866e+00    -3.911292e-01
1.954079e+00    -3.887410e-01
1.966292e+00    -3.863027e-01
1.978505e+00    -3.838148e-01
1.990718e+00    -3.812774e-01
2.002931e+00    -3.786909e-01
2.015144e+00    -3.760553e-01
2.027357e+00    -3.733710e-01
2.039570e+00    -3.706382e-01
2.051783e+00    -3.678570e-01
2.063996e+00    -3.650279e-01
2.076209e+00    -3.621511e-01
2.088422e+00    -3.592269e-01
2.100635e+00    -3.562558e-01
2.112848e+00    -3.532383e-01
2.125061e+00    -3.501748e-01
2.137274e+00    -3.470660e-01
2.149487e+00    -3.439125e-01
2.161700e+00    -3.407151e-01
2.173913e+00    -3.374744e-01
2.186126e+00    -3.341915e-01
2.198339e+00    -3.308672e-01
2.210552e+00    -3.275026e-01
2.222765e+00    -3.240988e-01
2.234978e+00    -3.206570e-01
2.247191e+00    -3.171783e-01
2.259404e+00    -3.136643e-01
2.271617e+00    -3.101162e-01
2.283830e+00    -3.065355e-01
2.296043e+00    -3.029237e-01
2.308256e+00    -2.992825e-01
2.320469e+00    -2.956135e-01
2.332682e+00    -2.919183e-01
2.344895e+00    -2.881988e-01
2.357108e+00    -2.844568e-01
2.369321e+00    -2.806940e-01
2.381534e+00    -2.769125e-01
2.393747e+00    -2.731141e-01
2.405960e+00    -2.693006e-01
2.418173e+00    -2.654743e-01
2.430386e+00    -2.616370e-01
2.442599e+00    -2.577907e-01
2.454812e+00    -2.539373e-01
2.467025e+00    -2.500791e-01
2.479238e+00    -2.462180e-01
2.491451e+00    -2.423559e-01
2.503664e+00    -2.384950e-01
2.515877e+00    -2.346371e-01
2.528090e+00    -2.307843e-01
2.540303e+00    -2.269386e-01
2.552516e+00    -2.231018e-01
2.564729e+00    -2.192759e-01
2.576942e+00    -2.154627e-01
2.589155e+00    -2.116640e-01
2.601368e+00    -2.078817e-01
2.613581e+00    -2.041176e-01
2.625794e+00    -2.003732e-01
2.638007e+00    -1.966505e-01
2.650220e+00    -1.929508e-01
2.662433e+00    -1.892758e-01
2.674646e+00    -1.856270e-01
2.686859e+00    -1.820059e-01
2.699072e+00    -1.784139e-01
2.711285e+00    -1.748523e-01
2.723498e+00    -1.713223e-01
2.735711e+00    -1.678254e-01
2.747924e+00    -1.643625e-01
2.760137e+00    -1.609349e-01
2.772350e+00    -1.575436e-01
2.784563e+00    -1.541896e-01
2.796776e+00    -1.508738e-01
2.808989e+00    -1.475971e-01
2.821202e+00    -1.443604e-01
2.833415e+00    -1.411644e-01
2.845628e+00    -1.380098e-01
2.857841e+00    -1.348972e-01
2.870054e+00    -1.318273e-01
2.882267e+00    -1.288006e-01
2.894480e+00    -1.258175e-01
2.906693e+00    -1.228786e-01
2.918906e+00    -1.199842e-01
2.931119e+00    -1.171345e-01
2.943332e+00    -1.143301e-01
2.955545e+00    -1.115709e-01
2.967758e+00    -1.088573e-01
2.979971e+00    -1.061894e-01
2.992184e+00    -1.035673e-01
3.004397e+00    -1.009911e-01
3.016610e+00    -9.846072e-02
3.028823e+00    -9.597625e-02
3.041036e+00    -9.353758e-02
3.053249e+00    -9.114465e-02
3.065462e+00    -8.879735e-02
3.077675e+00    -8.649550e-02
3.089888e+00    -8.423895e-02
3.102101e+00    -8.202744e-02
3.114314e+00    -7.986080e-02
3.126527e+00    -7.773871e-02
3.138740e+00    -7.566091e-02
3.150953e+00    -7.362705e-02
3.163166e+00    -7.163685e-02
3.175379e+00    -6.968991e-02
3.187592e+00    -6.778584e-02
3.199805e+00    -6.592428e-02
3.212018e+00    -6.410481e-02
3.224231e+00    -6.232697e-02
3.236444e+00    -6.059034e-02
3.248657e+00    -5.889446e-02
3.260870e+00    -5.723885e-02
3.273082e+00    -5.562302e-02
3.285295e+00    -5.404645e-02
3.297508e+00    -5.250867e-02
3.309721e+00    -5.100914e-02
3.321934e+00    -4.954734e-02
3.334147e+00    -4.812273e-02
3.346360e+00    -4.673474e-02
3.358573e+00    -4.538285e-02
3.370786e+00    -4.406648e-02
3.382999e+00    -4.278508e-02
3.395212e+00    -4.153807e-02
3.407425e+00    -4.032488e-02
3.419638e+00    -3.914492e-02
3.431851e+00    -3.799762e-02
3.444064e+00    -3.688239e-02
3.456277e+00    -3.579864e-02
3.468490e+00    -3.474577e-02
3.480703e+00    -3.372321e-02
3.492916e+00    -3.273033e-02
3.505129e+00    -3.176657e-02
3.517342e+00    -3.083132e-02
3.529555e+00    -2.992398e-02
3.541768e+00    -2.904396e-02
3.553981e+00    -2.819067e-02
3.566194e+00    -2.736350e-02
3.578407e+00    -2.656187e-02
3.590620e+00    -2.578519e-02
3.602833e+00    -2.503287e-02
3.615046e+00    -2.430432e-02
3.627259e+00    -2.359897e-02
3.639472e+00    -2.291622e-02
3.651685e+00    -2.225549e-02
3.663898e+00    -2.161623e-02
3.676111e+00    -2.099786e-02
3.688324e+00    -2.039982e-02
3.700537e+00    -1.982153e-02
3.712750e+00    -1.926249e-02
3.724963e+00    -1.872208e-02
3.737176e+00    -1.819981e-02
3.749389e+00    -1.769510e-02
3.761602e+00    -1.720746e-02
3.773815e+00    -1.673634e-02
3.786028e+00    -1.628124e-02
3.798241e+00    -1.584162e-02
3.810454e+00    -1.541702e-02
3.822667e+00    -1.500691e-02
3.834880e+00    -1.461081e-02
3.847093e+00    -1.422826e-02
3.859306e+00    -1.385877e-02
3.871519e+00    -1.350189e-02
3.883732e+00    -1.315717e-02
3.895945e+00    -1.282416e-02
3.908158e+00    -1.250242e-02
3.920371e+00    -1.219154e-02
3.932584e+00    -1.189111e-02
3.944797e+00    -1.160071e-02
3.957010e+00    -1.131996e-02
3.969223e+00    -1.104847e-02
3.981436e+00    -1.078587e-02
3.993649e+00    -1.053180e-02
4.005862e+00    -1.028591e-02
4.018075e+00    -1.004786e-02
4.030288e+00    -9.817310e-03
4.042501e+00    -9.593958e-03
4.054714e+00    -9.377481e-03
4.066927e+00    -9.167600e-03
4.079140e+00    -8.964017e-03
4.091353e+00    -8.766466e-03
4.103566e+00    -8.574679e-03
4.115779e+00    -8.388411e-03
4.127992e+00    -8.207412e-03
4.140205e+00    -8.031473e-03
4.152418e+00    -7.860347e-03
4.164631e+00    -7.693850e-03
4.176844e+00    -7.531770e-03
4.189057e+00    -7.373933e-03
4.201270e+00    -7.220169e-03
4.213483e+00    -7.070286e-03
4.225696e+00    -6.924159e-03
4.237909e+00    -6.781628e-03
4.250122e+00    -6.642569e-03
4.262335e+00    -6.506836e-03
4.274548e+00    -6.374338e-03
4.286761e+00    -6.244957e-03
4.298974e+00    -6.118605e-03
4.311187e+00    -5.995175e-03
4.323400e+00    -5.874611e-03
4.335613e+00    -5.756823e-03
4.347826e+00    -5.641765e-03
4.360039e+00    -5.529368e-03
4.372252e+00    -5.419593e-03
4.384465e+00    -5.312394e-03
4.396678e+00    -5.207747e-03
4.408891e+00    -5.105612e-03
4.421104e+00    -5.005985e-03
4.433317e+00    -4.908836e-03
4.445530e+00    -4.814171e-03
4.457743e+00    -4.721977e-03
4.469956e+00    -4.632263e-03
4.482169e+00    -4.545033e-03
4.494382e+00    -4.460300e-03
4.506595e+00    -4.378077e-03
4.518808e+00    -4.298394e-03
4.531021e+00    -4.221261e-03
4.543234e+00    -4.146717e-03
4.555447e+00    -4.074782e-03
4.567660e+00    -4.005496e-03
4.579873e+00    -3.938887e-03
4.592086e+00    -3.875001e-03
4.604299e+00    -3.813869e-03
4.616512e+00    -3.755533e-03
4.628725e+00    -3.700037e-03
4.640938e+00    -3.647419e-03
4.653151e+00    -3.597725e-03
4.665364e+00    -3.550998e-03
4.677577e+00    -3.507278e-03
4.689790e+00    -3.466611e-03
4.702003e+00    -3.429042e-03
4.714216e+00    -3.394606e-03
4.726429e+00    -3.363349e-03
4.738642e+00    -3.335310e-03
4.750855e+00    -3.310526e-03
4.763068e+00    -3.289032e-03
4.775281e+00    -3.270868e-03
4.787494e+00    -3.256060e-03
4.799707e+00    -3.244647e-03
4.811920e+00    -3.236655e-03
4.824133e+00    -3.232107e-03
4.836346e+00    -3.231023e-03
4.848559e+00    -3.233431e-03
4.860772e+00    -3.239342e-03
4.872985e+00    -3.248774e-03
4.885198e+00    -3.261735e-03
4.897411e+00    -3.278238e-03
4.909624e+00    -3.298275e-03
4.921837e+00    -3.321857e-03
4.934050e+00    -3.348980e-03
4.946263e+00    -3.379635e-03
4.958476e+00    -3.413811e-03
4.970689e+00    -3.451494e-03
4.982902e+00    -3.492663e-03
4.995115e+00    -3.537301e-03
5.007328e+00    -3.585375e-03
5.019541e+00    -3.636862e-03
5.031754e+00    -3.691720e-03
5.043967e+00    -3.749916e-03
5.056180e+00    -3.811403e-03
5.068393e+00    -3.876138e-03
5.080606e+00    -3.944065e-03
5.092819e+00    -4.015141e-03
5.105031e+00    -4.089294e-03
5.117245e+00    -4.166471e-03
5.129457e+00    -4.246600e-03
5.141671e+00    -4.329616e-03
5.153883e+00    -4.415439e-03
5.166097e+00    -4.503995e-03
5.178309e+00    -4.595206e-03
5.190523e+00    -4.688985e-03
5.202735e+00    -4.785239e-03
5.214949e+00    -4.883887e-03
5.227162e+00    -4.984826e-03
5.239375e+00    -5.087958e-03
5.251588e+00    -5.193186e-03
5.263801e+00    -5.300405e-03
5.276014e+00    -5.409511e-03
5.288227e+00    -5.520388e-03
5.300440e+00    -5.632936e-03
5.312653e+00    -5.747025e-03
5.324866e+00    -5.862558e-03
5.337079e+00    -5.979398e-03
5.349292e+00    -6.097439e-03
5.361505e+00    -6.216547e-03
5.373718e+00    -6.336611e-03
5.385931e+00    -6.457489e-03
5.398144e+00    -6.579077e-03
5.410357e+00    -6.701215e-03
5.422570e+00    -6.823804e-03
5.434783e+00    -6.946697e-03
5.446996e+00    -7.069773e-03
5.459208e+00    -7.192889e-03
5.471422e+00    -7.315923e-03
5.483634e+00    -7.438734e-03
5.495848e+00    -7.561201e-03
5.508060e+00    -7.683180e-03
5.520274e+00    -7.804546e-03
5.532486e+00    -7.925161e-03
5.544700e+00    -8.044903e-03
5.556912e+00    -8.163631e-03
5.569126e+00    -8.281221e-03
5.581338e+00    -8.397538e-03
5.593552e+00    -8.512463e-03
5.605764e+00    -8.625861e-03
5.617978e+00    -8.737616e-03
5.630190e+00    -8.847591e-03
5.642404e+00    -8.955676e-03
5.654616e+00    -9.061743e-03
5.666830e+00    -9.165678e-03
5.679042e+00    -9.267366e-03
5.691256e+00    -9.366691e-03
5.703468e+00    -9.463535e-03
5.715682e+00    -9.557807e-03
5.727894e+00    -9.649378e-03
5.740108e+00    -9.738163e-03
5.752320e+00    -9.824052e-03
5.764534e+00    -9.906950e-03
5.776746e+00    -9.986759e-03
5.788960e+00    -1.006339e-02
5.801172e+00    -1.013676e-02
5.813385e+00    -1.020677e-02
5.825598e+00    -1.027335e-02
5.837811e+00    -1.033643e-02
5.850024e+00    -1.039592e-02
5.862237e+00    -1.045175e-02
5.874450e+00    -1.050386e-02
5.886663e+00    -1.055219e-02
5.898876e+00    -1.059668e-02
5.911089e+00    -1.063725e-02
5.923302e+00    -1.067389e-02
5.935515e+00    -1.070653e-02
5.947728e+00    -1.073512e-02
5.959941e+00    -1.075964e-02
5.972154e+00    -1.078004e-02
5.984367e+00    -1.079631e-02
5.996580e+00    -1.080839e-02
6.008793e+00    -1.081629e-02
6.021006e+00    -1.081997e-02
6.033219e+00    -1.081943e-02
6.045432e+00    -1.081466e-02
6.057645e+00    -1.080564e-02
6.069858e+00    -1.079239e-02
6.082071e+00    -1.077489e-02
6.094284e+00    -1.075316e-02
6.106497e+00    -1.072722e-02
6.118710e+00    -1.069707e-02
6.130923e+00    -1.066273e-02
6.143136e+00    -1.062422e-02
6.155349e+00    -1.058158e-02
6.167562e+00    -1.053484e-02
6.179775e+00    -1.048402e-02
6.191988e+00    -1.042917e-02
6.204201e+00    -1.037033e-02
6.216414e+00    -1.030755e-02
6.228627e+00    -1.024086e-02
6.240840e+00    -1.017034e-02
6.253053e+00    -1.009603e-02
6.265266e+00    -1.001799e-02
6.277479e+00    -9.936292e-03
6.289692e+00    -9.850988e-03
6.301905e+00    -9.762154e-03
6.314118e+00    -9.669864e-03
6.326331e+00    -9.574186e-03
6.338544e+00    -9.475196e-03
6.350757e+00    -9.372984e-03
6.362970e+00    -9.267623e-03
6.375183e+00    -9.159202e-03
6.387396e+00    -9.047804e-03
6.399609e+00    -8.933518e-03
6.411822e+00    -8.816438e-03
6.424035e+00    -8.696659e-03
6.436248e+00    -8.574265e-03
6.448461e+00    -8.449366e-03
6.460674e+00    -8.322046e-03
6.472887e+00    -8.192424e-03
6.485100e+00    -8.060577e-03
6.497313e+00    -7.926622e-03
6.509526e+00    -7.790656e-03
6.521739e+00    -7.652788e-03
6.533952e+00    -7.513114e-03
6.546165e+00    -7.371749e-03
6.558378e+00    -7.228788e-03
6.570591e+00    -7.084349e-03
6.582804e+00    -6.938527e-03
6.595017e+00    -6.791440e-03
6.607230e+00    -6.643181e-03
6.619443e+00    -6.493873e-03
6.631656e+00    -6.343607e-03
6.643869e+00    -6.192500e-03
6.656082e+00    -6.040648e-03
6.668295e+00    -5.888170e-03
6.680508e+00    -5.735157e-03
6.692721e+00    -5.581720e-03
6.704934e+00    -5.427967e-03
6.717147e+00    -5.273978e-03
6.729360e+00    -5.119874e-03
6.741573e+00    -4.965753e-03
6.753786e+00    -4.811707e-03
6.765999e+00    -4.657840e-03
6.778212e+00    -4.504239e-03
6.790425e+00    -4.351009e-03
6.802638e+00    -4.198227e-03
6.814851e+00    -4.045999e-03
6.827064e+00    -3.894402e-03
6.839277e+00    -3.743535e-03
6.851490e+00    -3.593469e-03
6.863703e+00    -3.444299e-03
6.875916e+00    -3.296101e-03
6.888129e+00    -3.148952e-03
6.900342e+00    -3.002928e-03
6.912555e+00    -2.858109e-03
6.924768e+00    -2.714557e-03
6.936981e+00    -2.572356e-03
6.949194e+00    -2.431554e-03
6.961407e+00    -2.292236e-03
6.973620e+00    -2.154446e-03
6.985833e+00    -2.018256e-03
6.998046e+00    -1.883712e-03
7.010259e+00    -1.750879e-03
7.022472e+00    -1.619799e-03
7.034685e+00    -1.490531e-03
7.046898e+00    -1.363108e-03
7.059111e+00    -1.237589e-03
7.071324e+00    -1.114000e-03
7.083537e+00    -9.923906e-04
7.095750e+00    -8.728002e-04
7.107963e+00    -7.552286e-04
7.120176e+00    -6.397401e-04
7.132389e+00    -5.263579e-04
7.144602e+00    -4.150925e-04
7.156815e+00    -3.059780e-04
7.169028e+00    -1.990274e-04
7.181241e+00    -9.426157e-05
7.193454e+00    8.311679e-06
7.205667e+00    1.086728e-04
7.217880e+00    2.068208e-04
7.230093e+00    3.027430e-04
7.242306e+00    3.964392e-04
7.254519e+00    4.879055e-04
7.266732e+00    5.771457e-04
7.278944e+00    6.641593e-04
7.291158e+00    7.489571e-04
7.303371e+00    8.315429e-04
7.315584e+00    9.119250e-04
7.327797e+00    9.901189e-04
7.340010e+00    1.066133e-03
7.352223e+00    1.139997e-03
7.364436e+00    1.211713e-03
7.376649e+00    1.281311e-03
7.388862e+00    1.348809e-03
7.401075e+00    1.414225e-03
7.413288e+00    1.477605e-03
7.425501e+00    1.538957e-03
7.437714e+00    1.598308e-03
7.449927e+00    1.655697e-03
7.462140e+00    1.711154e-03
7.474353e+00    1.764713e-03
7.486566e+00    1.816400e-03
7.498779e+00    1.866257e-03
7.510992e+00    1.914320e-03
7.523205e+00    1.960624e-03
7.535418e+00    2.005206e-03
7.547631e+00    2.048112e-03
7.559844e+00    2.089372e-03
7.572057e+00    2.129038e-03
7.584270e+00    2.167140e-03
7.596483e+00    2.203727e-03
7.608696e+00    2.238841e-03
7.620909e+00    2.272521e-03
7.633121e+00    2.304812e-03
7.645335e+00    2.335761e-03
7.657547e+00    2.365407e-03
7.669761e+00    2.393794e-03
7.681973e+00    2.420969e-03
7.694187e+00    2.446969e-03
7.706399e+00    2.471841e-03
7.718613e+00    2.495639e-03
7.730825e+00    2.518391e-03
7.743039e+00    2.540148e-03
7.755251e+00    2.560949e-03
7.767465e+00    2.580840e-03
7.779677e+00    2.599859e-03
7.791891e+00    2.618053e-03
7.804103e+00    2.635450e-03
7.816317e+00    2.652108e-03
7.828529e+00    2.668050e-03
7.840743e+00    2.683324e-03
7.852955e+00    2.697964e-03
7.865169e+00    2.712008e-03
7.877381e+00    2.725492e-03
7.889595e+00    2.738453e-03
7.901807e+00    2.750926e-03
7.914021e+00    2.762932e-03
7.926233e+00    2.774514e-03
7.938447e+00    2.785702e-03
7.950659e+00    2.796520e-03
7.962873e+00    2.807007e-03
7.975085e+00    2.817183e-03
7.987298e+00    2.827073e-03
7.999511e+00    2.836700e-03
8.011724e+00    2.846098e-03
8.023937e+00    2.855279e-03
8.036150e+00    2.864268e-03
8.048364e+00    2.873084e-03
8.060576e+00    2.881746e-03
8.072789e+00    2.890271e-03
8.085002e+00    2.898674e-03
8.097216e+00    2.906973e-03
8.109428e+00    2.915172e-03
8.121641e+00    2.923292e-03
8.133854e+00    2.931338e-03
8.146068e+00    2.939324e-03
8.158280e+00    2.947251e-03
8.170493e+00    2.955131e-03
8.182706e+00    2.962964e-03
8.194920e+00    2.970761e-03
8.207132e+00    2.978517e-03
8.219345e+00    2.986237e-03
8.231558e+00    2.993922e-03
8.243772e+00    3.001567e-03
8.255984e+00    3.009172e-03
8.268197e+00    3.016732e-03
8.280410e+00    3.024244e-03
8.292624e+00    3.031705e-03
8.304836e+00    3.039100e-03
8.317049e+00    3.046427e-03
8.329262e+00    3.053675e-03
8.341475e+00    3.060836e-03
8.353688e+00    3.067897e-03
8.365901e+00    3.074847e-03
8.378115e+00    3.081674e-03
8.390327e+00    3.088361e-03
8.402540e+00    3.094904e-03
8.414753e+00    3.101266e-03
8.426967e+00    3.107455e-03
8.439179e+00    3.113440e-03
8.451392e+00    3.119212e-03
8.463605e+00    3.124749e-03
8.475819e+00    3.130034e-03
8.488031e+00    3.135050e-03
8.500244e+00    3.139777e-03
8.512457e+00    3.144190e-03
8.524671e+00    3.148275e-03
8.536883e+00    3.152015e-03
8.549096e+00    3.155382e-03
8.561309e+00    3.158360e-03
8.573523e+00    3.160929e-03
8.585735e+00    3.163063e-03
8.597948e+00    3.164758e-03
8.610161e+00    3.165958e-03
8.622375e+00    3.166675e-03
8.634587e+00    3.166875e-03
8.646800e+00    3.166542e-03
8.659013e+00    3.165651e-03
8.671227e+00    3.164187e-03
8.683439e+00    3.162122e-03
8.695652e+00    3.159443e-03
8.707865e+00    3.156128e-03
8.720078e+00    3.152164e-03
8.732291e+00    3.147522e-03
8.744504e+00    3.142190e-03
8.756717e+00    3.136152e-03
8.768930e+00    3.129387e-03
8.781143e+00    3.121879e-03
8.793356e+00    3.113615e-03
8.805569e+00    3.104577e-03
8.817782e+00    3.094750e-03
8.829995e+00    3.084124e-03
8.842208e+00    3.072686e-03
8.854421e+00    3.060418e-03
8.866634e+00    3.047312e-03
8.878847e+00    3.033360e-03
8.891060e+00    3.018550e-03
8.903273e+00    3.002874e-03
8.915486e+00    2.986316e-03
8.927699e+00    2.968881e-03
8.939912e+00    2.950555e-03
8.952125e+00    2.931335e-03
8.964338e+00    2.911218e-03
8.976551e+00    2.890200e-03
8.988764e+00    2.868276e-03
9.000977e+00    2.845454e-03
9.013190e+00    2.821714e-03
9.025403e+00    2.797080e-03
9.037616e+00    2.771538e-03
9.049829e+00    2.745100e-03
9.062042e+00    2.717756e-03
9.074255e+00    2.689528e-03
9.086468e+00    2.660410e-03
9.098680e+00    2.630411e-03
9.110894e+00    2.599543e-03
9.123107e+00    2.567810e-03
9.135320e+00    2.535225e-03
9.147532e+00    2.501796e-03
9.159746e+00    2.467535e-03
9.171959e+00    2.432458e-03
9.184172e+00    2.396575e-03
9.196384e+00    2.359902e-03
9.208598e+00    2.322451e-03
9.220811e+00    2.284240e-03
9.233024e+00    2.245292e-03
9.245236e+00    2.205621e-03
9.257450e+00    2.165242e-03
9.269663e+00    2.124178e-03
9.281876e+00    2.082451e-03
9.294088e+00    2.040079e-03
9.306302e+00    1.997086e-03
9.318515e+00    1.953497e-03
9.330728e+00    1.909332e-03
9.342940e+00    1.864612e-03
9.355154e+00    1.819363e-03
9.367367e+00    1.773619e-03
9.379580e+00    1.727395e-03
9.391793e+00    1.680718e-03
9.404006e+00    1.633621e-03
9.416219e+00    1.586131e-03
9.428432e+00    1.538269e-03
9.440645e+00    1.490064e-03
9.452858e+00    1.441551e-03
9.465071e+00    1.392754e-03
9.477283e+00    1.343703e-03
9.489497e+00    1.294422e-03
9.501710e+00    1.244946e-03
9.513923e+00    1.195305e-03
9.526135e+00    1.145526e-03
9.538349e+00    1.095636e-03
9.550562e+00    1.045674e-03
9.562775e+00    9.956605e-04
9.574987e+00    9.456275e-04
9.587201e+00    8.956066e-04
9.599414e+00    8.456311e-04
9.611627e+00    7.957217e-04
9.623839e+00    7.459151e-04
9.636053e+00    6.962327e-04
9.648266e+00    6.467092e-04
9.660479e+00    5.973774e-04
9.672691e+00    5.482570e-04
9.684905e+00    4.993760e-04
9.697118e+00    4.507696e-04
9.709331e+00    4.024594e-04
9.721543e+00    3.544767e-04
9.733757e+00    3.068385e-04
9.745970e+00    2.595843e-04
9.758183e+00    2.127285e-04
9.770395e+00    1.663021e-04
9.782609e+00    1.203207e-04
9.794822e+00    7.482013e-05
9.807034e+00    2.981580e-05
9.819247e+00    -1.466970e-05
9.831461e+00    -5.861561e-05
9.843674e+00    -1.019955e-04
9.855886e+00    -1.447914e-04
9.868099e+00    -1.869851e-04
9.880313e+00    -2.285587e-04
9.892526e+00    -2.694913e-04
9.904738e+00    -3.097637e-04
9.916951e+00    -3.493695e-04
9.929165e+00    -3.882861e-04
9.941378e+00    -4.264971e-04
9.953590e+00    -4.639883e-04
9.965803e+00    -5.007477e-04
9.978017e+00    -5.367675e-04
9.990230e+00    -5.720300e-04
1.000244e+01    -6.065271e-04
1.001466e+01    -6.402486e-04
1.002687e+01    -6.731871e-04
1.003908e+01    -7.053331e-04
1.005129e+01    -7.366798e-04
1.006351e+01    -7.672192e-04
1.007572e+01    -7.969492e-04
1.008793e+01    -8.258640e-04
1.010015e+01    -8.539737e-04
1.011236e+01    -8.812316e-04
1.012457e+01    -9.076865e-04
1.013679e+01    -9.333091e-04
1.014900e+01    -9.581104e-04
1.016121e+01    -9.820854e-04
1.017342e+01    -1.005241e-03
1.018564e+01    -1.027573e-03
1.019785e+01    -1.049092e-03
1.021006e+01    -1.069789e-03
1.022228e+01    -1.089684e-03
1.023449e+01    -1.108772e-03
1.024670e+01    -1.127065e-03
1.025891e+01    -1.144565e-03
1.027113e+01    -1.161286e-03
1.028334e+01    -1.177226e-03
1.029555e+01    -1.192408e-03
1.030777e+01    -1.206829e-03
1.031998e+01    -1.220501e-03
1.033219e+01    -1.233443e-03
1.034441e+01    -1.245656e-03
1.035662e+01    -1.257160e-03
1.036883e+01    -1.267964e-03
1.038105e+01    -1.278079e-03
1.039326e+01    -1.287526e-03
1.040547e+01    -1.296309e-03
1.041768e+01    -1.304447e-03
1.042990e+01    -1.311954e-03
1.044211e+01    -1.318847e-03
1.045432e+01    -1.325139e-03
1.046654e+01    -1.330846e-03
1.047875e+01    -1.335985e-03
1.049096e+01    -1.340577e-03
1.050318e+01    -1.344622e-03
1.051539e+01    -1.348158e-03
1.052760e+01    -1.351188e-03
1.053981e+01    -1.353735e-03
1.055203e+01    -1.355815e-03
1.056424e+01    -1.357443e-03
1.057645e+01    -1.358640e-03
1.058867e+01    -1.359419e-03
1.060088e+01    -1.359798e-03
1.061309e+01    -1.359806e-03
1.062531e+01    -1.359443e-03
1.063752e+01    -1.358739e-03
1.064973e+01    -1.357706e-03
1.066194e+01    -1.356359e-03
1.067416e+01    -1.354720e-03
1.068637e+01    -1.352804e-03
1.069858e+01    -1.350629e-03
1.071080e+01    -1.348205e-03
1.072301e+01    -1.345558e-03
1.073522e+01    -1.342696e-03
1.074744e+01    -1.339639e-03
1.075965e+01    -1.336403e-03
1.077186e+01    -1.333002e-03
1.078407e+01    -1.329449e-03
1.079629e+01    -1.325757e-03
1.080850e+01    -1.321947e-03
1.082071e+01    -1.318027e-03
1.083293e+01    -1.314012e-03
1.084514e+01    -1.309916e-03
1.085735e+01    -1.305750e-03
1.086957e+01    -1.301524e-03
1.088178e+01    -1.297254e-03
1.089399e+01    -1.292948e-03
1.090620e+01    -1.288617e-03
1.091842e+01    -1.284271e-03
1.093063e+01    -1.279921e-03
1.094284e+01    -1.275573e-03
1.095506e+01    -1.271239e-03
1.096727e+01    -1.266927e-03
1.097948e+01    -1.262640e-03
1.099170e+01    -1.258386e-03
1.100391e+01    -1.254181e-03
1.101612e+01    -1.250016e-03
1.102833e+01    -1.245908e-03
1.104055e+01    -1.241857e-03
1.105276e+01    -1.237865e-03
1.106497e+01    -1.233939e-03
1.107719e+01    -1.230082e-03
1.108940e+01    -1.226295e-03
1.110161e+01    -1.222580e-03
1.111382e+01    -1.218940e-03
1.112604e+01    -1.215377e-03
1.113825e+01    -1.211887e-03
1.115046e+01    -1.208474e-03
1.116268e+01    -1.205135e-03
1.117489e+01    -1.201869e-03
1.118710e+01    -1.198679e-03
1.119932e+01    -1.195556e-03
1.121153e+01    -1.192503e-03
1.122374e+01    -1.189513e-03
1.123596e+01    -1.186582e-03
1.124817e+01    -1.183712e-03
1.126038e+01    -1.180895e-03
1.127259e+01    -1.178124e-03
1.128481e+01    -1.175398e-03
1.129702e+01    -1.172708e-03
1.130923e+01    -1.170052e-03
1.132145e+01    -1.167422e-03
1.133366e+01    -1.164810e-03
1.134587e+01    -1.162211e-03
1.135808e+01    -1.159619e-03
1.137030e+01    -1.157024e-03
1.138251e+01    -1.154419e-03
1.139472e+01    -1.151796e-03
1.140694e+01    -1.149149e-03
1.141915e+01    -1.146466e-03
1.143136e+01    -1.143743e-03
1.144358e+01    -1.140967e-03
1.145579e+01    -1.138133e-03
1.146800e+01    -1.135229e-03
1.148022e+01    -1.132247e-03
1.149243e+01    -1.129179e-03
1.150464e+01    -1.126015e-03
1.151685e+01    -1.122746e-03
1.152907e+01    -1.119363e-03
1.154128e+01    -1.115858e-03
1.155349e+01    -1.112218e-03
1.156571e+01    -1.108437e-03
1.157792e+01    -1.104506e-03
1.159013e+01    -1.100412e-03
1.160234e+01    -1.096156e-03
1.161456e+01    -1.091713e-03
1.162677e+01    -1.087088e-03
1.163898e+01    -1.082268e-03
1.165120e+01    -1.077242e-03
1.166341e+01    -1.072009e-03
1.167562e+01    -1.066555e-03
1.168784e+01    -1.060874e-03
1.170005e+01    -1.054956e-03
1.171226e+01    -1.048799e-03
1.172447e+01    -1.042393e-03
1.173669e+01    -1.035733e-03
1.174890e+01    -1.028809e-03
1.176111e+01    -1.021615e-03
1.177333e+01    -1.014151e-03
1.178554e+01    -1.006405e-03
1.179775e+01    -9.983724e-04
1.180997e+01    -9.900604e-04
1.182218e+01    -9.814469e-04
1.183439e+01    -9.725388e-04
1.184660e+01    -9.633303e-04
1.185882e+01    -9.538193e-04
1.187103e+01    -9.439982e-04
1.188324e+01    -9.338695e-04
1.189546e+01    -9.234318e-04
1.190767e+01    -9.126797e-04
1.191988e+01    -9.016168e-04
1.193210e+01    -8.902382e-04
1.194431e+01    -8.785463e-04
1.195652e+01    -8.665399e-04
1.196873e+01    -8.542208e-04
1.198095e+01    -8.415913e-04
1.199316e+01    -8.286512e-04
1.200537e+01    -8.154033e-04
1.201759e+01    -8.018455e-04
1.202980e+01    -7.879928e-04
1.204201e+01    -7.738417e-04
1.205423e+01    -7.593924e-04
1.206644e+01    -7.446525e-04
1.207865e+01    -7.296267e-04
1.209086e+01    -7.143211e-04
1.210308e+01    -6.987327e-04
1.211529e+01    -6.828920e-04
1.212750e+01    -6.667821e-04
1.213972e+01    -6.504148e-04
1.215193e+01    -6.337994e-04
1.216414e+01    -6.169465e-04
1.217636e+01    -5.998610e-04
1.218857e+01    -5.825574e-04
1.220078e+01    -5.650260e-04
1.221299e+01    -5.472983e-04
1.222521e+01    -5.293722e-04
1.223742e+01    -5.112616e-04
1.224963e+01    -4.929741e-04
1.226185e+01    -4.745220e-04
1.227406e+01    -4.559144e-04
1.228627e+01    -4.371640e-04
1.229849e+01    -4.182839e-04
1.231070e+01    -3.992771e-04
1.232291e+01    -3.801666e-04
1.233512e+01    -3.609623e-04
1.234734e+01    -3.416624e-04
1.235955e+01    -3.222991e-04
1.237176e+01    -3.028758e-04
1.238398e+01    -2.834051e-04
1.239619e+01    -2.638992e-04
1.240840e+01    -2.443748e-04
1.242062e+01    -2.248407e-04
1.243283e+01    -2.053113e-04
1.244504e+01    -1.858044e-04
1.245725e+01    -1.663274e-04
1.246947e+01    -1.468969e-04
1.248168e+01    -1.275255e-04
1.249389e+01    -1.082352e-04
1.250611e+01    -8.901298e-05
1.251832e+01    -6.989834e-05
1.253053e+01    -5.089579e-05
1.254275e+01    -3.202081e-05
1.255496e+01    -1.328495e-05
1.256717e+01    5.302878e-06
1.257938e+01    2.372170e-05
1.259160e+01    4.196273e-05
1.260381e+01    6.001774e-05
1.261602e+01    7.786265e-05
1.262824e+01    9.549777e-05
1.264045e+01    1.129055e-04
1.265266e+01    1.300710e-04
1.266488e+01    1.469884e-04
1.267709e+01    1.636420e-04
1.268930e+01    1.800200e-04
1.270151e+01    1.961146e-04
1.271373e+01    2.119183e-04
1.272594e+01    2.274130e-04
1.273815e+01    2.425923e-04
1.275037e+01    2.574499e-04
1.276258e+01    2.719683e-04
1.277479e+01    2.861427e-04
1.278701e+01    2.999662e-04
1.279922e+01    3.134327e-04
1.281143e+01    3.265245e-04
1.282364e+01    3.392432e-04
1.283586e+01    3.515756e-04
1.284807e+01    3.635209e-04
1.286028e+01    3.750673e-04
1.287250e+01    3.862135e-04
1.288471e+01    3.969474e-04
1.289692e+01    4.072712e-04
1.290914e+01    4.171789e-04
1.292135e+01    4.266566e-04
1.293356e+01    4.357129e-04
1.294577e+01    4.443377e-04
1.295799e+01    4.525318e-04
1.297020e+01    4.602875e-04
1.298241e+01    4.676082e-04
1.299463e+01    4.744882e-04
1.300684e+01    4.809286e-04
1.301905e+01    4.869270e-04
1.303127e+01    4.924821e-04
1.304348e+01    4.976021e-04
1.305569e+01    5.022743e-04
1.306790e+01    5.065061e-04
1.308012e+01    5.103036e-04
1.309233e+01    5.136636e-04
1.310454e+01    5.165904e-04
1.311676e+01    5.190814e-04
1.312897e+01    5.211486e-04
1.314118e+01    5.227861e-04
1.315340e+01    5.240040e-04
1.316561e+01    5.248073e-04
1.317782e+01    5.251946e-04
1.319003e+01    5.251745e-04
1.320225e+01    5.247532e-04
1.321446e+01    5.239428e-04
1.322667e+01    5.227374e-04
1.323889e+01    5.211483e-04
1.325110e+01    5.191815e-04
1.326331e+01    5.168487e-04
1.327553e+01    5.141548e-04
1.328774e+01    5.111030e-04
1.329995e+01    5.077042e-04
1.331216e+01    5.039737e-04
1.332438e+01    4.999122e-04
1.333659e+01    4.955289e-04
1.334880e+01    4.908327e-04
1.336102e+01    4.858365e-04
1.337323e+01    4.805475e-04
1.338544e+01    4.749760e-04
1.339766e+01    4.691364e-04
1.340987e+01    4.630257e-04
1.342208e+01    4.566694e-04
1.343429e+01    4.500682e-04
1.344651e+01    4.432346e-04
1.345872e+01    4.361828e-04
1.347093e+01    4.289208e-04
1.348315e+01    4.214572e-04
1.349536e+01    4.138048e-04
1.350757e+01    4.059772e-04
1.351978e+01    3.979846e-04
1.353200e+01    3.898319e-04
1.354421e+01    3.815397e-04
1.355642e+01    3.731099e-04
1.356864e+01    3.645608e-04
1.358085e+01    3.559006e-04
1.359306e+01    3.471365e-04
1.360528e+01    3.382843e-04
1.361749e+01    3.293569e-04
1.362970e+01    3.203584e-04
1.364192e+01    3.113057e-04
1.365413e+01    3.022048e-04
1.366634e+01    2.930694e-04
1.367855e+01    2.839087e-04
1.369077e+01    2.747323e-04
1.370298e+01    2.655527e-04
1.371519e+01    2.563780e-04
1.372741e+01    2.472124e-04
1.373962e+01    2.380724e-04
1.375183e+01    2.289673e-04
1.376404e+01    2.199090e-04
1.377626e+01    2.108965e-04
1.378847e+01    2.019472e-04
1.380068e+01    1.930702e-04
1.381290e+01    1.842647e-04
1.382511e+01    1.755472e-04
1.383732e+01    1.669234e-04
1.384954e+01    1.584005e-04
1.386175e+01    1.499885e-04
1.387396e+01    1.416879e-04
1.388618e+01    1.335113e-04
1.389839e+01    1.254602e-04
1.391060e+01    1.175464e-04
1.392281e+01    1.097722e-04
1.393503e+01    1.021451e-04
1.394724e+01    9.466839e-05
1.395945e+01    8.734936e-05
1.397167e+01    8.018986e-05
1.398388e+01    7.319671e-05
1.399609e+01    6.637644e-05
1.400830e+01    5.972350e-05
1.402052e+01    5.325081e-05
1.403273e+01    4.695717e-05
1.404494e+01    4.084764e-05
1.405716e+01    3.492286e-05
1.406937e+01    2.918579e-05
1.408158e+01    2.363969e-05
1.409380e+01    1.828282e-05
1.410601e+01    1.312527e-05
1.411822e+01    8.154026e-06
1.413043e+01    3.380747e-06
1.414265e+01    -1.197268e-06
1.415486e+01    -5.579690e-06
1.416707e+01    -9.767010e-06
1.417929e+01    -1.375936e-05
1.419150e+01    -1.755042e-05
1.420371e+01    -2.116148e-05
1.421593e+01    -2.457433e-05
1.422814e+01    -2.779318e-05
1.424035e+01    -3.082606e-05
1.425256e+01    -3.366825e-05
1.426478e+01    -3.632883e-05
1.427699e+01    -3.880244e-05
1.428920e+01    -4.109551e-05
1.430142e+01    -4.321355e-05
1.431363e+01    -4.515415e-05
1.432584e+01    -4.692340e-05
1.433806e+01    -4.852463e-05
1.435027e+01    -4.996048e-05
1.436248e+01    -5.123545e-05
1.437469e+01    -5.235219e-05
1.438691e+01    -5.331468e-05
1.439912e+01    -5.412999e-05
1.441133e+01    -5.479658e-05
1.442355e+01    -5.532651e-05
1.443576e+01    -5.571768e-05
1.444797e+01    -5.597717e-05
1.446019e+01    -5.611105e-05
1.447240e+01    -5.612228e-05
1.448461e+01    -5.601307e-05
1.449682e+01    -5.579382e-05
1.450904e+01    -5.546490e-05
1.452125e+01    -5.503558e-05
1.453346e+01    -5.450788e-05
1.454568e+01    -5.388457e-05
1.455789e+01    -5.317434e-05
1.457010e+01    -5.238703e-05
1.458232e+01    -5.151618e-05
1.459453e+01    -5.057562e-05
1.460674e+01    -4.956632e-05
1.461895e+01    -4.849473e-05
1.463117e+01    -4.736440e-05
1.464338e+01    -4.618228e-05
1.465559e+01    -4.495411e-05
1.466781e+01    -4.368034e-05
1.468002e+01    -4.237076e-05
1.469223e+01    -4.102306e-05
1.470445e+01    -3.965073e-05
1.471666e+01    -3.825650e-05
1.472887e+01    -3.683534e-05
1.474109e+01    -3.540287e-05
1.475330e+01    -3.395438e-05
1.476551e+01    -3.249997e-05
1.477772e+01    -3.104177e-05
1.478994e+01    -2.958481e-05
1.480215e+01    -2.812962e-05
1.481436e+01    -2.668083e-05
1.482658e+01    -2.524177e-05
1.483879e+01    -2.381841e-05
1.485100e+01    -2.240924e-05
1.486321e+01    -2.102281e-05
1.487543e+01    -1.965432e-05
1.488764e+01    -1.831518e-05
1.489985e+01    -1.699716e-05
1.491207e+01    -1.571082e-05
1.492428e+01    -1.445583e-05
1.493649e+01    -1.323730e-05
1.494871e+01    -1.204940e-05
1.496092e+01    -1.089600e-05
1.497313e+01    -9.787904e-06
1.498534e+01    -8.715479e-06
1.499756e+01    -7.684530e-06
1.500977e+01    -6.688784e-06
1.502198e+01    -5.737375e-06
1.503420e+01    -4.827461e-06
1.504641e+01    -3.960427e-06
1.505862e+01    -3.135520e-06
1.507084e+01    -2.352285e-06
1.508305e+01    -1.609857e-06
1.509526e+01    -9.114965e-07
1.510747e+01    -2.549914e-07
1.511969e+01    3.650130e-07
1.513190e+01    9.414125e-07
1.514411e+01    1.482477e-06
1.515633e+01    1.984630e-06
1.516854e+01    2.451603e-06
1.518075e+01    2.882799e-06
1.519297e+01    3.283936e-06
1.520518e+01    3.647589e-06
1.521739e+01    3.985809e-06
1.522960e+01    4.296166e-06
1.524182e+01    4.580440e-06
1.525403e+01    4.841721e-06
1.526624e+01    5.081587e-06
1.527846e+01    5.302904e-06
1.529067e+01    5.509599e-06
1.530288e+01    5.701850e-06
1.531509e+01    5.880023e-06
1.532731e+01    6.054473e-06
1.533952e+01    6.220504e-06
1.535173e+01    6.384565e-06
1.536395e+01    6.548149e-06
1.537616e+01    6.714913e-06
1.538837e+01    6.889317e-06
1.540059e+01    7.070002e-06
1.541280e+01    7.268142e-06
1.542501e+01    7.473320e-06
1.543723e+01    7.700384e-06
1.544944e+01    7.950041e-06
1.546165e+01    8.220564e-06
1.547386e+01    8.520251e-06
1.548608e+01    8.850491e-06
1.549829e+01    9.216192e-06
1.551050e+01    9.610621e-06
1.552272e+01    1.004943e-05
1.553493e+01    1.053082e-05
1.554714e+01    1.105336e-05
1.555935e+01    1.162433e-05
1.557157e+01    1.224477e-05
1.558378e+01    1.291780e-05
1.559599e+01    1.365071e-05
1.560821e+01    1.443556e-05
1.562042e+01    1.528160e-05
1.563263e+01    1.619178e-05
1.564485e+01    1.716451e-05
1.565706e+01    1.820547e-05
1.566927e+01    1.931184e-05
1.568149e+01    2.048885e-05
1.569370e+01    2.173594e-05
1.570591e+01    2.306155e-05
1.571812e+01    2.446915e-05
1.573034e+01    2.593091e-05
1.574255e+01    2.748342e-05
1.575476e+01    2.911309e-05
1.576698e+01    3.082080e-05
1.577919e+01    3.260751e-05
1.579140e+01    3.447576e-05
1.580362e+01    3.642496e-05
1.581583e+01    3.845422e-05
1.582804e+01    4.056403e-05
1.584025e+01    4.275485e-05
1.585247e+01    4.502860e-05
1.586468e+01    4.738173e-05
1.587689e+01    4.981320e-05
1.588911e+01    5.231833e-05
1.590132e+01    5.491522e-05
1.591353e+01    5.758265e-05
1.592575e+01    6.032523e-05
1.593796e+01    6.314350e-05
1.595017e+01    6.603445e-05
1.596238e+01    6.899739e-05
1.597460e+01    7.202975e-05
1.598681e+01    7.512835e-05
1.599902e+01    7.829211e-05
1.601124e+01    8.151885e-05
1.602345e+01    8.480778e-05
1.603566e+01    8.815232e-05
1.604787e+01    9.155212e-05
1.606009e+01    9.500682e-05
1.607230e+01    9.850839e-05
1.608451e+01    1.020546e-04
1.609673e+01    1.056444e-04
1.610894e+01    1.092782e-04
1.612115e+01    1.129385e-04
1.613337e+01    1.166339e-04
1.614558e+01    1.203595e-04
1.615779e+01    1.241062e-04
1.617001e+01    1.278754e-04
1.618222e+01    1.316574e-04
1.619443e+01    1.354547e-04
1.620664e+01    1.392564e-04
1.621886e+01    1.430611e-04
1.623107e+01    1.468648e-04
1.624328e+01    1.506617e-04
1.625550e+01    1.544486e-04
1.626771e+01    1.582218e-04
1.627992e+01    1.619722e-04
1.629214e+01    1.656993e-04
1.630435e+01    1.693921e-04
1.631656e+01    1.730550e-04
1.632877e+01    1.766790e-04
1.634099e+01    1.802520e-04
1.635320e+01    1.837838e-04
1.636541e+01    1.872599e-04
1.637763e+01    1.906744e-04
1.638984e+01    1.940305e-04
1.640205e+01    1.973100e-04
1.641426e+01    2.005199e-04
1.642648e+01    2.036527e-04
1.643869e+01    2.067030e-04
1.645090e+01    2.096624e-04
1.646312e+01    2.125313e-04
1.647533e+01    2.153020e-04
1.648754e+01    2.179721e-04
1.649976e+01    2.205390e-04
1.651197e+01    2.229904e-04
1.652418e+01    2.253288e-04
1.653639e+01    2.275479e-04
1.654861e+01    2.296467e-04
1.656082e+01    2.316149e-04
1.657303e+01    2.334557e-04
1.658525e+01    2.351608e-04
1.659746e+01    2.367289e-04
1.660967e+01    2.381515e-04
1.662189e+01    2.394342e-04
1.663410e+01    2.405626e-04
1.664631e+01    2.415456e-04
1.665853e+01    2.423707e-04
1.667074e+01    2.430378e-04
1.668295e+01    2.435488e-04
1.669516e+01    2.438956e-04
1.670738e+01    2.440784e-04
1.671959e+01    2.440932e-04
1.673180e+01    2.439412e-04
1.674402e+01    2.436195e-04
1.675623e+01    2.431232e-04
1.676844e+01    2.424540e-04
1.678065e+01    2.416097e-04
1.679287e+01    2.405918e-04
1.680508e+01    2.393943e-04
1.681729e+01    2.380227e-04
1.682951e+01    2.364723e-04
1.684172e+01    2.347445e-04
1.685393e+01    2.328373e-04
1.686615e+01    2.307525e-04
1.687836e+01    2.284897e-04
1.689057e+01    2.260560e-04
1.690278e+01    2.234364e-04
1.691500e+01    2.206460e-04
1.692721e+01    2.176789e-04
1.693942e+01    2.145406e-04
1.695164e+01    2.112286e-04
1.696385e+01    2.077480e-04
1.697606e+01    2.040999e-04
1.698828e+01    2.002864e-04
1.700049e+01    1.963102e-04
1.701270e+01    1.921684e-04
1.702491e+01    1.878693e-04
1.703713e+01    1.834159e-04
1.704934e+01    1.788093e-04
1.706155e+01    1.740530e-04
1.707377e+01    1.691507e-04
1.708598e+01    1.641030e-04
1.709819e+01    1.589153e-04
1.711040e+01    1.535977e-04
1.712262e+01    1.481449e-04
1.713483e+01    1.425642e-04
1.714705e+01    1.368611e-04
1.715926e+01    1.310419e-04
1.717147e+01    1.251061e-04
1.718368e+01    1.190589e-04
1.719590e+01    1.129028e-04
1.720811e+01    1.066564e-04
1.722032e+01    1.003129e-04
1.723254e+01    9.387472e-05
1.724475e+01    8.735615e-05
1.725696e+01    8.075697e-05
1.726917e+01    7.408299e-05
1.728139e+01    6.734349e-05
1.729360e+01    6.053728e-05
1.730581e+01    5.368218e-05
1.731803e+01    4.676387e-05
1.733024e+01    3.980425e-05
1.734245e+01    3.280560e-05
1.735467e+01    2.577205e-05
1.736688e+01    1.871064e-05
1.737909e+01    1.162723e-05
1.739130e+01    4.527682e-06
1.740352e+01    -2.580643e-06
1.741573e+01    -9.697884e-06
1.742794e+01    -1.681263e-05
1.744016e+01    -2.391967e-05
1.745237e+01    -3.101134e-05
1.746458e+01    -3.808692e-05
1.747680e+01    -4.513597e-05
1.748901e+01    -5.215280e-05
1.750122e+01    -5.913733e-05
1.751343e+01    -6.607453e-05
1.752565e+01    -7.296579e-05
1.753786e+01    -7.980502e-05
1.755007e+01    -8.658109e-05
1.756229e+01    -9.329301e-05
1.757450e+01    -9.993560e-05
1.758671e+01    -1.065004e-04
1.759892e+01    -1.129899e-04
1.761114e+01    -1.193852e-04
1.762335e+01    -1.256955e-04
1.763556e+01    -1.319091e-04
1.764778e+01    -1.380189e-04
1.765999e+01    -1.440246e-04
1.767220e+01    -1.499198e-04
1.768442e+01    -1.556975e-04
1.769663e+01    -1.613542e-04
1.770884e+01    -1.668950e-04
1.772106e+01    -1.722957e-04
1.773327e+01    -1.775825e-04
1.774548e+01    -1.827247e-04
1.775769e+01    -1.877266e-04
1.776991e+01    -1.925857e-04
1.778212e+01    -1.973004e-04
1.779433e+01    -2.018636e-04
1.780655e+01    -2.062818e-04
1.781876e+01    -2.105355e-04
1.783097e+01    -2.146352e-04
1.784319e+01    -2.185745e-04
1.785540e+01    -2.223494e-04
1.786761e+01    -2.259632e-04
1.787982e+01    -2.294037e-04
1.789204e+01    -2.326798e-04
1.790425e+01    -2.357861e-04
1.791646e+01    -2.387190e-04
1.792868e+01    -2.414754e-04
1.794089e+01    -2.440629e-04
1.795310e+01    -2.464714e-04
1.796531e+01    -2.487036e-04
1.797753e+01    -2.507588e-04
1.798974e+01    -2.526361e-04
1.800196e+01    -2.543366e-04
1.801417e+01    -2.558610e-04
1.802638e+01    -2.572022e-04
1.803859e+01    -2.583740e-04
1.805081e+01    -2.593609e-04
1.806302e+01    -2.601742e-04
1.807523e+01    -2.608106e-04
1.808744e+01    -2.612713e-04
1.809966e+01    -2.615605e-04
1.811187e+01    -2.616799e-04
1.812408e+01    -2.616175e-04
1.813630e+01    -2.613941e-04
1.814851e+01    -2.609968e-04
1.816072e+01    -2.604355e-04
1.817294e+01    -2.597090e-04
1.818515e+01    -2.588214e-04
1.819736e+01    -2.577725e-04
1.820958e+01    -2.565641e-04
1.822179e+01    -2.552021e-04
1.823400e+01    -2.536842e-04
1.824621e+01    -2.520189e-04
1.825843e+01    -2.502045e-04
1.827064e+01    -2.482443e-04
1.828285e+01    -2.461429e-04
1.829507e+01    -2.439066e-04
1.830728e+01    -2.415300e-04
1.831949e+01    -2.390228e-04
1.833171e+01    -2.363834e-04
1.834392e+01    -2.336246e-04
1.835613e+01    -2.307419e-04
1.836834e+01    -2.277369e-04
1.838056e+01    -2.246221e-04
1.839277e+01    -2.213992e-04
1.840498e+01    -2.180616e-04
1.841720e+01    -2.146253e-04
1.842941e+01    -2.110862e-04
1.844162e+01    -2.074560e-04
1.845383e+01    -2.037299e-04
1.846605e+01    -1.999172e-04
1.847826e+01    -1.960198e-04
1.849047e+01    -1.920420e-04
1.850269e+01    -1.879907e-04
1.851490e+01    -1.838658e-04
1.852711e+01    -1.796736e-04
1.853933e+01    -1.754165e-04
1.855154e+01    -1.710991e-04
1.856375e+01    -1.667246e-04
1.857596e+01    -1.623000e-04
1.858818e+01    -1.578211e-04
1.860039e+01    -1.533054e-04
1.861260e+01    -1.487452e-04
1.862482e+01    -1.441489e-04
1.863703e+01    -1.395230e-04
1.864924e+01    -1.348647e-04
1.866146e+01    -1.301815e-04
1.867367e+01    -1.254745e-04
1.868588e+01    -1.207500e-04
1.869810e+01    -1.160108e-04
1.871031e+01    -1.112600e-04
1.872252e+01    -1.065029e-04
1.873473e+01    -1.017372e-04
1.874695e+01    -9.697268e-05
1.875916e+01    -9.221141e-05
1.877137e+01    -8.745026e-05
1.878359e+01    -8.269970e-05
1.879580e+01    -7.795915e-05
1.880801e+01    -7.323385e-05
1.882022e+01    -6.852613e-05
1.883244e+01    -6.383238e-05
1.884465e+01    -5.916326e-05
1.885686e+01    -5.451665e-05
1.886908e+01    -4.989770e-05
1.888129e+01    -4.530646e-05
1.889350e+01    -4.074612e-05
1.890572e+01    -3.621995e-05
1.891793e+01    -3.172964e-05
1.893014e+01    -2.727611e-05
1.894235e+01    -2.285896e-05
1.895457e+01    -1.848541e-05
1.896678e+01    -1.414830e-05
1.897899e+01    -9.862473e-06
1.899121e+01    -5.616283e-06
1.900342e+01    -1.416600e-06
1.901563e+01    2.732733e-06
1.902785e+01    6.834336e-06
1.904006e+01    1.088745e-05
1.905227e+01    1.488690e-05
1.906449e+01    1.883885e-05
1.907670e+01    2.273411e-05
1.908891e+01    2.658059e-05
1.910112e+01    3.036845e-05
1.911334e+01    3.410195e-05
1.912555e+01    3.778812e-05
1.913776e+01    4.141458e-05
1.914997e+01    4.498698e-05
1.916219e+01    4.850424e-05
1.917440e+01    5.196730e-05
1.918661e+01    5.537237e-05
1.919883e+01    5.872230e-05
1.921104e+01    6.201622e-05
1.922325e+01    6.525809e-05
1.923547e+01    6.844345e-05
1.924768e+01    7.157520e-05
1.925989e+01    7.465039e-05
1.927211e+01    7.767198e-05
1.928432e+01    8.064797e-05
1.929653e+01    8.355814e-05
1.930874e+01    8.642304e-05
1.932096e+01    8.923380e-05
1.933317e+01    9.199657e-05
1.934538e+01    9.470613e-05
1.935760e+01    9.736820e-05
1.936981e+01    9.997841e-05
1.938202e+01    1.025412e-04
1.939424e+01    1.050582e-04
1.940645e+01    1.075276e-04
1.941866e+01    1.099511e-04
1.943087e+01    1.123295e-04
1.944309e+01    1.146649e-04
1.945530e+01    1.169551e-04
1.946751e+01    1.191998e-04
1.947973e+01    1.214085e-04
1.949194e+01    1.235707e-04
1.950415e+01    1.256964e-04
1.951637e+01    1.277798e-04
1.952858e+01    1.298251e-04
1.954079e+01    1.318346e-04
1.955301e+01    1.338026e-04
1.956522e+01    1.357414e-04
1.957743e+01    1.376381e-04
1.958964e+01    1.395053e-04
1.960186e+01    1.413316e-04
1.961407e+01    1.431239e-04
1.962628e+01    1.448875e-04
1.963849e+01    1.466185e-04
1.965071e+01    1.483168e-04
1.966292e+01    1.499808e-04
1.967513e+01    1.516169e-04
1.968735e+01    1.532183e-04
1.969956e+01    1.547899e-04
1.971177e+01    1.563338e-04
1.972399e+01    1.578425e-04
1.973620e+01    1.593287e-04
1.974841e+01    1.607810e-04
1.976063e+01    1.622059e-04
1.977284e+01    1.635973e-04
1.978505e+01    1.649594e-04
1.979726e+01    1.662957e-04
1.980948e+01    1.676008e-04
1.982169e+01    1.688701e-04
1.983390e+01    1.701173e-04
1.984612e+01    1.713270e-04
1.985833e+01    1.725084e-04
1.987054e+01    1.736595e-04
1.988276e+01    1.747761e-04
1.989497e+01    1.758577e-04
1.990718e+01    1.769131e-04
1.991939e+01    1.779314e-04
1.993161e+01    1.789167e-04
1.994382e+01    1.798646e-04
1.995603e+01    1.807762e-04
1.996825e+01    1.816511e-04
1.998046e+01    1.824924e-04
1.999267e+01    1.832908e-04
2.000488e+01    1.840488e-04
2.001710e+01    1.847693e-04
2.002931e+01    1.854495e-04
2.004152e+01    1.860850e-04
2.005374e+01    1.866726e-04
2.006595e+01    1.872180e-04
2.007816e+01    1.877158e-04
2.009038e+01    1.881642e-04
2.010259e+01    1.885675e-04
2.011480e+01    1.889221e-04
2.012702e+01    1.892214e-04
2.013923e+01    1.894682e-04
2.015144e+01    1.896610e-04
2.016365e+01    1.897975e-04
2.017587e+01    1.898752e-04
2.018808e+01    1.898986e-04
2.020029e+01    1.898594e-04
2.021251e+01    1.897586e-04
2.022472e+01    1.895957e-04
2.023693e+01    1.893692e-04
2.024915e+01    1.890745e-04
2.026136e+01    1.887123e-04
2.027357e+01    1.882841e-04
2.028578e+01    1.877849e-04
2.029800e+01    1.872122e-04
2.031021e+01    1.865683e-04
2.032242e+01    1.858518e-04
2.033464e+01    1.850580e-04
2.034685e+01    1.841903e-04
2.035906e+01    1.832443e-04
2.037127e+01    1.822129e-04
2.038349e+01    1.811090e-04
2.039570e+01    1.799180e-04
2.040791e+01    1.786502e-04
2.042013e+01    1.772943e-04
2.043234e+01    1.758538e-04
2.044455e+01    1.743309e-04
2.045677e+01    1.727200e-04
2.046898e+01    1.710204e-04
2.048119e+01    1.692340e-04
2.049340e+01    1.673595e-04
2.050562e+01    1.653891e-04
2.051783e+01    1.633419e-04
2.053004e+01    1.611952e-04
2.054226e+01    1.589611e-04
2.055447e+01    1.566341e-04
2.056668e+01    1.542185e-04
2.057890e+01    1.517091e-04
2.059111e+01    1.491116e-04
2.060332e+01    1.464184e-04
2.061554e+01    1.436304e-04
2.062775e+01    1.407558e-04
2.063996e+01    1.377905e-04
2.065217e+01    1.347309e-04
2.066439e+01    1.315845e-04
2.067660e+01    1.283541e-04
2.068881e+01    1.250181e-04
2.070103e+01    1.216048e-04
2.071324e+01    1.180996e-04
2.072545e+01    1.145107e-04
2.073767e+01    1.108349e-04
2.074988e+01    1.070775e-04
2.076209e+01    1.032298e-04
2.077430e+01    9.930512e-05
2.078652e+01    9.529731e-05
2.079873e+01    9.120902e-05
2.081094e+01    8.703906e-05
2.082316e+01    8.280578e-05
2.083537e+01    7.849229e-05
2.084758e+01    7.410774e-05
2.085979e+01    6.964555e-05
2.087201e+01    6.511842e-05
2.088422e+01    6.052505e-05
2.089643e+01    5.586992e-05
2.090865e+01    5.114753e-05
2.092086e+01    4.636675e-05
2.093307e+01    4.153131e-05
2.094529e+01    3.664000e-05
2.095750e+01    3.169680e-05
2.096971e+01    2.670603e-05
2.098192e+01    2.166872e-05
2.099414e+01    1.658569e-05
2.100635e+01    1.146179e-05
2.101856e+01    6.302460e-06
2.103078e+01    1.108736e-06
2.104299e+01    -4.121423e-06
2.105520e+01    -9.374293e-06
2.106742e+01    -1.465510e-05
2.107963e+01    -1.995747e-05
2.109184e+01    -2.527647e-05
2.110406e+01    -3.061088e-05
2.111627e+01    -3.596449e-05
2.112848e+01    -4.131368e-05
2.114069e+01    -4.667386e-05
2.115291e+01    -5.203479e-05
2.116512e+01    -5.739038e-05
2.117733e+01    -6.274514e-05
2.118955e+01    -6.808895e-05
2.120176e+01    -7.341798e-05
2.121397e+01    -7.872970e-05
2.122618e+01    -8.402161e-05
2.123840e+01    -8.928867e-05
2.125061e+01    -9.452831e-05
2.126282e+01    -9.973367e-05
2.127504e+01    -1.049069e-04
2.128725e+01    -1.100367e-04
2.129946e+01    -1.151323e-04
2.131168e+01    -1.201760e-04
2.132389e+01    -1.251691e-04
2.133610e+01    -1.301096e-04
2.134831e+01    -1.349928e-04
2.136053e+01    -1.398140e-04
2.137274e+01    -1.445726e-04
2.138495e+01    -1.492644e-04
2.139717e+01    -1.538856e-04
2.140938e+01    -1.584289e-04
2.142159e+01    -1.628972e-04
2.143381e+01    -1.672820e-04
2.144602e+01    -1.715844e-04
2.145823e+01    -1.757971e-04
2.147044e+01    -1.799195e-04
2.148266e+01    -1.839520e-04
2.149487e+01    -1.878841e-04
2.150708e+01    -1.917164e-04
2.151930e+01    -1.954511e-04
2.153151e+01    -1.990767e-04
2.154372e+01    -2.025930e-04
2.155593e+01    -2.060029e-04
2.156815e+01    -2.092990e-04
2.158036e+01    -2.124794e-04
2.159258e+01    -2.155419e-04
2.160479e+01    -2.184862e-04
2.161700e+01    -2.213047e-04
2.162921e+01    -2.240050e-04
2.164143e+01    -2.265760e-04
2.165364e+01    -2.290205e-04
2.166585e+01    -2.313360e-04
2.167807e+01    -2.335206e-04
2.169028e+01    -2.355723e-04
2.170249e+01    -2.374922e-04
2.171470e+01    -2.392755e-04
2.172692e+01    -2.409295e-04
2.173913e+01    -2.424307e-04
2.175134e+01    -2.438041e-04
2.176356e+01    -2.450347e-04
2.177577e+01    -2.461321e-04
2.178798e+01    -2.470841e-04
2.180020e+01    -2.478963e-04
2.181241e+01    -2.485696e-04
2.182462e+01    -2.490990e-04
2.183683e+01    -2.494889e-04
2.184905e+01    -2.497384e-04
2.186126e+01    -2.498389e-04
2.187347e+01    -2.498084e-04
2.188569e+01    -2.496345e-04
2.189790e+01    -2.493150e-04
2.191011e+01    -2.488630e-04
2.192233e+01    -2.482691e-04
2.193454e+01    -2.475352e-04
2.194675e+01    -2.466668e-04
2.195897e+01    -2.456592e-04
2.197118e+01    -2.445184e-04
2.198339e+01    -2.432454e-04
2.199560e+01    -2.418358e-04
2.200782e+01    -2.402955e-04
2.202003e+01    -2.386256e-04
2.203224e+01    -2.368343e-04
2.204445e+01    -2.349049e-04
2.205667e+01    -2.328560e-04
2.206888e+01    -2.306810e-04
2.208109e+01    -2.283927e-04
2.209331e+01    -2.259832e-04
2.210552e+01    -2.234554e-04
2.211773e+01    -2.208136e-04
2.212995e+01    -2.180589e-04
2.214216e+01    -2.151972e-04
2.215437e+01    -2.122235e-04
2.216659e+01    -2.091489e-04
2.217880e+01    -2.059709e-04
2.219101e+01    -2.026934e-04
2.220322e+01    -1.993216e-04
2.221544e+01    -1.958506e-04
2.222765e+01    -1.922927e-04
2.223986e+01    -1.886432e-04
2.225208e+01    -1.849098e-04
2.226429e+01    -1.810940e-04
2.227650e+01    -1.771976e-04
2.228872e+01    -1.732257e-04
2.230093e+01    -1.691837e-04
2.231314e+01    -1.650642e-04
2.232535e+01    -1.608821e-04
2.233757e+01    -1.566342e-04
2.234978e+01    -1.523268e-04
2.236199e+01    -1.479601e-04
2.237421e+01    -1.435412e-04
2.238642e+01    -1.390669e-04
2.239863e+01    -1.345425e-04
2.241084e+01    -1.299797e-04
2.242306e+01    -1.253696e-04
2.243527e+01    -1.207244e-04
2.244748e+01    -1.160403e-04
2.245970e+01    -1.113261e-04
2.247191e+01    -1.065798e-04
2.248412e+01    -1.018112e-04
2.249634e+01    -9.701832e-05
2.250855e+01    -9.220489e-05
2.252076e+01    -8.737424e-05
2.253297e+01    -8.252860e-05
2.254519e+01    -7.768118e-05
2.255740e+01    -7.280998e-05
2.256961e+01    -6.794179e-05
2.258183e+01    -6.307312e-05
2.259404e+01    -5.820487e-05
2.260625e+01    -5.333679e-05
2.261847e+01    -4.847444e-05
2.263068e+01    -4.362696e-05
2.264289e+01    -3.878429e-05
2.265511e+01    -3.395969e-05
2.266732e+01    -2.915162e-05
2.267953e+01    -2.436218e-05
2.269174e+01    -1.959616e-05
2.270396e+01    -1.484857e-05
2.271617e+01    -1.013506e-05
2.272838e+01    -5.446869e-06
2.274060e+01    -7.879571e-07
2.275281e+01    3.837369e-06
2.276502e+01    8.427334e-06
2.277724e+01    1.298214e-05
2.278945e+01    1.749618e-05
2.280166e+01    2.196996e-05
2.281387e+01    2.640035e-05
2.282609e+01    3.078833e-05
2.283830e+01    3.512928e-05
2.285051e+01    3.942396e-05
2.286273e+01    4.366817e-05
2.287494e+01    4.786268e-05
2.288715e+01    5.200671e-05
2.289936e+01    5.609955e-05
2.291158e+01    6.013602e-05
2.292379e+01    6.411845e-05
2.293600e+01    6.804449e-05
2.294822e+01    7.191199e-05
2.296043e+01    7.572395e-05
2.297264e+01    7.947450e-05
2.298486e+01    8.316847e-05
2.299707e+01    8.679790e-05
2.300928e+01    9.037156e-05
2.302150e+01    9.387624e-05
2.303371e+01    9.732446e-05
2.304592e+01    1.007098e-04
2.305813e+01    1.040293e-04
2.307035e+01    1.072885e-04
2.308256e+01    1.104827e-04
2.309477e+01    1.136138e-04
2.310699e+01    1.166771e-04
2.311920e+01    1.196823e-04
2.313141e+01    1.226171e-04
2.314363e+01    1.254901e-04
2.315584e+01    1.283009e-04
2.316805e+01    1.310457e-04
2.318026e+01    1.337260e-04
2.319248e+01    1.363414e-04
2.320469e+01    1.388965e-04
2.321690e+01    1.413859e-04
2.322912e+01    1.438132e-04
2.324133e+01    1.461788e-04
2.325354e+01    1.484782e-04
2.326575e+01    1.507174e-04
2.327797e+01    1.528966e-04
2.329018e+01    1.550126e-04
2.330239e+01    1.570689e-04
2.331461e+01    1.590638e-04
2.332682e+01    1.610010e-04
2.333903e+01    1.628794e-04
2.335125e+01    1.646962e-04
2.336346e+01    1.664549e-04
2.337567e+01    1.681584e-04
2.338788e+01    1.698027e-04
2.340010e+01    1.713908e-04
2.341231e+01    1.729249e-04
2.342452e+01    1.744053e-04
2.343674e+01    1.758254e-04
2.344895e+01    1.771944e-04
2.346116e+01    1.785073e-04
2.347338e+01    1.797720e-04
2.348559e+01    1.809823e-04
2.349780e+01    1.821403e-04
2.351002e+01    1.832440e-04
2.352223e+01    1.843023e-04
2.353444e+01    1.853095e-04
2.354665e+01    1.862636e-04
2.355887e+01    1.871746e-04
2.357108e+01    1.880289e-04
2.358329e+01    1.888374e-04
2.359550e+01    1.895986e-04
2.360772e+01    1.903158e-04
2.361993e+01    1.909826e-04
2.363214e+01    1.916073e-04
2.364436e+01    1.921787e-04
2.365657e+01    1.927079e-04
2.366878e+01    1.931913e-04
2.368100e+01    1.936296e-04
2.369321e+01    1.940206e-04
2.370542e+01    1.943687e-04
2.371764e+01    1.946744e-04
2.372985e+01    1.949287e-04
2.374206e+01    1.951458e-04
2.375427e+01    1.953164e-04
2.376649e+01    1.954388e-04
2.377870e+01    1.955237e-04
2.379091e+01    1.955593e-04
2.380313e+01    1.955559e-04
2.381534e+01    1.955026e-04
2.382755e+01    1.954095e-04
2.383977e+01    1.952707e-04
2.385198e+01    1.950901e-04
2.386419e+01    1.948609e-04
2.387640e+01    1.945886e-04
2.388862e+01    1.942700e-04
2.390083e+01    1.939066e-04
2.391304e+01    1.934980e-04
2.392526e+01    1.930441e-04
2.393747e+01    1.925446e-04
2.394968e+01    1.919978e-04
2.396189e+01    1.914054e-04
2.397411e+01    1.907659e-04
2.398632e+01    1.900826e-04
2.399854e+01    1.893429e-04
2.401075e+01    1.885582e-04
2.402296e+01    1.877284e-04
2.403517e+01    1.868449e-04
2.404739e+01    1.859168e-04
2.405960e+01    1.849373e-04
2.407181e+01    1.839111e-04
2.408403e+01    1.828239e-04
2.409624e+01    1.816925e-04
2.410845e+01    1.805056e-04
2.412066e+01    1.792693e-04
2.413288e+01    1.779779e-04
2.414509e+01    1.766336e-04
2.415730e+01    1.752363e-04
2.416952e+01    1.737899e-04
2.418173e+01    1.722788e-04
2.419394e+01    1.707176e-04
2.420616e+01    1.690991e-04
2.421837e+01    1.674264e-04
2.423058e+01    1.656965e-04
2.424279e+01    1.639189e-04
2.425501e+01    1.620644e-04
2.426722e+01    1.601629e-04
2.427943e+01    1.582014e-04
2.429165e+01    1.561855e-04
2.430386e+01    1.541079e-04
2.431607e+01    1.519712e-04
2.432829e+01    1.497728e-04
2.434050e+01    1.475202e-04
2.435271e+01    1.452064e-04
2.436492e+01    1.428302e-04
2.437714e+01    1.403923e-04
2.438935e+01    1.378989e-04
2.440156e+01    1.353464e-04
2.441378e+01    1.327317e-04
2.442599e+01    1.300548e-04
2.443820e+01    1.273231e-04
2.445041e+01    1.245287e-04
2.446263e+01    1.216729e-04
2.447484e+01    1.187603e-04
2.448705e+01    1.157854e-04
2.449927e+01    1.127561e-04
2.451148e+01    1.096673e-04
2.452369e+01    1.065172e-04
2.453591e+01    1.033114e-04
2.454812e+01    1.000489e-04
2.456033e+01    9.672973e-05
2.457255e+01    9.335273e-05
2.458476e+01    8.992161e-05
2.459697e+01    8.643430e-05
2.460918e+01    8.289631e-05
2.462140e+01    7.930656e-05
2.463361e+01    7.566220e-05
2.464582e+01    7.196052e-05
2.465804e+01    6.821885e-05
2.467025e+01    6.442377e-05
2.468246e+01    6.057865e-05
2.469468e+01    5.668978e-05
2.470689e+01    5.275491e-05
2.471910e+01    4.877288e-05
2.473131e+01    4.474910e-05
2.474353e+01    4.068407e-05
2.475574e+01    3.657987e-05
2.476795e+01    3.243395e-05
2.478017e+01    2.825279e-05
2.479238e+01    2.403522e-05
2.480459e+01    1.978393e-05
2.481680e+01    1.549722e-05
2.482902e+01    1.118563e-05
2.484123e+01    6.842227e-06
2.485344e+01    2.472094e-06
2.486566e+01    -1.923301e-06
2.487787e+01    -6.344715e-06
2.489008e+01    -1.078251e-05
2.490230e+01    -1.524619e-05
2.491451e+01    -1.972156e-05
2.492672e+01    -2.421316e-05
2.493893e+01    -2.871776e-05
2.495115e+01    -3.323440e-05
2.496336e+01    -3.776093e-05
2.497557e+01    -4.229365e-05
2.498779e+01    -4.682719e-05
2.500000e+01    -5.137009e-05
