0.0000  -15.6593  -15.6593  -10.1545  -10.1545  -6.0682  -6.0682  -6.0682  -6.0682  -3.8232  -3.8232  -0.3996  -0.3996  -0.3996  -0.3996  2.9564  2.9564
0.0238  -15.6668  -15.6668  -10.1356  -10.1356  -6.0649  -6.0649  -6.0649  -6.0649  -3.8184  -3.8184  -0.3955  -0.3955  -0.3955  -0.3955  2.9625  2.9625
0.0475  -15.6886  -15.6886  -10.0793  -10.0793  -6.0552  -6.0552  -6.0552  -6.0552  -3.8039  -3.8039  -0.3835  -0.3835  -0.3835  -0.3835  2.9779  2.9779
0.0713  -15.7239  -15.7239  -9.9868  -9.9868  -6.0390  -6.0390  -6.0390  -6.0390  -3.7801  -3.7801  -0.3645  -0.3645  -0.3645  -0.3645  2.9803  2.9803
0.0951  -15.7707  -15.7707  -9.8600  -9.8600  -6.0167  -6.0167  -6.0167  -6.0167  -3.7476  -3.7476  -0.3399  -0.3399  -0.3399  -0.3399  2.8128  2.8128
0.1188  -15.8269  -15.8269  -9.7013  -9.7013  -5.9883  -5.9883  -5.9883  -5.9883  -3.7072  -3.7072  -0.3120  -0.3120  -0.3120  -0.3120  2.4106  2.4106
0.1426  -15.8903  -15.8903  -9.5132  -9.5132  -5.9543  -5.9543  -5.9543  -5.9543  -3.6601  -3.6601  -0.2839  -0.2839  -0.2839  -0.2839  1.9720  1.9720
0.1663  -15.9586  -15.9586  -9.2985  -9.2985  -5.9151  -5.9151  -5.9151  -5.9151  -3.6083  -3.6083  -0.2597  -0.2597  -0.2597  -0.2597  1.5383  1.5383
0.1901  -16.0294  -16.0294  -9.0598  -9.0598  -5.8712  -5.8712  -5.8712  -5.8712  -3.5545  -3.5545  -0.2442  -0.2442  -0.2442  -0.2442  1.1189  1.1189
0.2139  -16.1008  -16.1008  -8.7997  -8.7997  -5.8233  -5.8233  -5.8233  -5.8233  -3.5027  -3.5027  -0.2429  -0.2429  -0.2429  -0.2429  0.7192  0.7192
0.2377  -16.1711  -16.1711  -8.5206  -8.5206  -5.7722  -5.7722  -5.7722  -5.7722  -3.4586  -3.4586  -0.2605  -0.2605  -0.2605  -0.2605  0.3450  0.3450
0.2614  -16.2386  -16.2386  -8.2247  -8.2247  -5.7190  -5.7190  -5.7190  -5.7190  -3.4303  -3.4303  -0.2997  -0.2997  -0.2997  -0.2997  0.0037  0.0037
0.2852  -16.3020  -16.3020  -7.9144  -7.9144  -5.6647  -5.6647  -5.6647  -5.6647  -3.4287  -3.4287  -0.3600  -0.3600  -0.3600  -0.3600  -0.2950  -0.2950
0.3089  -16.3602  -16.3602  -7.5917  -7.5917  -5.6108  -5.6108  -5.6108  -5.6108  -3.4667  -3.4667  -0.5401  -0.5401  -0.4370  -0.4370  -0.4370  -0.4370
0.3327  -16.4124  -16.4124  -7.2589  -7.2589  -5.5588  -5.5588  -5.5588  -5.5588  -3.5565  -3.5565  -0.7221  -0.7221  -0.5242  -0.5242  -0.5242  -0.5242
0.3565  -16.4576  -16.4576  -6.9183  -6.9183  -5.5105  -5.5105  -5.5105  -5.5105  -3.7047  -3.7047  -0.8378  -0.8378  -0.6135  -0.6135  -0.6135  -0.6135
0.3802  -16.4954  -16.4954  -6.5727  -6.5727  -5.4675  -5.4675  -5.4675  -5.4675  -3.9092  -3.9092  -0.8941  -0.8941  -0.6976  -0.6976  -0.6976  -0.6976
0.4040  -16.5253  -16.5253  -6.2257  -6.2257  -5.4317  -5.4317  -5.4317  -5.4317  -4.1597  -4.1597  -0.9065  -0.9065  -0.7699  -0.7699  -0.7699  -0.7699
0.4278  -16.5469  -16.5469  -5.8836  -5.8836  -5.4048  -5.4048  -5.4048  -5.4048  -4.4409  -4.4409  -0.8951  -0.8951  -0.8252  -0.8252  -0.8252  -0.8252
0.4515  -16.5599  -16.5599  -5.5652  -5.5652  -5.3881  -5.3881  -5.3881  -5.3881  -4.7261  -4.7261  -0.8789  -0.8789  -0.8599  -0.8599  -0.8599  -0.8599
0.4753  -16.5643  -16.5643  -5.3824  -5.3824  -5.3824  -5.3824  -5.3824  -5.3824  -4.8983  -4.8983  -0.8718  -0.8718  -0.8718  -0.8718  -0.8718  -0.8718
0.5027  -16.5585  -16.5585  -5.5965  -5.5965  -5.3999  -5.3999  -5.3999  -5.3999  -4.6779  -4.6779  -0.9102  -0.9102  -0.8415  -0.8415  -0.8415  -0.8415
0.5302  -16.5411  -16.5411  -5.9439  -5.9439  -5.4510  -5.4510  -5.4510  -5.4510  -4.3123  -4.3123  -1.0171  -1.0171  -0.7525  -0.7525  -0.7525  -0.7525
0.5576  -16.5123  -16.5123  -6.3031  -6.3031  -5.5313  -5.5313  -5.5313  -5.5313  -3.9249  -3.9249  -1.1733  -1.1733  -0.6091  -0.6091  -0.6091  -0.6091
0.5851  -16.4724  -16.4724  -6.6588  -6.6588  -5.6347  -5.6347  -5.6347  -5.6347  -3.5349  -3.5349  -1.3578  -1.3578  -0.4174  -0.4174  -0.4174  -0.4174
0.6125  -16.4218  -16.4218  -7.0068  -7.0068  -5.7549  -5.7549  -5.7549  -5.7549  -3.1539  -3.1539  -1.5523  -1.5523  -0.1843  -0.1843  -0.1843  -0.1843
0.6399  -16.3611  -16.3611  -7.3454  -7.3454  -5.8857  -5.8857  -5.8857  -5.8857  -2.7991  -2.7991  -1.7391  -1.7391  0.0839  0.0839  0.0839  0.0839
0.6674  -16.2911  -16.2911  -7.6734  -7.6734  -6.0219  -6.0219  -6.0219  -6.0219  -2.5117  -2.5117  -1.8857  -1.8857  0.3817  0.3817  0.3817  0.3817
0.6948  -16.2126  -16.2126  -7.9897  -7.9897  -6.1591  -6.1591  -6.1591  -6.1591  -2.3994  -2.3994  -1.9052  -1.9052  0.7043  0.7043  0.7043  0.7043
0.7223  -16.1269  -16.1269  -8.2934  -8.2934  -6.2936  -6.2936  -6.2936  -6.2936  -2.4803  -2.4803  -1.8104  -1.8104  0.8205  0.8205  1.0480  1.0480
0.7497  -16.0353  -16.0353  -8.5831  -8.5831  -6.4229  -6.4229  -6.4229  -6.4229  -2.6158  -2.6158  -1.7650  -1.7650  0.8786  0.8786  1.4097  1.4097
0.7771  -15.9395  -15.9395  -8.8575  -8.8575  -6.5445  -6.5445  -6.5445  -6.5445  -2.7532  -2.7532  -1.8148  -1.8148  1.0808  1.0808  1.7870  1.7870
0.8046  -15.8415  -15.8415  -9.1146  -9.1146  -6.6568  -6.6568  -6.6568  -6.6568  -2.8795  -2.8795  -1.9362  -1.9362  1.3938  1.3938  2.1781  2.1781
0.8320  -15.7436  -15.7436  -9.3525  -9.3525  -6.7584  -6.7584  -6.7584  -6.7584  -2.9902  -2.9902  -2.0945  -2.0945  1.7804  1.7804  2.5816  2.5816
0.8595  -15.6488  -15.6488  -9.5684  -9.5684  -6.8483  -6.8483  -6.8483  -6.8483  -3.0832  -3.0832  -2.2635  -2.2635  2.2142  2.2142  2.9965  2.9965
0.8869  -15.5599  -15.5599  -9.7595  -9.7595  -6.9255  -6.9255  -6.9255  -6.9255  -3.1578  -3.1578  -2.4269  -2.4269  2.6790  2.6790  3.4221  3.4221
0.9143  -15.4804  -15.4804  -9.9225  -9.9225  -6.9895  -6.9895  -6.9895  -6.9895  -3.2139  -3.2139  -2.5745  -2.5745  3.1651  3.1651  3.8577  3.8577
0.9418  -15.4138  -15.4138  -10.0540  -10.0540  -7.0397  -7.0397  -7.0397  -7.0397  -3.2523  -3.2523  -2.6990  -2.6990  3.6665  3.6665  4.3026  4.3026
0.9692  -15.3633  -15.3633  -10.1508  -10.1508  -7.0759  -7.0759  -7.0759  -7.0759  -3.2752  -3.2752  -2.7947  -2.7947  4.1790  4.1790  4.7552  4.7552
0.9967  -15.3317  -15.3317  -10.2101  -10.2101  -7.0976  -7.0976  -7.0976  -7.0976  -3.2862  -3.2862  -2.8557  -2.8557  4.6968  4.6968  5.2081  5.2081
1.0241  -15.3210  -15.3210  -10.2301  -10.2301  -7.1049  -7.1049  -7.1049  -7.1049  -3.2892  -3.2892  -2.8769  -2.8769  5.1235  5.1235  5.3594  5.3594
1.5462  -15.3205  -15.3205  -10.2221  -10.2221  -7.1772  -7.1772  -7.0927  -7.0927  -3.2249  -3.2249  -2.7867  -2.7867  4.6261  4.6261  4.8954  4.8954
1.5850  -15.3196  -15.3196  -10.1990  -10.1990  -7.3616  -7.3616  -7.0563  -7.0563  -3.1118  -3.1118  -2.4679  -2.4679  3.9789  3.9789  4.2791  4.2791
1.6238  -15.3207  -15.3207  -10.1635  -10.1635  -7.5918  -7.5918  -6.9965  -6.9965  -3.0064  -3.0064  -1.9279  -1.9279  3.3504  3.3504  3.6746  3.6746
1.6626  -15.3272  -15.3272  -10.1194  -10.1194  -7.8083  -7.8083  -6.9146  -6.9146  -2.8935  -2.8935  -1.2394  -1.2394  2.7560  2.7560  3.0981  3.0981
1.7014  -15.3436  -15.3436  -10.0700  -10.0700  -7.9700  -7.9700  -6.8126  -6.8126  -2.7652  -2.7652  -0.4566  -0.4566  2.2088  2.2088  2.5569  2.5569
1.7403  -15.3745  -15.3745  -10.0154  -10.0154  -8.0533  -8.0533  -6.6929  -6.6929  -2.6226  -2.6226  0.3546  0.3546  1.7521  1.7521  2.0583  2.0583
1.7791  -15.4236  -15.4236  -9.9489  -9.9489  -8.0501  -8.0501  -6.5589  -6.5589  -2.4730  -2.4730  0.8184  0.8184  1.5782  1.5782  1.7812  1.7812
1.8179  -15.4932  -15.4932  -9.8580  -9.8580  -7.9652  -7.9652  -6.4146  -6.4146  -2.3288  -2.3288  0.5675  0.5675  1.1983  1.1983  1.4758  1.4758
1.8567  -15.5829  -15.5829  -9.7286  -9.7286  -7.8110  -7.8110  -6.2647  -6.2647  -2.2100  -2.2100  0.2131  0.2131  0.8741  0.8741  1.1028  1.1028
1.8955  -15.6897  -15.6897  -9.5498  -9.5498  -7.6015  -7.6015  -6.1147  -6.1147  -2.1424  -2.1424  -0.1151  -0.1151  0.6386  0.6386  0.7655  0.7655
1.9343  -15.8089  -15.8089  -9.3156  -9.3156  -7.3502  -7.3502  -5.9700  -5.9700  -2.1511  -2.1511  -0.4006  -0.4006  0.4615  0.4615  0.5073  0.5073
1.9731  -15.9345  -15.9345  -9.0247  -9.0247  -7.0697  -7.0697  -5.8362  -5.8362  -2.2450  -2.2450  -0.6406  -0.6406  0.1886  0.1886  0.4708  0.4708
2.0119  -16.0602  -16.0602  -8.6787  -8.6787  -6.7722  -6.7722  -5.7177  -5.7177  -2.4132  -2.4132  -0.8333  -0.8333  -0.0541  -0.0541  0.4795  0.4795
2.0507  -16.1804  -16.1804  -8.2813  -8.2813  -6.4707  -6.4707  -5.6176  -5.6176  -2.6385  -2.6385  -0.9744  -0.9744  -0.2669  -0.2669  0.4462  0.4462
2.0895  -16.2899  -16.2899  -7.8373  -7.8373  -6.1796  -6.1796  -5.5373  -5.5373  -2.9120  -2.9120  -1.0584  -1.0584  -0.4491  -0.4491  0.2819  0.2819
2.1283  -16.3847  -16.3847  -7.3527  -7.3527  -5.9144  -5.9144  -5.4762  -5.4762  -3.2358  -3.2358  -1.0824  -1.0824  -0.5999  -0.5999  -0.0157  -0.0157
2.1671  -16.4616  -16.4616  -6.8350  -6.8350  -5.6908  -5.6908  -5.4325  -5.4325  -3.6176  -3.6176  -1.0500  -1.0500  -0.7182  -0.7182  -0.3513  -0.3513
2.2059  -16.5181  -16.5181  -6.2950  -6.2950  -5.5221  -5.5221  -5.4037  -5.4037  -4.0597  -4.0597  -0.9787  -0.9787  -0.8033  -0.8033  -0.6324  -0.6324
2.2447  -16.5527  -16.5527  -5.7553  -5.7553  -5.4177  -5.4177  -5.3876  -5.3876  -4.5433  -4.5433  -0.9042  -0.9042  -0.8546  -0.8546  -0.8112  -0.8112
2.2836  -16.5643  -16.5643  -5.3824  -5.3824  -5.3824  -5.3824  -5.3824  -5.3824  -4.8983  -4.8983  -0.8718  -0.8718  -0.8718  -0.8718  -0.8718  -0.8718
