0 -0.193711
0.0251327 -0.194364
0.0502655 -0.196321
0.0753982 -0.199576
0.100531 -0.204116
0.125664 -0.209925
0.150796 -0.216984
0.175929 -0.225266
0.201062 -0.234744
0.226195 -0.245383
0.251327 -0.257146
0.27646 -0.269992
0.301593 -0.283877
0.326726 -0.298752
0.351858 -0.314566
0.376991 -0.331263
0.402124 -0.348788
0.427257 -0.367079
0.452389 -0.386075
0.477522 -0.405712
0.502655 -0.425924
0.527788 -0.446643
0.55292 -0.467801
0.578053 -0.489328
0.603186 -0.511153
0.628319 -0.533208
0.653451 -0.555419
0.678584 -0.577719
0.703717 -0.600035
0.728849 -0.622299
0.753982 -0.644442
0.779115 -0.666398
0.804248 -0.6881
0.82938 -0.709485
0.854513 -0.73049
0.879646 -0.751056
0.904779 -0.771125
0.929911 -0.790641
0.955044 -0.809553
0.980177 -0.82781
1.00531 -0.845365
1.03044 -0.862175
1.05558 -0.8782
1.08071 -0.893401
1.10584 -0.907746
1.13097 -0.921202
1.15611 -0.933744
1.18124 -0.945346
1.20637 -0.955989
1.2315 -0.965656
1.25664 -0.974334
1.28177 -0.982011
1.3069 -0.988682
1.33204 -0.994342
1.35717 -0.998992
1.3823 -1.00263
1.40743 -1.00527
1.43257 -1.00692
1.4577 -1.00758
1.48283 -1.00728
1.50796 -1.00602
1.5331 -1.00383
1.55823 -1.00073
1.58336 -0.996745
1.6085 -0.991894
1.63363 -0.986207
1.65876 -0.979713
1.68389 -0.972442
1.70903 -0.964425
1.73416 -0.955695
1.75929 -0.946286
1.78442 -0.936231
1.80956 -0.925567
1.83469 -0.914327
1.85982 -0.90255
1.88496 -0.89027
1.91009 -0.877524
1.93522 -0.864348
1.96035 -0.850779
1.98549 -0.836852
2.01062 -0.822603
2.03575 -0.808066
2.06088 -0.793277
2.08602 -0.778268
2.11115 -0.763073
2.13628 -0.747724
2.16142 -0.732252
2.18655 -0.716687
2.21168 -0.701058
2.23681 -0.685393
2.26195 -0.669719
2.28708 -0.654062
2.31221 -0.638447
2.33734 -0.622896
2.36248 -0.607431
2.38761 -0.592074
2.41274 -0.576843
2.43788 -0.561758
2.46301 -0.546835
2.48814 -0.53209
2.51327 -0.517538
2.53841 -0.503191
2.56354 -0.489063
2.58867 -0.475163
2.61381 -0.461503
2.63894 -0.44809
2.66407 -0.434933
2.6892 -0.422038
2.71434 -0.409411
2.73947 -0.397056
2.7646 -0.384978
2.78973 -0.37318
2.81487 -0.361663
2.84 -0.35043
2.86513 -0.33948
2.89027 -0.328814
2.9154 -0.318431
2.94053 -0.30833
2.96566 -0.298509
2.9908 -0.288966
3.01593 -0.279697
3.04106 -0.2707
3.06619 -0.261971
3.09133 -0.253506
3.11646 -0.245301
3.14159 -0.23735
3.16673 -0.22965
3.19186 -0.222195
3.21699 -0.214979
3.24212 -0.207998
3.26726 -0.201246
3.29239 -0.194716
3.31752 -0.188404
3.34265 -0.182303
3.36779 -0.176408
3.39292 -0.170713
3.41805 -0.165212
3.44319 -0.159898
3.46832 -0.154767
3.49345 -0.149813
3.51858 -0.145029
3.54372 -0.14041
3.56885 -0.135952
3.59398 -0.131647
3.61911 -0.127491
3.64425 -0.12348
3.66938 -0.119606
3.69451 -0.115867
3.71965 -0.112256
3.74478 -0.10877
3.76991 -0.105403
3.79504 -0.102152
3.82018 -0.0990111
3.84531 -0.0959773
3.87044 -0.0930463
3.89557 -0.0902142
3.92071 -0.0874772
3.94584 -0.0848319
3.97097 -0.0822747
3.99611 -0.0798024
4.02124 -0.0774116
4.04637 -0.0750994
4.0715 -0.0728627
4.09664 -0.0706989
4.12177 -0.068605
4.1469 -0.0665787
4.17204 -0.0646172
4.19717 -0.0627184
4.2223 -0.0608798
4.24743 -0.0590992
4.27257 -0.0573747
4.2977 -0.0557041
4.32283 -0.0540856
4.34796 -0.0525173
4.3731 -0.0509974
4.39823 -0.0495243
4.42336 -0.0480963
4.4485 -0.0467119
4.47363 -0.0453695
4.49876 -0.0440678
4.52389 -0.0428053
4.54903 -0.0415808
4.57416 -0.040393
4.59929 -0.0392407
4.62442 -0.0381227
4.64956 -0.0370379
4.67469 -0.0359851
4.69982 -0.0349634
4.72496 -0.0339718
4.75009 -0.0330093
4.77522 -0.032075
4.80035 -0.0311679
4.82549 -0.0302873
4.85062 -0.0294322
4.87575 -0.0286019
4.90088 -0.0277956
4.92602 -0.0270126
4.95115 -0.0262522
4.97628 -0.0255135
5.00142 -0.0247961
5.02655 -0.0240992
5.05168 -0.0234223
5.07681 -0.0227646
5.10195 -0.0221257
5.12708 -0.021505
5.15221 -0.020902
5.17734 -0.020316
5.20248 -0.0197467
5.22761 -0.0191936
5.25274 -0.0186561
5.27788 -0.0181338
5.30301 -0.0176263
5.32814 -0.0171332
5.35327 -0.016654
5.37841 -0.0161884
5.40354 -0.015736
5.42867 -0.0152964
5.4538 -0.0148692
5.47894 -0.0144542
5.50407 -0.0140509
5.5292 -0.0136591
5.55434 -0.0132784
5.57947 -0.0129086
5.6046 -0.0125492
5.62973 -0.0122001
5.65487 -0.0118609
5.68 -0.0115315
5.70513 -0.0112114
5.73027 -0.0109004
5.7554 -0.0105983
5.78053 -0.0103049
5.80566 -0.0100198
5.8308 -0.00974286
5.85593 -0.00947383
5.88106 -0.00921248
5.90619 -0.00895859
5.93133 -0.00871192
5.95646 -0.00847228
5.98159 -0.00823945
6.00673 -0.00801323
6.03186 -0.00779341
6.05699 -0.00757981
6.08212 -0.00737224
6.10726 -0.00717052
6.13239 -0.00697446
6.15752 -0.00678389
6.18265 -0.00659865
6.20779 -0.00641857
6.23292 -0.0062435
6.25805 -0.00607329
6.28319 -0.00590777
6.30832 -0.00574683
6.33345 -0.00559031
6.35858 -0.00543809
6.38372 -0.00529004
6.40885 -0.00514604
6.43398 -0.00500597
6.45911 -0.00486972
6.48425 -0.00473718
6.50938 -0.00460825
6.53451 -0.00448283
6.55965 -0.00436082
6.58478 -0.00424213
6.60991 -0.00412667
6.63504 -0.00401437
6.66018 -0.00390513
6.68531 -0.00379887
6.71044 -0.00369553
6.73557 -0.00359503
6.76071 -0.00349729
6.78584 -0.00340225
6.81097 -0.00330984
6.83611 -0.00321999
6.86124 -0.00313265
6.88637 -0.00304774
6.9115 -0.0029652
6.93664 -0.00288498
6.96177 -0.00280701
6.9869 -0.00273123
7.01203 -0.00265759
7.03717 -0.00258603
7.0623 -0.00251649
7.08743 -0.00244891
7.11257 -0.00238324
7.1377 -0.00231942
7.16283 -0.00225741
7.18796 -0.00219713
7.2131 -0.00213855
7.23823 -0.0020816
7.26336 -0.00202624
7.28849 -0.00197242
7.31363 -0.00192009
7.33876 -0.00186919
7.36389 -0.00181968
7.38903 -0.00177152
7.41416 -0.00172465
7.43929 -0.00167905
7.46442 -0.00163466
7.48956 -0.00159144
7.51469 -0.00154936
7.53982 -0.00150838
7.56496 -0.00146847
7.59009 -0.00142959
7.61522 -0.0013917
7.64035 -0.00135479
7.66549 -0.00131882
7.69062 -0.00128377
7.71575 -0.0012496
7.74088 -0.00121631
7.76602 -0.00118386
7.79115 -0.00115223
7.81628 -0.00112141
7.84142 -0.00109138
7.86655 -0.00106213
7.89168 -0.00103363
7.91681 -0.00100587
7.94195 -0.000978833
7.96708 -0.000952515
7.99221 -0.000926897
8.01734 -0.000901967
8.04248 -0.000877714
8.06761 -0.000854123
8.09274 -0.000831185
8.11788 -0.000808886
8.14301 -0.000787214
8.16814 -0.000766156
8.19327 -0.000745701
8.21841 -0.000725834
8.24354 -0.000706543
8.26867 -0.000687813
8.2938 -0.000669631
8.31894 -0.000651982
8.34407 -0.000634851
8.3692 -0.000618223
8.39434 -0.000602082
8.41947 -0.000586413
8.4446 -0.000571199
8.46973 -0.000556425
8.49487 -0.000542074
8.52 -0.000528131
8.54513 -0.000514578
8.57026 -0.0005014
8.5954 -0.000488582
8.62053 -0.000476108
8.64566 -0.000463962
8.6708 -0.000452132
8.69593 -0.000440602
8.72106 -0.00042936
8.74619 -0.000418393
8.77133 -0.00040769
8.79646 -0.000397239
8.82159 -0.00038703
8.84672 -0.000377054
8.87186 -0.000367303
8.89699 -0.000357769
8.92212 -0.000348445
8.94726 -0.000339327
8.97239 -0.000330408
8.99752 -0.000321684
9.02265 -0.000313153
9.04779 -0.000304811
9.07292 -0.000296657
9.09805 -0.000288688
9.12319 -0.000280904
9.14832 -0.000273304
9.17345 -0.000265888
9.19858 -0.000258655
9.22372 -0.000251606
9.24885 -0.00024474
9.27398 -0.000238058
9.29911 -0.00023156
9.32425 -0.000225245
9.34938 -0.000219113
9.37451 -0.000213163
9.39965 -0.000207394
9.42478 -0.000201806
9.44991 -0.000196395
9.47504 -0.000191159
9.50018 -0.000186096
9.52531 -0.000181202
9.55044 -0.000176473
9.57557 -0.000171906
9.60071 -0.000167494
9.62584 -0.000163233
9.65097 -0.000159117
9.67611 -0.00015514
9.70124 -0.000151296
9.72637 -0.000147578
9.7515 -0.000143979
9.77664 -0.000140493
9.80177 -0.000137112
9.8269 -0.000133828
9.85203 -0.000130637
9.87717 -0.000127529
9.9023 -0.0001245
9.92743 -0.000121542
9.95257 -0.000118649
9.9777 -0.000115816
10.0028 -0.000113038
10.028 -0.00011031
10.0531 -0.000107627
10.0782 -0.000104987
10.1034 -0.000102385
10.1285 -9.982e-05
10.1536 -9.72892e-05
10.1788 -9.47916e-05
10.2039 -9.23263e-05
10.229 -8.9893e-05
10.2542 -8.74919e-05
10.2793 -8.51239e-05
10.3044 -8.279e-05
10.3296 -8.04918e-05
10.3547 -7.82312e-05
10.3798 -7.60104e-05
10.405 -7.38317e-05
10.4301 -7.16976e-05
10.4552 -6.96109e-05
10.4804 -6.75741e-05
10.5055 -6.55899e-05
10.5306 -6.36608e-05
10.5558 -6.17892e-05
10.5809 -5.99771e-05
10.606 -5.82266e-05
10.6311 -5.65392e-05
10.6563 -5.49161e-05
10.6814 -5.33581e-05
10.7065 -5.18658e-05
10.7317 -5.0439e-05
10.7568 -4.90774e-05
10.7819 -4.77801e-05
10.8071 -4.65457e-05
10.8322 -4.53726e-05
10.8573 -4.42584e-05
10.8825 -4.32006e-05
10.9076 -4.21964e-05
10.9327 -4.12424e-05
10.9579 -4.0335e-05
10.983 -3.94706e-05
11.0081 -3.86451e-05
11.0333 -3.78544e-05
11.0584 -3.70943e-05
11.0835 -3.63607e-05
11.1087 -3.56492e-05
11.1338 -3.49559e-05
11.1589 -3.42768e-05
11.1841 -3.3608e-05
11.2092 -3.29461e-05
11.2343 -3.22878e-05
11.2595 -3.16302e-05
11.2846 -3.09708e-05
11.3097 -3.03073e-05
11.3349 -2.96379e-05
11.36 -2.89614e-05
11.3851 -2.82769e-05
11.4103 -2.75838e-05
11.4354 -2.6882e-05
11.4605 -2.61721e-05
11.4857 -2.54548e-05
11.5108 -2.47312e-05
11.5359 -2.40029e-05
11.5611 -2.32717e-05
11.5862 -2.25397e-05
11.6113 -2.18094e-05
11.6365 -2.10832e-05
11.6616 -2.03639e-05
11.6867 -1.96542e-05
11.7119 -1.89571e-05
11.737 -1.82753e-05
11.7621 -1.76116e-05
11.7873 -1.69686e-05
11.8124 -1.6349e-05
11.8375 -1.5755e-05
11.8627 -1.51887e-05
11.8878 -1.46518e-05
11.9129 -1.4146e-05
11.9381 -1.36724e-05
11.9632 -1.32318e-05
11.9883 -1.28247e-05
12.0135 -1.24511e-05
12.0386 -1.21108e-05
12.0637 -1.1803e-05
12.0888 -1.15269e-05
12.114 -1.1281e-05
12.1391 -1.10635e-05
12.1642 -1.08726e-05
12.1894 -1.07059e-05
12.2145 -1.05609e-05
12.2396 -1.04349e-05
12.2648 -1.03251e-05
12.2899 -1.02285e-05
12.315 -1.0142e-05
12.3402 -1.00625e-05
12.3653 -9.98711e-06
12.3904 -9.91273e-06
12.4156 -9.83654e-06
12.4407 -9.75583e-06
12.4658 -9.66808e-06
12.491 -9.571e-06
12.5161 -9.46257e-06
12.5412 -9.34105e-06
12.5664 -9.20501e-06
12.5915 -9.05335e-06
12.6166 -8.88532e-06
12.6418 -8.70051e-06
12.6669 -8.49886e-06
12.692 -8.28066e-06
12.7172 -8.04653e-06
12.7423 -7.79743e-06
12.7674 -7.53461e-06
12.7926 -7.25959e-06
12.8177 -6.97417e-06
12.8428 -6.68034e-06
12.868 -6.3803e-06
12.8931 -6.07636e-06
12.9182 -5.77099e-06
12.9434 -5.46667e-06
12.9685 -5.16595e-06
12.9936 -4.87133e-06
13.0188 -4.58526e-06
13.0439 -4.31011e-06
13.069 -4.0481e-06
13.0942 -3.80126e-06
13.1193 -3.57144e-06
13.1444 -3.36026e-06
13.1696 -3.16906e-06
13.1947 -2.99892e-06
13.2198 -2.8506e-06
13.245 -2.72459e-06
13.2701 -2.62104e-06
13.2952 -2.53979e-06
13.3204 -2.48038e-06
13.3455 -2.44204e-06
13.3706 -2.42371e-06
13.3958 -2.42406e-06
13.4209 -2.44152e-06
13.446 -2.47428e-06
13.4711 -2.52035e-06
13.4963 -2.57759e-06
13.5214 -2.64369e-06
13.5465 -2.7163e-06
13.5717 -2.79298e-06
13.5968 -2.87129e-06
13.6219 -2.9488e-06
13.6471 -3.02316e-06
13.6722 -3.0921e-06
13.6973 -3.15348e-06
13.7225 -3.20532e-06
13.7476 -3.24585e-06
13.7727 -3.27349e-06
13.7979 -3.28693e-06
13.823 -3.28509e-06
13.8481 -3.26718e-06
13.8733 -3.23269e-06
13.8984 -3.18141e-06
13.9235 -3.1134e-06
13.9487 -3.029e-06
13.9738 -2.92887e-06
13.9989 -2.81389e-06
14.0241 -2.68521e-06
14.0492 -2.5442e-06
14.0743 -2.39245e-06
14.0995 -2.23171e-06
14.1246 -2.06388e-06
14.1497 -1.891e-06
14.1749 -1.71516e-06
14.2 -1.53852e-06
14.2251 -1.36324e-06
14.2503 -1.19149e-06
14.2754 -1.02534e-06
14.3005 -8.66808e-07
14.3257 -7.1778e-07
14.3508 -5.79994e-07
14.3759 -4.55011e-07
14.4011 -3.44195e-07
14.4262 -2.4869e-07
14.4513 -1.69401e-07
14.4765 -1.06984e-07
14.5016 -6.18392e-08
14.5267 -3.40984e-08
14.5519 -2.36318e-08
14.577 -3.00479e-08
14.6021 -5.27021e-08
14.6273 -9.07081e-08
14.6524 -1.42954e-07
14.6775 -2.08118e-07
14.7027 -2.84697e-07
14.7278 -3.71023e-07
14.7529 -4.65298e-07
14.7781 -5.65616e-07
14.8032 -6.69999e-07
14.8283 -7.76428e-07
14.8535 -8.8287e-07
14.8786 -9.87316e-07
14.9037 -1.08781e-06
14.9288 -1.18248e-06
14.954 -1.26956e-06
14.9791 -1.34743e-06
15.0042 -1.41463e-06
15.0294 -1.46989e-06
15.0545 -1.51214e-06
15.0796 -1.54052e-06
15.1048 -1.55443e-06
15.1299 -1.55348e-06
15.155 -1.53753e-06
15.1802 -1.50669e-06
15.2053 -1.46132e-06
15.2304 -1.40199e-06
15.2556 -1.32951e-06
15.2807 -1.2449e-06
15.3058 -1.14935e-06
15.331 -1.04425e-06
15.3561 -9.31105e-07
15.3812 -8.11574e-07
15.4064 -6.87391e-07
15.4315 -5.60365e-07
15.4566 -4.3234e-07
15.4818 -3.05171e-07
15.5069 -1.80691e-07
15.532 -6.06843e-08
15.5572 5.31437e-08
15.5823 1.59191e-07
15.6074 2.55985e-07
15.6326 3.42204e-07
15.6577 4.167e-07
15.6828 4.7851e-07
15.708 5.26876e-07
15.7331 5.61255e-07
15.7582 5.81323e-07
15.7834 5.86981e-07
15.8085 5.78355e-07
15.8336 5.55793e-07
15.8588 5.19859e-07
15.8839 4.71321e-07
15.909 4.11137e-07
15.9342 3.40442e-07
15.9593 2.60527e-07
15.9844 1.72819e-07
16.0096 7.88543e-08
16.0347 -1.9742e-08
16.0598 -1.21285e-07
16.085 -2.24054e-07
16.1101 -3.26326e-07
16.1352 -4.26394e-07
16.1604 -5.22601e-07
16.1855 -6.13362e-07
16.2106 -6.97192e-07
16.2358 -7.72724e-07
16.2609 -8.38733e-07
16.286 -8.94156e-07
16.3111 -9.38102e-07
16.3363 -9.69871e-07
16.3614 -9.88961e-07
16.3865 -9.95075e-07
16.4117 -9.88125e-07
16.4368 -9.68229e-07
16.4619 -9.35715e-07
16.4871 -8.91106e-07
16.5122 -8.35116e-07
16.5373 -7.68638e-07
16.5625 -6.92723e-07
16.5876 -6.08569e-07
16.6127 -5.17498e-07
16.6379 -4.20936e-07
16.663 -3.20386e-07
16.6881 -2.17408e-07
16.7133 -1.13593e-07
16.7384 -1.05375e-08
16.7635 9.01841e-08
16.7887 1.87041e-07
16.8138 2.7857e-07
16.8389 3.63403e-07
16.8641 4.4028e-07
16.8892 5.08076e-07
16.9143 5.65814e-07
16.9395 6.1268e-07
16.9646 6.48036e-07
16.9897 6.71428e-07
17.0149 6.82593e-07
17.04 6.81462e-07
17.0651 6.68159e-07
17.0903 6.42998e-07
17.1154 6.06479e-07
17.1405 5.59277e-07
17.1657 5.02232e-07
17.1908 4.36331e-07
17.2159 3.62697e-07
17.2411 2.82568e-07
17.2662 1.97275e-07
17.2913 1.08224e-07
17.3165 1.68704e-08
17.3416 -7.53022e-08
17.3667 -1.66807e-07
17.3919 -2.56175e-07
17.417 -3.41983e-07
17.4421 -4.22871e-07
17.4673 -4.97563e-07
17.4924 -5.64893e-07
17.5175 -6.23813e-07
17.5427 -6.7342e-07
17.5678 -7.12958e-07
17.5929 -7.4184e-07
17.6181 -7.59646e-07
17.6432 -7.66138e-07
17.6683 -7.61256e-07
17.6934 -7.45121e-07
17.7186 -7.18032e-07
17.7437 -6.80459e-07
17.7688 -6.33035e-07
17.794 -5.76547e-07
17.8191 -5.1192e-07
17.8442 -4.40202e-07
17.8694 -3.62551e-07
17.8945 -2.80208e-07
17.9196 -1.94486e-07
17.9448 -1.06741e-07
17.9699 -1.83554e-08
17.995 6.92845e-08
18.0202 1.54813e-07
18.0453 2.36904e-07
18.0704 3.14293e-07
18.0956 3.85795e-07
18.1207 4.50327e-07
18.1458 5.06919e-07
18.171 5.54731e-07
18.1961 5.93067e-07
18.2212 6.21385e-07
18.2464 6.39302e-07
18.2715 6.46602e-07
18.2966 6.43237e-07
18.3218 6.29326e-07
18.3469 6.05157e-07
18.372 5.71176e-07
18.3972 5.2798e-07
18.4223 4.7631e-07
18.4474 4.17037e-07
18.4726 3.51145e-07
18.4977 2.79718e-07
18.5228 2.03922e-07
18.548 1.24985e-07
18.5731 4.41784e-08
18.5982 -3.7205e-08
18.6234 -1.17869e-07
18.6485 -1.96538e-07
18.6736 -2.71971e-07
18.6988 -3.42988e-07
18.7239 -4.08485e-07
18.749 -4.67448e-07
18.7742 -5.18976e-07
18.7993 -5.62287e-07
18.8244 -5.96734e-07
18.8496 -6.21813e-07
18.8747 -6.37172e-07
18.8998 -6.42612e-07
18.925 -6.38095e-07
18.9501 -6.23736e-07
18.9752 -5.9981e-07
19.0004 -5.66737e-07
19.0255 -5.25083e-07
19.0506 -4.75543e-07
19.0758 -4.18937e-07
19.1009 -3.5619e-07
19.126 -2.88319e-07
19.1511 -2.16417e-07
19.1763 -1.41636e-07
19.2014 -6.51672e-08
19.2265 1.1778e-08
19.2517 8.79864e-08
19.2768 1.62263e-07
19.3019 2.33448e-07
19.3271 3.00438e-07
19.3522 3.622e-07
19.3773 4.1779e-07
19.4025 4.66364e-07
19.4276 5.07195e-07
19.4527 5.39681e-07
19.4779 5.63355e-07
19.503 5.77889e-07
19.5281 5.83104e-07
19.5533 5.78968e-07
19.5784 5.65596e-07
19.6035 5.43248e-07
19.6287 5.12324e-07
19.6538 4.73358e-07
19.6789 4.27009e-07
19.7041 3.74047e-07
19.7292 3.15344e-07
19.7543 2.51857e-07
19.7795 1.84614e-07
19.8046 1.14699e-07
19.8297 4.32289e-08
19.8549 -2.8657e-08
19.88 -9.98202e-08
19.9051 -1.69139e-07
19.9303 -2.35527e-07
19.9554 -2.97948e-07
19.9805 -3.55435e-07
20.0057 -4.07102e-07
20.0308 -4.52163e-07
20.0559 -4.89934e-07
20.0811 -5.19856e-07
20.1062 -5.41492e-07
20.1313 -5.5454e-07
20.1565 -5.58833e-07
20.1816 -5.54346e-07
20.2067 -5.41191e-07
20.2319 -5.19616e-07
20.257 -4.90001e-07
20.2821 -4.5285e-07
20.3073 -4.08786e-07
20.3324 -3.58536e-07
20.3575 -3.02922e-07
20.3827 -2.42845e-07
20.4078 -1.79275e-07
20.4329 -1.13229e-07
20.4581 -4.57616e-08
20.4832 2.20576e-08
20.5083 8.91578e-08
20.5334 1.54485e-07
20.5586 2.17017e-07
20.5837 2.75782e-07
20.6088 3.29873e-07
20.634 3.78457e-07
20.6591 4.20798e-07
20.6842 4.56256e-07
20.7094 4.84306e-07
20.7345 5.04542e-07
20.7596 5.16683e-07
20.7848 5.20576e-07
20.8099 5.16199e-07
20.835 5.03662e-07
20.8602 4.83202e-07
20.8853 4.55181e-07
20.9104 4.20076e-07
20.9356 3.78475e-07
20.9607 3.31067e-07
20.9858 2.78628e-07
21.011 2.22009e-07
21.0361 1.62123e-07
21.0612 9.99328e-08
21.0864 3.64296e-08
21.1115 -2.73774e-08
21.1366 -9.04796e-08
21.1618 -1.51884e-07
21.1869 -2.10629e-07
21.212 -2.658e-07
21.2372 -3.16541e-07
21.2623 -3.62074e-07
21.2874 -4.01703e-07
21.3126 -4.34829e-07
21.3377 -4.60959e-07
21.3628 -4.79714e-07
21.388 -4.90831e-07
21.4131 -4.94169e-07
21.4382 -4.8971e-07
21.4634 -4.77562e-07
21.4885 -4.57949e-07
21.5136 -4.31216e-07
21.5388 -3.97817e-07
21.5639 -3.58308e-07
21.589 -3.13341e-07
21.6142 -2.63649e-07
21.6393 -2.10037e-07
21.6644 -1.5337e-07
21.6896 -9.45534e-08
21.7147 -3.45259e-08
21.7398 2.57608e-08
21.765 8.53548e-08
21.7901 1.43319e-07
21.8152 1.98748e-07
21.8404 2.50778e-07
21.8655 2.98604e-07
21.8906 3.41491e-07
21.9158 3.78785e-07
21.9409 4.09923e-07
21.966 4.34442e-07
21.9911 4.51985e-07
22.0163 4.62307e-07
22.0414 4.65278e-07
22.0665 4.60884e-07
22.0917 4.49228e-07
22.1168 4.30526e-07
22.1419 4.05105e-07
22.1671 3.73396e-07
22.1922 3.35928e-07
22.2173 2.93317e-07
22.2425 2.46258e-07
22.2676 1.95514e-07
22.2927 1.41903e-07
22.3179 8.62813e-08
22.343 2.95368e-08
22.3681 -2.74307e-08
22.3933 -8.37215e-08
22.4184 -1.3845e-07
22.4435 -1.90761e-07
22.4687 -2.39838e-07
22.4938 -2.84923e-07
22.5189 -3.2532e-07
22.5441 -3.60414e-07
22.5692 -3.89674e-07
22.5943 -4.12664e-07
22.6195 -4.29048e-07
22.6446 -4.38597e-07
22.6697 -4.41191e-07
22.6949 -4.36817e-07
22.72 -4.25575e-07
22.7451 -4.07674e-07
22.7703 -3.83422e-07
22.7954 -3.53232e-07
22.8205 -3.17603e-07
22.8457 -2.77123e-07
22.8708 -2.3245e-07
22.8959 -1.84306e-07
22.9211 -1.33466e-07
22.9462 -8.07438e-08
22.9713 -2.69782e-08
22.9965 2.69783e-08
23.0216 8.02738e-08
23.0467 1.32071e-07
23.0719 1.81559e-07
23.097 2.27968e-07
23.1221 2.70578e-07
23.1473 3.08735e-07
23.1724 3.41855e-07
23.1975 3.69438e-07
23.2227 3.91073e-07
23.2478 4.06443e-07
23.2729 4.15333e-07
23.2981 4.17631e-07
23.3232 4.13328e-07
23.3483 4.0252e-07
23.3734 3.85405e-07
23.3986 3.6228e-07
23.4237 3.33536e-07
23.4488 2.99648e-07
23.474 2.61174e-07
23.4991 2.18739e-07
23.5242 1.7303e-07
23.5494 1.24781e-07
23.5745 7.47632e-08
23.5996 2.37738e-08
23.6248 -2.73794e-08
23.6499 -7.78889e-08
23.675 -1.26961e-07
23.7002 -1.73827e-07
23.7253 -2.17759e-07
23.7504 -2.58074e-07
23.7756 -2.94153e-07
23.8007 -3.25443e-07
23.8258 -3.51472e-07
23.851 -3.71851e-07
23.8761 -3.86282e-07
23.9012 -3.94561e-07
23.9264 -3.96585e-07
23.9515 -3.92346e-07
23.9766 -3.81937e-07
24.0018 -3.65549e-07
24.0269 -3.43463e-07
24.052 -3.16052e-07
24.0772 -2.8377e-07
24.1023 -2.47146e-07
24.1274 -2.06775e-07
24.1526 -1.63309e-07
24.1777 -1.17446e-07
24.2028 -6.99201e-08
24.228 -2.14861e-08
24.2531 2.70881e-08
24.2782 7.5036e-08
24.3034 1.21604e-07
24.3285 1.66064e-07
24.3536 2.07723e-07
24.3788 2.45936e-07
24.4039 2.80113e-07
24.429 3.09734e-07
24.4542 3.34348e-07
24.4793 3.53589e-07
24.5044 3.67175e-07
24.5296 3.74913e-07
24.5547 3.76707e-07
24.5798 3.72552e-07
24.605 3.62536e-07
24.6301 3.46843e-07
24.6552 3.25741e-07
24.6804 2.99586e-07
24.7055 2.6881e-07
24.7306 2.33917e-07
24.7558 1.95473e-07
24.7809 1.541e-07
24.806 1.10461e-07
24.8311 6.5253e-08
24.8563 1.91954e-08
24.8814 -2.69823e-08
24.9065 -7.25515e-08
24.9317 -1.16796e-07
24.9568 -1.59024e-07
24.9819 -1.98577e-07
25.0071 -2.34842e-07
25.0322 -2.67261e-07
25.0573 -2.95337e-07
25.0825 -3.18646e-07
25.1076 -3.36838e-07
25.1327 -3.49646e-07
25.1579 -3.56891e-07
25.183 -3.58479e-07
25.2081 -3.54409e-07
25.2333 -3.44766e-07
25.2584 -3.29724e-07
25.2835 -3.09541e-07
25.3087 -2.84557e-07
25.3338 -2.55183e-07
25.3589 -2.219e-07
25.3841 -1.85248e-07
25.4092 -1.45818e-07
25.4343 -1.04243e-07
25.4595 -6.11853e-08
25.4846 -1.73308e-08
25.5097 2.66263e-08
25.5349 6.99927e-08
25.56 1.12087e-07
25.5851 1.5225e-07
25.6103 1.89857e-07
25.6354 2.24325e-07
25.6605 2.55121e-07
25.6857 2.81776e-07
25.7108 3.03884e-07
