0 0.261434
0.0251327 0.26125
0.0502655 0.260697
0.0753982 0.259777
0.100531 0.25849
0.125664 0.256838
0.150796 0.254824
0.175929 0.25245
0.201062 0.24972
0.226195 0.246637
0.251327 0.243205
0.27646 0.239429
0.301593 0.235314
0.326726 0.230865
0.351858 0.226089
0.376991 0.220992
0.402124 0.215581
0.427257 0.209863
0.452389 0.203845
0.477522 0.197536
0.502655 0.190944
0.527788 0.184078
0.55292 0.176946
0.578053 0.169559
0.603186 0.161926
0.628319 0.154057
0.653451 0.145962
0.678584 0.137652
0.703717 0.129138
0.728849 0.120431
0.753982 0.111542
0.779115 0.102483
0.804248 0.0932646
0.82938 0.0838995
0.854513 0.0743995
0.879646 0.0647766
0.904779 0.055043
0.929911 0.045211
0.955044 0.0352929
0.980177 0.0253011
1.00531 0.0152481
1.03044 0.00514619
1.05558 -0.00499212
1.08071 -0.0151544
1.10584 -0.0253284
1.13097 -0.0355018
1.15611 -0.0456624
1.18124 -0.055798
1.20637 -0.0658967
1.2315 -0.0759466
1.25664 -0.085936
1.28177 -0.0958533
1.3069 -0.105687
1.33204 -0.115426
1.35717 -0.12506
1.3823 -0.134578
1.40743 -0.143968
1.43257 -0.153222
1.4577 -0.162329
1.48283 -0.171279
1.50796 -0.180063
1.5331 -0.188671
1.55823 -0.197096
1.58336 -0.205329
1.6085 -0.213361
1.63363 -0.221184
1.65876 -0.228792
1.68389 -0.236177
1.70903 -0.243333
1.73416 -0.250252
1.75929 -0.25693
1.78442 -0.26336
1.80956 -0.269538
1.83469 -0.275459
1.85982 -0.281117
1.88496 -0.28651
1.91009 -0.291633
1.93522 -0.296484
1.96035 -0.301059
1.98549 -0.305356
2.01062 -0.309373
2.03575 -0.313108
2.06088 -0.31656
2.08602 -0.319729
2.11115 -0.322614
2.13628 -0.325214
2.16142 -0.32753
2.18655 -0.329562
2.21168 -0.331312
2.23681 -0.332781
2.26195 -0.333971
2.28708 -0.334883
2.31221 -0.335521
2.33734 -0.335886
2.36248 -0.335982
2.38761 -0.335812
2.41274 -0.33538
2.43788 -0.33469
2.46301 -0.333746
2.48814 -0.332552
2.51327 -0.331114
2.53841 -0.329436
2.56354 -0.327523
2.58867 -0.325381
2.61381 -0.323016
2.63894 -0.320434
2.66407 -0.31764
2.6892 -0.314641
2.71434 -0.311444
2.73947 -0.308054
2.7646 -0.304479
2.78973 -0.300725
2.81487 -0.2968
2.84 -0.29271
2.86513 -0.288463
2.89027 -0.284065
2.9154 -0.279525
2.94053 -0.27485
2.96566 -0.270046
2.9908 -0.265122
3.01593 -0.260085
3.04106 -0.254943
3.06619 -0.249702
3.09133 -0.244371
3.11646 -0.238957
3.14159 -0.233467
3.16673 -0.227909
3.19186 -0.222289
3.21699 -0.216616
3.24212 -0.210897
3.26726 -0.205138
3.29239 -0.199347
3.31752 -0.19353
3.34265 -0.187695
3.36779 -0.181848
3.39292 -0.175995
3.41805 -0.170144
3.44319 -0.1643
3.46832 -0.15847
3.49345 -0.152659
3.51858 -0.146874
3.54372 -0.14112
3.56885 -0.135403
3.59398 -0.129728
3.61911 -0.124101
3.64425 -0.118525
3.66938 -0.113008
3.69451 -0.107552
3.71965 -0.102163
3.74478 -0.0968441
3.76991 -0.0916004
3.79504 -0.0864355
3.82018 -0.081353
3.84531 -0.0763566
3.87044 -0.0714494
3.89557 -0.0666348
3.92071 -0.0619156
3.94584 -0.0572945
3.97097 -0.0527741
3.99611 -0.0483568
4.02124 -0.0440447
4.04637 -0.0398398
4.0715 -0.0357438
4.09664 -0.0317584
4.12177 -0.027885
4.1469 -0.0241248
4.17204 -0.0204788
4.19717 -0.016948
4.2223 -0.0135329
4.24743 -0.0102342
4.27257 -0.00705213
4.2977 -0.00398697
4.32283 -0.00103874
4.34796 0.00179269
4.3731 0.00450758
4.39823 0.00710636
4.42336 0.00958958
4.4485 0.0119579
4.47363 0.0142123
4.49876 0.0163535
4.52389 0.0183827
4.54903 0.0203012
4.57416 0.0221101
4.59929 0.023811
4.62442 0.0254053
4.64956 0.0268947
4.67469 0.0282809
4.69982 0.0295657
4.72496 0.0307509
4.75009 0.0318386
4.77522 0.0328308
4.80035 0.0337295
4.82549 0.0345369
4.85062 0.0352553
4.87575 0.035887
4.90088 0.0364342
4.92602 0.0368993
4.95115 0.0372847
4.97628 0.0375929
5.00142 0.0378263
5.02655 0.0379874
5.05168 0.0380787
5.07681 0.0381028
5.10195 0.0380621
5.12708 0.0379593
5.15221 0.0377968
5.17734 0.0375773
5.20248 0.0373032
5.22761 0.0369771
5.25274 0.0366015
5.27788 0.0361789
5.30301 0.0357118
5.32814 0.0352027
5.35327 0.034654
5.37841 0.0340681
5.40354 0.0334474
5.42867 0.0327943
5.4538 0.0321111
5.47894 0.0314
5.50407 0.0306633
5.5292 0.0299032
5.55434 0.0291218
5.57947 0.0283213
5.6046 0.0275037
5.62973 0.026671
5.65487 0.0258252
5.68 0.0249682
5.70513 0.0241018
5.73027 0.0232279
5.7554 0.0223481
5.78053 0.0214642
5.80566 0.0205779
5.8308 0.0196906
5.85593 0.018804
5.88106 0.0179194
5.90619 0.0170383
5.93133 0.016162
5.95646 0.0152919
5.98159 0.014429
6.00673 0.0135747
6.03186 0.01273
6.05699 0.011896
6.08212 0.0110737
6.10726 0.010264
6.13239 0.0094678
6.15752 0.00868594
6.18265 0.00791918
6.20779 0.00716825
6.23292 0.00643381
6.25805 0.00571648
6.28319 0.00501682
6.30832 0.00433535
6.33345 0.00367252
6.35858 0.00302875
6.38372 0.0024044
6.40885 0.0017998
6.43398 0.00121522
6.45911 0.000650885
6.48425 0.000106989
6.50938 -0.000416322
6.53451 -0.000918942
6.55965 -0.0014008
6.58478 -0.00186187
6.60991 -0.00230216
6.63504 -0.00272171
6.66018 -0.00312058
6.68531 -0.0034989
6.71044 -0.00385679
6.73557 -0.00419441
6.76071 -0.00451197
6.78584 -0.00480969
6.81097 -0.0050878
6.83611 -0.00534658
6.86124 -0.00558633
6.88637 -0.00580735
6.9115 -0.00600997
6.93664 -0.00619456
6.96177 -0.00636147
6.9869 -0.00651109
7.01203 -0.00664383
7.03717 -0.00676009
7.0623 -0.0068603
7.08743 -0.0069449
7.11257 -0.00701433
7.1377 -0.00706905
7.16283 -0.00710952
7.18796 -0.00713622
7.2131 -0.00714961
7.23823 -0.00715018
7.26336 -0.00713841
7.28849 -0.00711478
7.31363 -0.0070798
7.33876 -0.00703393
7.36389 -0.00697768
7.38903 -0.00691154
7.41416 -0.00683598
7.43929 -0.00675149
7.46442 -0.00665856
7.48956 -0.00655767
7.51469 -0.00644927
7.53982 -0.00633385
7.56496 -0.00621187
7.59009 -0.00608377
7.61522 -0.00595002
7.64035 -0.00581105
7.66549 -0.00566729
7.69062 -0.00551918
7.71575 -0.00536712
7.74088 -0.00521153
7.76602 -0.00505281
7.79115 -0.00489135
7.81628 -0.00472752
7.84142 -0.00456169
7.86655 -0.00439423
7.89168 -0.00422548
7.91681 -0.00405577
7.94195 -0.00388544
7.96708 -0.0037148
7.99221 -0.00354415
8.01734 -0.00337378
8.04248 -0.00320397
8.06761 -0.003035
8.09274 -0.00286712
8.11788 -0.00270058
8.14301 -0.0025356
8.16814 -0.00237243
8.19327 -0.00221125
8.21841 -0.00205229
8.24354 -0.00189572
8.26867 -0.00174173
8.2938 -0.00159047
8.31894 -0.00144211
8.34407 -0.0012968
8.3692 -0.00115466
8.39434 -0.00101582
8.41947 -0.000880397
8.4446 -0.000748492
8.46973 -0.000620199
8.49487 -0.000495604
8.52 -0.000374781
8.54513 -0.000257795
8.57026 -0.000144704
8.5954 -3.55559e-05
8.62053 6.96102e-05
8.64566 0.000170763
8.6708 0.000267878
8.69593 0.000360942
8.72106 0.000449944
8.74619 0.000534885
8.77133 0.000615769
8.79646 0.000692611
8.82159 0.000765429
8.84672 0.000834247
8.87186 0.000899097
8.89699 0.000960016
8.92212 0.00101705
8.94726 0.00107023
8.97239 0.00111963
8.99752 0.00116529
9.02265 0.00120727
9.04779 0.00124565
9.07292 0.00128048
9.09805 0.00131184
9.12319 0.00133981
9.14832 0.00136445
9.17345 0.00138586
9.19858 0.00140412
9.22372 0.00141931
9.24885 0.00143151
9.27398 0.00144082
9.29911 0.00144733
9.32425 0.00145113
9.34938 0.00145232
9.37451 0.00145098
9.39965 0.00144721
9.42478 0.00144111
9.44991 0.00143278
9.47504 0.00142231
9.50018 0.0014098
9.52531 0.00139533
9.55044 0.00137902
9.57557 0.00136096
9.60071 0.00134123
9.62584 0.00131994
9.65097 0.00129717
9.67611 0.00127303
9.70124 0.0012476
9.72637 0.00122097
9.7515 0.00119324
9.77664 0.00116448
9.80177 0.00113479
9.8269 0.00110424
9.85203 0.00107293
9.87717 0.00104094
9.9023 0.00100834
9.92743 0.000975204
9.95257 0.000941618
9.9777 0.000907652
10.0028 0.000873376
10.028 0.000838861
10.0531 0.000804173
10.0782 0.000769378
10.1034 0.000734538
10.1285 0.000699714
10.1536 0.000664965
10.1788 0.000630346
10.2039 0.000595911
10.229 0.000561712
10.2542 0.000527799
10.2793 0.000494218
10.3044 0.000461014
10.3296 0.000428229
10.3547 0.000395904
10.3798 0.000364077
10.405 0.000332783
10.4301 0.000302056
10.4552 0.000271927
10.4804 0.000242426
10.5055 0.00021358
10.5306 0.000185413
10.5558 0.000157949
10.5809 0.000131209
10.606 0.000105212
10.6311 7.99737e-05
10.6563 5.55106e-05
10.6814 3.18357e-05
10.7065 8.96042e-06
10.7317 -1.31056e-05
10.7568 -3.43542e-05
10.7819 -5.47792e-05
10.8071 -7.43758e-05
10.8322 -9.31408e-05
10.8573 -0.000111073
10.8825 -0.000128171
10.9076 -0.000144437
10.9327 -0.000159874
10.9579 -0.000174484
10.983 -0.000188274
11.0081 -0.00020125
11.0333 -0.000213419
11.0584 -0.00022479
11.0835 -0.000235371
11.1087 -0.000245175
11.1338 -0.000254212
11.1589 -0.000262494
11.1841 -0.000270035
11.2092 -0.000276849
11.2343 -0.00028295
11.2595 -0.000288354
11.2846 -0.000293077
11.3097 -0.000297135
11.3349 -0.000300544
11.36 -0.000303324
11.3851 -0.000305491
11.4103 -0.000307064
11.4354 -0.000308062
11.4605 -0.000308503
11.4857 -0.000308407
11.5108 -0.000307793
11.5359 -0.000306681
11.5611 -0.000305091
11.5862 -0.000303042
11.6113 -0.000300553
11.6365 -0.000297646
11.6616 -0.00029434
11.6867 -0.000290655
11.7119 -0.00028661
11.737 -0.000282226
11.7621 -0.000277521
11.7873 -0.000272515
11.8124 -0.000267227
11.8375 -0.000261677
11.8627 -0.000255883
11.8878 -0.000249863
11.9129 -0.000243635
11.9381 -0.000237218
11.9632 -0.000230629
11.9883 -0.000223886
12.0135 -0.000217004
12.0386 -0.000210001
12.0637 -0.000202892
12.0888 -0.000195694
12.114 -0.000188422
12.1391 -0.00018109
12.1642 -0.000173713
12.1894 -0.000166305
12.2145 -0.00015888
12.2396 -0.00015145
12.2648 -0.000144028
12.2899 -0.000136627
12.315 -0.000129258
12.3402 -0.000121933
12.3653 -0.000114661
12.3904 -0.000107454
12.4156 -0.000100321
12.4407 -9.32723e-05
12.4658 -8.63157e-05
12.491 -7.94599e-05
12.5161 -7.27129e-05
12.5412 -6.60823e-05
12.5664 -5.95749e-05
12.5915 -5.31973e-05
12.6166 -4.69558e-05
12.6418 -4.08558e-05
12.6669 -3.49026e-05
12.692 -2.91011e-05
12.7172 -2.34556e-05
12.7423 -1.797e-05
12.7674 -1.2648e-05
12.7926 -7.4925e-06
12.8177 -2.50644e-06
12.8428 2.30785e-06
12.868 6.94837e-06
12.8931 1.14135e-05
12.9182 1.57019e-05
12.9434 1.98127e-05
12.9685 2.37452e-05
12.9936 2.74991e-05
13.0188 3.10745e-05
13.0439 3.44716e-05
13.069 3.7691e-05
13.0942 4.07337e-05
13.1193 4.36008e-05
13.1444 4.62936e-05
13.1696 4.88137e-05
13.1947 5.11631e-05
13.2198 5.33438e-05
13.245 5.53582e-05
13.2701 5.72086e-05
13.2952 5.88978e-05
13.3204 6.04286e-05
13.3455 6.18041e-05
13.3706 6.30273e-05
13.3958 6.41017e-05
13.4209 6.50306e-05
13.446 6.58176e-05
13.4711 6.64664e-05
13.4963 6.69808e-05
13.5214 6.73646e-05
13.5465 6.76217e-05
13.5717 6.77563e-05
13.5968 6.77723e-05
13.6219 6.7674e-05
13.6471 6.74654e-05
13.6722 6.71509e-05
13.6973 6.67346e-05
13.7225 6.62209e-05
13.7476 6.5614e-05
13.7727 6.49182e-05
13.7979 6.41379e-05
13.823 6.32771e-05
13.8481 6.23403e-05
13.8733 6.13317e-05
13.8984 6.02554e-05
13.9235 5.91157e-05
13.9487 5.79167e-05
13.9738 5.66624e-05
13.9989 5.53569e-05
14.0241 5.40042e-05
14.0492 5.26082e-05
14.0743 5.11727e-05
14.0995 4.97016e-05
14.1246 4.81985e-05
14.1497 4.66671e-05
14.1749 4.51109e-05
14.2 4.35334e-05
14.2251 4.19379e-05
14.2503 4.03279e-05
14.2754 3.87065e-05
14.3005 3.70767e-05
14.3257 3.54417e-05
14.3508 3.38042e-05
14.3759 3.21673e-05
14.4011 3.05335e-05
14.4262 2.89055e-05
14.4513 2.72858e-05
14.4765 2.56768e-05
14.5016 2.40809e-05
14.5267 2.25003e-05
14.5519 2.0937e-05
14.577 1.93931e-05
14.6021 1.78705e-05
14.6273 1.6371e-05
14.6524 1.48963e-05
14.6775 1.34479e-05
14.7027 1.20274e-05
14.7278 1.06363e-05
14.7529 9.27571e-06
14.7781 7.94694e-06
14.8032 6.65108e-06
14.8283 5.38916e-06
14.8535 4.1621e-06
14.8786 2.97074e-06
14.9037 1.81582e-06
14.9288 6.98012e-07
14.954 -3.82119e-07
14.9791 -1.42408e-06
15.0042 -2.42745e-06
15.0294 -3.39189e-06
15.0545 -4.31717e-06
15.0796 -5.20308e-06
15.1048 -6.04952e-06
15.1299 -6.85645e-06
15.155 -7.62389e-06
15.1802 -8.35193e-06
15.2053 -9.04073e-06
15.2304 -9.69051e-06
15.2556 -1.03015e-05
15.2807 -1.08741e-05
15.3058 -1.14086e-05
15.331 -1.19055e-05
15.3561 -1.23653e-05
15.3812 -1.27884e-05
15.4064 -1.31755e-05
15.4315 -1.35271e-05
15.4566 -1.38439e-05
15.4818 -1.41266e-05
15.5069 -1.43758e-05
15.532 -1.45924e-05
15.5572 -1.47771e-05
15.5823 -1.49306e-05
15.6074 -1.50539e-05
15.6326 -1.51477e-05
15.6577 -1.5213e-05
15.6828 -1.52505e-05
15.708 -1.52613e-05
15.7331 -1.52461e-05
15.7582 -1.5206e-05
15.7834 -1.51419e-05
15.8085 -1.50547e-05
15.8336 -1.49453e-05
15.8588 -1.48147e-05
15.8839 -1.46639e-05
15.909 -1.44937e-05
15.9342 -1.43053e-05
15.9593 -1.40994e-05
15.9844 -1.38771e-05
16.0096 -1.36392e-05
16.0347 -1.33868e-05
16.0598 -1.31207e-05
16.085 -1.28419e-05
16.1101 -1.25513e-05
16.1352 -1.22497e-05
16.1604 -1.19381e-05
16.1855 -1.16172e-05
16.2106 -1.12881e-05
16.2358 -1.09514e-05
16.2609 -1.0608e-05
16.286 -1.02588e-05
16.3111 -9.9045e-06
16.3363 -9.54585e-06
16.3614 -9.18362e-06
16.3865 -8.81854e-06
16.4117 -8.45132e-06
16.4368 -8.08264e-06
16.4619 -7.71317e-06
16.4871 -7.34354e-06
16.5122 -6.97439e-06
16.5373 -6.6063e-06
16.5625 -6.23987e-06
16.5876 -5.87563e-06
16.6127 -5.51412e-06
16.6379 -5.15586e-06
16.663 -4.80131e-06
16.6881 -4.45096e-06
16.7133 -4.10523e-06
16.7384 -3.76455e-06
16.7635 -3.4293e-06
16.7887 -3.09986e-06
16.8138 -2.77658e-06
16.8389 -2.45979e-06
16.8641 -2.14978e-06
16.8892 -1.84684e-06
16.9143 -1.55124e-06
16.9395 -1.26321e-06
16.9646 -9.82966e-07
16.9897 -7.10716e-07
17.0149 -4.46635e-07
17.04 -1.90882e-07
17.0651 5.64042e-08
17.0903 2.95102e-07
17.1154 5.25111e-07
17.1405 7.46345e-07
17.1657 9.58737e-07
17.1908 1.16224e-06
17.2159 1.35682e-06
17.2411 1.54245e-06
17.2662 1.71915e-06
17.2913 1.88691e-06
17.3165 2.04577e-06
17.3416 2.19577e-06
17.3667 2.33696e-06
17.3919 2.46941e-06
17.417 2.5932e-06
17.4421 2.70843e-06
17.4673 2.81519e-06
17.4924 2.91359e-06
17.5175 3.00376e-06
17.5427 3.08584e-06
17.5678 3.15996e-06
17.5929 3.22627e-06
17.6181 3.28493e-06
17.6432 3.33611e-06
17.6683 3.37997e-06
17.6934 3.41669e-06
17.7186 3.44647e-06
17.7437 3.46948e-06
17.7688 3.48592e-06
17.794 3.49599e-06
17.8191 3.49989e-06
17.8442 3.49782e-06
17.8694 3.49e-06
17.8945 3.47662e-06
17.9196 3.45792e-06
17.9448 3.43409e-06
17.9699 3.40535e-06
17.995 3.37193e-06
18.0202 3.33403e-06
18.0453 3.29187e-06
18.0704 3.24567e-06
18.0956 3.19564e-06
18.1207 3.142e-06
18.1458 3.08496e-06
18.171 3.02473e-06
18.1961 2.96152e-06
18.2212 2.89554e-06
18.2464 2.82699e-06
18.2715 2.75608e-06
18.2966 2.683e-06
18.3218 2.60794e-06
18.3469 2.53111e-06
18.372 2.45268e-06
18.3972 2.37285e-06
18.4223 2.2918e-06
18.4474 2.20969e-06
18.4726 2.12671e-06
18.4977 2.04302e-06
18.5228 1.95879e-06
18.548 1.87417e-06
18.5731 1.78931e-06
18.5982 1.70437e-06
18.6234 1.6195e-06
18.6485 1.53482e-06
18.6736 1.45047e-06
18.6988 1.36659e-06
18.7239 1.2833e-06
18.749 1.2007e-06
18.7742 1.11893e-06
18.7993 1.03808e-06
18.8244 9.58258e-07
18.8496 8.79563e-07
18.8747 8.02086e-07
18.8998 7.25914e-07
18.925 6.5113e-07
18.9501 5.7781e-07
18.9752 5.06026e-07
19.0004 4.35845e-07
19.0255 3.6733e-07
19.0506 3.00536e-07
19.0758 2.35517e-07
19.1009 1.7232e-07
19.126 1.10988e-07
19.1511 5.15592e-08
19.1763 -5.93264e-09
19.2014 -6.14579e-08
19.2265 -1.14991e-07
19.2517 -1.66512e-07
19.2768 -2.16003e-07
19.3019 -2.6345e-07
19.3271 -3.08846e-07
19.3522 -3.52183e-07
19.3773 -3.93461e-07
19.4025 -4.32681e-07
19.4276 -4.69848e-07
19.4527 -5.04969e-07
19.4779 -5.38057e-07
19.503 -5.69125e-07
19.5281 -5.98191e-07
19.5533 -6.25274e-07
19.5784 -6.50398e-07
19.6035 -6.73586e-07
19.6287 -6.94866e-07
19.6538 -7.14268e-07
19.6789 -7.31824e-07
19.7041 -7.47567e-07
19.7292 -7.61532e-07
19.7543 -7.73757e-07
19.7795 -7.8428e-07
19.8046 -7.93143e-07
19.8297 -8.00386e-07
19.8549 -8.06053e-07
19.88 -8.10188e-07
19.9051 -8.12836e-07
19.9303 -8.14044e-07
19.9554 -8.13857e-07
19.9805 -8.12324e-07
20.0057 -8.09494e-07
20.0308 -8.05414e-07
20.0559 -8.00134e-07
20.0811 -7.93704e-07
20.1062 -7.86173e-07
20.1313 -7.77591e-07
20.1565 -7.68008e-07
20.1816 -7.57474e-07
20.2067 -7.46039e-07
20.2319 -7.33752e-07
20.257 -7.20663e-07
20.2821 -7.0682e-07
20.3073 -6.92272e-07
20.3324 -6.77067e-07
20.3575 -6.61253e-07
20.3827 -6.44876e-07
20.4078 -6.27983e-07
20.4329 -6.10619e-07
20.4581 -5.92829e-07
20.4832 -5.74657e-07
20.5083 -5.56146e-07
20.5334 -5.37339e-07
20.5586 -5.18276e-07
20.5837 -4.98998e-07
20.6088 -4.79544e-07
20.634 -4.59952e-07
20.6591 -4.4026e-07
20.6842 -4.20503e-07
20.7094 -4.00717e-07
20.7345 -3.80935e-07
20.7596 -3.61191e-07
20.7848 -3.41514e-07
20.8099 -3.21937e-07
20.835 -3.02487e-07
20.8602 -2.83193e-07
20.8853 -2.64082e-07
20.9104 -2.45178e-07
20.9356 -2.26507e-07
20.9607 -2.08092e-07
20.9858 -1.89954e-07
21.011 -1.72114e-07
21.0361 -1.54591e-07
21.0612 -1.37404e-07
21.0864 -1.20571e-07
21.1115 -1.04106e-07
21.1366 -8.80249e-08
21.1618 -7.23413e-08
21.1869 -5.70677e-08
21.212 -4.22155e-08
21.2372 -2.77952e-08
21.2623 -1.3816e-08
21.2874 -2.86129e-10
21.3126 1.27871e-08
21.3377 2.53975e-08
21.3628 3.75398e-08
21.388 4.92097e-08
21.4131 6.04038e-08
21.4382 7.11196e-08
21.4634 8.13556e-08
21.4885 9.1111e-08
21.5136 1.00386e-07
21.5388 1.09181e-07
21.5639 1.17498e-07
21.589 1.2534e-07
21.6142 1.32708e-07
21.6393 1.39608e-07
21.6644 1.46044e-07
21.6896 1.5202e-07
21.7147 1.57542e-07
21.7398 1.62617e-07
21.765 1.67251e-07
21.7901 1.71451e-07
21.8152 1.75224e-07
21.8404 1.7858e-07
21.8655 1.81527e-07
21.8906 1.84073e-07
21.9158 1.86228e-07
21.9409 1.88002e-07
21.966 1.89403e-07
21.9911 1.90444e-07
22.0163 1.91134e-07
22.0414 1.91483e-07
22.0665 1.91503e-07
22.0917 1.91205e-07
22.1168 1.906e-07
22.1419 1.89699e-07
22.1671 1.88514e-07
22.1922 1.87056e-07
22.2173 1.85337e-07
22.2425 1.83369e-07
22.2676 1.81163e-07
22.2927 1.78731e-07
22.3179 1.76085e-07
22.343 1.73236e-07
22.3681 1.70195e-07
22.3933 1.66975e-07
22.4184 1.63586e-07
22.4435 1.60041e-07
22.4687 1.56349e-07
22.4938 1.52523e-07
22.5189 1.48572e-07
22.5441 1.44508e-07
22.5692 1.40342e-07
22.5943 1.36083e-07
22.6195 1.31741e-07
22.6446 1.27328e-07
22.6697 1.22852e-07
22.6949 1.18323e-07
22.72 1.1375e-07
22.7451 1.09143e-07
22.7703 1.04509e-07
22.7954 9.98585e-08
22.8205 9.51987e-08
22.8457 9.05378e-08
22.8708 8.58837e-08
22.8959 8.12437e-08
22.9211 7.66251e-08
22.9462 7.20349e-08
22.9713 6.74796e-08
22.9965 6.29656e-08
23.0216 5.8499e-08
23.0467 5.40856e-08
23.0719 4.9731e-08
23.097 4.54403e-08
23.1221 4.12185e-08
23.1473 3.70702e-08
23.1724 3.3e-08
23.1975 2.90118e-08
23.2227 2.51096e-08
23.2478 2.12968e-08
23.2729 1.75768e-08
23.2981 1.39527e-08
23.3232 1.04272e-08
23.3483 7.00281e-09
23.3734 3.68183e-09
23.3986 4.6626e-10
23.4237 -2.64211e-09
23.4488 -5.64173e-09
23.474 -8.53131e-09
23.4991 -1.13097e-08
23.5242 -1.39762e-08
23.5494 -1.653e-08
23.5745 -1.89707e-08
23.5996 -2.1298e-08
23.6248 -2.3512e-08
23.6499 -2.56128e-08
23.675 -2.76006e-08
23.7002 -2.94761e-08
23.7253 -3.12398e-08
23.7504 -3.28926e-08
23.7756 -3.44355e-08
23.8007 -3.58696e-08
23.8258 -3.71962e-08
23.851 -3.84167e-08
23.8761 -3.95327e-08
23.9012 -4.05458e-08
23.9264 -4.14578e-08
23.9515 -4.22706e-08
23.9766 -4.29862e-08
24.0018 -4.36066e-08
24.0269 -4.4134e-08
24.052 -4.45706e-08
24.0772 -4.49188e-08
24.1023 -4.5181e-08
24.1274 -4.53597e-08
24.1526 -4.54572e-08
24.1777 -4.54762e-08
24.2028 -4.54193e-08
24.228 -4.52892e-08
24.2531 -4.50884e-08
24.2782 -4.48197e-08
24.3034 -4.44859e-08
24.3285 -4.40896e-08
24.3536 -4.36336e-08
24.3788 -4.31206e-08
24.4039 -4.25535e-08
24.429 -4.19349e-08
24.4542 -4.12677e-08
24.4793 -4.05545e-08
24.5044 -3.9798e-08
24.5296 -3.90011e-08
24.5547 -3.81662e-08
24.5798 -3.72962e-08
24.605 -3.63936e-08
24.6301 -3.54609e-08
24.6552 -3.45008e-08
24.6804 -3.35158e-08
24.7055 -3.25083e-08
24.7306 -3.14807e-08
24.7558 -3.04354e-08
24.7809 -2.93747e-08
24.806 -2.83009e-08
24.8311 -2.72162e-08
24.8563 -2.61228e-08
24.8814 -2.50227e-08
24.9065 -2.3918e-08
24.9317 -2.28108e-08
24.9568 -2.17028e-08
24.9819 -2.0596e-08
25.0071 -1.94921e-08
25.0322 -1.83929e-08
25.0573 -1.73e-08
25.0825 -1.62151e-08
25.1076 -1.51396e-08
25.1327 -1.4075e-08
25.1579 -1.30228e-08
25.183 -1.19841e-08
25.2081 -1.09604e-08
25.2333 -9.95278e-09
25.2584 -8.96238e-09
25.2835 -7.99025e-09
25.3087 -7.0374e-09
25.3338 -6.10475e-09
25.3589 -5.19318e-09
25.3841 -4.30348e-09
25.4092 -3.43639e-09
25.4343 -2.59259e-09
25.4595 -1.77269e-09
25.4846 -9.77259e-10
25.5097 -2.06783e-10
25.5349 5.38296e-10
25.56 1.2576e-09
25.5851 1.95079e-09
25.6103 2.61761e-09
25.6354 3.25782e-09
25.6605 3.87127e-09
25.6857 4.45784e-09
25.7108 5.01744e-09
