0 0.301871
0.0251327 0.301322
0.0502655 0.299677
0.0753982 0.296942
0.100531 0.293124
0.125664 0.288237
0.150796 0.282295
0.175929 0.275318
0.201062 0.267327
0.226195 0.258348
0.251327 0.24841
0.27646 0.237542
0.301593 0.22578
0.326726 0.21316
0.351858 0.199722
0.376991 0.185506
0.402124 0.170556
0.427257 0.154918
0.452389 0.13864
0.477522 0.12177
0.502655 0.104359
0.527788 0.0864595
0.55292 0.068123
0.578053 0.0494037
0.603186 0.0303557
0.628319 0.0110335
0.653451 -0.00850798
0.678584 -0.0282141
0.703717 -0.0480301
0.728849 -0.067902
0.753982 -0.0877761
0.779115 -0.1076
0.804248 -0.127321
0.82938 -0.146888
0.854513 -0.166254
0.879646 -0.185368
0.904779 -0.204186
0.929911 -0.222662
0.955044 -0.240753
0.980177 -0.25842
1.00531 -0.275622
1.03044 -0.292324
1.05558 -0.308492
1.08071 -0.324093
1.10584 -0.339098
1.13097 -0.35348
1.15611 -0.367214
1.18124 -0.380279
1.20637 -0.392655
1.2315 -0.404325
1.25664 -0.415275
1.28177 -0.425493
1.3069 -0.43497
1.33204 -0.443699
1.35717 -0.451675
1.3823 -0.458897
1.40743 -0.465365
1.43257 -0.471081
1.4577 -0.476049
1.48283 -0.480278
1.50796 -0.483775
1.5331 -0.486551
1.55823 -0.488619
1.58336 -0.489992
1.6085 -0.490687
1.63363 -0.49072
1.65876 -0.490111
1.68389 -0.488878
1.70903 -0.487044
1.73416 -0.48463
1.75929 -0.481658
1.78442 -0.478153
1.80956 -0.474139
1.83469 -0.469641
1.85982 -0.464685
1.88496 -0.459295
1.91009 -0.453498
1.93522 -0.44732
1.96035 -0.440788
1.98549 -0.433927
2.01062 -0.426764
2.03575 -0.419324
2.06088 -0.411632
2.08602 -0.403715
2.11115 -0.395597
2.13628 -0.387301
2.16142 -0.378852
2.18655 -0.370272
2.21168 -0.361584
2.23681 -0.35281
2.26195 -0.34397
2.28708 -0.335085
2.31221 -0.326173
2.33734 -0.317253
2.36248 -0.308343
2.38761 -0.29946
2.41274 -0.290619
2.43788 -0.281834
2.46301 -0.273121
2.48814 -0.264493
2.51327 -0.25596
2.53841 -0.247535
2.56354 -0.239229
2.58867 -0.23105
2.61381 -0.223008
2.63894 -0.21511
2.66407 -0.207364
2.6892 -0.199775
2.71434 -0.19235
2.73947 -0.185093
2.7646 -0.178008
2.78973 -0.171099
2.81487 -0.164369
2.84 -0.157819
2.86513 -0.151451
2.89027 -0.145267
2.9154 -0.139266
2.94053 -0.133449
2.96566 -0.127815
2.9908 -0.122364
3.01593 -0.117094
3.04106 -0.112003
3.06619 -0.107089
3.09133 -0.10235
3.11646 -0.0977841
3.14159 -0.0933872
3.16673 -0.0891567
3.19186 -0.0850893
3.21699 -0.0811814
3.24212 -0.0774294
3.26726 -0.0738295
3.29239 -0.0703778
3.31752 -0.0670702
3.34265 -0.0639027
3.36779 -0.0608712
3.39292 -0.0579715
3.41805 -0.0551995
3.44319 -0.0525508
3.46832 -0.0500214
3.49345 -0.0476069
3.51858 -0.0453034
3.54372 -0.0431067
3.56885 -0.0410127
3.59398 -0.0390175
3.61911 -0.0371171
3.64425 -0.0353077
3.66938 -0.0335855
3.69451 -0.0319469
3.71965 -0.0303882
3.74478 -0.028906
3.76991 -0.0274968
3.79504 -0.0261574
3.82018 -0.0248846
3.84531 -0.0236752
3.87044 -0.0225264
3.89557 -0.0214353
3.92071 -0.020399
3.94584 -0.0194149
3.97097 -0.0184805
3.99611 -0.0175933
4.02124 -0.0167509
4.04637 -0.0159512
4.0715 -0.0151918
4.09664 -0.0144709
4.12177 -0.0137864
4.1469 -0.0131364
4.17204 -0.0125191
4.19717 -0.011933
4.2223 -0.0113762
4.24743 -0.0108474
4.27257 -0.010345
4.2977 -0.00986764
4.32283 -0.00941402
4.34796 -0.00898289
4.3731 -0.00857305
4.39823 -0.00818339
4.42336 -0.00781284
4.4485 -0.00746039
4.47363 -0.0071251
4.49876 -0.00680605
4.52389 -0.0065024
4.54903 -0.00621334
4.57416 -0.0059381
4.59929 -0.00567596
4.62442 -0.00542624
4.64956 -0.00518829
4.67469 -0.0049615
4.69982 -0.00474528
4.72496 -0.00453911
4.75009 -0.00434245
4.77522 -0.00415483
4.80035 -0.00397577
4.82549 -0.00380485
4.85062 -0.00364164
4.87575 -0.00348577
4.90088 -0.00333686
4.92602 -0.00319457
4.95115 -0.00305857
4.97628 -0.00292854
5.00142 -0.00280419
5.02655 -0.00268525
5.05168 -0.00257146
5.07681 -0.00246256
5.10195 -0.00235833
5.12708 -0.00225855
5.15221 -0.00216301
5.17734 -0.00207151
5.20248 -0.00198386
5.22761 -0.00189991
5.25274 -0.00181947
5.27788 -0.00174239
5.30301 -0.00166854
5.32814 -0.00159776
5.35327 -0.00152994
5.37841 -0.00146494
5.40354 -0.00140264
5.42867 -0.00134294
5.4538 -0.00128574
5.47894 -0.00123092
5.50407 -0.0011784
5.5292 -0.00112809
5.55434 -0.00107989
5.57947 -0.00103373
5.6046 -0.00098952
5.62973 -0.000947194
5.65487 -0.000906675
5.68 -0.000867892
5.70513 -0.000830777
5.73027 -0.000795265
5.7554 -0.000761293
5.78053 -0.000728798
5.80566 -0.000697721
5.8308 -0.000668004
5.85593 -0.000639591
5.88106 -0.000612427
5.90619 -0.000586458
5.93133 -0.000561634
5.95646 -0.000537903
5.98159 -0.000515216
6.00673 -0.000493527
6.03186 -0.000472789
6.05699 -0.000452958
6.08212 -0.00043399
6.10726 -0.000415844
6.13239 -0.00039848
6.15752 -0.00038186
6.18265 -0.000365946
6.20779 -0.000350704
6.23292 -0.000336099
6.25805 -0.0003221
6.28319 -0.000308677
6.30832 -0.0002958
6.33345 -0.000283443
6.35858 -0.000271581
6.38372 -0.000260189
6.40885 -0.000249246
6.43398 -0.000238731
6.45911 -0.000228625
6.48425 -0.000218911
6.50938 -0.000209572
6.53451 -0.000200593
6.55965 -0.000191961
6.58478 -0.000183664
6.60991 -0.000175689
6.63504 -0.000168027
6.66018 -0.000160667
6.68531 -0.000153602
6.71044 -0.000146821
6.73557 -0.000140319
6.76071 -0.000134088
6.78584 -0.00012812
6.81097 -0.00012241
6.83611 -0.000116951
6.86124 -0.000111736
6.88637 -0.00010676
6.9115 -0.000102016
6.93664 -9.74977e-05
6.96177 -9.31984e-05
6.9869 -8.91114e-05
7.01203 -8.52299e-05
7.03717 -8.15467e-05
7.0623 -7.80544e-05
7.08743 -7.47452e-05
7.11257 -7.16114e-05
7.1377 -6.86448e-05
7.16283 -6.58371e-05
7.18796 -6.31799e-05
7.2131 -6.06646e-05
7.23823 -5.82825e-05
7.26336 -5.6025e-05
7.28849 -5.38835e-05
7.31363 -5.18493e-05
7.33876 -4.99141e-05
7.36389 -4.80696e-05
7.38903 -4.63079e-05
7.41416 -4.46214e-05
7.43929 -4.30027e-05
7.46442 -4.14451e-05
7.48956 -3.99419e-05
7.51469 -3.84875e-05
7.53982 -3.70763e-05
7.56496 -3.57036e-05
7.59009 -3.4365e-05
7.61522 -3.3057e-05
7.64035 -3.17764e-05
7.66549 -3.05208e-05
7.69062 -2.92884e-05
7.71575 -2.80777e-05
7.74088 -2.6888e-05
7.76602 -2.57191e-05
7.79115 -2.45711e-05
7.81628 -2.34447e-05
7.84142 -2.23409e-05
7.86655 -2.1261e-05
7.89168 -2.02066e-05
7.91681 -1.91797e-05
7.94195 -1.81822e-05
7.96708 -1.72162e-05
7.99221 -1.62839e-05
8.01734 -1.53874e-05
8.04248 -1.45287e-05
8.06761 -1.37097e-05
8.09274 -1.29322e-05
8.11788 -1.21977e-05
8.14301 -1.15075e-05
8.16814 -1.08624e-05
8.19327 -1.02632e-05
8.21841 -9.70998e-06
8.24354 -9.20273e-06
8.26867 -8.74094e-06
8.2938 -8.32373e-06
8.31894 -7.94984e-06
8.34407 -7.61765e-06
8.3692 -7.3252e-06
8.39434 -7.07018e-06
8.41947 -6.84998e-06
8.4446 -6.66173e-06
8.46973 -6.50234e-06
8.49487 -6.36853e-06
8.52 -6.25685e-06
8.54513 -6.16379e-06
8.57026 -6.08576e-06
8.5954 -6.0192e-06
8.62053 -5.96057e-06
8.64566 -5.90644e-06
8.6708 -5.85353e-06
8.69593 -5.79874e-06
8.72106 -5.73917e-06
8.74619 -5.67223e-06
8.77133 -5.59559e-06
8.79646 -5.50725e-06
8.82159 -5.40556e-06
8.84672 -5.28924e-06
8.87186 -5.15736e-06
8.89699 -5.00939e-06
8.92212 -4.84516e-06
8.94726 -4.6649e-06
8.97239 -4.46918e-06
8.99752 -4.2589e-06
9.02265 -4.03532e-06
9.04779 -3.79995e-06
9.07292 -3.5546e-06
9.09805 -3.30128e-06
9.12319 -3.0422e-06
9.14832 -2.77973e-06
9.17345 -2.51632e-06
9.19858 -2.25451e-06
9.22372 -1.99684e-06
9.24885 -1.74583e-06
9.27398 -1.50395e-06
9.29911 -1.27353e-06
9.32425 -1.05677e-06
9.34938 -8.55705e-07
9.37451 -6.72119e-07
9.39965 -5.07575e-07
9.42478 -3.63359e-07
9.44991 -2.40471e-07
9.47504 -1.39604e-07
9.50018 -6.11397e-08
9.52531 -5.14085e-09
9.55044 2.86487e-08
9.57557 4.07977e-08
9.60071 3.2177e-08
9.62584 3.94453e-09
9.65097 -4.24746e-08
9.67611 -1.05412e-07
9.70124 -1.82983e-07
9.72637 -2.73117e-07
9.7515 -3.73595e-07
9.77664 -4.82079e-07
9.80177 -5.96151e-07
9.8269 -7.13356e-07
9.85203 -8.31234e-07
9.87717 -9.4736e-07
9.9023 -1.05938e-06
9.92743 -1.16506e-06
9.95257 -1.2623e-06
9.9777 -1.34916e-06
10.0028 -1.42393e-06
10.028 -1.4851e-06
10.0531 -1.53143e-06
10.0782 -1.56192e-06
10.1034 -1.57588e-06
10.1285 -1.57287e-06
10.1536 -1.55275e-06
10.1788 -1.51569e-06
10.2039 -1.4621e-06
10.229 -1.3927e-06
10.2542 -1.30844e-06
10.2793 -1.21053e-06
10.3044 -1.10039e-06
10.3296 -9.79619e-07
10.3547 -8.5e-07
10.3798 -7.1344e-07
10.405 -5.71954e-07
10.4301 -4.27622e-07
10.4552 -2.82562e-07
10.4804 -1.38893e-07
10.5055 1.30027e-09
10.5306 1.35999e-07
10.5558 2.63281e-07
10.5809 3.81353e-07
10.606 4.88578e-07
10.6311 5.83497e-07
10.6563 6.64854e-07
10.6814 7.31617e-07
10.7065 7.82983e-07
10.7317 8.184e-07
10.7568 8.37567e-07
10.7819 8.4044e-07
10.8071 8.27227e-07
10.8322 7.98387e-07
10.8573 7.54619e-07
10.8825 6.96847e-07
10.9076 6.26208e-07
10.9327 5.44027e-07
10.9579 4.51798e-07
10.983 3.51158e-07
11.0081 2.43861e-07
11.0333 1.31748e-07
11.0584 1.67158e-08
11.0835 -9.93092e-08
11.1087 -2.14406e-07
11.1338 -3.26686e-07
11.1589 -4.34325e-07
11.1841 -5.35591e-07
11.2092 -6.2887e-07
11.2343 -7.12689e-07
11.2595 -7.85742e-07
11.2846 -8.46907e-07
11.3097 -8.95261e-07
11.3349 -9.30095e-07
11.36 -9.50921e-07
11.3851 -9.57483e-07
11.4103 -9.4975e-07
11.4354 -9.27924e-07
11.4605 -8.92429e-07
11.4857 -8.43904e-07
11.5108 -7.83192e-07
11.5359 -7.11321e-07
11.5611 -6.29494e-07
11.5862 -5.39058e-07
11.6113 -4.41491e-07
11.6365 -3.3837e-07
11.6616 -2.31352e-07
11.6867 -1.2214e-07
11.7119 -1.24615e-08
11.737 9.59629e-08
11.7621 2.01445e-07
11.7873 3.02356e-07
11.8124 3.97152e-07
11.8375 4.84396e-07
11.8627 5.62786e-07
11.8878 6.31164e-07
11.9129 6.88544e-07
11.9381 7.34119e-07
11.9632 7.67277e-07
11.9883 7.87604e-07
12.0135 7.94896e-07
12.0386 7.89154e-07
12.0637 7.70586e-07
12.0888 7.396e-07
12.114 6.96799e-07
12.1391 6.42967e-07
12.1642 5.79056e-07
12.1894 5.06171e-07
12.2145 4.25549e-07
12.2396 3.3854e-07
12.2648 2.46584e-07
12.2899 1.51189e-07
12.315 5.39025e-08
12.3402 -4.37068e-08
12.3653 -1.4008e-07
12.3904 -2.33689e-07
12.4156 -3.23062e-07
12.4407 -4.06806e-07
12.4658 -4.83629e-07
12.491 -5.52358e-07
12.5161 -6.11957e-07
12.5412 -6.61544e-07
12.5664 -7.00402e-07
12.5915 -7.27991e-07
12.6166 -7.43951e-07
12.6418 -7.48113e-07
12.6669 -7.40494e-07
12.692 -7.21298e-07
12.7172 -6.90911e-07
12.7423 -6.49896e-07
12.7674 -5.98976e-07
12.7926 -5.39029e-07
12.8177 -4.7107e-07
12.8428 -3.9623e-07
12.868 -3.15744e-07
12.8931 -2.30927e-07
12.9182 -1.43151e-07
12.9434 -5.38263e-08
12.9685 3.56219e-08
12.9936 1.23778e-07
13.0188 2.09258e-07
13.0439 2.90728e-07
13.069 3.66929e-07
13.0942 4.36694e-07
13.1193 4.98968e-07
13.1444 5.52819e-07
13.1696 5.97458e-07
13.1947 6.32246e-07
13.2198 6.56706e-07
13.245 6.70526e-07
13.2701 6.73567e-07
13.2952 6.65859e-07
13.3204 6.47604e-07
13.3455 6.19168e-07
13.3706 5.81078e-07
13.3958 5.34006e-07
13.4209 4.78765e-07
13.446 4.1629e-07
13.4711 3.47623e-07
13.4963 2.73898e-07
13.5214 1.9632e-07
13.5465 1.16147e-07
13.5717 3.46685e-08
13.5968 -4.68146e-08
13.6219 -1.2701e-07
13.6471 -2.04656e-07
13.6722 -2.78538e-07
13.6973 -3.47512e-07
13.7225 -4.10519e-07
13.7476 -4.66601e-07
13.7727 -5.14918e-07
13.7979 -5.54758e-07
13.823 -5.85548e-07
13.8481 -6.06861e-07
13.8733 -6.18427e-07
13.8984 -6.20127e-07
13.9235 -6.12003e-07
13.9487 -5.94251e-07
13.9738 -5.67218e-07
13.9989 -5.31394e-07
14.0241 -4.87407e-07
14.0492 -4.36008e-07
14.0743 -3.78063e-07
14.0995 -3.14533e-07
14.1246 -2.46461e-07
14.1497 -1.74955e-07
14.1749 -1.01172e-07
14.2 -2.62934e-08
14.2251 4.84873e-08
14.2503 1.21987e-07
14.2754 1.93052e-07
14.3005 2.60573e-07
14.3257 3.23505e-07
14.3508 3.80884e-07
14.3759 4.31838e-07
14.4011 4.75604e-07
14.4262 5.11538e-07
14.4513 5.39124e-07
14.4765 5.5798e-07
14.5016 5.67867e-07
14.5267 5.68687e-07
14.5519 5.60489e-07
14.577 5.43462e-07
14.6021 5.17935e-07
14.6273 4.84367e-07
14.6524 4.43342e-07
14.6775 3.95561e-07
14.7027 3.41823e-07
14.7278 2.83019e-07
14.7529 2.20111e-07
14.7781 1.54124e-07
14.8032 8.61213e-08
14.8283 1.71924e-08
14.8535 -5.15655e-08
14.8786 -1.19065e-07
14.9037 -1.84247e-07
14.9288 -2.46094e-07
14.954 -3.03649e-07
14.9791 -3.56029e-07
15.0042 -4.02438e-07
15.0294 -4.4218e-07
15.0545 -4.7467e-07
15.0796 -4.9944e-07
15.1048 -5.16146e-07
15.1299 -5.24577e-07
15.155 -5.24652e-07
15.1802 -5.16422e-07
15.2053 -5.00072e-07
15.2304 -4.7591e-07
15.2556 -4.44369e-07
15.2807 -4.05995e-07
15.3058 -3.61437e-07
15.331 -3.11441e-07
15.3561 -2.5683e-07
15.3812 -1.98498e-07
15.4064 -1.37392e-07
15.4315 -7.44938e-08
15.4566 -1.08112e-08
15.4818 5.26442e-08
15.5069 1.1487e-07
15.532 1.7489e-07
15.5572 2.31768e-07
15.5823 2.84624e-07
15.6074 3.32648e-07
15.6326 3.75109e-07
15.6577 4.11372e-07
15.6828 4.40899e-07
15.708 4.63268e-07
15.7331 4.78167e-07
15.7582 4.85407e-07
15.7834 4.84921e-07
15.8085 4.76764e-07
15.8336 4.61113e-07
15.8588 4.38259e-07
15.8839 4.0861e-07
15.909 3.72676e-07
15.9342 3.31062e-07
15.9593 2.84463e-07
15.9844 2.33644e-07
16.0096 1.79435e-07
16.0347 1.22715e-07
16.0598 6.43939e-08
16.085 5.40509e-09
16.1101 -5.3315e-08
16.1352 -1.1084e-07
16.1604 -1.66266e-07
16.1855 -2.18732e-07
16.2106 -2.67423e-07
16.2358 -3.11594e-07
16.2609 -3.50573e-07
16.286 -3.83775e-07
16.3111 -4.1071e-07
16.3363 -4.30988e-07
16.3614 -4.44329e-07
16.3865 -4.50563e-07
16.4117 -4.49634e-07
16.4368 -4.41599e-07
16.4619 -4.26626e-07
16.4871 -4.04994e-07
16.5122 -3.77084e-07
16.5373 -3.43374e-07
16.5625 -3.04431e-07
16.5876 -2.60902e-07
16.6127 -2.135e-07
16.6379 -1.62999e-07
16.663 -1.10214e-07
16.6881 -5.59932e-08
16.7133 -1.2023e-09
16.7384 5.32896e-08
16.7635 1.06623e-07
16.7887 1.57962e-07
16.8138 2.06506e-07
16.8389 2.51504e-07
16.8641 2.92266e-07
16.8892 3.28172e-07
16.9143 3.58682e-07
16.9395 3.83345e-07
16.9646 4.01806e-07
16.9897 4.13807e-07
17.0149 4.19197e-07
17.04 4.17928e-07
17.0651 4.10058e-07
17.0903 3.9575e-07
17.1154 3.75265e-07
17.1405 3.48963e-07
17.1657 3.17293e-07
17.1908 2.80786e-07
17.2159 2.40046e-07
17.2411 1.95741e-07
17.2662 1.4859e-07
17.2913 9.93557e-08
17.3165 4.88273e-08
17.3416 -2.18953e-09
17.3667 -5.28859e-08
17.3919 -1.02463e-07
17.417 -1.50142e-07
17.4421 -1.95183e-07
17.4673 -2.36887e-07
17.4924 -2.74614e-07
17.5175 -3.07791e-07
17.5427 -3.35918e-07
17.5678 -3.58579e-07
17.5929 -3.75447e-07
17.6181 -3.86287e-07
17.6432 -3.90962e-07
17.6683 -3.89431e-07
17.6934 -3.81753e-07
17.7186 -3.68084e-07
17.7437 -3.48672e-07
17.7688 -3.23856e-07
17.794 -2.94057e-07
17.8191 -2.59773e-07
17.8442 -2.21571e-07
17.8694 -1.80076e-07
17.8945 -1.3596e-07
17.9196 -8.99363e-08
17.9448 -4.27411e-08
17.9699 4.87346e-09
17.995 5.21529e-08
18.0202 9.83522e-08
18.0453 1.42747e-07
18.0704 1.84647e-07
18.0956 2.23403e-07
18.1207 2.5842e-07
18.1458 2.89164e-07
18.171 3.15174e-07
18.1961 3.36064e-07
18.2212 3.51532e-07
18.2464 3.61362e-07
18.2715 3.6543e-07
18.2966 3.63701e-07
18.3218 3.56234e-07
18.3469 3.43179e-07
18.372 3.2477e-07
18.3972 3.01327e-07
18.4223 2.73247e-07
18.4474 2.40999e-07
18.4726 2.05113e-07
18.4977 1.66176e-07
18.5228 1.24819e-07
18.548 8.1707e-08
18.5731 3.75312e-08
18.5982 -7.00554e-09
18.6234 -5.11979e-08
18.6485 -9.43498e-08
18.6736 -1.35785e-07
18.6988 -1.74859e-07
18.7239 -2.10966e-07
18.749 -2.43552e-07
18.7742 -2.72121e-07
18.7993 -2.96242e-07
18.8244 -3.15557e-07
18.8496 -3.29788e-07
18.8747 -3.38735e-07
18.8998 -3.42284e-07
18.925 -3.40408e-07
18.9501 -3.33164e-07
18.9752 -3.20694e-07
19.0004 -3.03223e-07
19.0255 -2.81052e-07
19.0506 -2.54554e-07
19.0758 -2.24172e-07
19.1009 -1.90404e-07
19.126 -1.53802e-07
19.1511 -1.14957e-07
19.1763 -7.44942e-08
19.2014 -3.30612e-08
19.2265 8.68314e-09
19.2517 5.00781e-08
19.2768 9.04718e-08
19.3019 1.29232e-07
19.3271 1.65754e-07
19.3522 1.99473e-07
19.3773 2.29872e-07
19.4025 2.56486e-07
19.4276 2.78916e-07
19.4527 2.96827e-07
19.4779 3.0996e-07
19.503 3.18131e-07
19.5281 3.21237e-07
19.5533 3.19254e-07
19.5784 3.12239e-07
19.6035 3.00328e-07
19.6287 2.83733e-07
19.6538 2.6274e-07
19.6789 2.37702e-07
19.7041 2.09034e-07
19.7292 1.77208e-07
19.7543 1.42741e-07
19.7795 1.0619e-07
19.8046 6.8144e-08
19.8297 2.92095e-08
19.8549 -9.99399e-09
19.88 -4.88464e-08
19.9051 -8.6736e-08
19.9303 -1.2307e-07
19.9554 -1.57281e-07
19.9805 -1.88841e-07
20.0057 -2.17265e-07
20.0308 -2.42118e-07
20.0559 -2.63027e-07
20.0811 -2.7968e-07
20.1062 -2.91835e-07
20.1313 -2.99324e-07
20.1565 -3.02049e-07
20.1816 -2.99992e-07
20.2067 -2.93207e-07
20.2319 -2.81827e-07
20.257 -2.66051e-07
20.2821 -2.46151e-07
20.3073 -2.2246e-07
20.3324 -1.95371e-07
20.3575 -1.65328e-07
20.3827 -1.32819e-07
20.4078 -9.83698e-08
20.4329 -6.25327e-08
20.4581 -2.58803e-08
20.4832 1.10051e-08
20.5083 4.75401e-08
20.5334 8.31499e-08
20.5586 1.17277e-07
20.5837 1.49389e-07
20.6088 1.7899e-07
20.634 2.05625e-07
20.6591 2.28886e-07
20.6842 2.48423e-07
20.7094 2.63946e-07
20.7345 2.75228e-07
20.7596 2.82112e-07
20.7848 2.84509e-07
20.8099 2.82403e-07
20.835 2.7585e-07
20.8602 2.64972e-07
20.8853 2.49962e-07
20.9104 2.31077e-07
20.9356 2.08633e-07
20.9607 1.83e-07
20.9858 1.54599e-07
21.011 1.23889e-07
21.0361 9.1368e-08
21.0612 5.7556e-08
21.0864 2.29931e-08
21.1115 -1.17719e-08
21.1366 -4.61893e-08
21.1618 -7.97177e-08
21.1869 -1.11832e-07
21.212 -1.42033e-07
21.2372 -1.69851e-07
21.2623 -1.9486e-07
21.2874 -2.16677e-07
21.3126 -2.34974e-07
21.3377 -2.49477e-07
21.3628 -2.59976e-07
21.388 -2.66323e-07
21.4131 -2.68437e-07
21.4382 -2.66304e-07
21.4634 -2.59977e-07
21.4885 -2.49576e-07
21.5136 -2.35284e-07
21.5388 -2.17343e-07
21.5639 -1.96053e-07
21.589 -1.71766e-07
21.6142 -1.44878e-07
21.6393 -1.15826e-07
21.6644 -8.50783e-08
21.6896 -5.31269e-08
21.7147 -2.04818e-08
21.7398 1.23388e-08
21.765 4.48163e-08
21.7901 7.64397e-08
21.8152 1.06714e-07
21.8404 1.35168e-07
21.8655 1.6136e-07
21.8906 1.84888e-07
21.9158 2.05392e-07
21.9409 2.22563e-07
21.966 2.36144e-07
21.9911 2.45938e-07
22.0163 2.51806e-07
22.0414 2.53675e-07
22.0665 2.51531e-07
22.0917 2.45428e-07
22.1168 2.35478e-07
22.1419 2.21857e-07
22.1671 2.04795e-07
22.1922 1.84577e-07
22.2173 1.61536e-07
22.2425 1.36047e-07
22.2676 1.08524e-07
22.2927 7.94106e-08
22.3179 4.91722e-08
22.343 1.82913e-08
22.3681 -1.27424e-08
22.3933 -4.34383e-08
22.4184 -7.3314e-08
22.4435 -1.01902e-07
22.4687 -1.28756e-07
22.4938 -1.5346e-07
22.5189 -1.75635e-07
22.5441 -1.94942e-07
22.5692 -2.11088e-07
22.5943 -2.23833e-07
22.6195 -2.3299e-07
22.6446 -2.38431e-07
22.6697 -2.40086e-07
22.6949 -2.37946e-07
22.72 -2.3206e-07
22.7451 -2.22538e-07
22.7703 -2.09545e-07
22.7954 -1.93303e-07
22.8205 -1.7408e-07
22.8457 -1.52194e-07
22.8708 -1.28001e-07
22.8959 -1.01892e-07
22.9211 -7.42878e-08
22.9462 -4.56301e-08
22.9713 -1.63755e-08
22.9965 1.30121e-08
23.0216 4.20685e-08
23.0467 7.03368e-08
23.0719 9.73744e-08
23.097 1.2276e-07
23.1221 1.46101e-07
23.1473 1.67037e-07
23.1724 1.85248e-07
23.1975 2.0046e-07
23.2227 2.12443e-07
23.2478 2.21025e-07
23.2729 2.26082e-07
23.2981 2.27552e-07
23.3232 2.25424e-07
23.3483 2.1975e-07
23.3734 2.10632e-07
23.3986 1.9823e-07
23.4237 1.82752e-07
23.4488 1.64456e-07
23.474 1.43643e-07
23.4991 1.20651e-07
23.5242 9.58519e-08
23.5494 6.96445e-08
23.5745 4.24481e-08
23.5996 1.46957e-08
23.6248 -1.31725e-08
23.6499 -4.07166e-08
23.675 -6.75035e-08
23.7002 -9.31138e-08
23.7253 -1.17149e-07
23.7504 -1.39236e-07
23.7756 -1.59034e-07
23.8007 -1.76242e-07
23.8258 -1.90598e-07
23.851 -2.01887e-07
23.8761 -2.09945e-07
23.9012 -2.14658e-07
23.9264 -2.15965e-07
23.9515 -2.1386e-07
23.9766 -2.0839e-07
24.0018 -1.99655e-07
24.0269 -1.87806e-07
24.052 -1.73044e-07
24.0772 -1.55612e-07
24.1023 -1.35797e-07
24.1274 -1.1392e-07
24.1526 -9.03367e-08
24.1777 -6.54242e-08
24.2028 -3.95814e-08
24.228 -1.32196e-08
24.2531 1.32434e-08
24.2782 3.93898e-08
24.3034 6.48085e-08
24.3285 8.91017e-08
24.3536 1.11891e-07
24.3788 1.32823e-07
24.4039 1.51575e-07
24.429 1.6786e-07
24.4542 1.81431e-07
24.4793 1.92086e-07
24.5044 1.99668e-07
24.5296 2.0407e-07
24.5547 2.05236e-07
24.5798 2.03159e-07
24.605 1.97886e-07
24.6301 1.89513e-07
24.6552 1.78185e-07
24.6804 1.64091e-07
24.7055 1.47465e-07
24.7306 1.2858e-07
24.7558 1.07742e-07
24.7809 8.52884e-08
24.806 6.15785e-08
24.8311 3.69918e-08
24.8563 1.19194e-08
24.8814 -1.32414e-08
24.9065 -3.80934e-08
24.9317 -6.22461e-08
24.9568 -8.53213e-08
24.9819 -1.06959e-07
25.0071 -1.26825e-07
25.0322 -1.44612e-07
25.0573 -1.60047e-07
25.0825 -1.72898e-07
25.1076 -1.82971e-07
25.1327 -1.90119e-07
25.1579 -1.94239e-07
25.183 -1.95281e-07
25.2081 -1.93238e-07
25.2333 -1.88155e-07
25.2584 -1.80125e-07
25.2835 -1.69286e-07
25.3087 -1.55818e-07
25.3338 -1.39946e-07
25.3589 -1.21929e-07
25.3841 -1.02059e-07
25.4092 -8.06566e-08
25.4343 -5.80655e-08
25.4595 -3.46464e-08
25.4846 -1.07718e-08
25.5097 1.31801e-08
25.5349 3.68313e-08
25.56 5.98101e-08
25.5851 8.17567e-08
25.6103 1.02329e-07
25.6354 1.21208e-07
25.6605 1.38103e-07
25.6857 1.52755e-07
25.7108 1.64942e-07
