0 0.168048
0.0251327 0.167608
0.0502655 0.16629
0.0753982 0.164098
0.100531 0.161037
0.125664 0.157117
0.150796 0.15235
0.175929 0.146749
0.201062 0.140331
0.226195 0.133115
0.251327 0.125122
0.27646 0.116374
0.301593 0.106898
0.326726 0.0967202
0.351858 0.0858706
0.376991 0.0743801
0.402124 0.0622815
0.427257 0.049609
0.452389 0.0363986
0.477522 0.0226873
0.502655 0.00851339
0.527788 -0.00608383
0.55292 -0.0210641
0.578053 -0.0363866
0.603186 -0.0520096
0.628319 -0.0678911
0.653451 -0.0839889
0.678584 -0.10026
0.703717 -0.116663
0.728849 -0.133154
0.753982 -0.149692
0.779115 -0.166234
0.804248 -0.18274
0.82938 -0.199169
0.854513 -0.215481
0.879646 -0.231637
0.904779 -0.2476
0.929911 -0.263331
0.955044 -0.278797
0.980177 -0.293962
1.00531 -0.308794
1.03044 -0.323261
1.05558 -0.337334
1.08071 -0.350985
1.10584 -0.364186
1.13097 -0.376914
1.15611 -0.389145
1.18124 -0.400858
1.20637 -0.412034
1.2315 -0.422656
1.25664 -0.432708
1.28177 -0.442177
1.3069 -0.451051
1.33204 -0.459321
1.35717 -0.466977
1.3823 -0.474015
1.40743 -0.48043
1.43257 -0.486219
1.4577 -0.491383
1.48283 -0.495921
1.50796 -0.499837
1.5331 -0.503136
1.55823 -0.505822
1.58336 -0.507903
1.6085 -0.509388
1.63363 -0.510286
1.65876 -0.51061
1.68389 -0.510372
1.70903 -0.509586
1.73416 -0.508265
1.75929 -0.506426
1.78442 -0.504085
1.80956 -0.50126
1.83469 -0.497968
1.85982 -0.494228
1.88496 -0.49006
1.91009 -0.485482
1.93522 -0.480516
1.96035 -0.475181
1.98549 -0.469498
2.01062 -0.463487
2.03575 -0.457171
2.06088 -0.450568
2.08602 -0.443701
2.11115 -0.43659
2.13628 -0.429256
2.16142 -0.421719
2.18655 -0.413998
2.21168 -0.406115
2.23681 -0.398088
2.26195 -0.389935
2.28708 -0.381677
2.31221 -0.37333
2.33734 -0.364912
2.36248 -0.35644
2.38761 -0.34793
2.41274 -0.339399
2.43788 -0.330861
2.46301 -0.32233
2.48814 -0.313821
2.51327 -0.305347
2.53841 -0.29692
2.56354 -0.288551
2.58867 -0.280253
2.61381 -0.272034
2.63894 -0.263906
2.66407 -0.255877
2.6892 -0.247956
2.71434 -0.240149
2.73947 -0.232465
2.7646 -0.22491
2.78973 -0.217489
2.81487 -0.210209
2.84 -0.203072
2.86513 -0.196084
2.89027 -0.189248
2.9154 -0.182567
2.94053 -0.176044
2.96566 -0.16968
2.9908 -0.163477
3.01593 -0.157436
3.04106 -0.151557
3.06619 -0.145842
3.09133 -0.140289
3.11646 -0.134899
3.14159 -0.12967
3.16673 -0.124602
3.19186 -0.119692
3.21699 -0.11494
3.24212 -0.110343
3.26726 -0.1059
3.29239 -0.101607
3.31752 -0.0974632
3.34265 -0.0934648
3.36779 -0.0896092
3.39292 -0.0858936
3.41805 -0.0823148
3.44319 -0.0788696
3.46832 -0.0755548
3.49345 -0.0723671
3.51858 -0.0693031
3.54372 -0.0663593
3.56885 -0.0635325
3.59398 -0.060819
3.61911 -0.0582154
3.64425 -0.0557183
3.66938 -0.0533242
3.69451 -0.0510298
3.71965 -0.0488316
3.74478 -0.0467263
3.76991 -0.0447106
3.79504 -0.0427812
3.82018 -0.0409349
3.84531 -0.0391687
3.87044 -0.0374794
3.89557 -0.035864
3.92071 -0.0343197
3.94584 -0.0328435
3.97097 -0.0314327
3.99611 -0.0300845
4.02124 -0.0287964
4.04637 -0.0275658
4.0715 -0.0263903
4.09664 -0.0252674
4.12177 -0.0241949
4.1469 -0.0231706
4.17204 -0.0221922
4.19717 -0.0212578
4.2223 -0.0203653
4.24743 -0.019513
4.27257 -0.0186988
4.2977 -0.0179211
4.32283 -0.0171782
4.34796 -0.0164684
4.3731 -0.0157903
4.39823 -0.0151423
4.42336 -0.0145231
4.4485 -0.0139312
4.47363 -0.0133654
4.49876 -0.0128244
4.52389 -0.0123072
4.54903 -0.0118125
4.57416 -0.0113393
4.59929 -0.0108866
4.62442 -0.0104534
4.64956 -0.0100387
4.67469 -0.00964182
4.69982 -0.00926178
4.72496 -0.00889783
4.75009 -0.00854921
4.77522 -0.0082152
4.80035 -0.00789513
4.82549 -0.00758835
4.85062 -0.00729424
4.87575 -0.00701222
4.90088 -0.00674174
4.92602 -0.00648227
4.95115 -0.00623331
4.97628 -0.00599439
5.00142 -0.00576506
5.02655 -0.00554489
5.05168 -0.00533348
5.07681 -0.00513044
5.10195 -0.00493541
5.12708 -0.00474803
5.15221 -0.00456799
5.17734 -0.00439496
5.20248 -0.00422865
5.22761 -0.00406877
5.25274 -0.00391506
5.27788 -0.00376727
5.30301 -0.00362513
5.32814 -0.00348844
5.35327 -0.00335696
5.37841 -0.00323049
5.40354 -0.00310882
5.42867 -0.00299177
5.4538 -0.00287914
5.47894 -0.00277078
5.50407 -0.00266651
5.5292 -0.00256618
5.55434 -0.00246963
5.57947 -0.00237672
5.6046 -0.0022873
5.62973 -0.00220126
5.65487 -0.00211845
5.68 -0.00203876
5.70513 -0.00196207
5.73027 -0.00188826
5.7554 -0.00181724
5.78053 -0.00174888
5.80566 -0.00168311
5.8308 -0.00161981
5.85593 -0.00155889
5.88106 -0.00150027
5.90619 -0.00144387
5.93133 -0.00138958
5.95646 -0.00133735
5.98159 -0.00128708
6.00673 -0.00123871
6.03186 -0.00119217
6.05699 -0.00114738
6.08212 -0.00110427
6.10726 -0.00106279
6.13239 -0.00102288
6.15752 -0.000984463
6.18265 -0.000947493
6.20779 -0.000911913
6.23292 -0.00087767
6.25805 -0.000844712
6.28319 -0.000812991
6.30832 -0.000782459
6.33345 -0.00075307
6.35858 -0.000724781
6.38372 -0.00069755
6.40885 -0.000671337
6.43398 -0.000646104
6.45911 -0.000621813
6.48425 -0.000598429
6.50938 -0.000575918
6.53451 -0.000554247
6.55965 -0.000533386
6.58478 -0.000513304
6.60991 -0.000493973
6.63504 -0.000475366
6.66018 -0.000457455
6.68531 -0.000440216
6.71044 -0.000423625
6.73557 -0.000407658
6.76071 -0.000392292
6.78584 -0.000377507
6.81097 -0.000363282
6.83611 -0.000349596
6.86124 -0.000336431
6.88637 -0.000323767
6.9115 -0.000311587
6.93664 -0.000299873
6.96177 -0.000288609
6.9869 -0.000277778
7.01203 -0.000267364
7.03717 -0.000257351
7.0623 -0.000247726
7.08743 -0.000238473
7.11257 -0.000229579
7.1377 -0.000221028
7.16283 -0.000212809
7.18796 -0.000204908
7.2131 -0.000197312
7.23823 -0.000190009
7.26336 -0.000182988
7.28849 -0.000176236
7.31363 -0.000169742
7.33876 -0.000163497
7.36389 -0.000157488
7.38903 -0.000151706
7.41416 -0.000146142
7.43929 -0.000140786
7.46442 -0.000135629
7.48956 -0.000130662
7.51469 -0.000125878
7.53982 -0.000121268
7.56496 -0.000116825
7.59009 -0.000112542
7.61522 -0.000108412
7.64035 -0.000104429
7.66549 -0.000100588
7.69062 -9.68819e-05
7.71575 -9.33062e-05
7.74088 -8.98559e-05
7.76602 -8.65264e-05
7.79115 -8.33133e-05
7.81628 -8.02128e-05
7.84142 -7.7221e-05
7.86655 -7.43344e-05
7.89168 -7.15498e-05
7.91681 -6.88641e-05
7.94195 -6.62744e-05
7.96708 -6.3778e-05
7.99221 -6.13723e-05
8.01734 -5.90548e-05
8.04248 -5.68232e-05
8.06761 -5.46753e-05
8.09274 -5.26087e-05
8.11788 -5.06214e-05
8.14301 -4.87111e-05
8.16814 -4.68758e-05
8.19327 -4.51133e-05
8.21841 -4.34216e-05
8.24354 -4.17984e-05
8.26867 -4.02417e-05
8.2938 -3.87492e-05
8.31894 -3.73188e-05
8.34407 -3.59481e-05
8.3692 -3.4635e-05
8.39434 -3.33771e-05
8.41947 -3.21721e-05
8.4446 -3.10178e-05
8.46973 -2.99116e-05
8.49487 -2.88514e-05
8.52 -2.78348e-05
8.54513 -2.68595e-05
8.57026 -2.59232e-05
8.5954 -2.50237e-05
8.62053 -2.41588e-05
8.64566 -2.33264e-05
8.6708 -2.25244e-05
8.69593 -2.1751e-05
8.72106 -2.10042e-05
8.74619 -2.02824e-05
8.77133 -1.95838e-05
8.79646 -1.8907e-05
8.82159 -1.82505e-05
8.84672 -1.76132e-05
8.87186 -1.69939e-05
8.89699 -1.63916e-05
8.92212 -1.58054e-05
8.94726 -1.52346e-05
8.97239 -1.46785e-05
8.99752 -1.41368e-05
9.02265 -1.3609e-05
9.04779 -1.30949e-05
9.07292 -1.25942e-05
9.09805 -1.2107e-05
9.12319 -1.16332e-05
9.14832 -1.11729e-05
9.17345 -1.07262e-05
9.19858 -1.02933e-05
9.22372 -9.87431e-06
9.24885 -9.4695e-06
9.27398 -9.07908e-06
9.29911 -8.70324e-06
9.32425 -8.34217e-06
9.34938 -7.99602e-06
9.37451 -7.66492e-06
9.39965 -7.34893e-06
9.42478 -7.04805e-06
9.44991 -6.76225e-06
9.47504 -6.4914e-06
9.50018 -6.2353e-06
9.52531 -5.99371e-06
9.55044 -5.76627e-06
9.57557 -5.55257e-06
9.60071 -5.35212e-06
9.62584 -5.16438e-06
9.65097 -4.98872e-06
9.67611 -4.82446e-06
9.70124 -4.67088e-06
9.72637 -4.52718e-06
9.7515 -4.39256e-06
9.77664 -4.26619e-06
9.80177 -4.14719e-06
9.8269 -4.03471e-06
9.85203 -3.92789e-06
9.87717 -3.82586e-06
9.9023 -3.7278e-06
9.92743 -3.63293e-06
9.95257 -3.54047e-06
9.9777 -3.44973e-06
10.0028 -3.36005e-06
10.028 -3.27087e-06
10.0531 -3.18165e-06
10.0782 -3.09197e-06
10.1034 -3.00147e-06
10.1285 -2.90986e-06
10.1536 -2.81697e-06
10.1788 -2.72266e-06
10.2039 -2.62693e-06
10.229 -2.5298e-06
10.2542 -2.43142e-06
10.2793 -2.33198e-06
10.3044 -2.23173e-06
10.3296 -2.13101e-06
10.3547 -2.03017e-06
10.3798 -1.92964e-06
10.405 -1.82988e-06
10.4301 -1.73134e-06
10.4552 -1.63453e-06
10.4804 -1.53994e-06
10.5055 -1.44808e-06
10.5306 -1.35942e-06
10.5558 -1.27443e-06
10.5809 -1.19354e-06
10.606 -1.11716e-06
10.6311 -1.04564e-06
10.6563 -9.79273e-07
10.6814 -9.18319e-07
10.7065 -8.6296e-07
10.7317 -8.13319e-07
10.7568 -7.69454e-07
10.7819 -7.31354e-07
10.8071 -6.98939e-07
10.8322 -6.72066e-07
10.8573 -6.50523e-07
10.8825 -6.34039e-07
10.9076 -6.22285e-07
10.9327 -6.1488e-07
10.9579 -6.11394e-07
10.983 -6.11358e-07
11.0081 -6.14272e-07
11.0333 -6.19606e-07
11.0584 -6.26817e-07
11.0835 -6.35349e-07
11.1087 -6.44647e-07
11.1338 -6.54163e-07
11.1589 -6.63363e-07
11.1841 -6.71737e-07
11.2092 -6.78807e-07
11.2343 -6.84131e-07
11.2595 -6.8731e-07
11.2846 -6.87995e-07
11.3097 -6.85891e-07
11.3349 -6.80761e-07
11.36 -6.72428e-07
11.3851 -6.60778e-07
11.4103 -6.45761e-07
11.4354 -6.27388e-07
11.4605 -6.05735e-07
11.4857 -5.80938e-07
11.5108 -5.53188e-07
11.5359 -5.22733e-07
11.5611 -4.89867e-07
11.5862 -4.54929e-07
11.6113 -4.18295e-07
11.6365 -3.80373e-07
11.6616 -3.41592e-07
11.6867 -3.02402e-07
11.7119 -2.63258e-07
11.737 -2.24621e-07
11.7621 -1.86942e-07
11.7873 -1.50663e-07
11.8124 -1.16201e-07
11.8375 -8.395e-08
11.8627 -5.42692e-08
11.8878 -2.74794e-08
11.9129 -3.85744e-09
11.9381 1.63677e-08
11.9632 3.30183e-08
11.9883 4.59707e-08
12.0135 5.51567e-08
12.0386 6.05648e-08
12.0637 6.22394e-08
12.0888 6.02805e-08
12.114 5.48413e-08
12.1391 4.61259e-08
12.1642 3.43854e-08
12.1894 1.99138e-08
12.2145 3.0433e-09
12.2396 -1.58614e-08
12.2648 -3.64089e-08
12.2899 -5.81874e-08
12.315 -8.07714e-08
12.3402 -1.03728e-07
12.3653 -1.26625e-07
12.3904 -1.49036e-07
12.4156 -1.70549e-07
12.4407 -1.90768e-07
12.4658 -2.09328e-07
12.491 -2.25891e-07
12.5161 -2.40157e-07
12.5412 -2.51865e-07
12.5664 -2.60801e-07
12.5915 -2.66796e-07
12.6166 -2.69731e-07
12.6418 -2.69539e-07
12.6669 -2.66204e-07
12.692 -2.59761e-07
12.7172 -2.50298e-07
12.7423 -2.37947e-07
12.7674 -2.22891e-07
12.7926 -2.05353e-07
12.8177 -1.85595e-07
12.8428 -1.63916e-07
12.868 -1.40641e-07
12.8931 -1.16122e-07
12.9182 -9.0727e-08
12.9434 -6.48376e-08
12.9685 -3.8841e-08
12.9936 -1.31243e-08
13.0188 1.19318e-08
13.0439 3.59589e-08
13.069 5.86065e-08
13.0942 7.95479e-08
13.1193 9.84851e-08
13.1444 1.15153e-07
13.1696 1.29324e-07
13.1947 1.4081e-07
13.2198 1.49467e-07
13.245 1.55197e-07
13.2701 1.57947e-07
13.2952 1.57711e-07
13.3204 1.54531e-07
13.3455 1.48494e-07
13.3706 1.3973e-07
13.3958 1.28414e-07
13.4209 1.14755e-07
13.446 9.90021e-08
13.4711 8.14318e-08
13.4963 6.23483e-08
13.5214 4.20772e-08
13.5465 2.096e-08
13.5717 -6.51106e-10
13.5968 -2.23991e-08
13.6219 -4.39275e-08
13.6471 -6.48863e-08
13.6722 -8.49373e-08
13.6973 -1.03759e-07
13.7225 -1.21054e-07
13.7476 -1.36547e-07
13.7727 -1.49999e-07
13.7979 -1.61201e-07
13.823 -1.69983e-07
13.8481 -1.76215e-07
13.8733 -1.79809e-07
13.8984 -1.80718e-07
13.9235 -1.78939e-07
13.9487 -1.74513e-07
13.9738 -1.67521e-07
13.9989 -1.58085e-07
14.0241 -1.46366e-07
14.0492 -1.32559e-07
14.0743 -1.16891e-07
14.0995 -9.96189e-08
14.1246 -8.1021e-08
14.1497 -6.13963e-08
14.1749 -4.10581e-08
14.2 -2.03289e-08
14.2251 4.64679e-10
14.2503 2.09968e-08
14.2754 4.09481e-08
14.3005 6.00101e-08
14.3257 7.78905e-08
14.3508 9.43176e-08
14.3759 1.09044e-07
14.4011 1.21852e-07
14.4262 1.32553e-07
14.4513 1.40996e-07
14.4765 1.47064e-07
14.5016 1.50681e-07
14.5267 1.51807e-07
14.5519 1.50445e-07
14.577 1.46634e-07
14.6021 1.40453e-07
14.6273 1.32019e-07
14.6524 1.21482e-07
14.6775 1.09024e-07
14.7027 9.48589e-08
14.7278 7.92232e-08
14.7529 6.23763e-08
14.7781 4.4595e-08
14.8032 2.61687e-08
14.8283 7.39548e-09
14.8535 -1.14234e-08
14.8786 -2.99878e-08
14.9037 -4.80038e-08
14.9288 -6.51878e-08
14.954 -8.12715e-08
14.9791 -9.60058e-08
15.0042 -1.09164e-07
15.0294 -1.20548e-07
15.0545 -1.29985e-07
15.0796 -1.37339e-07
15.1048 -1.42503e-07
15.1299 -1.45411e-07
15.155 -1.46027e-07
15.1802 -1.44357e-07
15.2053 -1.40439e-07
15.2304 -1.34349e-07
15.2556 -1.26196e-07
15.2807 -1.16121e-07
15.3058 -1.04295e-07
15.331 -9.09146e-08
15.3561 -7.62009e-08
15.3812 -6.03943e-08
15.4064 -4.37509e-08
15.4315 -2.65388e-08
15.4566 -9.0331e-09
15.4818 8.48788e-09
15.5069 2.57474e-08
15.532 4.24745e-08
15.5572 5.84084e-08
15.5823 7.33023e-08
15.6074 8.69275e-08
15.6326 9.90767e-08
15.6577 1.09567e-07
15.6828 1.18244e-07
15.708 1.2498e-07
15.7331 1.29683e-07
15.7582 1.3229e-07
15.7834 1.32774e-07
15.8085 1.3114e-07
15.8336 1.27427e-07
15.8588 1.21707e-07
15.8839 1.14083e-07
15.909 1.04688e-07
15.9342 9.36814e-08
15.9593 8.12477e-08
15.9844 6.75924e-08
16.0096 5.29393e-08
16.0347 3.75267e-08
16.0598 2.16033e-08
16.085 5.42449e-09
16.1101 -1.0752e-08
16.1352 -2.66699e-08
16.1604 -4.20785e-08
16.1855 -5.6737e-08
16.2106 -7.04174e-08
16.2358 -8.29089e-08
16.2609 -9.40208e-08
16.286 -1.03585e-07
16.3111 -1.11459e-07
16.3363 -1.17529e-07
16.3614 -1.21708e-07
16.3865 -1.23941e-07
16.4117 -1.24205e-07
16.4368 -1.22506e-07
16.4619 -1.18883e-07
16.4871 -1.13405e-07
16.5122 -1.06167e-07
16.5373 -9.7296e-08
16.5625 -8.69405e-08
16.5876 -7.52731e-08
16.6127 -6.24859e-08
16.6379 -4.87873e-08
16.663 -3.43994e-08
16.6881 -1.95535e-08
16.7133 -4.48703e-09
16.7384 1.05606e-08
16.7635 2.53516e-08
16.7887 3.96536e-08
16.8138 5.32433e-08
16.8389 6.591e-08
16.8641 7.74587e-08
16.8892 8.77132e-08
16.9143 9.65189e-08
16.9395 1.03745e-07
16.9646 1.09286e-07
16.9897 1.13064e-07
17.0149 1.15029e-07
17.04 1.15162e-07
17.0651 1.13469e-07
17.0903 1.09989e-07
17.1154 1.04786e-07
17.1405 9.79528e-08
17.1657 8.96065e-08
17.1908 7.98876e-08
17.2159 6.89576e-08
17.2411 5.69962e-08
17.2662 4.41984e-08
17.2913 3.07713e-08
17.3165 1.69307e-08
17.3416 2.89795e-09
17.3667 -1.1104e-08
17.3919 -2.4854e-08
17.417 -3.81358e-08
17.4421 -5.07421e-08
17.4673 -6.24773e-08
17.4924 -7.31605e-08
17.5175 -8.26287e-08
17.5427 -9.07389e-08
17.5678 -9.73702e-08
17.5929 -1.02426e-07
17.6181 -1.05835e-07
17.6432 -1.07552e-07
17.6683 -1.0756e-07
17.6934 -1.05867e-07
17.7186 -1.0251e-07
17.7437 -9.75507e-08
17.7688 -9.10764e-08
17.794 -8.31975e-08
17.8191 -7.40463e-08
17.8442 -6.37743e-08
17.8694 -5.255e-08
17.8945 -4.05559e-08
17.9196 -2.79858e-08
17.9448 -1.50415e-08
17.9699 -1.92958e-09
17.995 1.11418e-08
18.0202 2.39664e-08
18.0453 3.63427e-08
18.0704 4.80775e-08
18.0956 5.89888e-08
18.1207 6.89087e-08
18.1458 7.76856e-08
18.171 8.51869e-08
18.1961 9.1301e-08
18.2212 9.59385e-08
18.2464 9.90341e-08
18.2715 1.00547e-07
18.2966 1.00462e-07
18.3218 9.87885e-08
18.3469 9.55616e-08
18.372 9.08406e-08
18.3972 8.47079e-08
18.4223 7.72679e-08
18.4474 6.86451e-08
18.4726 5.8982e-08
18.4977 4.84368e-08
18.5228 3.71808e-08
18.548 2.53956e-08
18.5731 1.32701e-08
18.5982 9.97899e-10
18.6234 -1.12264e-08
18.6485 -2.32099e-08
18.6736 -3.47645e-08
18.6988 -4.57098e-08
18.7239 -5.58759e-08
18.749 -6.51064e-08
18.7742 -7.32602e-08
18.7993 -8.02141e-08
18.8244 -8.58643e-08
18.8496 -9.01283e-08
18.8747 -9.2946e-08
18.8998 -9.42801e-08
18.925 -9.41173e-08
18.9501 -9.24679e-08
18.9752 -8.93655e-08
19.0004 -8.48665e-08
19.0255 -7.90493e-08
19.0506 -7.20125e-08
19.0758 -6.38734e-08
19.1009 -5.47663e-08
19.126 -4.484e-08
19.1511 -3.42554e-08
19.1763 -2.31832e-08
19.2014 -1.18007e-08
19.2265 -2.89339e-10
19.2517 1.11684e-08
19.2768 2.23918e-08
19.3019 3.32047e-08
19.3271 4.34383e-08
19.3522 5.29341e-08
19.3773 6.15455e-08
19.4025 6.91411e-08
19.4276 7.5606e-08
19.4527 8.08438e-08
19.4779 8.47777e-08
19.503 8.73523e-08
19.5281 8.85337e-08
19.5533 8.83101e-08
19.5784 8.6692e-08
19.6035 8.37121e-08
19.6287 7.94241e-08
19.6538 7.39022e-08
19.6789 6.72398e-08
19.7041 5.95479e-08
19.7292 5.09529e-08
19.7543 4.15951e-08
19.7795 3.16262e-08
19.8046 2.12064e-08
19.8297 1.05027e-08
19.8549 -3.14437e-10
19.88 -1.10737e-08
19.9051 -2.16054e-08
19.9303 -3.17443e-08
19.9554 -4.13322e-08
19.9805 -5.02204e-08
20.0057 -5.82719e-08
20.0308 -6.53636e-08
20.0559 -7.13882e-08
20.0811 -7.62557e-08
20.1062 -7.9895e-08
20.1313 -8.22544e-08
20.1565 -8.3303e-08
20.1816 -8.30305e-08
20.2067 -8.14476e-08
20.2319 -7.85856e-08
20.257 -7.4496e-08
20.2821 -6.92492e-08
20.3073 -6.29336e-08
20.3324 -5.56541e-08
20.3575 -4.75304e-08
20.3827 -3.86947e-08
20.4078 -2.929e-08
20.4329 -1.94675e-08
20.4581 -9.38428e-09
20.4832 7.99105e-10
20.5083 1.09214e-08
20.5334 2.08231e-08
20.5586 3.03488e-08
20.5837 3.935e-08
20.6088 4.7687e-08
20.634 5.52313e-08
20.6591 6.18676e-08
20.6842 6.74953e-08
20.7094 7.20303e-08
20.7345 7.54063e-08
20.7596 7.75753e-08
20.7848 7.85089e-08
20.8099 7.8198e-08
20.835 7.66535e-08
20.8602 7.39055e-08
20.8853 7.0003e-08
20.9104 6.50132e-08
20.9356 5.90197e-08
20.9607 5.21221e-08
20.9858 4.44333e-08
21.011 3.60785e-08
21.0361 2.71927e-08
21.0612 1.79186e-08
21.0864 8.40447e-09
21.1115 -1.19834e-09
21.1366 -1.07378e-08
21.1618 -2.00637e-08
21.1869 -2.90297e-08
21.212 -3.7496e-08
21.2372 -4.53311e-08
21.2623 -5.24143e-08
21.2874 -5.86373e-08
21.3126 -6.39057e-08
21.3377 -6.81408e-08
21.3628 -7.12805e-08
21.388 -7.32801e-08
21.4131 -7.41134e-08
21.4382 -7.37725e-08
21.4634 -7.22683e-08
21.4885 -6.96296e-08
21.5136 -6.59035e-08
21.5388 -6.11536e-08
21.5639 -5.54595e-08
21.589 -4.89155e-08
21.6142 -4.16287e-08
21.6393 -3.37176e-08
21.6644 -2.53097e-08
21.6896 -1.65401e-08
21.7147 -7.54889e-09
21.7398 1.52107e-09
21.765 1.05262e-08
21.7901 1.93247e-08
21.8152 2.77786e-08
21.8404 3.5756e-08
21.8655 4.31331e-08
21.8906 4.97962e-08
21.9158 5.56433e-08
21.9409 6.05857e-08
21.966 6.45494e-08
21.9911 6.74764e-08
22.0163 6.9325e-08
22.0414 7.00708e-08
22.0665 6.9707e-08
22.0917 6.82442e-08
22.1168 6.57104e-08
22.1419 6.21504e-08
22.1671 5.76249e-08
22.1922 5.22095e-08
22.2173 4.59938e-08
22.2425 3.90793e-08
22.2676 3.15782e-08
22.2927 2.36115e-08
22.3179 1.53071e-08
22.343 6.79741e-09
22.3681 -1.78231e-09
22.3933 -1.02963e-08
22.4184 -1.86106e-08
22.4435 -2.65948e-08
22.4687 -3.41243e-08
22.4938 -4.10822e-08
22.5189 -4.73614e-08
22.5441 -5.28655e-08
22.5692 -5.75112e-08
22.5943 -6.12288e-08
22.6195 -6.39638e-08
22.6446 -6.56771e-08
22.6697 -6.63463e-08
22.6949 -6.59653e-08
22.72 -6.45445e-08
22.7451 -6.2111e-08
22.7703 -5.87076e-08
22.7954 -5.4392e-08
22.8205 -4.92364e-08
22.8457 -4.33257e-08
22.8708 -3.67565e-08
22.8959 -2.96352e-08
22.9211 -2.20766e-08
22.9462 -1.42018e-08
22.9713 -6.13648e-09
22.9965 1.99129e-09
23.0216 1.0053e-08
23.0467 1.79217e-08
23.0719 2.5474e-08
23.097 3.25922e-08
23.1221 3.91657e-08
23.1473 4.50931e-08
23.1724 5.02837e-08
23.1975 5.46586e-08
23.2227 5.81523e-08
23.2478 6.07134e-08
23.2729 6.23054e-08
23.2981 6.29073e-08
23.3232 6.25138e-08
23.3483 6.11353e-08
23.3734 5.87976e-08
23.3986 5.55417e-08
23.4237 5.14228e-08
23.4488 4.65096e-08
23.474 4.08829e-08
23.4991 3.46344e-08
23.5242 2.78654e-08
23.5494 2.06848e-08
23.5745 1.32077e-08
23.5996 5.5533e-09
23.6248 -2.15695e-09
23.6499 -9.80114e-09
23.675 -1.72589e-08
23.7002 -2.44134e-08
23.7253 -3.1153e-08
23.7504 -3.7373e-08
23.7756 -4.29775e-08
23.8007 -4.78806e-08
23.8258 -5.20079e-08
23.851 -5.52973e-08
23.8761 -5.77006e-08
23.9012 -5.91834e-08
23.9264 -5.97261e-08
23.9515 -5.9324e-08
23.9766 -5.79873e-08
24.0018 -5.57411e-08
24.0269 -5.26243e-08
24.052 -4.86899e-08
24.0772 -4.40031e-08
24.1023 -3.86411e-08
24.1274 -3.26911e-08
24.1526 -2.62495e-08
24.1777 -1.94198e-08
24.2028 -1.23114e-08
24.228 -5.03762e-09
24.2531 2.28619e-09
24.2782 9.54426e-09
24.3034 1.66223e-08
24.3285 2.34095e-08
24.3536 2.97999e-08
24.3788 3.56942e-08
24.4039 4.10016e-08
24.429 4.56405e-08
24.4542 4.95407e-08
24.4793 5.26434e-08
24.5044 5.4903e-08
24.5296 5.62871e-08
24.5547 5.67776e-08
24.5798 5.63702e-08
24.605 5.5075e-08
24.6301 5.29159e-08
24.6552 4.99304e-08
24.6804 4.6169e-08
24.7055 4.16941e-08
24.7306 3.65792e-08
24.7558 3.09073e-08
24.7809 2.47704e-08
24.806 1.82669e-08
24.8311 1.15011e-08
24.8563 4.58049e-09
24.8814 -2.38497e-09
24.9065 -9.28527e-09
24.9317 -1.60118e-08
24.9568 -2.24592e-08
24.9819 -2.85268e-08
25.0071 -3.41204e-08
25.0322 -3.91537e-08
25.0573 -4.35495e-08
25.0825 -4.72408e-08
25.1076 -5.01724e-08
25.1327 -5.23009e-08
25.1579 -5.35958e-08
25.183 -5.40401e-08
25.2081 -5.36301e-08
25.2333 -5.23755e-08
25.2584 -5.02995e-08
25.2835 -4.74379e-08
25.3087 -4.38391e-08
25.3338 -3.95626e-08
25.3589 -3.46786e-08
25.3841 -2.92664e-08
25.4092 -2.34135e-08
25.4343 -1.72138e-08
25.4595 -1.07666e-08
25.4846 -4.17439e-09
25.5097 2.45819e-09
25.5349 9.02639e-09
25.56 1.54269e-08
25.5851 2.15593e-08
25.6103 2.7328e-08
25.6354 3.26435e-08
25.6605 3.74235e-08
25.6857 4.15948e-08
25.7108 4.50939e-08
