0 0.138302
0.0251327 0.137348
0.0502655 0.13449
0.0753982 0.129738
0.100531 0.123108
0.125664 0.114626
0.150796 0.10432
0.175929 0.0922292
0.201062 0.0783957
0.226195 0.0628691
0.251327 0.0457046
0.27646 0.0269631
0.301593 0.0067109
0.326726 -0.0149809
0.351858 -0.0380361
0.376991 -0.0623746
0.402124 -0.0879119
0.427257 -0.11456
0.452389 -0.142228
0.477522 -0.170821
0.502655 -0.200243
0.527788 -0.230396
0.55292 -0.261179
0.578053 -0.292491
0.603186 -0.32423
0.628319 -0.356294
0.653451 -0.38858
0.678584 -0.420987
0.703717 -0.453415
0.728849 -0.485763
0.753982 -0.517933
0.779115 -0.549831
0.804248 -0.581362
0.82938 -0.612437
0.854513 -0.642968
0.879646 -0.67287
0.904779 -0.702064
0.929911 -0.730472
0.955044 -0.758022
0.980177 -0.784646
1.00531 -0.81028
1.03044 -0.834866
1.05558 -0.858348
1.08071 -0.880678
1.10584 -0.901811
1.13097 -0.921708
1.15611 -0.940333
1.18124 -0.957659
1.20637 -0.97366
1.2315 -0.988318
1.25664 -1.00162
1.28177 -1.01355
1.3069 -1.02411
1.33204 -1.0333
1.35717 -1.04111
1.3823 -1.04757
1.40743 -1.05268
1.43257 -1.05646
1.4577 -1.05894
1.48283 -1.06012
1.50796 -1.06005
1.5331 -1.05875
1.55823 -1.05625
1.58336 -1.0526
1.6085 -1.04783
1.63363 -1.04197
1.65876 -1.03508
1.68389 -1.0272
1.70903 -1.01838
1.73416 -1.00865
1.75929 -0.998073
1.78442 -0.986694
1.80956 -0.974561
1.83469 -0.961726
1.85982 -0.948237
1.88496 -0.934145
1.91009 -0.919499
1.93522 -0.904348
1.96035 -0.888741
1.98549 -0.872726
2.01062 -0.85635
2.03575 -0.839659
2.06088 -0.822697
2.08602 -0.805507
2.11115 -0.788134
2.13628 -0.770616
2.16142 -0.752993
2.18655 -0.735303
2.21168 -0.717582
2.23681 -0.699864
2.26195 -0.682181
2.28708 -0.664566
2.31221 -0.647045
2.33734 -0.629648
2.36248 -0.612399
2.38761 -0.595323
2.41274 -0.57844
2.43788 -0.561772
2.46301 -0.545337
2.48814 -0.529152
2.51327 -0.513232
2.53841 -0.497591
2.56354 -0.482242
2.58867 -0.467194
2.61381 -0.452458
2.63894 -0.43804
2.66407 -0.423949
2.6892 -0.410188
2.71434 -0.396762
2.73947 -0.383675
2.7646 -0.370928
2.78973 -0.358522
2.81487 -0.346457
2.84 -0.334733
2.86513 -0.323348
2.89027 -0.312299
2.9154 -0.301584
2.94053 -0.291198
2.96566 -0.281138
2.9908 -0.271399
3.01593 -0.261975
3.04106 -0.252861
3.06619 -0.244051
3.09133 -0.235539
3.11646 -0.227317
3.14159 -0.21938
3.16673 -0.21172
3.19186 -0.204329
3.21699 -0.197202
3.24212 -0.190329
3.26726 -0.183705
3.29239 -0.17732
3.31752 -0.171169
3.34265 -0.165243
3.36779 -0.159536
3.39292 -0.154039
3.41805 -0.148745
3.44319 -0.143648
3.46832 -0.138741
3.49345 -0.134015
3.51858 -0.129466
3.54372 -0.125086
3.56885 -0.120869
3.59398 -0.116808
3.61911 -0.112897
3.64425 -0.109131
3.66938 -0.105504
3.69451 -0.10201
3.71965 -0.0986441
3.74478 -0.0954008
3.76991 -0.0922753
3.79504 -0.0892629
3.82018 -0.0863588
3.84531 -0.0835587
3.87044 -0.0808584
3.89557 -0.0782537
3.92071 -0.0757408
3.94584 -0.0733161
3.97097 -0.0709758
3.99611 -0.0687167
4.02124 -0.0665356
4.04637 -0.0644292
4.0715 -0.0623946
4.09664 -0.0604292
4.12177 -0.0585301
4.1469 -0.0566948
4.17204 -0.0549208
4.19717 -0.053206
4.2223 -0.0515479
4.24743 -0.0499446
4.27257 -0.048394
4.2977 -0.0468942
4.32283 -0.0454433
4.34796 -0.0440396
4.3731 -0.0426814
4.39823 -0.0413671
4.42336 -0.0400952
4.4485 -0.0388641
4.47363 -0.0376726
4.49876 -0.0365191
4.52389 -0.0354024
4.54903 -0.0343213
4.57416 -0.0332745
4.59929 -0.0322609
4.62442 -0.0312793
4.64956 -0.0303287
4.67469 -0.029408
4.69982 -0.0285162
4.72496 -0.0276523
4.75009 -0.0268154
4.77522 -0.0260046
4.80035 -0.025219
4.82549 -0.0244577
4.85062 -0.02372
4.87575 -0.0230051
4.90088 -0.0223121
4.92602 -0.0216404
4.95115 -0.0209893
4.97628 -0.020358
5.00142 -0.0197459
5.02655 -0.0191524
5.05168 -0.0185768
5.07681 -0.0180187
5.10195 -0.0174774
5.12708 -0.0169524
5.15221 -0.0164431
5.17734 -0.0159491
5.20248 -0.01547
5.22761 -0.0150051
5.25274 -0.0145542
5.27788 -0.0141168
5.30301 -0.0136925
5.32814 -0.0132809
5.35327 -0.0128817
5.37841 -0.0124944
5.40354 -0.0121187
5.42867 -0.0117544
5.4538 -0.0114011
5.47894 -0.0110585
5.50407 -0.0107262
5.5292 -0.0104041
5.55434 -0.0100918
5.57947 -0.00978906
5.6046 -0.00949561
5.62973 -0.0092112
5.65487 -0.00893556
5.68 -0.00866845
5.70513 -0.00840964
5.73027 -0.00815887
5.7554 -0.00791592
5.78053 -0.00768055
5.80566 -0.00745253
5.8308 -0.00723164
5.85593 -0.00701765
5.88106 -0.00681035
5.90619 -0.00660953
5.93133 -0.00641496
5.95646 -0.00622644
5.98159 -0.00604377
6.00673 -0.00586674
6.03186 -0.00569516
6.05699 -0.00552884
6.08212 -0.00536758
6.10726 -0.00521121
6.13239 -0.00505955
6.15752 -0.00491242
6.18265 -0.00476967
6.20779 -0.00463113
6.23292 -0.00449665
6.25805 -0.00436608
6.28319 -0.00423929
6.30832 -0.00411613
6.33345 -0.00399649
6.35858 -0.00388024
6.38372 -0.00376728
6.40885 -0.00365748
6.43398 -0.00355077
6.45911 -0.00344703
6.48425 -0.00334619
6.50938 -0.00324816
6.53451 -0.00315286
6.55965 -0.00306023
6.58478 -0.00297019
6.60991 -0.00288269
6.63504 -0.00279767
6.66018 -0.00271507
6.68531 -0.00263484
6.71044 -0.00255693
6.73557 -0.00248129
6.76071 -0.00240788
6.78584 -0.00233665
6.81097 -0.00226756
6.83611 -0.00220057
6.86124 -0.00213563
6.88637 -0.0020727
6.9115 -0.00201173
6.93664 -0.00195268
6.96177 -0.00189551
6.9869 -0.00184017
7.01203 -0.00178661
7.03717 -0.00173478
7.0623 -0.00168464
7.08743 -0.00163613
7.11257 -0.0015892
7.1377 -0.00154379
7.16283 -0.00149986
7.18796 -0.00145735
7.2131 -0.0014162
7.23823 -0.00137636
7.26336 -0.00133777
7.28849 -0.00130038
7.31363 -0.00126414
7.33876 -0.00122899
7.36389 -0.00119489
7.38903 -0.00116177
7.41416 -0.0011296
7.43929 -0.00109832
7.46442 -0.0010679
7.48956 -0.00103828
7.51469 -0.00100944
7.53982 -0.000981328
7.56496 -0.000953919
7.59009 -0.000927182
7.61522 -0.000901087
7.64035 -0.000875612
7.66549 -0.000850733
7.69062 -0.000826433
7.71575 -0.000802696
7.74088 -0.000779508
7.76602 -0.00075686
7.79115 -0.000734743
7.81628 -0.000713152
7.84142 -0.000692081
7.86655 -0.000671529
7.89168 -0.000651494
7.91681 -0.000631976
7.94195 -0.000612977
7.96708 -0.000594498
7.99221 -0.000576539
8.01734 -0.000559103
8.04248 -0.000542191
8.06761 -0.000525803
8.09274 -0.000509939
8.11788 -0.000494598
8.14301 -0.000479778
8.16814 -0.000465475
8.19327 -0.000451684
8.21841 -0.000438398
8.24354 -0.000425609
8.26867 -0.000413306
8.2938 -0.000401478
8.31894 -0.000390112
8.34407 -0.000379193
8.3692 -0.000368705
8.39434 -0.000358629
8.41947 -0.000348947
8.4446 -0.000339638
8.46973 -0.000330683
8.49487 -0.000322058
8.52 -0.000313743
8.54513 -0.000305715
8.57026 -0.000297952
8.5954 -0.000290432
8.62053 -0.000283133
8.64566 -0.000276034
8.6708 -0.000269116
8.69593 -0.000262359
8.72106 -0.000255746
8.74619 -0.00024926
8.77133 -0.000242887
8.79646 -0.000236614
8.82159 -0.000230429
8.84672 -0.000224324
8.87186 -0.00021829
8.89699 -0.000212323
8.92212 -0.000206418
8.94726 -0.000200573
8.97239 -0.000194789
8.99752 -0.000189067
9.02265 -0.00018341
9.04779 -0.000177823
9.07292 -0.00017231
9.09805 -0.00016688
9.12319 -0.000161541
9.14832 -0.000156299
9.17345 -0.000151165
9.19858 -0.000146147
9.22372 -0.000141256
9.24885 -0.000136499
9.27398 -0.000131886
9.29911 -0.000127426
9.32425 -0.000123125
9.34938 -0.000118991
9.37451 -0.000115029
9.39965 -0.000111244
9.42478 -0.00010764
9.44991 -0.000104217
9.47504 -0.000100977
9.50018 -9.79193e-05
9.52531 -9.5041e-05
9.55044 -9.23385e-05
9.57557 -8.98066e-05
9.60071 -8.74389e-05
9.62584 -8.52275e-05
9.65097 -8.31634e-05
9.67611 -8.12366e-05
9.70124 -7.94363e-05
9.72637 -7.77506e-05
9.7515 -7.61673e-05
9.77664 -7.46735e-05
9.80177 -7.32564e-05
9.8269 -7.19027e-05
9.85203 -7.05996e-05
9.87717 -6.93342e-05
9.9023 -6.80943e-05
9.92743 -6.68682e-05
9.95257 -6.56451e-05
9.9777 -6.44149e-05
10.0028 -6.31687e-05
10.028 -6.18986e-05
10.0531 -6.05982e-05
10.0782 -5.9262e-05
10.1034 -5.78863e-05
10.1285 -5.64683e-05
10.1536 -5.50071e-05
10.1788 -5.35027e-05
10.2039 -5.19568e-05
10.229 -5.03722e-05
10.2542 -4.87529e-05
10.2793 -4.71041e-05
10.3044 -4.54319e-05
10.3296 -4.37435e-05
10.3547 -4.20465e-05
10.3798 -4.03495e-05
10.405 -3.86611e-05
10.4301 -3.69907e-05
10.4552 -3.53473e-05
10.4804 -3.37403e-05
10.5055 -3.21786e-05
10.5306 -3.06709e-05
10.5558 -2.92255e-05
10.5809 -2.78498e-05
10.606 -2.65506e-05
10.6311 -2.53338e-05
10.6563 -2.42044e-05
10.6814 -2.31663e-05
10.7065 -2.22222e-05
10.7317 -2.13737e-05
10.7568 -2.06214e-05
10.7819 -1.99643e-05
10.8071 -1.94007e-05
10.8322 -1.89275e-05
10.8573 -1.85404e-05
10.8825 -1.82343e-05
10.9076 -1.8003e-05
10.9327 -1.78396e-05
10.9579 -1.77364e-05
10.983 -1.76849e-05
11.0081 -1.76765e-05
11.0333 -1.77018e-05
11.0584 -1.77515e-05
11.0835 -1.78163e-05
11.1087 -1.78866e-05
11.1338 -1.79534e-05
11.1589 -1.80079e-05
11.1841 -1.80418e-05
11.2092 -1.80473e-05
11.2343 -1.80175e-05
11.2595 -1.79463e-05
11.2846 -1.78284e-05
11.3097 -1.76594e-05
11.3349 -1.74362e-05
11.36 -1.71565e-05
11.3851 -1.68192e-05
11.4103 -1.64244e-05
11.4354 -1.5973e-05
11.4605 -1.54671e-05
11.4857 -1.491e-05
11.5108 -1.43055e-05
11.5359 -1.36586e-05
11.5611 -1.2975e-05
11.5862 -1.2261e-05
11.6113 -1.15235e-05
11.6365 -1.07698e-05
11.6616 -1.00076e-05
11.6867 -9.24486e-06
11.7119 -8.48937e-06
11.737 -7.74905e-06
11.7621 -7.03155e-06
11.7873 -6.34423e-06
11.8124 -5.694e-06
11.8375 -5.08726e-06
11.8627 -4.52972e-06
11.8878 -4.02642e-06
11.9129 -3.58154e-06
11.9381 -3.19842e-06
11.9632 -2.87949e-06
11.9883 -2.62622e-06
12.0135 -2.43912e-06
12.0386 -2.31771e-06
12.0637 -2.26059e-06
12.0888 -2.26539e-06
12.114 -2.32888e-06
12.1391 -2.447e-06
12.1642 -2.61491e-06
12.1894 -2.82711e-06
12.2145 -3.0775e-06
12.2396 -3.35949e-06
12.2648 -3.66611e-06
12.2899 -3.99011e-06
12.315 -4.32408e-06
12.3402 -4.66058e-06
12.3653 -4.99224e-06
12.3904 -5.31188e-06
12.4156 -5.61261e-06
12.4407 -5.88797e-06
12.4658 -6.13199e-06
12.491 -6.33927e-06
12.5161 -6.50513e-06
12.5412 -6.62558e-06
12.5664 -6.69745e-06
12.5915 -6.71841e-06
12.6166 -6.68699e-06
12.6418 -6.60261e-06
12.6669 -6.46555e-06
12.692 -6.27699e-06
12.7172 -6.03894e-06
12.7423 -5.75423e-06
12.7674 -5.42641e-06
12.7926 -5.05976e-06
12.8177 -4.65915e-06
12.8428 -4.22999e-06
12.868 -3.77815e-06
12.8931 -3.30983e-06
12.9182 -2.83147e-06
12.9434 -2.34966e-06
12.9685 -1.87103e-06
12.9936 -1.40212e-06
13.0188 -9.49318e-07
13.0439 -5.18719e-07
13.069 -1.16052e-07
13.0942 2.53411e-07
13.1193 5.8494e-07
13.1444 8.74416e-07
13.1696 1.11839e-06
13.1947 1.31414e-06
13.2198 1.4597e-06
13.245 1.5539e-06
13.2701 1.59636e-06
13.2952 1.5875e-06
13.3204 1.52854e-06
13.3455 1.42145e-06
13.3706 1.26895e-06
13.3958 1.07442e-06
13.4209 8.41874e-07
13.446 5.7587e-07
13.4711 2.81456e-07
13.4963 -3.59278e-08
13.5214 -3.70531e-07
13.5465 -7.16389e-07
13.5717 -1.06742e-06
13.5968 -1.4175e-06
13.6219 -1.76061e-06
13.6471 -2.09088e-06
13.6722 -2.40269e-06
13.6973 -2.69078e-06
13.7225 -2.95031e-06
13.7476 -3.17693e-06
13.7727 -3.36687e-06
13.7979 -3.51697e-06
13.823 -3.62472e-06
13.8481 -3.68834e-06
13.8733 -3.70673e-06
13.8984 -3.67956e-06
13.9235 -3.60721e-06
13.9487 -3.4908e-06
13.9738 -3.33213e-06
13.9989 -3.13367e-06
14.0241 -2.89852e-06
14.0492 -2.63034e-06
14.0743 -2.3333e-06
14.0995 -2.01199e-06
14.1246 -1.67138e-06
14.1497 -1.31671e-06
14.1749 -9.53416e-07
14.2 -5.87034e-07
14.2251 -2.23125e-07
14.2503 1.32822e-07
14.2754 4.75476e-07
14.3005 7.99744e-07
14.3257 1.10086e-06
14.3508 1.37443e-06
14.3759 1.61654e-06
14.4011 1.82379e-06
14.4262 1.99334e-06
14.4513 2.12296e-06
14.4765 2.21107e-06
14.5016 2.25675e-06
14.5267 2.25974e-06
14.5519 2.22046e-06
14.577 2.14e-06
14.6021 2.02007e-06
14.6273 1.86299e-06
14.6524 1.67166e-06
14.6775 1.4495e-06
14.7027 1.20036e-06
14.7278 9.28519e-07
14.7529 6.38571e-07
14.7781 3.3536e-07
14.8032 2.39048e-08
14.8283 -2.90682e-07
14.8535 -6.03277e-07
14.8786 -9.08823e-07
14.9037 -1.20241e-06
14.9288 -1.47936e-06
14.954 -1.73529e-06
14.9791 -1.96617e-06
15.0042 -2.1684e-06
15.0294 -2.33887e-06
15.0545 -2.47498e-06
15.0796 -2.5747e-06
15.1048 -2.6366e-06
15.1299 -2.65985e-06
15.155 -2.64422e-06
15.1802 -2.59013e-06
15.2053 -2.4986e-06
15.2304 -2.37122e-06
15.2556 -2.21016e-06
15.2807 -2.01808e-06
15.3058 -1.79816e-06
15.331 -1.55397e-06
15.3561 -1.28944e-06
15.3812 -1.00882e-06
15.4064 -7.16562e-07
15.4315 -4.17305e-07
15.4566 -1.1575e-07
15.4818 1.83386e-07
15.5069 4.75454e-07
15.532 7.55944e-07
15.5572 1.02056e-06
15.5823 1.26527e-06
15.6074 1.48639e-06
15.6326 1.68063e-06
15.6577 1.84514e-06
15.6828 1.97757e-06
15.708 2.07606e-06
15.7331 2.13933e-06
15.7582 2.16663e-06
15.7834 2.15782e-06
15.8085 2.11329e-06
15.8336 2.03402e-06
15.8588 1.92151e-06
15.8839 1.7778e-06
15.909 1.60538e-06
15.9342 1.40719e-06
15.9593 1.18657e-06
15.9844 9.47183e-07
16.0096 6.92951e-07
16.0347 4.28023e-07
16.0598 1.56684e-07
16.085 -1.16705e-07
16.1101 -3.87779e-07
16.1352 -6.52237e-07
16.1604 -9.05911e-07
16.1855 -1.14483e-06
16.2106 -1.36527e-06
16.2358 -1.56384e-06
16.2609 -1.73751e-06
16.286 -1.88364e-06
16.3111 -2.00009e-06
16.3363 -2.08515e-06
16.3614 -2.13764e-06
16.3865 -2.15692e-06
16.4117 -2.14284e-06
16.4368 -2.09581e-06
16.4619 -2.01674e-06
16.4871 -1.90705e-06
16.5122 -1.76864e-06
16.5373 -1.60384e-06
16.5625 -1.41539e-06
16.5876 -1.20639e-06
16.6127 -9.80244e-07
16.6379 -7.40603e-07
16.663 -4.91316e-07
16.6881 -2.36359e-07
16.7133 2.02228e-08
16.7384 2.74385e-07
16.7635 5.22143e-07
16.7887 7.59636e-07
16.8138 9.83189e-07
16.8389 1.18937e-06
16.8641 1.37503e-06
16.8892 1.53738e-06
16.9143 1.67399e-06
16.9395 1.78289e-06
16.9646 1.86251e-06
16.9897 1.91178e-06
17.0149 1.93012e-06
17.04 1.91742e-06
17.0651 1.87408e-06
17.0903 1.80096e-06
17.1154 1.6994e-06
17.1405 1.57119e-06
17.1657 1.4185e-06
17.1908 1.24391e-06
17.2159 1.05029e-06
17.2411 8.40835e-07
17.2662 6.18944e-07
17.2913 3.88202e-07
17.3165 1.52311e-07
17.3416 -8.49648e-08
17.3667 -3.19864e-07
17.3919 -5.48681e-07
17.417 -7.6783e-07
17.4421 -9.73897e-07
17.4673 -1.1637e-06
17.4924 -1.33431e-06
17.5175 -1.48315e-06
17.5427 -1.60798e-06
17.5678 -1.70696e-06
17.5929 -1.77865e-06
17.6181 -1.82209e-06
17.6432 -1.83672e-06
17.6683 -1.82248e-06
17.6934 -1.77974e-06
17.7186 -1.70933e-06
17.7437 -1.61252e-06
17.7688 -1.49096e-06
17.794 -1.34672e-06
17.8191 -1.18219e-06
17.8442 -1.00007e-06
17.8694 -8.03326e-07
17.8945 -5.95149e-07
17.9196 -3.78879e-07
17.9448 -1.57971e-07
17.9699 6.40665e-08
17.995 2.83726e-07
18.0202 4.97558e-07
18.0453 7.02222e-07
18.0704 8.9454e-07
18.0956 1.07155e-06
18.1207 1.23054e-06
18.1458 1.3691e-06
18.171 1.48517e-06
18.1961 1.57703e-06
18.2212 1.64337e-06
18.2464 1.68327e-06
18.2715 1.69627e-06
18.2966 1.6823e-06
18.3218 1.64173e-06
18.3469 1.57534e-06
18.372 1.48433e-06
18.3972 1.37026e-06
18.4223 1.23507e-06
18.4474 1.08099e-06
18.4726 9.1058e-07
18.4977 7.26602e-07
18.5228 5.3204e-07
18.548 3.30022e-07
18.5731 1.23781e-07
18.5982 -8.3406e-08
18.6234 -2.8826e-07
18.6485 -4.87558e-07
18.6736 -6.78182e-07
18.6988 -8.57168e-07
18.7239 -1.02175e-06
18.749 -1.1694e-06
18.7742 -1.29788e-06
18.7993 -1.40526e-06
18.8244 -1.48996e-06
18.8496 -1.55075e-06
18.8747 -1.5868e-06
18.8998 -1.59766e-06
18.925 -1.5833e-06
18.9501 -1.54407e-06
18.9752 -1.48072e-06
19.0004 -1.39437e-06
19.0255 -1.28651e-06
19.0506 -1.15894e-06
19.0758 -1.01378e-06
19.1009 -8.53405e-07
19.126 -6.80431e-07
19.1511 -4.97649e-07
19.1763 -3.07992e-07
19.2014 -1.14487e-07
19.2265 7.97937e-08
19.2517 2.71781e-07
19.2768 4.58459e-07
19.3019 6.36909e-07
19.3271 8.04358e-07
19.3522 9.58222e-07
19.3773 1.09614e-06
19.4025 1.21602e-06
19.4276 1.31607e-06
19.4527 1.3948e-06
19.4779 1.45108e-06
19.503 1.48415e-06
19.5281 1.49359e-06
19.5533 1.47937e-06
19.5784 1.44185e-06
19.6035 1.38173e-06
19.6287 1.30007e-06
19.6538 1.19827e-06
19.6789 1.07805e-06
19.7041 9.41383e-07
19.7292 7.90518e-07
19.7543 6.27904e-07
19.7795 4.56168e-07
19.8046 2.78063e-07
19.8297 9.64337e-08
19.8549 -8.58368e-08
19.88 -2.65869e-07
19.9051 -4.40833e-07
19.9303 -6.07993e-07
19.9554 -7.64749e-07
19.9805 -9.08679e-07
20.0057 -1.03758e-06
20.0308 -1.14948e-06
20.0559 -1.24271e-06
20.0811 -1.31588e-06
20.1062 -1.36794e-06
20.1313 -1.39817e-06
20.1565 -1.40621e-06
20.1816 -1.39202e-06
20.2067 -1.35595e-06
20.2319 -1.29867e-06
20.257 -1.22119e-06
20.2821 -1.12482e-06
20.3073 -1.01118e-06
20.3324 -8.82149e-07
20.3575 -7.39832e-07
20.3827 -5.86541e-07
20.4078 -4.24746e-07
20.4329 -2.5704e-07
20.4581 -8.60977e-08
20.4832 8.53691e-08
20.5083 2.54653e-07
20.5334 4.19095e-07
20.5586 5.76124e-07
20.5837 7.23299e-07
20.6088 8.58346e-07
20.634 9.79192e-07
20.6591 1.084e-06
20.6842 1.17119e-06
20.7094 1.23948e-06
20.7345 1.28788e-06
20.7596 1.31571e-06
20.7848 1.32265e-06
20.8099 1.30867e-06
20.835 1.2741e-06
20.8602 1.21958e-06
20.8853 1.14607e-06
20.9104 1.05482e-06
20.9356 9.47343e-07
20.9607 8.2542e-07
20.9858 6.9104e-07
21.011 5.46382e-07
21.0361 3.93776e-07
21.0612 2.35667e-07
21.0864 7.45745e-08
21.1115 -8.69464e-08
21.1366 -2.46346e-07
21.1618 -4.01119e-07
21.1869 -5.48847e-07
21.212 -6.87232e-07
21.2372 -8.14134e-07
21.2623 -9.27606e-07
21.2874 -1.02592e-06
21.3126 -1.1076e-06
21.3377 -1.17142e-06
21.3628 -1.21648e-06
21.388 -1.24213e-06
21.4131 -1.24808e-06
21.4382 -1.23431e-06
21.4634 -1.20113e-06
21.4885 -1.14916e-06
21.5136 -1.0793e-06
21.5388 -9.92734e-07
21.5639 -8.90909e-07
21.589 -7.75497e-07
21.6142 -6.48381e-07
21.6393 -5.1162e-07
21.6644 -3.67415e-07
21.6896 -2.18073e-07
21.7147 -6.59736e-08
21.7398 8.64721e-08
21.765 2.36858e-07
21.7901 3.82823e-07
21.8152 5.22084e-07
21.8404 6.52475e-07
21.8655 7.71982e-07
21.8906 8.78767e-07
21.9158 9.71205e-07
21.9409 1.0479e-06
21.966 1.10772e-06
21.9911 1.1498e-06
22.0163 1.17354e-06
22.0414 1.17866e-06
22.0665 1.16517e-06
22.0917 1.13335e-06
22.1168 1.08379e-06
22.1419 1.01736e-06
22.1671 9.35175e-07
22.1922 8.38601e-07
22.2173 7.29226e-07
22.2425 6.08834e-07
22.2676 4.79371e-07
22.2927 3.42919e-07
22.3179 2.01661e-07
22.343 5.78464e-08
22.3681 -8.62458e-08
22.3933 -2.28342e-07
22.4184 -3.66211e-07
22.4435 -4.97696e-07
22.4687 -6.20753e-07
22.4938 -7.33479e-07
22.5189 -8.3414e-07
22.5441 -9.21203e-07
22.5692 -9.93355e-07
22.5943 -1.04952e-06
22.6195 -1.08889e-06
22.6446 -1.11092e-06
22.6697 -1.11532e-06
22.6949 -1.10212e-06
22.72 -1.07158e-06
22.7451 -1.02429e-06
22.7703 -9.61038e-07
22.7954 -8.82907e-07
22.8205 -7.9119e-07
22.8457 -6.87393e-07
22.8708 -5.73204e-07
22.8959 -4.50468e-07
22.9211 -3.21159e-07
22.9462 -1.87343e-07
22.9713 -5.11494e-08
22.9965 8.52634e-08
23.0216 2.19744e-07
23.0467 3.5018e-07
23.0719 4.74533e-07
23.097 5.90867e-07
23.1221 6.97383e-07
23.1473 7.92444e-07
23.1724 8.746e-07
23.1975 9.42611e-07
23.2227 9.95464e-07
23.2478 1.03239e-06
23.2729 1.05288e-06
23.2981 1.05667e-06
23.3232 1.04379e-06
23.3483 1.01449e-06
23.3734 9.69323e-07
23.3986 9.09056e-07
23.4237 8.34706e-07
23.4488 7.47507e-07
23.474 6.48886e-07
23.4991 5.40447e-07
23.5242 4.23941e-07
23.5494 3.0124e-07
23.5745 1.74303e-07
23.5996 4.51493e-08
23.6248 -8.41746e-08
23.6499 -2.11629e-07
23.675 -3.35214e-07
23.7002 -4.52995e-07
23.7253 -5.63141e-07
23.7504 -6.63947e-07
23.7756 -7.53862e-07
23.8007 -8.31515e-07
23.8258 -8.95732e-07
23.851 -9.45557e-07
23.8761 -9.80264e-07
23.9012 -9.99369e-07
23.9264 -1.00263e-06
23.9515 -9.90077e-07
23.9766 -9.61958e-07
24.0018 -9.18786e-07
24.0269 -8.61303e-07
24.052 -7.90475e-07
24.0772 -7.07475e-07
24.1023 -6.13659e-07
24.1274 -5.10552e-07
24.1526 -3.99818e-07
24.1777 -2.83233e-07
24.2028 -1.6266e-07
24.228 -4.0016e-08
24.2531 8.27578e-08
24.2782 2.03725e-07
24.3034 3.20986e-07
24.3285 4.32707e-07
24.3536 5.3715e-07
24.3788 6.32697e-07
24.4039 7.1788e-07
24.429 7.91396e-07
24.4542 8.52136e-07
24.4793 8.99192e-07
24.5044 9.31879e-07
24.5296 9.49739e-07
24.5547 9.52552e-07
24.5798 9.40333e-07
24.605 9.13336e-07
24.6301 8.72047e-07
24.6552 8.17173e-07
24.6804 7.49634e-07
24.7055 6.70546e-07
24.7306 5.81203e-07
24.7558 4.83053e-07
24.7809 3.77679e-07
24.806 2.66772e-07
24.8311 1.52101e-07
24.8563 3.549e-08
24.8814 -8.12158e-08
24.9065 -1.96176e-07
24.9317 -3.07586e-07
24.9568 -4.13703e-07
24.9819 -5.12876e-07
25.0071 -6.03569e-07
25.0322 -6.84386e-07
25.0573 -7.54092e-07
25.0825 -8.11632e-07
25.1076 -8.56149e-07
25.1327 -8.8699e-07
25.1579 -9.03725e-07
25.183 -9.06146e-07
25.2081 -8.9427e-07
25.2333 -8.68341e-07
25.2584 -8.28823e-07
25.2835 -7.76393e-07
25.3087 -7.11928e-07
25.3338 -6.3649e-07
25.3589 -5.51313e-07
25.3841 -4.57777e-07
25.4092 -3.57389e-07
25.4343 -2.51758e-07
25.4595 -1.42569e-07
25.4846 -3.15588e-08
25.5097 7.95174e-08
25.5349 1.88908e-07
25.56 2.94895e-07
25.5851 3.95822e-07
25.6103 4.90117e-07
25.6354 5.76319e-07
25.6605 6.53102e-07
25.6857 7.19292e-07
25.7108 7.73885e-07
