0 -0.672134
0.0251327 -0.673448
0.0502655 -0.677381
0.0753982 -0.683911
0.100531 -0.692999
0.125664 -0.704592
0.150796 -0.718621
0.175929 -0.735004
0.201062 -0.753646
0.226195 -0.774438
0.251327 -0.797259
0.27646 -0.821975
0.301593 -0.848445
0.326726 -0.876516
0.351858 -0.906026
0.376991 -0.936806
0.402124 -0.968683
0.427257 -1.00148
0.452389 -1.035
0.477522 -1.06907
0.502655 -1.10349
0.527788 -1.13808
0.55292 -1.17264
0.578053 -1.207
0.603186 -1.24096
0.628319 -1.27435
0.653451 -1.30699
0.678584 -1.33871
0.703717 -1.36935
0.728849 -1.39875
0.753982 -1.42678
0.779115 -1.45329
0.804248 -1.47816
0.82938 -1.50128
0.854513 -1.52253
0.879646 -1.54184
0.904779 -1.55911
0.929911 -1.57428
0.955044 -1.58729
0.980177 -1.59811
1.00531 -1.60669
1.03044 -1.61302
1.05558 -1.61709
1.08071 -1.61891
1.10584 -1.61849
1.13097 -1.61586
1.15611 -1.61105
1.18124 -1.60411
1.20637 -1.5951
1.2315 -1.58408
1.25664 -1.57112
1.28177 -1.55631
1.3069 -1.53973
1.33204 -1.52148
1.35717 -1.50164
1.3823 -1.48033
1.40743 -1.45764
1.43257 -1.43368
1.4577 -1.40857
1.48283 -1.38242
1.50796 -1.35532
1.5331 -1.32741
1.55823 -1.29877
1.58336 -1.26954
1.6085 -1.2398
1.63363 -1.20966
1.65876 -1.17923
1.68389 -1.1486
1.70903 -1.11786
1.73416 -1.0871
1.75929 -1.05641
1.78442 -1.02586
1.80956 -0.995529
1.83469 -0.96548
1.85982 -0.935779
1.88496 -0.906482
1.91009 -0.877642
1.93522 -0.849305
1.96035 -0.821511
1.98549 -0.794296
2.01062 -0.767692
2.03575 -0.741722
2.06088 -0.71641
2.08602 -0.69177
2.11115 -0.667815
2.13628 -0.644553
2.16142 -0.621988
2.18655 -0.600122
2.21168 -0.578951
2.23681 -0.55847
2.26195 -0.538673
2.28708 -0.519548
2.31221 -0.501085
2.33734 -0.483268
2.36248 -0.466084
2.38761 -0.449515
2.41274 -0.433546
2.43788 -0.418156
2.46301 -0.403329
2.48814 -0.389046
2.51327 -0.375288
2.53841 -0.362036
2.56354 -0.349271
2.58867 -0.336977
2.61381 -0.325133
2.63894 -0.313725
2.66407 -0.302734
2.6892 -0.292146
2.71434 -0.281944
2.73947 -0.272114
2.7646 -0.262641
2.78973 -0.253514
2.81487 -0.244719
2.84 -0.236244
2.86513 -0.228078
2.89027 -0.220211
2.9154 -0.212631
2.94053 -0.205331
2.96566 -0.1983
2.9908 -0.19153
3.01593 -0.185012
3.04106 -0.178738
3.06619 -0.172701
3.09133 -0.166893
3.11646 -0.161307
3.14159 -0.155934
3.16673 -0.150769
3.19186 -0.145803
3.21699 -0.14103
3.24212 -0.136443
3.26726 -0.132034
3.29239 -0.127798
3.31752 -0.123726
3.34265 -0.119812
3.36779 -0.11605
3.39292 -0.112431
3.41805 -0.10895
3.44319 -0.1056
3.46832 -0.102374
3.49345 -0.099265
3.51858 -0.0962678
3.54372 -0.0933757
3.56885 -0.0905829
3.59398 -0.0878835
3.61911 -0.0852721
3.64425 -0.0827435
3.66938 -0.0802928
3.69451 -0.0779153
3.71965 -0.0756067
3.74478 -0.0733631
3.76991 -0.0711808
3.79504 -0.0690565
3.82018 -0.0669874
3.84531 -0.0649707
3.87044 -0.0630042
3.89557 -0.061086
3.92071 -0.0592145
3.94584 -0.0573883
3.97097 -0.0556063
3.99611 -0.0538678
4.02124 -0.0521721
4.04637 -0.0505188
4.0715 -0.0489079
4.09664 -0.0473391
4.12177 -0.0458126
4.1469 -0.0443285
4.17204 -0.0428869
4.19717 -0.0414882
4.2223 -0.0401325
4.24743 -0.0388201
4.27257 -0.037551
4.2977 -0.0363254
4.32283 -0.0351433
4.34796 -0.0340045
4.3731 -0.0329087
4.39823 -0.0318556
4.42336 -0.0308447
4.4485 -0.0298752
4.47363 -0.0289463
4.49876 -0.0280571
4.52389 -0.0272063
4.54903 -0.0263928
4.57416 -0.0256151
4.59929 -0.0248717
4.62442 -0.0241609
4.64956 -0.023481
4.67469 -0.0228301
4.69982 -0.0222065
4.72496 -0.0216082
4.75009 -0.0210333
4.77522 -0.0204798
4.80035 -0.0199459
4.82549 -0.0194297
4.85062 -0.0189294
4.87575 -0.0184432
4.90088 -0.0179696
4.92602 -0.0175071
4.95115 -0.0170542
4.97628 -0.0166096
5.00142 -0.0161723
5.02655 -0.0157414
5.05168 -0.0153159
5.07681 -0.0148952
5.10195 -0.0144789
5.12708 -0.0140666
5.15221 -0.0136581
5.17734 -0.0132534
5.20248 -0.0128526
5.22761 -0.0124558
5.25274 -0.0120635
5.27788 -0.0116761
5.30301 -0.0112941
5.32814 -0.0109181
5.35327 -0.0105487
5.37841 -0.0101867
5.40354 -0.00983276
5.42867 -0.00948762
5.4538 -0.00915199
5.47894 -0.00882656
5.50407 -0.00851196
5.5292 -0.0082088
5.55434 -0.00791761
5.57947 -0.00763882
5.6046 -0.00737281
5.62973 -0.00711983
5.65487 -0.00688006
5.68 -0.00665355
5.70513 -0.00644026
5.73027 -0.00624003
5.7554 -0.0060526
5.78053 -0.00587759
5.80566 -0.00571455
5.8308 -0.00556291
5.85593 -0.00542203
5.88106 -0.00529118
5.90619 -0.00516958
5.93133 -0.00505638
5.95646 -0.00495071
5.98159 -0.00485163
6.00673 -0.00475822
6.03186 -0.00466954
6.05699 -0.00458465
6.08212 -0.00450266
6.10726 -0.00442267
6.13239 -0.00434386
6.15752 -0.00426544
6.18265 -0.00418671
6.20779 -0.00410703
6.23292 -0.00402582
6.25805 -0.00394263
6.28319 -0.00385706
6.30832 -0.00376884
6.33345 -0.00367776
6.35858 -0.00358373
6.38372 -0.00348675
6.40885 -0.00338691
6.43398 -0.00328439
6.45911 -0.00317944
6.48425 -0.00307239
6.50938 -0.00296367
6.53451 -0.00285371
6.55965 -0.00274304
6.58478 -0.00263221
6.60991 -0.0025218
6.63504 -0.0024124
6.66018 -0.00230464
6.68531 -0.00219911
6.71044 -0.0020964
6.73557 -0.00199709
6.76071 -0.00190172
6.78584 -0.00181077
6.81097 -0.00172469
6.83611 -0.00164388
6.86124 -0.00156864
6.88637 -0.00149926
6.9115 -0.00143589
6.93664 -0.00137867
6.96177 -0.00132762
6.9869 -0.00128271
7.01203 -0.00124381
7.03717 -0.00121074
7.0623 -0.00118323
7.08743 -0.00116098
7.11257 -0.00114359
7.1377 -0.00113063
7.16283 -0.00112162
7.18796 -0.00111604
7.2131 -0.00111334
7.23823 -0.00111295
7.26336 -0.00111428
7.28849 -0.00111675
7.31363 -0.00111978
7.33876 -0.00112279
7.36389 -0.00112525
7.38903 -0.00112663
7.41416 -0.00112647
7.43929 -0.00112431
7.46442 -0.00111979
7.48956 -0.00111257
7.51469 -0.00110239
7.53982 -0.00108903
7.56496 -0.00107236
7.59009 -0.00105229
7.61522 -0.00102882
7.64035 -0.001002
7.66549 -0.000971939
7.69062 -0.000938822
7.71575 -0.000902877
7.74088 -0.000864386
7.76602 -0.000823679
7.79115 -0.000781123
7.81628 -0.00073712
7.84142 -0.000692097
7.86655 -0.000646502
7.89168 -0.000600791
7.91681 -0.000555428
7.94195 -0.000510868
7.96708 -0.00046756
7.99221 -0.000425931
8.01734 -0.000386385
8.04248 -0.000349293
8.06761 -0.00031499
8.09274 -0.000283769
8.11788 -0.000255877
8.14301 -0.000231511
8.16814 -0.000210814
8.19327 -0.000193877
8.21841 -0.000180735
8.24354 -0.000171367
8.26867 -0.000165698
8.2938 -0.000163601
8.31894 -0.000164899
8.34407 -0.000169367
8.3692 -0.000176737
8.39434 -0.000186703
8.41947 -0.000198927
8.4446 -0.000213042
8.46973 -0.00022866
8.49487 -0.000245377
8.52 -0.000262781
8.54513 -0.000280457
8.57026 -0.000297996
8.5954 -0.000314996
8.62053 -0.000331075
8.64566 -0.000345871
8.6708 -0.00035905
8.69593 -0.000370312
8.72106 -0.000379392
8.74619 -0.000386066
8.77133 -0.000390155
8.79646 -0.000391523
8.82159 -0.000390083
8.84672 -0.000385797
8.87186 -0.000378672
8.89699 -0.000368765
8.92212 -0.000356177
8.94726 -0.000341054
8.97239 -0.000323582
8.99752 -0.000303985
9.02265 -0.00028252
9.04779 -0.000259471
9.07292 -0.00023515
9.09805 -0.000209883
9.12319 -0.000184013
9.14832 -0.000157888
9.17345 -0.000131861
9.19858 -0.00010628
9.22372 -8.14821e-05
9.24885 -5.77929e-05
9.27398 -3.55172e-05
9.29911 -1.49361e-05
9.32425 3.69739e-06
9.34938 2.01625e-05
9.37451 3.42734e-05
9.39965 4.58822e-05
9.42478 5.48804e-05
9.44991 6.12007e-05
9.47504 6.48177e-05
9.50018 6.57474e-05
9.52531 6.4047e-05
9.55044 5.98134e-05
9.57557 5.31814e-05
9.60071 4.43211e-05
9.62584 3.34349e-05
9.65097 2.07541e-05
9.67611 6.53488e-06
9.70124 -8.94589e-06
9.72637 -2.53953e-05
9.7515 -4.25089e-05
9.77664 -5.99762e-05
9.80177 -7.74847e-05
9.8269 -9.47256e-05
9.85203 -0.000111398
9.87717 -0.000127215
9.9023 -0.000141905
9.92743 -0.000155218
9.95257 -0.000166932
9.9777 -0.000176849
10.0028 -0.000184805
10.028 -0.000190667
10.0531 -0.00019434
10.0782 -0.000195763
10.1034 -0.000194912
10.1285 -0.0001918
10.1536 -0.000186476
10.1788 -0.000179025
10.2039 -0.000169564
10.229 -0.000158243
10.2542 -0.000145237
10.2793 -0.000130751
10.3044 -0.000115008
10.3296 -9.82516e-05
10.3547 -8.07384e-05
10.3798 -6.27352e-05
10.405 -4.45146e-05
10.4301 -2.63503e-05
10.4552 -8.51321e-06
10.4804 8.73341e-06
10.5055 2.51375e-05
10.5306 4.04623e-05
10.5558 5.449e-05
10.5809 6.70248e-05
10.606 7.7896e-05
10.6311 8.69605e-05
10.6563 9.41046e-05
10.6814 9.92455e-05
10.7065 0.000102333
10.7317 0.000103348
10.7568 0.000102306
10.7819 9.92524e-05
10.8071 9.42658e-05
10.8322 8.74527e-05
10.8573 7.89478e-05
10.8825 6.89106e-05
10.9076 5.75234e-05
10.9327 4.49877e-05
10.9579 3.15211e-05
10.983 1.73536e-05
11.0081 2.72405e-06
11.0333 -1.21239e-05
11.0584 -2.69456e-05
11.0835 -4.14992e-05
11.1087 -5.55494e-05
11.1338 -6.88712e-05
11.1589 -8.12535e-05
11.1841 -9.25017e-05
11.2092 -0.000102441
11.2343 -0.00011092
11.2595 -0.000117811
11.2846 -0.000123012
11.3097 -0.00012645
11.3349 -0.00012808
11.36 -0.000127887
11.3851 -0.000125882
11.4103 -0.000122109
11.4354 -0.000116637
11.4605 -0.000109561
11.4857 -0.000101002
11.5108 -9.11035e-05
11.5359 -8.00277e-05
11.5611 -6.79551e-05
11.5862 -5.50803e-05
11.6113 -4.16089e-05
11.6365 -2.77542e-05
11.6616 -1.37342e-05
11.6867 2.32708e-07
11.7119 1.39304e-05
11.737 2.71489e-05
11.7621 3.96874e-05
11.7873 5.13574e-05
11.8124 6.19855e-05
11.8375 7.14164e-05
11.8627 7.95146e-05
11.8878 8.61667e-05
11.9129 9.1283e-05
11.9381 9.47989e-05
11.9632 9.66751e-05
11.9883 9.68986e-05
12.0135 9.54825e-05
12.0386 9.24656e-05
12.0637 8.79115e-05
12.0888 8.19073e-05
12.114 7.45623e-05
12.1391 6.6006e-05
12.1642 5.63859e-05
12.1894 4.58648e-05
12.2145 3.46186e-05
12.2396 2.28327e-05
12.2648 1.07e-05
12.2899 -1.58328e-06
12.315 -1.38199e-05
12.3402 -2.5815e-05
12.3653 -3.73794e-05
12.3904 -4.8332e-05
12.4156 -5.8503e-05
12.4407 -6.77364e-05
12.4658 -7.58921e-05
12.491 -8.28484e-05
12.5161 -8.85032e-05
12.5412 -9.27761e-05
12.5664 -9.56089e-05
12.5915 -9.69669e-05
12.6166 -9.68386e-05
12.6418 -9.52364e-05
12.6669 -9.21956e-05
12.692 -8.77742e-05
12.7172 -8.20514e-05
12.7423 -7.51262e-05
12.7674 -6.71161e-05
12.7926 -5.81545e-05
12.8177 -4.83891e-05
12.8428 -3.7979e-05
12.868 -2.70922e-05
12.8931 -1.5903e-05
12.9182 -4.58913e-06
12.9434 6.67095e-06
12.9685 1.77011e-05
12.9936 2.83301e-05
13.0188 3.83944e-05
13.0439 4.77404e-05
13.069 5.62271e-05
13.0942 6.37281e-05
13.1193 7.01335e-05
13.1444 7.53514e-05
13.1696 7.93094e-05
13.1947 8.19552e-05
13.2198 8.32579e-05
13.245 8.32078e-05
13.2701 8.18167e-05
13.2952 7.91172e-05
13.3204 7.51624e-05
13.3455 7.00249e-05
13.3706 6.3795e-05
13.3958 5.65799e-05
13.4209 4.85014e-05
13.446 3.96938e-05
13.4711 3.03021e-05
13.4963 2.04793e-05
13.5214 1.03841e-05
13.5465 1.78254e-07
13.5717 -9.97588e-06
13.5968 -1.9918e-05
13.6219 -2.94924e-05
13.6471 -3.85503e-05
13.6722 -4.6952e-05
13.6973 -5.45694e-05
13.7225 -6.12876e-05
13.7476 -6.70067e-05
13.7727 -7.16433e-05
13.7979 -7.51318e-05
13.823 -7.74248e-05
13.8481 -7.84946e-05
13.8733 -7.83325e-05
13.8984 -7.69497e-05
13.9235 -7.43763e-05
13.9487 -7.06611e-05
13.9738 -6.58704e-05
13.9989 -6.0087e-05
14.0241 -5.34089e-05
14.0492 -4.59475e-05
14.0743 -3.78255e-05
14.0995 -2.91755e-05
14.1246 -2.01373e-05
14.1497 -1.08557e-05
14.1749 -1.47862e-06
14.2 7.84575e-06
14.2251 1.6971e-05
14.2503 2.5755e-05
14.2754 3.40618e-05
14.3005 4.17641e-05
14.3257 4.87448e-05
14.3508 5.48992e-05
14.3759 6.01362e-05
14.4011 6.43798e-05
14.4262 6.75703e-05
14.4513 6.96647e-05
14.4765 7.06379e-05
14.5016 7.04823e-05
14.5267 6.92085e-05
14.5519 6.68444e-05
14.577 6.34349e-05
14.6021 5.9041e-05
14.6273 5.3739e-05
14.6524 4.76187e-05
14.6775 4.07825e-05
14.7027 3.33431e-05
14.7278 2.54219e-05
14.7529 1.71474e-05
14.7781 8.65251e-06
14.8032 7.27225e-08
14.8283 -8.45596e-06
14.8535 -1.67993e-05
14.8786 -2.48269e-05
14.9037 -3.24141e-05
14.9288 -3.94443e-05
14.954 -4.58101e-05
14.9791 -5.14156e-05
15.0042 -5.61773e-05
15.0294 -6.00256e-05
15.0545 -6.29058e-05
15.0796 -6.47789e-05
15.1048 -6.56219e-05
15.1299 -6.54281e-05
15.155 -6.42073e-05
15.1802 -6.19855e-05
15.2053 -5.88042e-05
15.2304 -5.47196e-05
15.2556 -4.98021e-05
15.2807 -4.41344e-05
15.3058 -3.78107e-05
15.331 -3.09349e-05
15.3561 -2.36188e-05
15.3812 -1.59805e-05
15.4064 -8.14254e-06
15.4315 -2.29519e-07
15.4566 7.63338e-06
15.4818 1.53226e-05
15.5069 2.27182e-05
15.532 2.97055e-05
15.5572 3.61772e-05
15.5823 4.20345e-05
15.6074 4.71892e-05
15.6326 5.15645e-05
15.6577 5.50966e-05
15.6828 5.77352e-05
15.708 5.94445e-05
15.7331 6.02035e-05
15.7582 6.00062e-05
15.7834 5.8862e-05
15.8085 5.67949e-05
15.8336 5.38433e-05
15.8588 5.00593e-05
15.8839 4.5508e-05
15.909 4.02658e-05
15.9342 3.44198e-05
15.9593 2.8066e-05
15.9844 2.13076e-05
16.0096 1.42537e-05
16.0347 7.01743e-06
16.0598 -2.86056e-07
16.085 -7.5412e-06
16.1101 -1.46339e-05
16.1352 -2.14534e-05
16.1604 -2.78939e-05
16.1855 -3.38562e-05
16.2106 -3.92493e-05
16.2358 -4.39915e-05
16.2609 -4.80123e-05
16.286 -5.12526e-05
16.3111 -5.3666e-05
16.3363 -5.52197e-05
16.3614 -5.58943e-05
16.3865 -5.56846e-05
16.4117 -5.45992e-05
16.4368 -5.26605e-05
16.4619 -4.99043e-05
16.4871 -4.63788e-05
16.5122 -4.21443e-05
16.5373 -3.72717e-05
16.5625 -3.18417e-05
16.5876 -2.59432e-05
16.6127 -1.96719e-05
16.6379 -1.31288e-05
16.663 -6.41861e-06
16.6881 3.51888e-07
16.7133 7.07571e-06
16.7384 1.36472e-05
16.7635 1.99638e-05
16.7887 2.59274e-05
16.8138 3.14462e-05
16.8389 3.6436e-05
16.8641 4.08212e-05
16.8892 4.45364e-05
16.9143 4.7527e-05
16.9395 4.97501e-05
16.9646 5.11754e-05
16.9897 5.17849e-05
17.0149 5.1574e-05
17.04 5.05508e-05
17.0651 4.87362e-05
17.0903 4.61634e-05
17.1154 4.28774e-05
17.1405 3.89341e-05
17.1657 3.43995e-05
17.1908 2.93486e-05
17.2159 2.38638e-05
17.2411 1.80342e-05
17.2662 1.19536e-05
17.2913 5.71921e-06
17.3165 -5.69789e-07
17.3416 -6.81401e-06
17.3667 -1.29153e-05
17.3919 -1.87784e-05
17.417 -2.43122e-05
17.4421 -2.94316e-05
17.4673 -3.4058e-05
17.4924 -3.81216e-05
17.5175 -4.15615e-05
17.5427 -4.43269e-05
17.5678 -4.63783e-05
17.5929 -4.76873e-05
17.6181 -4.82375e-05
17.6432 -4.80246e-05
17.6683 -4.70562e-05
17.6934 -4.53518e-05
17.7186 -4.29424e-05
17.7437 -3.987e-05
17.7688 -3.61867e-05
17.794 -3.19539e-05
17.8191 -2.72414e-05
17.8442 -2.21261e-05
17.8694 -1.66909e-05
17.8945 -1.10231e-05
17.9196 -5.21336e-06
17.9448 6.46024e-07
17.9699 6.46249e-06
17.995 1.21446e-05
18.0202 1.76037e-05
18.0453 2.2755e-05
18.0704 2.7519e-05
18.0956 3.18228e-05
18.1207 3.56012e-05
18.1458 3.87976e-05
18.171 4.13647e-05
18.1961 4.32657e-05
18.2212 4.44743e-05
18.2464 4.49752e-05
18.2715 4.47644e-05
18.2966 4.38491e-05
18.3218 4.22476e-05
18.3469 3.99888e-05
18.372 3.7112e-05
18.3972 3.36658e-05
18.4223 2.97076e-05
18.4474 2.53025e-05
18.4726 2.05224e-05
18.4977 1.54445e-05
18.5228 1.01505e-05
18.548 4.72488e-06
18.5731 -7.46113e-07
18.5982 -6.17608e-06
18.6234 -1.14797e-05
18.6485 -1.65741e-05
18.6736 -2.13802e-05
18.6988 -2.58238e-05
18.7239 -2.98368e-05
18.749 -3.33583e-05
18.7742 -3.63355e-05
18.7993 -3.87244e-05
18.8244 -4.04904e-05
18.8496 -4.16091e-05
18.8747 -4.20662e-05
18.8998 -4.18582e-05
18.925 -4.09916e-05
18.9501 -3.94838e-05
18.9752 -3.73617e-05
19.0004 -3.46622e-05
19.0255 -3.14306e-05
19.0506 -2.77208e-05
19.0758 -2.35936e-05
19.1009 -1.91163e-05
19.126 -1.43612e-05
19.1511 -9.40469e-06
19.1763 -4.32582e-06
19.2014 7.94733e-07
19.2265 5.87611e-06
19.2517 1.08385e-05
19.2768 1.56043e-05
19.3019 2.00995e-05
19.3271 2.42547e-05
19.3522 2.80063e-05
19.3773 3.12971e-05
19.4025 3.40778e-05
19.4276 3.63072e-05
19.4527 3.79531e-05
19.4779 3.89924e-05
19.503 3.94119e-05
19.5281 3.92082e-05
19.5533 3.83878e-05
19.5784 3.69666e-05
19.6035 3.49702e-05
19.6287 3.24329e-05
19.6538 2.93974e-05
19.6789 2.59141e-05
19.7041 2.20401e-05
19.7292 1.78384e-05
19.7543 1.33768e-05
19.7795 8.72703e-06
19.8046 3.96315e-06
19.8297 -8.3919e-07
19.8549 -5.60417e-06
19.88 -1.02569e-05
19.9051 -1.47248e-05
19.9303 -1.89382e-05
19.9554 -2.28322e-05
19.9805 -2.6347e-05
20.0057 -2.94291e-05
20.0308 -3.20322e-05
20.0559 -3.41177e-05
20.0811 -3.56552e-05
20.1062 -3.66234e-05
20.1313 -3.70098e-05
20.1565 -3.68111e-05
20.1816 -3.60335e-05
20.2067 -3.4692e-05
20.2319 -3.28106e-05
20.257 -3.04215e-05
20.2821 -2.75649e-05
20.3073 -2.42881e-05
20.3324 -2.06448e-05
20.3575 -1.66941e-05
20.3827 -1.24998e-05
20.4078 -8.12905e-06
20.4329 -3.65166e-06
20.4581 8.61371e-07
20.4832 5.3388e-06
20.5083 9.71028e-06
20.5334 1.39075e-05
20.5586 1.78652e-05
20.5837 2.15221e-05
20.6088 2.48223e-05
20.634 2.77154e-05
20.6591 3.01578e-05
20.6842 3.21133e-05
20.7094 3.35535e-05
20.7345 3.4458e-05
20.7596 3.48153e-05
20.7848 3.46224e-05
20.8099 3.3885e-05
20.835 3.26172e-05
20.8602 3.08417e-05
20.8853 2.85887e-05
20.9104 2.58961e-05
20.9356 2.28084e-05
20.9607 1.93761e-05
20.9858 1.56549e-05
21.011 1.17048e-05
21.0361 7.58897e-06
21.0612 3.37316e-06
21.0864 -8.75814e-07
21.1115 -5.09088e-06
21.1366 -9.20581e-06
21.1618 -1.31563e-05
21.1869 -1.68809e-05
21.212 -2.0322e-05
21.2372 -2.34267e-05
21.2623 -2.61478e-05
21.2874 -2.84442e-05
21.3126 -3.02818e-05
21.3377 -3.16337e-05
21.3628 -3.24809e-05
21.388 -3.28125e-05
21.4131 -3.26257e-05
21.4382 -3.19258e-05
21.4634 -3.07262e-05
21.4885 -2.90481e-05
21.5136 -2.69202e-05
21.5388 -2.43782e-05
21.5639 -2.14639e-05
21.589 -1.8225e-05
21.6142 -1.4714e-05
21.6393 -1.09874e-05
21.6644 -7.10492e-06
21.6896 -3.12844e-06
21.7147 8.79015e-07
21.7398 4.85418e-06
21.765 8.73461e-06
21.7901 1.24596e-05
21.8152 1.59713e-05
21.8404 1.92153e-05
21.8655 2.21418e-05
21.8906 2.47061e-05
21.9158 2.68695e-05
21.9409 2.85998e-05
21.966 2.98717e-05
21.9911 3.06672e-05
22.0163 3.09761e-05
22.0414 3.07956e-05
22.0665 3.01308e-05
22.0917 2.89943e-05
22.1168 2.74063e-05
22.1419 2.53938e-05
22.1671 2.29903e-05
22.1922 2.02355e-05
22.2173 1.71743e-05
22.2425 1.38564e-05
22.2676 1.03351e-05
22.2927 6.66675e-06
22.3179 2.90986e-06
22.343 -8.76042e-07
22.3681 -4.63122e-06
22.3933 -8.29668e-06
22.4184 -1.18151e-05
22.4435 -1.51317e-05
22.4687 -1.81952e-05
22.4938 -2.09585e-05
22.5189 -2.33794e-05
22.5441 -2.54213e-05
22.5692 -2.70537e-05
22.5943 -2.82527e-05
22.6195 -2.90014e-05
22.6446 -2.929e-05
22.6697 -2.91159e-05
22.6949 -2.8484e-05
22.72 -2.74062e-05
22.7451 -2.59014e-05
22.7703 -2.39953e-05
22.7954 -2.17196e-05
22.8205 -1.91117e-05
22.8457 -1.62143e-05
22.8708 -1.30741e-05
22.8959 -9.74164e-06
22.9211 -6.27033e-06
22.9462 -2.71539e-06
22.9713 8.66846e-07
22.9965 4.41984e-06
23.0216 7.88778e-06
23.0467 1.12164e-05
23.0719 1.4354e-05
23.097 1.72518e-05
23.1221 1.98654e-05
23.1473 2.21548e-05
23.1724 2.40853e-05
23.1975 2.56281e-05
23.2227 2.67607e-05
23.2478 2.74668e-05
23.2729 2.77373e-05
23.2981 2.75697e-05
23.3232 2.69686e-05
23.3483 2.59453e-05
23.3734 2.45177e-05
23.3986 2.27101e-05
23.4237 2.05525e-05
23.4488 1.80803e-05
23.474 1.53339e-05
23.4991 1.23577e-05
23.5242 9.1995e-06
23.5494 5.90981e-06
23.5745 2.54101e-06
23.5996 -8.53534e-07
23.6248 -4.22026e-06
23.6499 -7.50627e-06
23.675 -1.06602e-05
23.7002 -1.36328e-05
23.7253 -1.63783e-05
23.7504 -1.88542e-05
23.7756 -2.10227e-05
23.8007 -2.28509e-05
23.8258 -2.43116e-05
23.851 -2.53833e-05
23.8761 -2.60506e-05
23.9012 -2.63049e-05
23.9264 -2.61438e-05
23.9515 -2.55716e-05
23.9766 -2.4599e-05
24.0018 -2.3243e-05
24.0269 -2.15267e-05
24.052 -1.94783e-05
24.0772 -1.71318e-05
24.1023 -1.45251e-05
24.1274 -1.17005e-05
24.1526 -8.70329e-06
24.1777 -5.58142e-06
24.2028 -2.38455e-06
24.228 8.36677e-07
24.2531 4.03143e-06
24.2782 7.14952e-06
24.3034 1.01422e-05
24.3285 1.29628e-05
24.3536 1.55676e-05
24.3788 1.79166e-05
24.4039 1.99737e-05
24.429 2.17079e-05
24.4542 2.3093e-05
24.4793 2.41088e-05
24.5044 2.47407e-05
24.5296 2.49804e-05
24.5547 2.48257e-05
24.5798 2.42806e-05
24.605 2.33553e-05
24.6301 2.20659e-05
24.6552 2.04343e-05
24.6804 1.84874e-05
24.7055 1.62572e-05
24.7306 1.37801e-05
24.7558 1.10959e-05
24.7809 8.24776e-06
24.806 5.28125e-06
24.8311 2.24351e-06
24.8563 -8.17323e-07
24.8814 -3.85298e-06
24.9065 -6.81575e-06
24.9317 -9.65929e-06
24.9568 -1.23393e-05
24.9819 -1.48142e-05
25.0071 -1.70459e-05
25.0322 -1.90003e-05
25.0573 -2.06475e-05
25.0825 -2.19631e-05
25.1076 -2.29275e-05
25.1327 -2.35269e-05
25.1579 -2.37534e-05
25.183 -2.3605e-05
25.2081 -2.30853e-05
25.2333 -2.22042e-05
25.2584 -2.09768e-05
25.2835 -1.9424e-05
25.3087 -1.75714e-05
25.3338 -1.54493e-05
25.3589 -1.30923e-05
25.3841 -1.05385e-05
25.4092 -7.8287e-06
25.4343 -5.00628e-06
25.4595 -2.11612e-06
25.4846 7.9601e-07
25.5097 3.68418e-06
25.5349 6.50301e-06
25.56 9.20838e-06
25.5851 1.17581e-05
25.6103 1.41128e-05
25.6354 1.62359e-05
25.6605 1.80951e-05
25.6857 1.96621e-05
25.7108 2.09133e-05
