0 -0.712936
0.0251327 -0.714078
0.0502655 -0.717499
0.0753982 -0.723178
0.100531 -0.731084
0.125664 -0.741171
0.150796 -0.753381
0.175929 -0.767646
0.201062 -0.783883
0.226195 -0.802001
0.251327 -0.821898
0.27646 -0.843461
0.301593 -0.866569
0.326726 -0.891091
0.351858 -0.916893
0.376991 -0.943829
0.402124 -0.971751
0.427257 -1.00051
0.452389 -1.02993
0.477522 -1.05988
0.502655 -1.09017
0.527788 -1.12066
0.55292 -1.15117
0.578053 -1.18155
0.603186 -1.21164
0.628319 -1.24127
0.653451 -1.27031
0.678584 -1.29859
0.703717 -1.32599
0.728849 -1.35235
0.753982 -1.37757
0.779115 -1.4015
0.804248 -1.42405
0.82938 -1.4451
0.854513 -1.46457
0.879646 -1.48236
0.904779 -1.49841
0.929911 -1.51264
0.955044 -1.525
0.980177 -1.53545
1.00531 -1.54395
1.03044 -1.55047
1.05558 -1.55501
1.08071 -1.55756
1.10584 -1.55813
1.13097 -1.55673
1.15611 -1.55338
1.18124 -1.54811
1.20637 -1.54098
1.2315 -1.53202
1.25664 -1.52129
1.28177 -1.50886
1.3069 -1.4948
1.33204 -1.47917
1.35717 -1.46206
1.3823 -1.44355
1.40743 -1.42372
1.43257 -1.40267
1.4577 -1.38049
1.48283 -1.35727
1.50796 -1.3331
1.5331 -1.30808
1.55823 -1.28231
1.58336 -1.25588
1.6085 -1.22888
1.63363 -1.2014
1.65876 -1.17354
1.68389 -1.14537
1.70903 -1.11699
1.73416 -1.08847
1.75929 -1.05989
1.78442 -1.03133
1.80956 -1.00285
1.83469 -0.974526
1.85982 -0.946407
1.88496 -0.918555
1.91009 -0.891023
1.93522 -0.863857
1.96035 -0.837101
1.98549 -0.810794
2.01062 -0.784971
2.03575 -0.75966
2.06088 -0.734889
2.08602 -0.71068
2.11115 -0.687049
2.13628 -0.664014
2.16142 -0.641583
2.18655 -0.619765
2.21168 -0.598565
2.23681 -0.577985
2.26195 -0.558025
2.28708 -0.53868
2.31221 -0.519947
2.33734 -0.501818
2.36248 -0.484285
2.38761 -0.467337
2.41274 -0.450964
2.43788 -0.435153
2.46301 -0.41989
2.48814 -0.405162
2.51327 -0.390954
2.53841 -0.377251
2.56354 -0.364039
2.58867 -0.351301
2.61381 -0.339024
2.63894 -0.327191
2.66407 -0.315788
2.6892 -0.304801
2.71434 -0.294214
2.73947 -0.284015
2.7646 -0.274188
2.78973 -0.264722
2.81487 -0.255603
2.84 -0.24682
2.86513 -0.238359
2.89027 -0.230211
2.9154 -0.222363
2.94053 -0.214806
2.96566 -0.207529
2.9908 -0.200523
3.01593 -0.193777
3.04106 -0.187283
3.06619 -0.181033
3.09133 -0.175016
3.11646 -0.169226
3.14159 -0.163654
3.16673 -0.158292
3.19186 -0.153132
3.21699 -0.148167
3.24212 -0.143389
3.26726 -0.138792
3.29239 -0.134367
3.31752 -0.130109
3.34265 -0.126009
3.36779 -0.122062
3.39292 -0.11826
3.41805 -0.114598
3.44319 -0.111068
3.46832 -0.107665
3.49345 -0.104382
3.51858 -0.101214
3.54372 -0.0981556
3.56885 -0.0952004
3.59398 -0.0923436
3.61911 -0.0895801
3.64425 -0.0869051
3.66938 -0.0843141
3.69451 -0.0818028
3.71965 -0.0793671
3.74478 -0.0770035
3.76991 -0.0747083
3.79504 -0.0724783
3.82018 -0.0703107
3.84531 -0.0682027
3.87044 -0.066152
3.89557 -0.0641564
3.92071 -0.062214
3.94584 -0.0603232
3.97097 -0.0584823
3.99611 -0.0566903
4.02124 -0.0549461
4.04637 -0.0532486
4.0715 -0.0515973
4.09664 -0.0499913
4.12177 -0.0484303
4.1469 -0.0469137
4.17204 -0.0454411
4.19717 -0.0440123
4.2223 -0.0426269
4.24743 -0.0412846
4.27257 -0.039985
4.2977 -0.0387278
4.32283 -0.0375126
4.34796 -0.036339
4.3731 -0.0352063
4.39823 -0.0341141
4.42336 -0.0330616
4.4485 -0.032048
4.47363 -0.0310725
4.49876 -0.0301342
4.52389 -0.0292318
4.54903 -0.0283645
4.57416 -0.0275308
4.59929 -0.0267296
4.62442 -0.0259594
4.64956 -0.0252188
4.67469 -0.0245065
4.69982 -0.0238208
4.72496 -0.0231603
4.75009 -0.0225234
4.77522 -0.0219086
4.80035 -0.0213144
4.82549 -0.0207394
4.85062 -0.020182
4.87575 -0.019641
4.90088 -0.019115
4.92602 -0.0186027
4.95115 -0.0181031
4.97628 -0.017615
5.00142 -0.0171375
5.02655 -0.0166698
5.05168 -0.0162112
5.07681 -0.0157609
5.10195 -0.0153186
5.12708 -0.0148837
5.15221 -0.014456
5.17734 -0.0140353
5.20248 -0.0136215
5.22761 -0.0132146
5.25274 -0.0128146
5.27788 -0.0124218
5.30301 -0.0120364
5.32814 -0.0116586
5.35327 -0.0112887
5.37841 -0.0109272
5.40354 -0.0105743
5.42867 -0.0102305
5.4538 -0.00989617
5.47894 -0.00957165
5.50407 -0.00925732
5.5292 -0.00895349
5.55434 -0.00866045
5.57947 -0.00837843
5.6046 -0.00810761
5.62973 -0.00784811
5.65487 -0.00759998
5.68 -0.00736321
5.70513 -0.00713771
5.73027 -0.00692334
5.7554 -0.00671985
5.78053 -0.00652696
5.80566 -0.00634431
5.8308 -0.00617147
5.85593 -0.00600796
5.88106 -0.00585325
5.90619 -0.00570676
5.93133 -0.00556788
5.95646 -0.00543596
5.98159 -0.00531034
6.00673 -0.00519033
6.03186 -0.00507526
6.05699 -0.00496445
6.08212 -0.00485722
6.10726 -0.00475295
6.13239 -0.00465102
6.15752 -0.00455085
6.18265 -0.0044519
6.20779 -0.00435369
6.23292 -0.0042558
6.25805 -0.00415784
6.28319 -0.00405952
6.30832 -0.00396059
6.33345 -0.00386087
6.35858 -0.00376024
6.38372 -0.00365867
6.40885 -0.00355616
6.43398 -0.00345279
6.45911 -0.0033487
6.48425 -0.00324408
6.50938 -0.00313916
6.53451 -0.00303421
6.55965 -0.00292956
6.58478 -0.00282555
6.60991 -0.00272254
6.63504 -0.00262092
6.66018 -0.00252107
6.68531 -0.00242339
6.71044 -0.00232825
6.73557 -0.00223603
6.76071 -0.00214708
6.78584 -0.00206172
6.81097 -0.00198023
6.83611 -0.00190288
6.86124 -0.00182988
6.88637 -0.00176139
6.9115 -0.00169753
6.93664 -0.00163838
6.96177 -0.00158395
6.9869 -0.00153421
7.01203 -0.00148908
7.03717 -0.00144843
7.0623 -0.00141208
7.08743 -0.0013798
7.11257 -0.00135133
7.1377 -0.00132637
7.16283 -0.00130459
7.18796 -0.00128563
7.2131 -0.0012691
7.23823 -0.00125461
7.26336 -0.00124176
7.28849 -0.00123013
7.31363 -0.00121933
7.33876 -0.00120894
7.36389 -0.00119859
7.38903 -0.00118791
7.41416 -0.00117657
7.43929 -0.00116425
7.46442 -0.00115068
7.48956 -0.00113561
7.51469 -0.00111886
7.53982 -0.00110025
7.56496 -0.00107968
7.59009 -0.00105708
7.61522 -0.00103243
7.64035 -0.00100574
7.66549 -0.000977079
7.69062 -0.000946551
7.71575 -0.0009143
7.74088 -0.000880504
7.76602 -0.000845376
7.79115 -0.000809154
7.81628 -0.0007721
7.84142 -0.000734498
7.86655 -0.000696642
7.89168 -0.000658838
7.91681 -0.000621393
7.94195 -0.000584615
7.96708 -0.000548804
7.99221 -0.000514249
8.01734 -0.000481223
8.04248 -0.000449978
8.06761 -0.000420744
8.09274 -0.00039372
8.11788 -0.000369075
8.14301 -0.000346947
8.16814 -0.000327436
8.19327 -0.000310607
8.21841 -0.000296485
8.24354 -0.000285062
8.26867 -0.000276289
8.2938 -0.000270083
8.31894 -0.000266326
8.34407 -0.000264867
8.3692 -0.000265527
8.39434 -0.0002681
8.41947 -0.000272354
8.4446 -0.000278043
8.46973 -0.0002849
8.49487 -0.000292651
8.52 -0.000301013
8.54513 -0.000309701
8.57026 -0.000318434
8.5954 -0.000326934
8.62053 -0.000334937
8.64566 -0.000342191
8.6708 -0.000348463
8.69593 -0.000353543
8.72106 -0.000357244
8.74619 -0.000359407
8.77133 -0.000359902
8.79646 -0.000358629
8.82159 -0.000355522
8.84672 -0.000350547
8.87186 -0.000343701
8.89699 -0.000335017
8.92212 -0.000324555
8.94726 -0.00031241
8.97239 -0.0002987
8.99752 -0.000283573
9.02265 -0.000267199
9.04779 -0.000249766
9.07292 -0.000231482
9.09805 -0.000212567
9.12319 -0.000193251
9.14832 -0.000173769
9.17345 -0.000154361
9.19858 -0.000135261
9.22372 -0.000116701
9.24885 -9.89024e-05
9.27398 -8.20738e-05
9.29911 -6.64086e-05
9.32425 -5.20812e-05
9.34938 -3.92447e-05
9.37451 -2.80287e-05
9.39965 -1.85371e-05
9.42478 -1.08474e-05
9.44991 -5.00887e-06
9.47504 -1.04276e-06
9.50018 1.05824e-06
9.52531 1.32947e-06
9.55044 -1.6651e-07
9.57557 -3.34116e-06
9.60071 -8.08156e-06
9.62584 -1.42524e-05
9.65097 -2.16985e-05
9.67611 -3.0247e-05
9.70124 -3.97108e-05
9.72637 -4.9891e-05
9.7515 -6.05809e-05
9.77664 -7.15685e-05
9.80177 -8.26405e-05
9.8269 -9.35852e-05
9.85203 -0.000104196
9.87717 -0.000114275
9.9023 -0.000123635
9.92743 -0.000132104
9.95257 -0.000139524
9.9777 -0.00014576
10.0028 -0.000150694
10.028 -0.000154233
10.0531 -0.000156306
10.0782 -0.000156869
10.1034 -0.000155901
10.1285 -0.000153407
10.1536 -0.000149415
10.1788 -0.00014398
10.2039 -0.000137178
10.229 -0.000129106
10.2542 -0.000119883
10.2793 -0.000109643
10.3044 -9.85374e-05
10.3296 -8.67292e-05
10.3547 -7.4392e-05
10.3798 -6.17064e-05
10.405 -4.88575e-05
10.4301 -3.60316e-05
10.4552 -2.34133e-05
10.4804 -1.11828e-05
10.5055 4.87161e-07
10.5306 1.14338e-05
10.5558 2.15069e-05
10.5809 3.0571e-05
10.606 3.85075e-05
10.6311 4.52162e-05
10.6563 5.06168e-05
10.6814 5.46501e-05
10.7065 5.72787e-05
10.7317 5.84873e-05
10.7568 5.82827e-05
10.7819 5.66939e-05
10.8071 5.37709e-05
10.8322 4.9584e-05
10.8573 4.42225e-05
10.8825 3.77933e-05
10.9076 3.04187e-05
10.9327 2.22344e-05
10.9579 1.33877e-05
10.983 4.03451e-06
11.0081 -5.6629e-06
11.0333 -1.55385e-05
11.0584 -2.54253e-05
11.0835 -3.51578e-05
11.1087 -4.45747e-05
11.1338 -5.35213e-05
11.1589 -6.1852e-05
11.1841 -6.94323e-05
11.2092 -7.61413e-05
11.2343 -8.18727e-05
11.2595 -8.65371e-05
11.2846 -9.00627e-05
11.3097 -9.23968e-05
11.3349 -9.35057e-05
11.36 -9.33761e-05
11.3851 -9.2014e-05
11.4103 -8.94452e-05
11.4354 -8.57146e-05
11.4605 -8.08851e-05
11.4857 -7.50365e-05
11.5108 -6.82643e-05
11.5359 -6.06777e-05
11.5611 -5.23981e-05
11.5862 -4.35569e-05
11.6113 -3.42935e-05
11.6365 -2.47527e-05
11.6616 -1.50826e-05
11.6867 -5.43236e-06
11.7119 4.05041e-06
11.737 1.32219e-05
11.7621 2.19442e-05
11.7873 3.00877e-05
11.8124 3.75328e-05
11.8375 4.41717e-05
11.8627 4.99104e-05
11.8878 5.46696e-05
11.9129 5.8386e-05
11.9381 6.10133e-05
11.9632 6.25224e-05
11.9883 6.29024e-05
12.0135 6.216e-05
12.0386 6.03193e-05
12.0637 5.74217e-05
12.0888 5.35247e-05
12.114 4.8701e-05
12.1391 4.30375e-05
12.1642 3.66332e-05
12.1894 2.9598e-05
12.2145 2.2051e-05
12.2396 1.4118e-05
12.2648 5.9301e-06
12.2899 -2.37893e-06
12.315 -1.06744e-05
12.3402 -1.88232e-05
12.3653 -2.66955e-05
12.3904 -3.41668e-05
12.4156 -4.11203e-05
12.4407 -4.74483e-05
12.4658 -5.30536e-05
12.491 -5.78515e-05
12.5161 -6.17708e-05
12.5412 -6.47545e-05
12.5664 -6.67612e-05
12.5915 -6.77649e-05
12.6166 -6.77561e-05
12.6418 -6.6741e-05
12.6669 -6.47419e-05
12.692 -6.17964e-05
12.7172 -5.79568e-05
12.7423 -5.32892e-05
12.7674 -4.78721e-05
12.7926 -4.17954e-05
12.8177 -3.51588e-05
12.8428 -2.80698e-05
12.868 -2.06425e-05
12.8931 -1.29955e-05
12.9182 -5.24974e-06
12.9434 2.4729e-06
12.9685 1.0052e-05
12.9936 1.73702e-05
13.0188 2.43151e-05
13.0439 3.07812e-05
13.069 3.66711e-05
13.0942 4.18974e-05
13.1193 4.63835e-05
13.1444 5.00654e-05
13.1696 5.2892e-05
13.1947 5.4826e-05
13.2198 5.58447e-05
13.245 5.59397e-05
13.2701 5.51174e-05
13.2952 5.33984e-05
13.3204 5.08174e-05
13.3455 4.74224e-05
13.3706 4.32738e-05
13.3958 3.84435e-05
13.4209 3.30134e-05
13.446 2.70744e-05
13.4711 2.07247e-05
13.4963 1.40683e-05
13.5214 7.21302e-06
13.5465 2.69222e-07
13.5717 -6.65226e-06
13.5968 -1.34418e-05
13.6219 -1.99925e-05
13.6471 -2.62023e-05
13.6722 -3.19751e-05
13.6973 -3.72223e-05
13.7225 -4.18646e-05
13.7476 -4.58324e-05
13.7727 -4.90676e-05
13.7979 -5.15239e-05
13.823 -5.31676e-05
13.8481 -5.39782e-05
13.8733 -5.39484e-05
13.8984 -5.30842e-05
13.9235 -5.14048e-05
13.9487 -4.89421e-05
13.9738 -4.574e-05
13.9989 -4.1854e-05
14.0241 -3.73497e-05
14.0492 -3.23023e-05
14.0743 -2.67948e-05
14.0995 -2.09169e-05
14.1246 -1.47636e-05
14.1497 -8.43366e-06
14.1749 -2.0277e-06
14.2 4.35301e-06
14.2251 1.06083e-05
14.2503 1.66408e-05
14.2754 2.2357e-05
14.3005 2.76695e-05
14.3257 3.24975e-05
14.3508 3.67684e-05
14.3759 4.04192e-05
14.4011 4.33966e-05
14.4262 4.56588e-05
14.4513 4.71752e-05
14.4765 4.79272e-05
14.5016 4.79086e-05
14.5267 4.71251e-05
14.5519 4.55945e-05
14.577 4.33464e-05
14.6021 4.04212e-05
14.6273 3.687e-05
14.6524 3.27532e-05
14.6775 2.81398e-05
14.7027 2.3106e-05
14.7278 1.77344e-05
14.7529 1.2112e-05
14.7781 6.32952e-06
14.8032 4.7926e-07
14.8283 -5.34585e-06
14.8535 -1.1054e-05
14.8786 -1.65557e-05
14.9037 -2.17654e-05
14.9288 -2.66029e-05
14.954 -3.09942e-05
14.9791 -3.48728e-05
15.0042 -3.81808e-05
15.0294 -4.08697e-05
15.0545 -4.29012e-05
15.0796 -4.42473e-05
15.1048 -4.48912e-05
15.1299 -4.48274e-05
15.155 -4.40612e-05
15.1802 -4.26094e-05
15.2053 -4.04992e-05
15.2304 -3.77679e-05
15.2556 -3.44628e-05
15.2807 -3.06394e-05
15.3058 -2.63614e-05
15.331 -2.16991e-05
15.3561 -1.67284e-05
15.3812 -1.15295e-05
15.4064 -6.18575e-06
15.4315 -7.82338e-07
15.4566 4.5953e-06
15.4818 9.86262e-06
15.5069 1.49374e-05
15.532 1.97409e-05
15.5572 2.41992e-05
15.5823 2.82444e-05
15.6074 3.18154e-05
15.6326 3.48589e-05
15.6577 3.73305e-05
15.6828 3.91949e-05
15.708 4.04265e-05
15.7331 4.10102e-05
15.7582 4.09407e-05
15.7834 4.02235e-05
15.8085 3.8874e-05
15.8336 3.69175e-05
15.8588 3.43887e-05
15.8839 3.13311e-05
15.909 2.77963e-05
15.9342 2.38431e-05
15.9593 1.95364e-05
15.9844 1.49465e-05
16.0096 1.01474e-05
16.0347 5.21621e-06
16.0598 2.31489e-07
16.085 -4.7278e-06
16.1101 -9.5836e-06
16.1352 -1.42599e-05
16.1604 -1.86842e-05
16.1855 -2.27882e-05
16.2106 -2.6509e-05
16.2358 -2.97905e-05
16.2609 -3.25835e-05
16.286 -3.48469e-05
16.3111 -3.65483e-05
16.3363 -3.76643e-05
16.3614 -3.81808e-05
16.3865 -3.80932e-05
16.4117 -3.74067e-05
16.4368 -3.61356e-05
16.4619 -3.43035e-05
16.4871 -3.19425e-05
16.5122 -2.90932e-05
16.5373 -2.58033e-05
16.5625 -2.21274e-05
16.5876 -1.81255e-05
16.6127 -1.38629e-05
16.6379 -9.40806e-06
16.663 -4.83246e-06
16.6881 -2.08899e-07
16.7133 4.3895e-06
16.7384 8.89044e-06
16.7635 1.32236e-05
16.7887 1.73216e-05
16.8138 2.11215e-05
16.8389 2.4565e-05
16.8641 2.76e-05
16.8892 3.01811e-05
16.9143 3.22703e-05
16.9395 3.38377e-05
16.9646 3.48616e-05
16.9897 3.53291e-05
17.0149 3.52362e-05
17.04 3.45874e-05
17.0651 3.33965e-05
17.0903 3.16853e-05
17.1154 2.94838e-05
17.1405 2.68296e-05
17.1657 2.37672e-05
17.1908 2.03473e-05
17.2159 1.66258e-05
17.2411 1.2663e-05
17.2662 8.52302e-06
17.2913 4.27196e-06
17.3165 -2.2484e-08
17.3416 -4.29238e-06
17.3667 -8.47057e-06
17.3919 -1.24917e-05
17.417 -1.62934e-05
17.4421 -1.98168e-05
17.4673 -2.30082e-05
17.4924 -2.5819e-05
17.5175 -2.82071e-05
17.5427 -3.01373e-05
17.5678 -3.15818e-05
17.5929 -3.25206e-05
17.6181 -3.29417e-05
17.6432 -3.28414e-05
17.6683 -3.22243e-05
17.6934 -3.11029e-05
17.7186 -2.94978e-05
17.7437 -2.7437e-05
17.7688 -2.49554e-05
17.794 -2.20947e-05
17.8191 -1.89019e-05
17.8442 -1.54292e-05
17.8694 -1.17329e-05
17.8945 -7.87255e-06
17.9196 -3.90979e-06
17.9448 9.23382e-08
17.9699 4.07056e-06
17.995 7.96234e-06
18.0202 1.17068e-05
18.0453 1.52458e-05
18.0704 1.85248e-05
18.0956 2.14934e-05
18.1207 2.41066e-05
18.1458 2.63253e-05
18.171 2.81166e-05
18.1961 2.94546e-05
18.2212 3.03208e-05
18.2464 3.07042e-05
18.2715 3.06012e-05
18.2966 3.00162e-05
18.3218 2.89611e-05
18.3469 2.7455e-05
18.372 2.55242e-05
18.3972 2.32013e-05
18.4223 2.05251e-05
18.4474 1.75396e-05
18.4726 1.42937e-05
18.4977 1.08398e-05
18.5228 7.23344e-06
18.548 3.53235e-06
18.5731 -2.04672e-07
18.5982 -3.91856e-06
18.6234 -7.55093e-06
18.6485 -1.1045e-05
18.6736 -1.43464e-05
18.6988 -1.74042e-05
18.7239 -2.01714e-05
18.749 -2.26061e-05
18.7742 -2.46717e-05
18.7993 -2.63376e-05
18.8244 -2.75795e-05
18.8496 -2.83803e-05
18.8747 -2.87297e-05
18.8998 -2.86245e-05
18.925 -2.80687e-05
18.9501 -2.70735e-05
18.9752 -2.5657e-05
19.0004 -2.38436e-05
19.0255 -2.16639e-05
19.0506 -1.91543e-05
19.0758 -1.6356e-05
19.1009 -1.33146e-05
19.126 -1.00793e-05
19.1511 -6.7021e-06
19.1763 -3.23687e-06
19.2014 2.61297e-07
19.2265 3.73713e-06
19.2517 7.13598e-06
19.2768 1.04047e-05
19.3019 1.34925e-05
19.3271 1.63516e-05
19.3522 1.89382e-05
19.3773 2.1213e-05
19.4025 2.31417e-05
19.4276 2.46957e-05
19.4527 2.58524e-05
19.4779 2.65958e-05
19.503 2.69161e-05
19.5281 2.68106e-05
19.5533 2.6283e-05
19.5784 2.53438e-05
19.6035 2.40099e-05
19.6287 2.23044e-05
19.6538 2.0256e-05
19.6789 1.78987e-05
19.7041 1.52713e-05
19.7292 1.24164e-05
19.7543 9.38019e-06
19.7795 6.21147e-06
19.8046 2.96079e-06
19.8297 -3.20231e-07
19.8549 -3.57974e-06
19.88 -6.76651e-06
19.9051 -9.8307e-06
19.9303 -1.27247e-05
19.9554 -1.54036e-05
19.9805 -1.78265e-05
20.0057 -1.99564e-05
20.0308 -2.17612e-05
20.0559 -2.32142e-05
20.0811 -2.42941e-05
20.1062 -2.49859e-05
20.1313 -2.52804e-05
20.1565 -2.51752e-05
20.1816 -2.46738e-05
20.2067 -2.37861e-05
20.2319 -2.2528e-05
20.257 -2.0921e-05
20.2821 -1.89924e-05
20.3073 -1.67739e-05
20.3324 -1.43021e-05
20.3575 -1.1617e-05
20.3827 -8.76199e-06
20.4078 -5.78292e-06
20.4329 -2.72731e-06
20.4581 3.56354e-07
20.4832 3.41935e-06
20.5083 6.41353e-06
20.5334 9.29207e-06
20.5586 1.20102e-05
20.5837 1.45259e-05
20.6088 1.68004e-05
20.634 1.87993e-05
20.6591 2.04922e-05
20.6842 2.1854e-05
20.7094 2.28648e-05
20.7345 2.35106e-05
20.7596 2.37827e-05
20.7848 2.36787e-05
20.8099 2.32021e-05
20.835 2.23622e-05
20.8602 2.1174e-05
20.8853 1.96578e-05
20.9104 1.7839e-05
20.9356 1.57478e-05
20.9607 1.34185e-05
20.9858 1.08888e-05
21.011 8.19951e-06
21.0361 5.3938e-06
21.0612 2.5164e-06
21.0864 -3.87041e-07
21.1115 -3.27065e-06
21.1366 -6.08911e-06
21.1618 -8.79834e-06
21.1869 -1.13562e-05
21.212 -1.3723e-05
21.2372 -1.58626e-05
21.2623 -1.77421e-05
21.2874 -1.93333e-05
21.3126 -2.06124e-05
21.3377 -2.15607e-05
21.3628 -2.2165e-05
21.388 -2.24171e-05
21.4131 -2.23149e-05
21.4382 -2.18616e-05
21.4634 -2.1066e-05
21.4885 -1.99421e-05
21.5136 -1.85093e-05
21.5388 -1.67915e-05
21.5639 -1.48171e-05
21.589 -1.26183e-05
21.6142 -1.0231e-05
21.6393 -7.69345e-06
21.6644 -5.04641e-06
21.6896 -2.33206e-06
21.7147 4.06538e-07
21.7398 3.12614e-06
21.765 5.784e-06
21.7901 8.33854e-06
21.8152 1.075e-05
21.8404 1.29811e-05
21.8655 1.49974e-05
21.8906 1.67682e-05
21.9158 1.82668e-05
21.9409 1.94708e-05
21.966 2.03625e-05
21.9911 2.09293e-05
22.0163 2.11638e-05
22.0414 2.10639e-05
22.0665 2.06325e-05
22.0917 1.9878e-05
22.1168 1.88137e-05
22.1419 1.74578e-05
22.1671 1.5833e-05
22.1922 1.39661e-05
22.2173 1.18875e-05
22.2425 9.63094e-06
22.2676 7.23281e-06
22.2927 4.73146e-06
22.3179 2.16678e-06
22.343 -4.20577e-07
22.3681 -2.98975e-06
22.3933 -5.50036e-06
22.4184 -7.91312e-06
22.4435 -1.01905e-05
22.4687 -1.22972e-05
22.4938 -1.42008e-05
22.5189 -1.58722e-05
22.5441 -1.72862e-05
22.5692 -1.84215e-05
22.5943 -1.92617e-05
22.6195 -1.97947e-05
22.6446 -2.00135e-05
22.6697 -1.9916e-05
22.6949 -1.95052e-05
22.72 -1.87889e-05
22.7451 -1.77798e-05
22.7703 -1.6495e-05
22.7954 -1.4956e-05
22.8205 -1.31881e-05
22.8457 -1.12202e-05
22.8708 -9.08417e-06
22.8959 -6.81432e-06
22.9211 -4.44702e-06
22.9462 -2.01997e-06
22.9713 4.2833e-07
22.9965 2.85924e-06
23.0216 5.23456e-06
23.0467 7.5171e-06
23.0719 9.67134e-06
23.097 1.16639e-05
23.1221 1.34641e-05
23.1473 1.50444e-05
23.1724 1.63809e-05
23.1975 1.74536e-05
23.2227 1.82467e-05
23.2478 1.8749e-05
23.2729 1.89537e-05
23.2981 1.8859e-05
23.3232 1.84676e-05
23.3483 1.77869e-05
23.3734 1.6829e-05
23.3986 1.561e-05
23.4237 1.41504e-05
23.4488 1.2474e-05
23.474 1.06083e-05
23.4991 8.58346e-06
23.5242 6.43197e-06
23.5494 4.18828e-06
23.5745 1.88814e-06
23.5996 -4.32006e-07
23.6248 -2.73553e-06
23.6499 -4.98622e-06
23.675 -7.14886e-06
23.7002 -9.18977e-06
23.7253 -1.10773e-05
23.7504 -1.27824e-05
23.7756 -1.4279e-05
23.8007 -1.55443e-05
23.8258 -1.65595e-05
23.851 -1.73096e-05
23.8761 -1.77839e-05
23.9012 -1.7976e-05
23.9264 -1.78842e-05
23.9515 -1.7511e-05
23.9766 -1.68636e-05
24.0018 -1.59532e-05
24.0269 -1.47953e-05
24.052 -1.34092e-05
24.0772 -1.18176e-05
24.1023 -1.00464e-05
24.1274 -8.12435e-06
24.1526 -6.08227e-06
24.1777 -3.95282e-06
24.2028 -1.7699e-06
24.228 4.31883e-07
24.2531 2.61779e-06
24.2782 4.75345e-06
24.3034 6.80545e-06
24.3285 8.74182e-06
24.3536 1.05325e-05
24.3788 1.215e-05
24.4039 1.35694e-05
24.429 1.47693e-05
24.4542 1.57317e-05
24.4793 1.64423e-05
24.5044 1.6891e-05
24.5296 1.70718e-05
24.5547 1.6983e-05
24.5798 1.6627e-05
24.605 1.60106e-05
24.6301 1.51445e-05
24.6552 1.40433e-05
24.6804 1.27254e-05
24.7055 1.12124e-05
24.7306 9.52887e-06
24.7558 7.70207e-06
24.7809 5.76132e-06
24.806 3.73765e-06
24.8311 1.66326e-06
24.8563 -4.28988e-07
24.8814 -2.50607e-06
24.9065 -4.53533e-06
24.9317 -6.48502e-06
24.9568 -8.32474e-06
24.9819 -1.0026e-05
25.0071 -1.15625e-05
25.0322 -1.29107e-05
25.0573 -1.40502e-05
25.0825 -1.49639e-05
25.1076 -1.56382e-05
25.1327 -1.60635e-05
25.1579 -1.62341e-05
25.183 -1.61483e-05
25.2081 -1.58085e-05
25.2333 -1.52211e-05
25.2584 -1.43962e-05
25.2835 -1.33479e-05
25.3087 -1.20934e-05
25.3338 -1.06534e-05
25.3589 -9.05129e-06
25.3841 -7.31293e-06
25.4092 -5.46622e-06
25.4343 -3.54068e-06
25.4595 -1.56694e-06
25.4846 4.2374e-07
25.5097 2.39994e-06
25.5349 4.33059e-06
25.56 6.18548e-06
25.5851 7.93569e-06
25.6103 9.55407e-06
25.6354 1.10156e-05
25.6605 1.2298e-05
25.6857 1.33817e-05
25.7108 1.42504e-05
