0 1.29565
0.0251327 1.29506
0.0502655 1.2933
0.0753982 1.29036
0.100531 1.28625
0.125664 1.28097
0.150796 1.27455
0.175929 1.26697
0.201062 1.25827
0.226195 1.24844
0.251327 1.23751
0.27646 1.22549
0.301593 1.2124
0.326726 1.19826
0.351858 1.18309
0.376991 1.16692
0.402124 1.14977
0.427257 1.13166
0.452389 1.11263
0.477522 1.09269
0.502655 1.0719
0.527788 1.05026
0.55292 1.02782
0.578053 1.00461
0.603186 0.980663
0.628319 0.956016
0.653451 0.930704
0.678584 0.904765
0.703717 0.878237
0.728849 0.851159
0.753982 0.82357
0.779115 0.795508
0.804248 0.767016
0.82938 0.738133
0.854513 0.7089
0.879646 0.679358
0.904779 0.649549
0.929911 0.619515
0.955044 0.589295
0.980177 0.558932
1.00531 0.528467
1.03044 0.497941
1.05558 0.467395
1.08071 0.436868
1.10584 0.406401
1.13097 0.376034
1.15611 0.345804
1.18124 0.315751
1.20637 0.285911
1.2315 0.256322
1.25664 0.22702
1.28177 0.198039
1.3069 0.169415
1.33204 0.141179
1.35717 0.113365
1.3823 0.0860039
1.40743 0.0591252
1.43257 0.0327581
1.4577 0.00693032
1.48283 -0.0183316
1.50796 -0.0430024
1.5331 -0.0670582
1.55823 -0.0904763
1.58336 -0.113235
1.6085 -0.135316
1.63363 -0.156698
1.65876 -0.177366
1.68389 -0.197303
1.70903 -0.216496
1.73416 -0.234931
1.75929 -0.252596
1.78442 -0.269482
1.80956 -0.28558
1.83469 -0.300883
1.85982 -0.315385
1.88496 -0.329081
1.91009 -0.341968
1.93522 -0.354046
1.96035 -0.365312
1.98549 -0.375769
2.01062 -0.385419
2.03575 -0.394264
2.06088 -0.402311
2.08602 -0.409566
2.11115 -0.416034
2.13628 -0.421726
2.16142 -0.42665
2.18655 -0.430817
2.21168 -0.434239
2.23681 -0.436928
2.26195 -0.438898
2.28708 -0.440164
2.31221 -0.44074
2.33734 -0.440645
2.36248 -0.439893
2.38761 -0.438504
2.41274 -0.436495
2.43788 -0.433887
2.46301 -0.430698
2.48814 -0.426949
2.51327 -0.42266
2.53841 -0.417854
2.56354 -0.412551
2.58867 -0.406773
2.61381 -0.400544
2.63894 -0.393884
2.66407 -0.386818
2.6892 -0.379368
2.71434 -0.371558
2.73947 -0.363409
2.7646 -0.354946
2.78973 -0.346191
2.81487 -0.337167
2.84 -0.327898
2.86513 -0.318407
2.89027 -0.308715
2.9154 -0.298845
2.94053 -0.288819
2.96566 -0.27866
2.9908 -0.268387
3.01593 -0.258024
3.04106 -0.24759
3.06619 -0.237105
3.09133 -0.22659
3.11646 -0.216064
3.14159 -0.205545
3.16673 -0.195052
3.19186 -0.184603
3.21699 -0.174214
3.24212 -0.163902
3.26726 -0.153684
3.29239 -0.143575
3.31752 -0.133588
3.34265 -0.123739
3.36779 -0.11404
3.39292 -0.104505
3.41805 -0.0951447
3.44319 -0.0859713
3.46832 -0.0769951
3.49345 -0.0682262
3.51858 -0.0596737
3.54372 -0.0513463
3.56885 -0.0432518
3.59398 -0.0353974
3.61911 -0.0277896
3.64425 -0.0204344
3.66938 -0.0133368
3.69451 -0.00650135
3.71965 6.80307e-05
3.74478 0.00636812
3.76991 0.0123963
3.79504 0.0181506
3.82018 0.0236297
3.84531 0.0288326
3.87044 0.0337592
3.89557 0.0384098
3.92071 0.0427851
3.94584 0.0468867
3.97097 0.0507162
3.99611 0.0542761
4.02124 0.0575692
4.04637 0.0605986
4.0715 0.0633681
4.09664 0.0658817
4.12177 0.0681438
4.1469 0.0701593
4.17204 0.0719333
4.19717 0.0734712
4.2223 0.0747788
4.24743 0.0758621
4.27257 0.0767273
4.2977 0.077381
4.32283 0.0778299
4.34796 0.0780809
4.3731 0.0781411
4.39823 0.0780176
4.42336 0.0777179
4.4485 0.0772494
4.47363 0.0766197
4.49876 0.0758363
4.52389 0.074907
4.54903 0.0738394
4.57416 0.0726413
4.59929 0.0713205
4.62442 0.0698845
4.64956 0.0683412
4.67469 0.0666981
4.69982 0.0649628
4.72496 0.0631428
4.75009 0.0612455
4.77522 0.0592783
4.80035 0.0572482
4.82549 0.0551623
4.85062 0.0530276
4.87575 0.0508508
4.90088 0.0486386
4.92602 0.0463974
4.95115 0.0441335
4.97628 0.041853
5.00142 0.0395617
5.02655 0.0372654
5.05168 0.0349696
5.07681 0.0326797
5.10195 0.0304005
5.12708 0.0281372
5.15221 0.0258943
5.17734 0.0236762
5.20248 0.0214872
5.22761 0.0193313
5.25274 0.0172122
5.27788 0.0151335
5.30301 0.0130985
5.32814 0.0111104
5.35327 0.00917183
5.37841 0.00728564
5.40354 0.0054542
5.42867 0.00367973
5.4538 0.00196424
5.47894 0.000309503
5.50407 -0.00128288
5.5292 -0.00281154
5.55434 -0.00427529
5.57947 -0.00567315
5.6046 -0.00700431
5.62973 -0.00826817
5.65487 -0.00946428
5.68 -0.0105924
5.70513 -0.0116524
5.73027 -0.0126444
5.7554 -0.0135686
5.78053 -0.0144254
5.80566 -0.0152152
5.8308 -0.0159388
5.85593 -0.0165969
5.88106 -0.0171905
5.90619 -0.0177205
5.93133 -0.0181881
5.95646 -0.0185946
5.98159 -0.0189412
6.00673 -0.0192294
6.03186 -0.0194607
6.05699 -0.0196367
6.08212 -0.0197591
6.10726 -0.0198295
6.13239 -0.0198498
6.15752 -0.0198217
6.18265 -0.0197472
6.20779 -0.0196282
6.23292 -0.0194665
6.25805 -0.0192643
6.28319 -0.0190235
6.30832 -0.018746
6.33345 -0.018434
6.35858 -0.0180894
6.38372 -0.0177144
6.40885 -0.0173108
6.43398 -0.0168808
6.45911 -0.0164263
6.48425 -0.0159494
6.50938 -0.015452
6.53451 -0.014936
6.55965 -0.0144035
6.58478 -0.0138561
6.60991 -0.0132959
6.63504 -0.0127246
6.66018 -0.012144
6.68531 -0.0115558
6.71044 -0.0109617
6.73557 -0.0103633
6.76071 -0.00976221
6.78584 -0.00915998
6.81097 -0.00855807
6.83611 -0.00795789
6.86124 -0.00736082
6.88637 -0.00676816
6.9115 -0.00618116
6.93664 -0.005601
6.96177 -0.00502881
6.9869 -0.00446567
7.01203 -0.00391257
7.03717 -0.00337047
7.0623 -0.00284025
7.08743 -0.00232273
7.11257 -0.00181868
7.1377 -0.0013288
7.16283 -0.000853743
7.18796 -0.000394087
7.2131 4.96385e-05
7.23823 0.000476962
7.26336 0.000887468
7.28849 0.0012808
7.31363 0.00165665
7.33876 0.00201476
7.36389 0.00235494
7.38903 0.00267702
7.41416 0.00298092
7.43929 0.00326656
7.46442 0.00353394
7.48956 0.00378309
7.51469 0.00401409
7.53982 0.00422705
7.56496 0.00442211
7.59009 0.00459948
7.61522 0.00475938
7.64035 0.00490205
7.66549 0.0050278
7.69062 0.00513694
7.71575 0.00522981
7.74088 0.00530679
7.76602 0.00536827
7.79115 0.00541468
7.81628 0.00544645
7.84142 0.00546403
7.86655 0.00546791
7.89168 0.00545857
7.91681 0.00543651
7.94195 0.00540224
7.96708 0.00535631
7.99221 0.00529922
8.01734 0.00523153
8.04248 0.00515379
8.06761 0.00506653
8.09274 0.00497032
8.11788 0.0048657
8.14301 0.00475323
8.16814 0.00463347
8.19327 0.00450695
8.21841 0.00437422
8.24354 0.00423583
8.26867 0.00409231
8.2938 0.00394418
8.31894 0.00379197
8.34407 0.00363617
8.3692 0.0034773
8.39434 0.00331583
8.41947 0.00315225
8.4446 0.00298702
8.46973 0.0028206
8.49487 0.00265341
8.52 0.00248589
8.54513 0.00231845
8.57026 0.00215148
8.5954 0.00198535
8.62053 0.00182044
8.64566 0.00165709
8.6708 0.00149564
8.69593 0.00133639
8.72106 0.00117965
8.74619 0.0010257
8.77133 0.000874804
8.79646 0.000727212
8.82159 0.000583155
8.84672 0.000442849
8.87186 0.000306492
8.89699 0.000174267
8.92212 4.63394e-05
8.94726 -7.7141e-05
8.97239 -0.00019604
8.99752 -0.000310239
9.02265 -0.000419636
9.04779 -0.000524141
9.07292 -0.000623682
9.09805 -0.0007182
9.12319 -0.00080765
9.14832 -0.000892
9.17345 -0.000971232
9.19858 -0.00104534
9.22372 -0.00111433
9.24885 -0.00117822
9.27398 -0.00123705
9.29911 -0.00129084
9.32425 -0.00133966
9.34938 -0.00138356
9.37451 -0.00142262
9.39965 -0.00145691
9.42478 -0.00148653
9.44991 -0.00151156
9.47504 -0.00153211
9.50018 -0.0015483
9.52531 -0.00156023
9.55044 -0.00156803
9.57557 -0.00157182
9.60071 -0.00157175
9.62584 -0.00156795
9.65097 -0.00156055
9.67611 -0.00154971
9.70124 -0.00153556
9.72637 -0.00151827
9.7515 -0.00149797
9.77664 -0.00147484
9.80177 -0.00144901
9.8269 -0.00142065
9.85203 -0.00138992
9.87717 -0.00135696
9.9023 -0.00132194
9.92743 -0.00128501
9.95257 -0.00124633
9.9777 -0.00120604
10.0028 -0.00116431
10.028 -0.00112128
10.0531 -0.00107709
10.0782 -0.0010319
10.1034 -0.000985839
10.1285 -0.000939055
10.1536 -0.000891682
10.1788 -0.000843851
10.2039 -0.000795692
10.229 -0.00074733
10.2542 -0.000698888
10.2793 -0.000650481
10.3044 -0.000602223
10.3296 -0.000554223
10.3547 -0.000506585
10.3798 -0.00045941
10.405 -0.000412792
10.4301 -0.000366821
10.4552 -0.000321585
10.4804 -0.000277164
10.5055 -0.000233634
10.5306 -0.000191068
10.5558 -0.000149532
10.5809 -0.000109088
10.606 -6.97934e-05
10.6311 -3.17012e-05
10.6563 5.14078e-06
10.6814 4.06891e-05
10.7065 7.49049e-05
10.7317 0.000107754
10.7568 0.000139206
10.7819 0.000169236
10.8071 0.000197822
10.8322 0.000224948
10.8573 0.000250599
10.8825 0.000274767
10.9076 0.000297446
10.9327 0.000318634
10.9579 0.000338333
10.983 0.000356549
11.0081 0.00037329
11.0333 0.000388568
11.0584 0.000402397
11.0835 0.000414795
11.1087 0.000425783
11.1338 0.000435383
11.1589 0.000443621
11.1841 0.000450524
11.2092 0.000456124
11.2343 0.00046045
11.2595 0.000463539
11.2846 0.000465424
11.3097 0.000466143
11.3349 0.000465736
11.36 0.000464241
11.3851 0.000461699
11.4103 0.000458154
11.4354 0.000453648
11.4605 0.000448225
11.4857 0.00044193
11.5108 0.000434806
11.5359 0.0004269
11.5611 0.000418258
11.5862 0.000408924
11.6113 0.000398946
11.6365 0.000388367
11.6616 0.000377236
11.6867 0.000365595
11.7119 0.000353491
11.737 0.000340968
11.7621 0.00032807
11.7873 0.00031484
11.8124 0.000301321
11.8375 0.000287554
11.8627 0.000273581
11.8878 0.000259441
11.9129 0.000245174
11.9381 0.000230817
11.9632 0.000216407
11.9883 0.00020198
12.0135 0.000187572
12.0386 0.000173214
12.0637 0.000158939
12.0888 0.000144777
12.114 0.000130759
12.1391 0.000116912
12.1642 0.000103264
12.1894 8.98381e-05
12.2145 7.66599e-05
12.2396 6.37515e-05
12.2648 5.11341e-05
12.2899 3.88273e-05
12.315 2.68496e-05
12.3402 1.52178e-05
12.3653 3.94746e-06
12.3904 -6.94725e-06
12.4156 -1.74536e-05
12.4407 -2.756e-05
12.4658 -3.72565e-05
12.491 -4.65343e-05
12.5161 -5.53858e-05
12.5412 -6.38047e-05
12.5664 -7.17861e-05
12.5915 -7.93261e-05
12.6166 -8.64221e-05
12.6418 -9.30724e-05
12.6669 -9.92767e-05
12.692 -0.000105036
12.7172 -0.000110351
12.7423 -0.000115225
12.7674 -0.000119661
12.7926 -0.000123665
12.8177 -0.00012724
12.8428 -0.000130394
12.868 -0.000133134
12.8931 -0.000135467
12.9182 -0.0001374
12.9434 -0.000138945
12.9685 -0.000140109
12.9936 -0.000140904
13.0188 -0.00014134
13.0439 -0.000141428
13.069 -0.000141179
13.0942 -0.000140607
13.1193 -0.000139723
13.1444 -0.000138539
13.1696 -0.000137069
13.1947 -0.000135326
13.2198 -0.000133324
13.245 -0.000131075
13.2701 -0.000128594
13.2952 -0.000125894
13.3204 -0.000122989
13.3455 -0.000119892
13.3706 -0.000116619
13.3958 -0.000113181
13.4209 -0.000109593
13.446 -0.000105869
13.4711 -0.000102021
13.4963 -9.80636e-05
13.5214 -9.40089e-05
13.5465 -8.987e-05
13.5717 -8.56595e-05
13.5968 -8.13896e-05
13.6219 -7.70725e-05
13.6471 -7.27198e-05
13.6722 -6.8343e-05
13.6973 -6.39531e-05
13.7225 -5.9561e-05
13.7476 -5.5177e-05
13.7727 -5.08112e-05
13.7979 -4.64731e-05
13.823 -4.21721e-05
13.8481 -3.79169e-05
13.8733 -3.3716e-05
13.8984 -2.95775e-05
13.9235 -2.55089e-05
13.9487 -2.15175e-05
13.9738 -1.761e-05
13.9989 -1.37928e-05
14.0241 -1.00717e-05
14.0492 -6.45232e-06
14.0743 -2.93965e-06
14.0995 4.61647e-07
14.1246 3.74734e-06
14.1497 6.9136e-06
14.1749 9.95704e-06
14.2 1.28746e-05
14.2251 1.56638e-05
14.2503 1.83223e-05
14.2754 2.08483e-05
14.3005 2.32403e-05
14.3257 2.54973e-05
14.3508 2.76184e-05
14.3759 2.96033e-05
14.4011 3.14519e-05
14.4262 3.31644e-05
14.4513 3.47415e-05
14.4765 3.61839e-05
14.5016 3.74928e-05
14.5267 3.86696e-05
14.5519 3.9716e-05
14.577 4.06339e-05
14.6021 4.14255e-05
14.6273 4.20932e-05
14.6524 4.26396e-05
14.6775 4.30674e-05
14.7027 4.33796e-05
14.7278 4.35795e-05
14.7529 4.36702e-05
14.7781 4.36552e-05
14.8032 4.35382e-05
14.8283 4.33228e-05
14.8535 4.30128e-05
14.8786 4.26121e-05
14.9037 4.21247e-05
14.9288 4.15547e-05
14.954 4.09061e-05
14.9791 4.01831e-05
15.0042 3.93899e-05
15.0294 3.85307e-05
15.0545 3.76098e-05
15.0796 3.66313e-05
15.1048 3.55995e-05
15.1299 3.45186e-05
15.155 3.33927e-05
15.1802 3.22261e-05
15.2053 3.10227e-05
15.2304 2.97867e-05
15.2556 2.85221e-05
15.2807 2.72327e-05
15.3058 2.59224e-05
15.331 2.45951e-05
15.3561 2.32543e-05
15.3812 2.19036e-05
15.4064 2.05466e-05
15.4315 1.91867e-05
15.4566 1.78271e-05
15.4818 1.6471e-05
15.5069 1.51215e-05
15.532 1.37815e-05
15.5572 1.24538e-05
15.5823 1.11412e-05
15.6074 9.84618e-06
15.6326 8.57122e-06
15.6577 7.31864e-06
15.6828 6.09062e-06
15.708 4.88923e-06
15.7331 3.71639e-06
15.7582 2.57389e-06
15.7834 1.46341e-06
15.8085 3.8647e-07
15.8336 -6.55516e-07
15.8588 -1.66127e-06
15.8839 -2.62966e-06
15.909 -3.55964e-06
15.9342 -4.45032e-06
15.9593 -5.30092e-06
15.9844 -6.11079e-06
16.0096 -6.87938e-06
16.0347 -7.60626e-06
16.0598 -8.29113e-06
16.085 -8.93378e-06
16.1101 -9.53411e-06
16.1352 -1.00921e-05
16.1604 -1.06079e-05
16.1855 -1.10816e-05
16.2106 -1.15137e-05
16.2358 -1.19043e-05
16.2609 -1.22541e-05
16.286 -1.25635e-05
16.3111 -1.28332e-05
16.3363 -1.30638e-05
16.3614 -1.32561e-05
16.3865 -1.34109e-05
16.4117 -1.35292e-05
16.4368 -1.36118e-05
16.4619 -1.36597e-05
16.4871 -1.3674e-05
16.5122 -1.36558e-05
16.5373 -1.36061e-05
16.5625 -1.35262e-05
16.5876 -1.34173e-05
16.6127 -1.32804e-05
16.6379 -1.3117e-05
16.663 -1.29283e-05
16.6881 -1.27154e-05
16.7133 -1.24799e-05
16.7384 -1.22228e-05
16.7635 -1.19457e-05
16.7887 -1.16497e-05
16.8138 -1.13362e-05
16.8389 -1.10065e-05
16.8641 -1.06619e-05
16.8892 -1.03037e-05
16.9143 -9.93329e-06
16.9395 -9.5518e-06
16.9646 -9.16056e-06
16.9897 -8.76078e-06
17.0149 -8.3537e-06
17.04 -7.94051e-06
17.0651 -7.52238e-06
17.0903 -7.10044e-06
17.1154 -6.67581e-06
17.1405 -6.24958e-06
17.1657 -5.8228e-06
17.1908 -5.39647e-06
17.2159 -4.97159e-06
17.2411 -4.54911e-06
17.2662 -4.12992e-06
17.2913 -3.7149e-06
17.3165 -3.30489e-06
17.3416 -2.90068e-06
17.3667 -2.50302e-06
17.3919 -2.11263e-06
17.417 -1.73018e-06
17.4421 -1.3563e-06
17.4673 -9.9158e-07
17.4924 -6.36579e-07
17.5175 -2.91802e-07
17.5427 4.22827e-08
17.5678 3.65246e-07
17.5929 6.76699e-07
17.6181 9.76293e-07
17.6432 1.26372e-06
17.6683 1.53871e-06
17.6934 1.80103e-06
17.7186 2.05048e-06
17.7437 2.2869e-06
17.7688 2.51018e-06
17.794 2.72022e-06
17.8191 2.91697e-06
17.8442 3.1004e-06
17.8694 3.27053e-06
17.8945 3.4274e-06
17.9196 3.57107e-06
17.9448 3.70165e-06
17.9699 3.81926e-06
17.995 3.92406e-06
18.0202 4.01622e-06
18.0453 4.09594e-06
18.0704 4.16345e-06
18.0956 4.21898e-06
18.1207 4.26282e-06
18.1458 4.29523e-06
18.171 4.31652e-06
18.1961 4.327e-06
18.2212 4.32701e-06
18.2464 4.31688e-06
18.2715 4.29699e-06
18.2966 4.26769e-06
18.3218 4.22937e-06
18.3469 4.1824e-06
18.372 4.12719e-06
18.3972 4.06413e-06
18.4223 3.99364e-06
18.4474 3.91611e-06
18.4726 3.83196e-06
18.4977 3.74161e-06
18.5228 3.64547e-06
18.548 3.54396e-06
18.5731 3.43749e-06
18.5982 3.32647e-06
18.6234 3.21131e-06
18.6485 3.09241e-06
18.6736 2.97019e-06
18.6988 2.84502e-06
18.7239 2.71731e-06
18.749 2.58743e-06
18.7742 2.45575e-06
18.7993 2.32265e-06
18.8244 2.18848e-06
18.8496 2.0536e-06
18.8747 1.91833e-06
18.8998 1.78301e-06
18.925 1.64796e-06
18.9501 1.51348e-06
18.9752 1.37987e-06
19.0004 1.24741e-06
19.0255 1.11637e-06
19.0506 9.8702e-07
19.0758 8.59598e-07
19.1009 7.34341e-07
19.126 6.11471e-07
19.1511 4.91196e-07
19.1763 3.73712e-07
19.2014 2.59202e-07
19.2265 1.47837e-07
19.2517 3.97729e-08
19.2768 -6.48453e-08
19.3019 -1.65886e-07
19.3271 -2.63231e-07
19.3522 -3.56774e-07
19.3773 -4.4642e-07
19.4025 -5.32088e-07
19.4276 -6.13707e-07
19.4527 -6.91221e-07
19.4779 -7.64582e-07
19.503 -8.33755e-07
19.5281 -8.98715e-07
19.5533 -9.59449e-07
19.5784 -1.01595e-06
19.6035 -1.06823e-06
19.6287 -1.11631e-06
19.6538 -1.1602e-06
19.6789 -1.19994e-06
19.7041 -1.23558e-06
19.7292 -1.26716e-06
19.7543 -1.29475e-06
19.7795 -1.31841e-06
19.8046 -1.33822e-06
19.8297 -1.35425e-06
19.8549 -1.36659e-06
19.88 -1.37533e-06
19.9051 -1.38057e-06
19.9303 -1.38241e-06
19.9554 -1.38096e-06
19.9805 -1.37633e-06
20.0057 -1.36863e-06
20.0308 -1.35799e-06
20.0559 -1.34452e-06
20.0811 -1.32834e-06
20.1062 -1.30959e-06
20.1313 -1.28839e-06
20.1565 -1.26487e-06
20.1816 -1.23916e-06
20.2067 -1.2114e-06
20.2319 -1.18171e-06
20.257 -1.15022e-06
20.2821 -1.11708e-06
20.3073 -1.0824e-06
20.3324 -1.04633e-06
20.3575 -1.00899e-06
20.3827 -9.70503e-07
20.4078 -9.31008e-07
20.4329 -8.90624e-07
20.4581 -8.49476e-07
20.4832 -8.07683e-07
20.5083 -7.65366e-07
20.5334 -7.2264e-07
20.5586 -6.79617e-07
20.5837 -6.36409e-07
20.6088 -5.93121e-07
20.634 -5.49858e-07
20.6591 -5.06719e-07
20.6842 -4.63802e-07
20.7094 -4.21199e-07
20.7345 -3.78999e-07
20.7596 -3.37289e-07
20.7848 -2.96148e-07
20.8099 -2.55656e-07
20.835 -2.15884e-07
20.8602 -1.76903e-07
20.8853 -1.38777e-07
20.9104 -1.01568e-07
20.9356 -6.5333e-08
20.9607 -3.01245e-08
20.9858 4.00861e-09
21.011 3.70218e-08
21.0361 6.88744e-08
21.0612 9.95298e-08
21.0864 1.28956e-07
21.1115 1.57123e-07
21.1366 1.84007e-07
21.1618 2.09588e-07
21.1869 2.33846e-07
21.212 2.5677e-07
21.2372 2.78349e-07
21.2623 2.98576e-07
21.2874 3.17449e-07
21.3126 3.34966e-07
21.3377 3.51132e-07
21.3628 3.65953e-07
21.388 3.79437e-07
21.4131 3.91597e-07
21.4382 4.02447e-07
21.4634 4.12005e-07
21.4885 4.20291e-07
21.5136 4.27326e-07
21.5388 4.33134e-07
21.5639 4.37743e-07
21.589 4.4118e-07
21.6142 4.43475e-07
21.6393 4.4466e-07
21.6644 4.44768e-07
21.6896 4.43834e-07
21.7147 4.41894e-07
21.7398 4.38986e-07
21.765 4.35147e-07
21.7901 4.30417e-07
21.8152 4.24835e-07
21.8404 4.18443e-07
21.8655 4.11281e-07
21.8906 4.03391e-07
21.9158 3.94816e-07
21.9409 3.85597e-07
21.966 3.75776e-07
21.9911 3.65398e-07
22.0163 3.54503e-07
22.0414 3.43133e-07
22.0665 3.31331e-07
22.0917 3.19139e-07
22.1168 3.06597e-07
22.1419 2.93746e-07
22.1671 2.80626e-07
22.1922 2.67276e-07
22.2173 2.53735e-07
22.2425 2.4004e-07
22.2676 2.26229e-07
22.2927 2.12338e-07
22.3179 1.98401e-07
22.343 1.84453e-07
22.3681 1.70526e-07
22.3933 1.56652e-07
22.4184 1.42862e-07
22.4435 1.29185e-07
22.4687 1.1565e-07
22.4938 1.02283e-07
22.5189 8.91108e-08
22.5441 7.61567e-08
22.5692 6.34444e-08
22.5943 5.09955e-08
22.6195 3.88307e-08
22.6446 2.6969e-08
22.6697 1.54284e-08
22.6949 4.22525e-09
22.72 -6.62516e-09
22.7451 -1.7109e-08
22.7703 -2.72136e-08
22.7954 -3.69278e-08
22.8205 -4.62416e-08
22.8457 -5.51461e-08
22.8708 -6.3634e-08
22.8959 -7.16988e-08
22.9211 -7.93354e-08
22.9462 -8.654e-08
22.9713 -9.33097e-08
22.9965 -9.96427e-08
23.0216 -1.05539e-07
23.0467 -1.10998e-07
23.0719 -1.16021e-07
23.097 -1.20612e-07
23.1221 -1.24772e-07
23.1473 -1.28507e-07
23.1724 -1.31822e-07
23.1975 -1.34722e-07
23.2227 -1.37214e-07
23.2478 -1.39305e-07
23.2729 -1.41004e-07
23.2981 -1.42319e-07
23.3232 -1.4326e-07
23.3483 -1.43836e-07
23.3734 -1.44058e-07
23.3986 -1.43937e-07
23.4237 -1.43484e-07
23.4488 -1.42711e-07
23.474 -1.4163e-07
23.4991 -1.40253e-07
23.5242 -1.38594e-07
23.5494 -1.36665e-07
23.5745 -1.3448e-07
23.5996 -1.32052e-07
23.6248 -1.29394e-07
23.6499 -1.2652e-07
23.675 -1.23444e-07
23.7002 -1.20179e-07
23.7253 -1.16739e-07
23.7504 -1.13139e-07
23.7756 -1.0939e-07
23.8007 -1.05507e-07
23.8258 -1.01504e-07
23.851 -9.73927e-08
23.8761 -9.31872e-08
23.9012 -8.89e-08
23.9264 -8.45439e-08
23.9515 -8.0131e-08
23.9766 -7.56737e-08
24.0018 -7.11837e-08
24.0269 -6.66724e-08
24.052 -6.21512e-08
24.0772 -5.76308e-08
24.1023 -5.31218e-08
24.1274 -4.86343e-08
24.1526 -4.4178e-08
24.1777 -3.97624e-08
24.2028 -3.53965e-08
24.228 -3.10887e-08
24.2531 -2.68472e-08
24.2782 -2.26799e-08
24.3034 -1.8594e-08
24.3285 -1.45963e-08
24.3536 -1.06935e-08
24.3788 -6.89142e-09
24.4039 -3.19579e-09
24.429 3.88241e-10
24.4542 3.85592e-09
24.4793 7.20291e-09
24.5044 1.04253e-08
24.5296 1.35196e-08
24.5547 1.64828e-08
24.5798 1.93121e-08
24.605 2.20053e-08
24.6301 2.45605e-08
24.6552 2.69762e-08
24.6804 2.92513e-08
24.7055 3.13849e-08
24.7306 3.33767e-08
24.7558 3.52265e-08
24.7809 3.69348e-08
24.806 3.85019e-08
24.8311 3.99289e-08
24.8563 4.12169e-08
24.8814 4.23674e-08
24.9065 4.33822e-08
24.9317 4.42632e-08
24.9568 4.50126e-08
24.9819 4.56331e-08
25.0071 4.61273e-08
25.0322 4.6498e-08
25.0573 4.67485e-08
25.0825 4.68819e-08
25.1076 4.69019e-08
25.1327 4.68118e-08
25.1579 4.66156e-08
25.183 4.63171e-08
25.2081 4.59202e-08
25.2333 4.54291e-08
25.2584 4.48479e-08
25.2835 4.41808e-08
25.3087 4.34323e-08
25.3338 4.26066e-08
25.3589 4.17082e-08
25.3841 4.07415e-08
25.4092 3.97108e-08
25.4343 3.86208e-08
25.4595 3.74758e-08
25.4846 3.62803e-08
25.5097 3.50387e-08
25.5349 3.37553e-08
25.56 3.24345e-08
25.5851 3.10806e-08
25.6103 2.96977e-08
25.6354 2.829e-08
25.6605 2.68617e-08
25.6857 2.54166e-08
25.7108 2.39588e-08
