0.000000e+00    4.973703e-01
4.184700e-03    4.973549e-01
8.369399e-03    4.973083e-01
1.255410e-02    4.972305e-01
1.673880e-02    4.971218e-01
2.092350e-02    4.969820e-01
2.510820e-02    4.968111e-01
2.929290e-02    4.966091e-01
3.347760e-02    4.963762e-01
3.766230e-02    4.961122e-01
4.184700e-02    4.958171e-01
4.603169e-02    4.954910e-01
5.021640e-02    4.951340e-01
5.440110e-02    4.947460e-01
5.858579e-02    4.943271e-01
6.277049e-02    4.938771e-01
6.695519e-02    4.933965e-01
7.113989e-02    4.928846e-01
7.532459e-02    4.923421e-01
7.950930e-02    4.917687e-01
8.369400e-02    4.911645e-01
8.787869e-02    4.905295e-01
9.206339e-02    4.898638e-01
9.624809e-02    4.891673e-01
1.004328e-01    4.884402e-01
1.046175e-01    4.876825e-01
1.088022e-01    4.868941e-01
1.129869e-01    4.860753e-01
1.171716e-01    4.852259e-01
1.213563e-01    4.843462e-01
1.255410e-01    4.834359e-01
1.297257e-01    4.824955e-01
1.339104e-01    4.815248e-01
1.380951e-01    4.805237e-01
1.422798e-01    4.794925e-01
1.464645e-01    4.784314e-01
1.506492e-01    4.773402e-01
1.548339e-01    4.762191e-01
1.590186e-01    4.750681e-01
1.632033e-01    4.738873e-01
1.673880e-01    4.726770e-01
1.715727e-01    4.714369e-01
1.757574e-01    4.701675e-01
1.799421e-01    4.688686e-01
1.841268e-01    4.675404e-01
1.883115e-01    4.661830e-01
1.924962e-01    4.647966e-01
1.966809e-01    4.633813e-01
2.008656e-01    4.619370e-01
2.050503e-01    4.604640e-01
2.092350e-01    4.589625e-01
2.134197e-01    4.574325e-01
2.176044e-01    4.558742e-01
2.217891e-01    4.542878e-01
2.259738e-01    4.526733e-01
2.301585e-01    4.510309e-01
2.343432e-01    4.493608e-01
2.385279e-01    4.476632e-01
2.427126e-01    4.459382e-01
2.468973e-01    4.441859e-01
2.510820e-01    4.424067e-01
2.552667e-01    4.406006e-01
2.594514e-01    4.387679e-01
2.636361e-01    4.369087e-01
2.678208e-01    4.350232e-01
2.720055e-01    4.331117e-01
2.761902e-01    4.311743e-01
2.803749e-01    4.292114e-01
2.845596e-01    4.272230e-01
2.887443e-01    4.252095e-01
2.929290e-01    4.231710e-01
2.971137e-01    4.211078e-01
3.012984e-01    4.190202e-01
3.054831e-01    4.169084e-01
3.096678e-01    4.147726e-01
3.138525e-01    4.126132e-01
3.180372e-01    4.104304e-01
3.222219e-01    4.082243e-01
3.264066e-01    4.059955e-01
3.305913e-01    4.037442e-01
3.347760e-01    4.014705e-01
3.389607e-01    3.991748e-01
3.431454e-01    3.968574e-01
3.473301e-01    3.945187e-01
3.515148e-01    3.921589e-01
3.556995e-01    3.897784e-01
3.598842e-01    3.873775e-01
3.640689e-01    3.849565e-01
3.682536e-01    3.825156e-01
3.724383e-01    3.800554e-01
3.766230e-01    3.775761e-01
3.808077e-01    3.750781e-01
3.849924e-01    3.725618e-01
3.891771e-01    3.700274e-01
3.933618e-01    3.674753e-01
3.975465e-01    3.649060e-01
4.017312e-01    3.623197e-01
4.059159e-01    3.597170e-01
4.101005e-01    3.570980e-01
4.142853e-01    3.544633e-01
4.184700e-01    3.518132e-01
4.226547e-01    3.491481e-01
4.268394e-01    3.464684e-01
4.310241e-01    3.437744e-01
4.352088e-01    3.410667e-01
4.393935e-01    3.383456e-01
4.435782e-01    3.356115e-01
4.477628e-01    3.328649e-01
4.519476e-01    3.301060e-01
4.561323e-01    3.273354e-01
4.603170e-01    3.245535e-01
4.645016e-01    3.217606e-01
4.686863e-01    3.189573e-01
4.728711e-01    3.161440e-01
4.770558e-01    3.133209e-01
4.812405e-01    3.104887e-01
4.854251e-01    3.076477e-01
4.896099e-01    3.047983e-01
4.937946e-01    3.019410e-01
4.979793e-01    2.990763e-01
5.021639e-01    2.962044e-01
5.063487e-01    2.933260e-01
5.105333e-01    2.904414e-01
5.147181e-01    2.875510e-01
5.189028e-01    2.846553e-01
5.230874e-01    2.817547e-01
5.272722e-01    2.788496e-01
5.314568e-01    2.759406e-01
5.356416e-01    2.730280e-01
5.398263e-01    2.701120e-01
5.440109e-01    2.671936e-01
5.481957e-01    2.642727e-01
5.523803e-01    2.613499e-01
5.565650e-01    2.584258e-01
5.607498e-01    2.555005e-01
5.649344e-01    2.525747e-01
5.691192e-01    2.496486e-01
5.733038e-01    2.467228e-01
5.774885e-01    2.437977e-01
5.816733e-01    2.408735e-01
5.858579e-01    2.379508e-01
5.900427e-01    2.350300e-01
5.942274e-01    2.321114e-01
5.984120e-01    2.291955e-01
6.025968e-01    2.262826e-01
6.067814e-01    2.233731e-01
6.109661e-01    2.204675e-01
6.151509e-01    2.175660e-01
6.193355e-01    2.146691e-01
6.235203e-01    2.117772e-01
6.277049e-01    2.088906e-01
6.318896e-01    2.060096e-01
6.360744e-01    2.031347e-01
6.402590e-01    2.002662e-01
6.444438e-01    1.974044e-01
6.486284e-01    1.945496e-01
6.528131e-01    1.917023e-01
6.569979e-01    1.888627e-01
6.611825e-01    1.860312e-01
6.653672e-01    1.832081e-01
6.695520e-01    1.803937e-01
6.737366e-01    1.775882e-01
6.779214e-01    1.747921e-01
6.821060e-01    1.720056e-01
6.862907e-01    1.692289e-01
6.904755e-01    1.664624e-01
6.946601e-01    1.637064e-01
6.988449e-01    1.609611e-01
7.030295e-01    1.582268e-01
7.072142e-01    1.555037e-01
7.113990e-01    1.527921e-01
7.155836e-01    1.500922e-01
7.197683e-01    1.474043e-01
7.239530e-01    1.447286e-01
7.281377e-01    1.420652e-01
7.323225e-01    1.394145e-01
7.365071e-01    1.367767e-01
7.406918e-01    1.341518e-01
7.448765e-01    1.315402e-01
7.490612e-01    1.289420e-01
7.532459e-01    1.263573e-01
7.574306e-01    1.237865e-01
7.616153e-01    1.212295e-01
7.658001e-01    1.186865e-01
7.699847e-01    1.161579e-01
7.741694e-01    1.136436e-01
7.783541e-01    1.111438e-01
7.825388e-01    1.086586e-01
7.867236e-01    1.061881e-01
7.909082e-01    1.037325e-01
7.950929e-01    1.012919e-01
7.992776e-01    9.886633e-02
8.034623e-01    9.645590e-02
8.076470e-01    9.406069e-02
8.118317e-01    9.168083e-02
8.160164e-01    8.931632e-02
8.202011e-01    8.696727e-02
8.243858e-01    8.463368e-02
8.285705e-01    8.231565e-02
8.327552e-01    8.001323e-02
8.369399e-01    7.772639e-02
8.411246e-01    7.545524e-02
8.453093e-01    7.319974e-02
8.494940e-01    7.095990e-02
8.536787e-01    6.873579e-02
8.578634e-01    6.652737e-02
8.620481e-01    6.433459e-02
8.662328e-01    6.215756e-02
8.704175e-01    5.999616e-02
8.746022e-01    5.785041e-02
8.787869e-01    5.572025e-02
8.829716e-01    5.360566e-02
8.871563e-01    5.150663e-02
8.913410e-01    4.942307e-02
8.955257e-01    4.735496e-02
8.997104e-01    4.530220e-02
9.038951e-01    4.326477e-02
9.080798e-01    4.124258e-02
9.122645e-01    3.923556e-02
9.164492e-01    3.724365e-02
9.206339e-01    3.526670e-02
9.248186e-01    3.330471e-02
9.290033e-01    3.135754e-02
9.331880e-01    2.942508e-02
9.373727e-01    2.750727e-02
9.415574e-01    2.560394e-02
9.457421e-01    2.371502e-02
9.499268e-01    2.184043e-02
9.541115e-01    1.997998e-02
9.582962e-01    1.813357e-02
9.624809e-01    1.630111e-02
9.666656e-01    1.448242e-02
9.708503e-01    1.267740e-02
9.750350e-01    1.088589e-02
9.792197e-01    9.107737e-03
9.834044e-01    7.342849e-03
9.875891e-01    5.591018e-03
9.917738e-01    3.852142e-03
9.959585e-01    2.126031e-03
1.000143e+00    4.125783e-04
1.004328e+00    -1.288436e-03
1.008513e+00    -2.977148e-03
1.012697e+00    -4.653709e-03
1.016882e+00    -6.318282e-03
1.021067e+00    -7.971004e-03
1.025251e+00    -9.612112e-03
1.029436e+00    -1.124176e-02
1.033621e+00    -1.286009e-02
1.037806e+00    -1.446728e-02
1.041990e+00    -1.606348e-02
1.046175e+00    -1.764896e-02
1.050360e+00    -1.922381e-02
1.054544e+00    -2.078823e-02
1.058729e+00    -2.234242e-02
1.062914e+00    -2.388649e-02
1.067098e+00    -2.542073e-02
1.071283e+00    -2.694525e-02
1.075468e+00    -2.846023e-02
1.079653e+00    -2.996588e-02
1.083837e+00    -3.146232e-02
1.088022e+00    -3.294982e-02
1.092207e+00    -3.442851e-02
1.096391e+00    -3.589860e-02
1.100576e+00    -3.736023e-02
1.104761e+00    -3.881358e-02
1.108945e+00    -4.025888e-02
1.113130e+00    -4.169628e-02
1.117315e+00    -4.312599e-02
1.121500e+00    -4.454812e-02
1.125684e+00    -4.596287e-02
1.129869e+00    -4.737047e-02
1.134054e+00    -4.877106e-02
1.138238e+00    -5.016482e-02
1.142423e+00    -5.155190e-02
1.146608e+00    -5.293245e-02
1.150792e+00    -5.430674e-02
1.154977e+00    -5.567485e-02
1.159162e+00    -5.703698e-02
1.163347e+00    -5.839331e-02
1.167531e+00    -5.974396e-02
1.171716e+00    -6.108909e-02
1.175901e+00    -6.242893e-02
1.180085e+00    -6.376357e-02
1.184270e+00    -6.509322e-02
1.188455e+00    -6.641799e-02
1.192639e+00    -6.773802e-02
1.196824e+00    -6.905352e-02
1.201009e+00    -7.036461e-02
1.205194e+00    -7.167144e-02
1.209378e+00    -7.297412e-02
1.213563e+00    -7.427281e-02
1.217748e+00    -7.556768e-02
1.221932e+00    -7.685886e-02
1.226117e+00    -7.814644e-02
1.230302e+00    -7.943058e-02
1.234486e+00    -8.071137e-02
1.238671e+00    -8.198900e-02
1.242856e+00    -8.326358e-02
1.247041e+00    -8.453518e-02
1.251225e+00    -8.580400e-02
1.255410e+00    -8.707005e-02
1.259595e+00    -8.833352e-02
1.263779e+00    -8.959452e-02
1.267964e+00    -9.085312e-02
1.272149e+00    -9.210943e-02
1.276333e+00    -9.336352e-02
1.280518e+00    -9.461560e-02
1.284703e+00    -9.586566e-02
1.288888e+00    -9.711383e-02
1.293072e+00    -9.836019e-02
1.297257e+00    -9.960479e-02
1.301442e+00    -1.008478e-01
1.305626e+00    -1.020892e-01
1.309811e+00    -1.033292e-01
1.313996e+00    -1.045678e-01
1.318180e+00    -1.058050e-01
1.322365e+00    -1.070409e-01
1.326550e+00    -1.082757e-01
1.330734e+00    -1.095093e-01
1.334919e+00    -1.107418e-01
1.339104e+00    -1.119733e-01
1.343289e+00    -1.132038e-01
1.347473e+00    -1.144335e-01
1.351658e+00    -1.156622e-01
1.355843e+00    -1.168901e-01
1.360027e+00    -1.181173e-01
1.364212e+00    -1.193437e-01
1.368397e+00    -1.205694e-01
1.372581e+00    -1.217944e-01
1.376766e+00    -1.230188e-01
1.380951e+00    -1.242425e-01
1.385136e+00    -1.254657e-01
1.389320e+00    -1.266883e-01
1.393505e+00    -1.279103e-01
1.397690e+00    -1.291319e-01
1.401874e+00    -1.303529e-01
1.406059e+00    -1.315734e-01
1.410244e+00    -1.327934e-01
1.414428e+00    -1.340130e-01
1.418613e+00    -1.352320e-01
1.422798e+00    -1.364506e-01
1.426983e+00    -1.376687e-01
1.431167e+00    -1.388863e-01
1.435352e+00    -1.401034e-01
1.439537e+00    -1.413201e-01
1.443721e+00    -1.425362e-01
1.447906e+00    -1.437518e-01
1.452091e+00    -1.449669e-01
1.456275e+00    -1.461815e-01
1.460460e+00    -1.473955e-01
1.464645e+00    -1.486088e-01
1.468830e+00    -1.498216e-01
1.473014e+00    -1.510338e-01
1.477199e+00    -1.522453e-01
1.481384e+00    -1.534561e-01
1.485568e+00    -1.546662e-01
1.489753e+00    -1.558755e-01
1.493938e+00    -1.570841e-01
1.498122e+00    -1.582918e-01
1.502307e+00    -1.594987e-01
1.506492e+00    -1.607047e-01
1.510677e+00    -1.619097e-01
1.514861e+00    -1.631138e-01
1.519046e+00    -1.643169e-01
1.523231e+00    -1.655189e-01
1.527415e+00    -1.667197e-01
1.531600e+00    -1.679195e-01
1.535785e+00    -1.691179e-01
1.539969e+00    -1.703152e-01
1.544154e+00    -1.715111e-01
1.548339e+00    -1.727057e-01
1.552524e+00    -1.738988e-01
1.556708e+00    -1.750905e-01
1.560893e+00    -1.762806e-01
1.565078e+00    -1.774691e-01
1.569262e+00    -1.786560e-01
1.573447e+00    -1.798412e-01
1.577632e+00    -1.810246e-01
1.581816e+00    -1.822062e-01
1.586001e+00    -1.833858e-01
1.590186e+00    -1.845636e-01
1.594371e+00    -1.857393e-01
1.598555e+00    -1.869130e-01
1.602740e+00    -1.880845e-01
1.606925e+00    -1.892537e-01
1.611109e+00    -1.904207e-01
1.615294e+00    -1.915854e-01
1.619479e+00    -1.927477e-01
1.623663e+00    -1.939074e-01
1.627848e+00    -1.950646e-01
1.632033e+00    -1.962192e-01
1.636218e+00    -1.973712e-01
1.640402e+00    -1.985203e-01
1.644587e+00    -1.996667e-01
1.648772e+00    -2.008102e-01
1.652956e+00    -2.019507e-01
1.657141e+00    -2.030882e-01
1.661326e+00    -2.042225e-01
1.665510e+00    -2.053537e-01
1.669695e+00    -2.064817e-01
1.673880e+00    -2.076064e-01
1.678065e+00    -2.087277e-01
1.682249e+00    -2.098456e-01
1.686434e+00    -2.109599e-01
1.690619e+00    -2.120707e-01
1.694803e+00    -2.131778e-01
1.698988e+00    -2.142812e-01
1.703173e+00    -2.153808e-01
1.707357e+00    -2.164765e-01
1.711542e+00    -2.175683e-01
1.715727e+00    -2.186561e-01
1.719912e+00    -2.197399e-01
1.724096e+00    -2.208195e-01
1.728281e+00    -2.218949e-01
1.732466e+00    -2.229661e-01
1.736650e+00    -2.240329e-01
1.740835e+00    -2.250954e-01
1.745020e+00    -2.261534e-01
1.749204e+00    -2.272068e-01
1.753389e+00    -2.282557e-01
1.757574e+00    -2.292999e-01
1.761759e+00    -2.303394e-01
1.765943e+00    -2.313742e-01
1.770128e+00    -2.324041e-01
1.774313e+00    -2.334290e-01
1.778497e+00    -2.344491e-01
1.782682e+00    -2.354641e-01
1.786867e+00    -2.364740e-01
1.791051e+00    -2.374788e-01
1.795236e+00    -2.384784e-01
1.799421e+00    -2.394728e-01
1.803606e+00    -2.404618e-01
1.807790e+00    -2.414455e-01
1.811975e+00    -2.424237e-01
1.816160e+00    -2.433965e-01
1.820344e+00    -2.443638e-01
1.824529e+00    -2.453255e-01
1.828714e+00    -2.462815e-01
1.832898e+00    -2.472318e-01
1.837083e+00    -2.481765e-01
1.841268e+00    -2.491153e-01
1.845453e+00    -2.500483e-01
1.849637e+00    -2.509755e-01
1.853822e+00    -2.518966e-01
1.858007e+00    -2.528118e-01
1.862191e+00    -2.537211e-01
1.866376e+00    -2.546242e-01
1.870561e+00    -2.555212e-01
1.874745e+00    -2.564121e-01
1.878930e+00    -2.572968e-01
1.883115e+00    -2.581753e-01
1.887300e+00    -2.590474e-01
1.891484e+00    -2.599133e-01
1.895669e+00    -2.607729e-01
1.899854e+00    -2.616260e-01
1.904038e+00    -2.624727e-01
1.908223e+00    -2.633129e-01
1.912408e+00    -2.641467e-01
1.916592e+00    -2.649738e-01
1.920777e+00    -2.657945e-01
1.924962e+00    -2.666086e-01
1.929147e+00    -2.674160e-01
1.933331e+00    -2.682167e-01
1.937516e+00    -2.690108e-01
1.941701e+00    -2.697981e-01
1.945885e+00    -2.705787e-01
1.950070e+00    -2.713525e-01
1.954255e+00    -2.721195e-01
1.958439e+00    -2.728797e-01
1.962624e+00    -2.736331e-01
1.966809e+00    -2.743796e-01
1.970994e+00    -2.751191e-01
1.975178e+00    -2.758517e-01
1.979363e+00    -2.765774e-01
1.983548e+00    -2.772961e-01
1.987732e+00    -2.780078e-01
1.991917e+00    -2.787125e-01
1.996102e+00    -2.794102e-01
2.000286e+00    -2.801009e-01
2.004471e+00    -2.807844e-01
2.008656e+00    -2.814609e-01
2.012841e+00    -2.821303e-01
2.017025e+00    -2.827926e-01
2.021210e+00    -2.834478e-01
2.025395e+00    -2.840958e-01
2.029579e+00    -2.847367e-01
2.033764e+00    -2.853704e-01
2.037949e+00    -2.859969e-01
2.042133e+00    -2.866163e-01
2.046318e+00    -2.872285e-01
2.050503e+00    -2.878334e-01
2.054688e+00    -2.884312e-01
2.058872e+00    -2.890217e-01
2.063057e+00    -2.896050e-01
2.067242e+00    -2.901810e-01
2.071426e+00    -2.907498e-01
2.075611e+00    -2.913114e-01
2.079796e+00    -2.918656e-01
2.083980e+00    -2.924127e-01
2.088165e+00    -2.929525e-01
2.092350e+00    -2.934850e-01
2.096534e+00    -2.940102e-01
2.100719e+00    -2.945282e-01
2.104904e+00    -2.950389e-01
2.109089e+00    -2.955423e-01
2.113273e+00    -2.960384e-01
2.117458e+00    -2.965273e-01
2.121643e+00    -2.970088e-01
2.125827e+00    -2.974832e-01
2.130012e+00    -2.979502e-01
2.134197e+00    -2.984100e-01
2.138381e+00    -2.988624e-01
2.142566e+00    -2.993077e-01
2.146751e+00    -2.997456e-01
2.150936e+00    -3.001763e-01
2.155120e+00    -3.005997e-01
2.159305e+00    -3.010158e-01
2.163490e+00    -3.014247e-01
2.167674e+00    -3.018264e-01
2.171859e+00    -3.022208e-01
2.176044e+00    -3.026080e-01
2.180228e+00    -3.029879e-01
2.184413e+00    -3.033606e-01
2.188598e+00    -3.037262e-01
2.192783e+00    -3.040845e-01
2.196967e+00    -3.044356e-01
2.201152e+00    -3.047794e-01
2.205337e+00    -3.051162e-01
2.209521e+00    -3.054457e-01
2.213706e+00    -3.057681e-01
2.217891e+00    -3.060833e-01
2.222075e+00    -3.063913e-01
2.226260e+00    -3.066922e-01
2.230445e+00    -3.069860e-01
2.234630e+00    -3.072727e-01
2.238814e+00    -3.075522e-01
2.242999e+00    -3.078246e-01
2.247184e+00    -3.080899e-01
2.251368e+00    -3.083482e-01
2.255553e+00    -3.085993e-01
2.259738e+00    -3.088435e-01
2.263922e+00    -3.090805e-01
2.268107e+00    -3.093106e-01
2.272292e+00    -3.095336e-01
2.276477e+00    -3.097495e-01
2.280661e+00    -3.099585e-01
2.284846e+00    -3.101605e-01
2.289031e+00    -3.103556e-01
2.293215e+00    -3.105437e-01
2.297400e+00    -3.107248e-01
2.301585e+00    -3.108990e-01
2.305769e+00    -3.110662e-01
2.309954e+00    -3.112265e-01
2.314139e+00    -3.113800e-01
2.318324e+00    -3.115265e-01
2.322508e+00    -3.116662e-01
2.326693e+00    -3.117990e-01
2.330878e+00    -3.119250e-01
2.335062e+00    -3.120442e-01
2.339247e+00    -3.121566e-01
2.343432e+00    -3.122621e-01
2.347616e+00    -3.123608e-01
2.351801e+00    -3.124528e-01
2.355986e+00    -3.125381e-01
2.360171e+00    -3.126165e-01
2.364355e+00    -3.126883e-01
2.368540e+00    -3.127534e-01
2.372725e+00    -3.128117e-01
2.376909e+00    -3.128634e-01
2.381094e+00    -3.129084e-01
2.385279e+00    -3.129468e-01
2.389463e+00    -3.129785e-01
2.393648e+00    -3.130036e-01
2.397833e+00    -3.130220e-01
2.402018e+00    -3.130339e-01
2.406202e+00    -3.130393e-01
2.410387e+00    -3.130381e-01
2.414572e+00    -3.130303e-01
2.418756e+00    -3.130160e-01
2.422941e+00    -3.129951e-01
2.427126e+00    -3.129678e-01
2.431310e+00    -3.129341e-01
2.435495e+00    -3.128938e-01
2.439680e+00    -3.128471e-01
2.443865e+00    -3.127940e-01
2.448049e+00    -3.127345e-01
2.452234e+00    -3.126685e-01
2.456419e+00    -3.125962e-01
2.460603e+00    -3.125175e-01
2.464788e+00    -3.124325e-01
2.468973e+00    -3.123411e-01
2.473157e+00    -3.122434e-01
2.477342e+00    -3.121395e-01
2.481527e+00    -3.120292e-01
2.485712e+00    -3.119127e-01
2.489896e+00    -3.117899e-01
2.494081e+00    -3.116609e-01
2.498266e+00    -3.115257e-01
2.502450e+00    -3.113842e-01
2.506635e+00    -3.112366e-01
2.510820e+00    -3.110829e-01
2.515004e+00    -3.109230e-01
2.519189e+00    -3.107570e-01
2.523374e+00    -3.105848e-01
2.527559e+00    -3.104066e-01
2.531743e+00    -3.102223e-01
2.535928e+00    -3.100319e-01
2.540113e+00    -3.098355e-01
2.544297e+00    -3.096331e-01
2.548482e+00    -3.094247e-01
2.552667e+00    -3.092102e-01
2.556851e+00    -3.089898e-01
2.561036e+00    -3.087635e-01
2.565221e+00    -3.085312e-01
2.569406e+00    -3.082930e-01
2.573590e+00    -3.080490e-01
2.577775e+00    -3.077990e-01
2.581960e+00    -3.075431e-01
2.586144e+00    -3.072814e-01
2.590329e+00    -3.070140e-01
2.594514e+00    -3.067407e-01
2.598698e+00    -3.064616e-01
2.602883e+00    -3.061768e-01
2.607068e+00    -3.058862e-01
2.611253e+00    -3.055898e-01
2.615437e+00    -3.052878e-01
2.619622e+00    -3.049800e-01
2.623807e+00    -3.046667e-01
2.627991e+00    -3.043477e-01
2.632176e+00    -3.040230e-01
2.636361e+00    -3.036927e-01
2.640545e+00    -3.033568e-01
2.644730e+00    -3.030154e-01
2.648915e+00    -3.026683e-01
2.653100e+00    -3.023158e-01
2.657284e+00    -3.019578e-01
2.661469e+00    -3.015942e-01
2.665654e+00    -3.012252e-01
2.669838e+00    -3.008507e-01
2.674023e+00    -3.004709e-01
2.678208e+00    -3.000855e-01
2.682392e+00    -2.996948e-01
2.686577e+00    -2.992988e-01
2.690762e+00    -2.988973e-01
2.694947e+00    -2.984906e-01
2.699131e+00    -2.980785e-01
2.703316e+00    -2.976612e-01
2.707501e+00    -2.972386e-01
2.711685e+00    -2.968107e-01
2.715870e+00    -2.963777e-01
2.720055e+00    -2.959394e-01
2.724239e+00    -2.954960e-01
2.728424e+00    -2.950474e-01
2.732609e+00    -2.945936e-01
2.736794e+00    -2.941347e-01
2.740978e+00    -2.936709e-01
2.745163e+00    -2.932019e-01
2.749348e+00    -2.927278e-01
2.753532e+00    -2.922488e-01
2.757717e+00    -2.917647e-01
2.761902e+00    -2.912758e-01
2.766086e+00    -2.907818e-01
2.770271e+00    -2.902829e-01
2.774456e+00    -2.897791e-01
2.778641e+00    -2.892704e-01
2.782825e+00    -2.887568e-01
2.787010e+00    -2.882384e-01
2.791195e+00    -2.877153e-01
2.795379e+00    -2.871873e-01
2.799564e+00    -2.866546e-01
2.803749e+00    -2.861171e-01
2.807933e+00    -2.855749e-01
2.812118e+00    -2.850281e-01
2.816303e+00    -2.844766e-01
2.820487e+00    -2.839204e-01
2.824672e+00    -2.833596e-01
2.828857e+00    -2.827943e-01
2.833042e+00    -2.822244e-01
2.837226e+00    -2.816499e-01
2.841411e+00    -2.810709e-01
2.845596e+00    -2.804875e-01
2.849780e+00    -2.798996e-01
2.853965e+00    -2.793072e-01
2.858150e+00    -2.787105e-01
2.862334e+00    -2.781093e-01
2.866519e+00    -2.775038e-01
2.870704e+00    -2.768940e-01
2.874889e+00    -2.762798e-01
2.879073e+00    -2.756615e-01
2.883258e+00    -2.750388e-01
2.887443e+00    -2.744119e-01
2.891627e+00    -2.737809e-01
2.895812e+00    -2.731457e-01
2.899997e+00    -2.725063e-01
2.904181e+00    -2.718628e-01
2.908366e+00    -2.712153e-01
2.912551e+00    -2.705636e-01
2.916736e+00    -2.699080e-01
2.920920e+00    -2.692483e-01
2.925105e+00    -2.685847e-01
2.929290e+00    -2.679171e-01
2.933474e+00    -2.672457e-01
2.937659e+00    -2.665703e-01
2.941844e+00    -2.658910e-01
2.946028e+00    -2.652079e-01
2.950213e+00    -2.645211e-01
2.954398e+00    -2.638304e-01
2.958583e+00    -2.631360e-01
2.962767e+00    -2.624379e-01
2.966952e+00    -2.617362e-01
2.971137e+00    -2.610307e-01
2.975321e+00    -2.603216e-01
2.979506e+00    -2.596090e-01
2.983691e+00    -2.588927e-01
2.987875e+00    -2.581730e-01
2.992060e+00    -2.574496e-01
2.996245e+00    -2.567229e-01
3.000430e+00    -2.559927e-01
3.004614e+00    -2.552590e-01
3.008799e+00    -2.545219e-01
3.012984e+00    -2.537815e-01
3.017168e+00    -2.530379e-01
3.021353e+00    -2.522908e-01
3.025538e+00    -2.515405e-01
3.029722e+00    -2.507870e-01
3.033907e+00    -2.500303e-01
3.038092e+00    -2.492704e-01
3.042277e+00    -2.485073e-01
3.046461e+00    -2.477411e-01
3.050646e+00    -2.469719e-01
3.054831e+00    -2.461995e-01
3.059016e+00    -2.454242e-01
3.063200e+00    -2.446460e-01
3.067385e+00    -2.438647e-01
3.071569e+00    -2.430805e-01
3.075754e+00    -2.422934e-01
3.079939e+00    -2.415034e-01
3.084124e+00    -2.407106e-01
3.088308e+00    -2.399150e-01
3.092493e+00    -2.391166e-01
3.096678e+00    -2.383155e-01
3.100863e+00    -2.375116e-01
3.105047e+00    -2.367052e-01
3.109232e+00    -2.358960e-01
3.113416e+00    -2.350843e-01
3.117601e+00    -2.342699e-01
3.121786e+00    -2.334530e-01
3.125971e+00    -2.326336e-01
3.130155e+00    -2.318117e-01
3.134340e+00    -2.309873e-01
3.138525e+00    -2.301605e-01
3.142709e+00    -2.293314e-01
3.146894e+00    -2.284999e-01
3.151079e+00    -2.276661e-01
3.155263e+00    -2.268299e-01
3.159448e+00    -2.259915e-01
3.163633e+00    -2.251509e-01
3.167818e+00    -2.243081e-01
3.172002e+00    -2.234631e-01
3.176187e+00    -2.226160e-01
3.180372e+00    -2.217667e-01
3.184556e+00    -2.209154e-01
3.188741e+00    -2.200622e-01
3.192926e+00    -2.192068e-01
3.197110e+00    -2.183495e-01
3.201295e+00    -2.174902e-01
3.205480e+00    -2.166291e-01
3.209665e+00    -2.157660e-01
3.213849e+00    -2.149012e-01
3.218034e+00    -2.140345e-01
3.222219e+00    -2.131660e-01
3.226403e+00    -2.122958e-01
3.230588e+00    -2.114239e-01
3.234773e+00    -2.105503e-01
3.238957e+00    -2.096750e-01
3.243142e+00    -2.087981e-01
3.247327e+00    -2.079197e-01
3.251512e+00    -2.070396e-01
3.255696e+00    -2.061580e-01
3.259881e+00    -2.052750e-01
3.264066e+00    -2.043905e-01
3.268250e+00    -2.035046e-01
3.272435e+00    -2.026172e-01
3.276620e+00    -2.017286e-01
3.280804e+00    -2.008386e-01
3.284989e+00    -1.999472e-01
3.289174e+00    -1.990546e-01
3.293359e+00    -1.981608e-01
3.297543e+00    -1.972658e-01
3.301728e+00    -1.963696e-01
3.305913e+00    -1.954722e-01
3.310097e+00    -1.945738e-01
3.314282e+00    -1.936742e-01
3.318467e+00    -1.927736e-01
3.322651e+00    -1.918721e-01
3.326836e+00    -1.909695e-01
3.331021e+00    -1.900659e-01
3.335206e+00    -1.891614e-01
3.339390e+00    -1.882561e-01
3.343575e+00    -1.873498e-01
3.347760e+00    -1.864428e-01
3.351944e+00    -1.855349e-01
3.356129e+00    -1.846263e-01
3.360314e+00    -1.837169e-01
3.364498e+00    -1.828068e-01
3.368683e+00    -1.818961e-01
3.372868e+00    -1.809847e-01
3.377053e+00    -1.800727e-01
3.381237e+00    -1.791601e-01
3.385422e+00    -1.782469e-01
3.389607e+00    -1.773333e-01
3.393791e+00    -1.764191e-01
3.397976e+00    -1.755044e-01
3.402161e+00    -1.745894e-01
3.406345e+00    -1.736739e-01
3.410530e+00    -1.727581e-01
3.414715e+00    -1.718418e-01
3.418900e+00    -1.709253e-01
3.423084e+00    -1.700085e-01
3.427269e+00    -1.690914e-01
3.431454e+00    -1.681742e-01
3.435638e+00    -1.672567e-01
3.439823e+00    -1.663390e-01
3.444008e+00    -1.654212e-01
3.448192e+00    -1.645034e-01
3.452377e+00    -1.635853e-01
3.456562e+00    -1.626673e-01
3.460747e+00    -1.617492e-01
3.464931e+00    -1.608312e-01
3.469116e+00    -1.599131e-01
3.473301e+00    -1.589952e-01
3.477485e+00    -1.580773e-01
3.481670e+00    -1.571595e-01
3.485855e+00    -1.562418e-01
3.490039e+00    -1.553245e-01
3.494224e+00    -1.544072e-01
3.498409e+00    -1.534902e-01
3.502594e+00    -1.525734e-01
3.506778e+00    -1.516569e-01
3.510963e+00    -1.507407e-01
3.515148e+00    -1.498249e-01
3.519332e+00    -1.489094e-01
3.523517e+00    -1.479944e-01
3.527702e+00    -1.470797e-01
3.531886e+00    -1.461656e-01
3.536071e+00    -1.452519e-01
3.540256e+00    -1.443386e-01
3.544441e+00    -1.434259e-01
3.548625e+00    -1.425138e-01
3.552810e+00    -1.416022e-01
3.556995e+00    -1.406912e-01
3.561179e+00    -1.397809e-01
3.565364e+00    -1.388712e-01
3.569549e+00    -1.379622e-01
3.573734e+00    -1.370539e-01
3.577918e+00    -1.361464e-01
3.582103e+00    -1.352396e-01
3.586287e+00    -1.343336e-01
3.590472e+00    -1.334284e-01
3.594657e+00    -1.325240e-01
3.598842e+00    -1.316206e-01
3.603026e+00    -1.307179e-01
3.607211e+00    -1.298162e-01
3.611396e+00    -1.289155e-01
3.615581e+00    -1.280157e-01
3.619765e+00    -1.271169e-01
3.623950e+00    -1.262191e-01
3.628134e+00    -1.253223e-01
3.632319e+00    -1.244266e-01
3.636504e+00    -1.235319e-01
3.640689e+00    -1.226384e-01
3.644873e+00    -1.217460e-01
3.649058e+00    -1.208547e-01
3.653243e+00    -1.199646e-01
3.657428e+00    -1.190757e-01
3.661612e+00    -1.181881e-01
3.665797e+00    -1.173017e-01
3.669981e+00    -1.164165e-01
3.674166e+00    -1.155326e-01
3.678351e+00    -1.146500e-01
3.682536e+00    -1.137688e-01
3.686720e+00    -1.128890e-01
3.690905e+00    -1.120104e-01
3.695090e+00    -1.111334e-01
3.699275e+00    -1.102577e-01
3.703459e+00    -1.093835e-01
3.707644e+00    -1.085107e-01
3.711828e+00    -1.076394e-01
3.716013e+00    -1.067697e-01
3.720198e+00    -1.059014e-01
3.724383e+00    -1.050347e-01
3.728567e+00    -1.041696e-01
3.732752e+00    -1.033061e-01
3.736937e+00    -1.024441e-01
3.741122e+00    -1.015839e-01
3.745306e+00    -1.007253e-01
3.749491e+00    -9.986831e-02
3.753675e+00    -9.901305e-02
3.757860e+00    -9.815951e-02
3.762045e+00    -9.730770e-02
3.766230e+00    -9.645761e-02
3.770414e+00    -9.560932e-02
3.774599e+00    -9.476282e-02
3.778784e+00    -9.391812e-02
3.782969e+00    -9.307526e-02
3.787153e+00    -9.223425e-02
3.791338e+00    -9.139515e-02
3.795522e+00    -9.055790e-02
3.799707e+00    -8.972253e-02
3.803892e+00    -8.888911e-02
3.808077e+00    -8.805761e-02
3.812261e+00    -8.722808e-02
3.816446e+00    -8.640054e-02
3.820631e+00    -8.557498e-02
3.824816e+00    -8.475144e-02
3.829000e+00    -8.392994e-02
3.833185e+00    -8.311052e-02
3.837369e+00    -8.229312e-02
3.841554e+00    -8.147781e-02
3.845739e+00    -8.066459e-02
3.849924e+00    -7.985349e-02
3.854108e+00    -7.904454e-02
3.858293e+00    -7.823772e-02
3.862478e+00    -7.743308e-02
3.866663e+00    -7.663061e-02
3.870847e+00    -7.583035e-02
3.875032e+00    -7.503234e-02
3.879216e+00    -7.423652e-02
3.883401e+00    -7.344295e-02
3.887586e+00    -7.265164e-02
3.891771e+00    -7.186261e-02
3.895955e+00    -7.107587e-02
3.900140e+00    -7.029144e-02
3.904325e+00    -6.950934e-02
3.908509e+00    -6.872956e-02
3.912694e+00    -6.795215e-02
3.916879e+00    -6.717715e-02
3.921063e+00    -6.640448e-02
3.925248e+00    -6.563421e-02
3.929433e+00    -6.486634e-02
3.933618e+00    -6.410091e-02
3.937802e+00    -6.333792e-02
3.941987e+00    -6.257737e-02
3.946172e+00    -6.181929e-02
3.950356e+00    -6.106369e-02
3.954541e+00    -6.031058e-02
3.958726e+00    -5.955998e-02
3.962910e+00    -5.881195e-02
3.967095e+00    -5.806638e-02
3.971280e+00    -5.732338e-02
3.975465e+00    -5.658292e-02
3.979649e+00    -5.584503e-02
3.983834e+00    -5.510973e-02
3.988019e+00    -5.437702e-02
3.992203e+00    -5.364692e-02
3.996388e+00    -5.291945e-02
4.000573e+00    -5.219464e-02
4.004757e+00    -5.147242e-02
4.008942e+00    -5.075286e-02
4.013127e+00    -5.003596e-02
4.017312e+00    -4.932174e-02
4.021496e+00    -4.861021e-02
4.025681e+00    -4.790137e-02
4.029866e+00    -4.719524e-02
4.034050e+00    -4.649182e-02
4.038235e+00    -4.579114e-02
4.042420e+00    -4.509320e-02
4.046605e+00    -4.439801e-02
4.050789e+00    -4.370557e-02
4.054974e+00    -4.301591e-02
4.059159e+00    -4.232903e-02
4.063344e+00    -4.164492e-02
4.067528e+00    -4.096370e-02
4.071712e+00    -4.028521e-02
4.075897e+00    -3.960954e-02
4.080082e+00    -3.893669e-02
4.084267e+00    -3.826668e-02
4.088451e+00    -3.759951e-02
4.092636e+00    -3.693519e-02
4.096821e+00    -3.627374e-02
4.101006e+00    -3.561515e-02
4.105190e+00    -3.495944e-02
4.109375e+00    -3.430661e-02
4.113560e+00    -3.365668e-02
4.117744e+00    -3.300965e-02
4.121929e+00    -3.236553e-02
4.126114e+00    -3.172431e-02
4.130299e+00    -3.108604e-02
4.134483e+00    -3.045070e-02
4.138668e+00    -2.981829e-02
4.142853e+00    -2.918882e-02
4.147038e+00    -2.856230e-02
4.151222e+00    -2.793876e-02
4.155406e+00    -2.731824e-02
4.159591e+00    -2.670062e-02
4.163776e+00    -2.608598e-02
4.167961e+00    -2.547433e-02
4.172145e+00    -2.486566e-02
4.176330e+00    -2.426000e-02
4.180515e+00    -2.365733e-02
4.184700e+00    -2.305767e-02
4.188884e+00    -2.246104e-02
4.193069e+00    -2.186741e-02
4.197254e+00    -2.127681e-02
4.201438e+00    -2.068922e-02
4.205623e+00    -2.010470e-02
4.209808e+00    -1.952320e-02
4.213993e+00    -1.894474e-02
4.218177e+00    -1.836932e-02
4.222362e+00    -1.779697e-02
4.226547e+00    -1.722766e-02
4.230731e+00    -1.666143e-02
4.234916e+00    -1.609826e-02
4.239100e+00    -1.553822e-02
4.243285e+00    -1.498118e-02
4.247470e+00    -1.442723e-02
4.251655e+00    -1.387635e-02
4.255839e+00    -1.332856e-02
4.260024e+00    -1.278385e-02
4.264209e+00    -1.224222e-02
4.268394e+00    -1.170371e-02
4.272578e+00    -1.116827e-02
4.276763e+00    -1.063594e-02
4.280948e+00    -1.010670e-02
