1  328.55584716796875
2  14926.4453125
3  510.880126953125
4  8738.1357421875
5  9229.404296875
6  2730.804443359375
7  496.29632568359375
8  3619.812744140625
9  5725.404296875
10  4010.40673828125
11  1168.0565185546875
12  448.058837890625
13  2049.892822265625
14  3329.79248046875
15  2603.807861328125
16  982.266845703125
17  342.5104064941406
18  1080.7100830078125
19  1965.1263427734375
20  1862.6666259765625
21  980.8992309570312
22  361.0050964355469
23  593.6567993164062
24  1194.7431640625
25  1316.433837890625
26  836.79638671875
27  381.5133361816406
28  439.8545837402344
29  803.607421875
30  937.5615234375
31  681.216552734375
32  379.0068054199219
33  382.03997802734375
34  607.1293334960938
35  699.7247314453125
36  536.075439453125
37  350.36279296875
38  368.1854248046875
39  510.39166259765625
40  548.0452270507812
41  432.273193359375
42  331.0640869140625
43  367.6451110839844
44  456.109375
45  452.23675537109375
46  367.471435546875
47  327.72869873046875
48  373.78338623046875
49  416.3117370605469
50  386.9449462890625
51  334.7271423339844
52  335.1316833496094
53  373.1964111328125
54  379.9738464355469
55  346.13299560546875
56  326.6790771484375
57  345.3261413574219
58  362.9058837890625
59  348.8620910644531
60  327.8296203613281
61  331.62774658203125
62  347.2912902832031
63  345.11749267578125
64  329.66998291015625
65  326.6337890625
66  337.04144287109375
67  339.6899108886719
68  330.0774230957031
69  325.10992431640625
70  331.1048278808594
71  334.8306579589844
72  329.3155517578125
73  324.7679443359375
74  328.0333251953125
75  331.2706604003906
76  328.12640380859375
77  324.6221923828125
78  326.4319152832031
79  328.8580322265625
80  326.9846496582031
81  324.5111083984375
82  325.60833740234375
83  327.07550048828125
84  326.0652770996094
85  324.4436340332031
86  324.8003234863281
87  325.93829345703125
88  325.5545654296875
89  324.37738037109375
90  324.39019775390625
91  325.185791015625
92  325.0841064453125
93  324.2797546386719
94  324.17474365234375
95  324.69964599609375
96  324.6886291503906
97  324.1408386230469
98  324.02197265625
99  324.3601989746094
100  324.3622741699219
101  323.9871826171875
102  323.8949890136719
103  324.1168518066406
104  324.1101379394531
105  323.85040283203125
106  323.79168701171875
107  323.9299621582031
108  323.90185546875
109  323.72088623046875
110  323.6928405761719
111  323.78167724609375
112  323.7362976074219
113  323.60858154296875
114  323.5986022949219
115  323.6474609375
116  323.595458984375
117  323.5065002441406
118  323.5053405761719
119  323.5259094238281
120  323.47021484375
121  323.4098205566406
122  323.4136047363281
123  323.41064453125
124  323.3562316894531
125  323.3163757324219
126  323.3184509277344
127  323.2997741699219
128  323.2520446777344
129  323.2279052734375
130  323.2222595214844
131  323.19512939453125
132  323.1602478027344
133  323.14794921875
134  323.1373291015625
135  323.10650634765625
136  323.0791931152344
137  323.0659484863281
138  323.04913330078125
139  323.0231628417969
140  323.0006408691406
141  322.986328125
142  322.96685791015625
143  322.9424743652344
144  322.924072265625
145  322.9049987792969
146  322.88226318359375
147  322.8605651855469
148  322.84307861328125
149  322.8233947753906
150  322.8014831542969
151  322.7808837890625
152  322.7637634277344
153  322.74163818359375
154  322.7206115722656
155  322.7016296386719
156  322.6812744140625
157  322.6606750488281
158  322.6412353515625
159  322.62091064453125
160  322.6014404296875
161  322.5819091796875
162  322.56298828125
163  322.54534912109375
164  322.52435302734375
165  322.50787353515625
166  322.49029541015625
167  322.4707336425781
168  322.452880859375
169  322.43524169921875
170  322.4178161621094
171  322.4000244140625
172  322.3822326660156
173  322.3663330078125
174  322.3482666015625
175  322.3299865722656
176  322.3111877441406
177  322.29290771484375
178  322.2754821777344
179  322.2563171386719
180  322.2391662597656
181  322.21954345703125
182  322.2024230957031
183  322.1853942871094
184  322.1668701171875
185  322.1507568359375
186  322.1331787109375
187  322.1141662597656
188  322.095703125
189  322.07940673828125
190  322.0620422363281
191  322.04315185546875
192  322.02459716796875
193  322.008056640625
194  321.99041748046875
195  321.9713134765625
196  321.95330810546875
197  321.9331970214844
198  321.918701171875
199  321.9008483886719
200  321.8804931640625
201  321.8585205078125
202  321.83935546875
203  321.8197326660156
204  321.8002624511719
205  321.7793273925781
206  321.75958251953125
207  321.7393798828125
208  321.72113037109375
209  321.7022399902344
210  321.6816711425781
211  321.6610412597656
212  321.6405029296875
213  321.6212463378906
214  321.60198974609375
215  321.5816650390625
216  321.56103515625
217  321.54058837890625
218  321.5193786621094
219  321.50006103515625
220  321.4790344238281
221  321.4582214355469
222  321.43719482421875
223  321.4188232421875
224  321.3988952636719
225  321.37615966796875
226  321.35711669921875
227  321.3381652832031
228  321.3184814453125
229  321.2969970703125
230  321.2756652832031
231  321.2534484863281
232  321.23284912109375
233  321.21368408203125
234  321.1908874511719
235  321.17041015625
236  321.1512145996094
237  321.1303405761719
238  321.10845947265625
239  321.0867919921875
240  321.06561279296875
241  321.044921875
242  321.0231628417969
243  321.0061950683594
244  320.988525390625
245  320.96893310546875
246  320.94976806640625
247  320.92987060546875
248  320.90899658203125
249  320.89434814453125
250  320.875732421875
251  320.8564758300781
252  320.8338928222656
253  320.817626953125
254  320.7994689941406
255  320.7818908691406
256  320.76312255859375
257  320.7434997558594
258  320.72265625
259  320.7013854980469
260  320.6836242675781
261  320.66693115234375
262  320.64581298828125
263  320.6231689453125
264  320.60675048828125
265  320.5888366699219
266  320.5704040527344
267  320.55224609375
268  320.5318603515625
269  320.5099792480469
270  320.4884033203125
271  320.47332763671875
272  320.4559326171875
273  320.43524169921875
274  320.4138488769531
275  320.3920593261719
276  320.373779296875
277  320.3545227050781
278  320.33447265625
279  320.3149108886719
280  320.2930603027344
281  320.2770690917969
282  320.2581787109375
283  320.2384033203125
284  320.2154541015625
285  320.1978454589844
286  320.1803894042969
287  320.162841796875
288  320.14288330078125
289  320.1217346191406
290  320.10076904296875
291  320.07928466796875
292  320.060791015625
293  320.04345703125
294  320.0235595703125
295  319.9999084472656
296  319.9796447753906
297  319.9611511230469
298  319.9420166015625
299  319.92193603515625
300  319.9004821777344
301  319.8782653808594
302  319.86163330078125
303  319.844482421875
304  319.8229675292969
305  319.7999267578125
306  319.7811584472656
307  319.7630310058594
308  319.7444763183594
309  319.7242431640625
310  319.70220947265625
311  319.680908203125
312  319.6601257324219
313  319.6410217285156
314  319.6205139160156
315  319.5992431640625
316  319.5792236328125
317  319.56011962890625
318  319.538330078125
319  319.5194091796875
320  319.49957275390625
321  319.4765625
322  319.45947265625
323  319.44122314453125
324  319.4234313964844
325  319.4039306640625
326  319.38494873046875
327  319.365966796875
328  319.3490905761719
329  319.3294982910156
330  319.3110046386719
331  319.29327392578125
332  319.27581787109375
333  319.2557067871094
334  319.23638916015625
335  319.2192077636719
336  319.19970703125
337  319.1822814941406
338  319.16290283203125
339  319.14453125
340  319.1263122558594
341  319.10894775390625
342  319.08966064453125
343  319.07086181640625
344  319.05322265625
345  319.0341491699219
346  319.0153503417969
347  318.99664306640625
348  318.9793701171875
349  318.960205078125
350  318.9410400390625
351  318.9210510253906
352  318.9027099609375
353  318.8855285644531
354  318.86676025390625
355  318.84637451171875
356  318.82708740234375
357  318.80908203125
358  318.79058837890625
359  318.77178955078125
360  318.7523193359375
361  318.73370361328125
362  318.7153625488281
363  318.6954650878906
364  318.67791748046875
365  318.657958984375
366  318.6407165527344
367  318.6214904785156
368  318.600830078125
369  318.58123779296875
370  318.5627746582031
371  318.54443359375
372  318.5242919921875
373  318.50628662109375
374  318.4866943359375
375  318.4677734375
376  318.44927978515625
377  318.4291687011719
378  318.41046142578125
379  318.3907470703125
380  318.37225341796875
381  318.35418701171875
382  318.333740234375
383  318.3143310546875
384  318.29522705078125
385  318.2767333984375
386  318.2565612792969
387  318.23681640625
388  318.2198486328125
389  318.2003173828125
390  318.17974853515625
391  318.1615905761719
392  318.1436767578125
393  318.1249084472656
394  318.1046447753906
395  318.0837707519531
396  318.06561279296875
397  318.0472412109375
398  318.0262756347656
399  318.00531005859375
400  317.9878845214844
401  317.96826171875
402  317.9483337402344
403  317.9305114746094
404  317.9132385253906
405  317.89471435546875
406  317.87744140625
407  317.8615417480469
408  317.8440856933594
409  317.8252258300781
410  317.8064270019531
411  317.7908935546875
412  317.7743835449219
413  317.7560119628906
414  317.7371520996094
415  317.7218017578125
416  317.7041015625
417  317.68450927734375
418  317.665771484375
419  317.6485595703125
420  317.6314392089844
421  317.61181640625
422  317.5946044921875
423  317.5779113769531
424  317.5592956542969
425  317.5419921875
426  317.52374267578125
427  317.50567626953125
428  317.4871826171875
429  317.46966552734375
430  317.4523010253906
431  317.4345397949219
432  317.4145202636719
433  317.39862060546875
434  317.38055419921875
435  317.36248779296875
436  317.3448486328125
437  317.3262939453125
438  317.30810546875
439  317.29046630859375
440  317.2704772949219
441  317.25341796875
442  317.234619140625
443  317.2168884277344
444  317.19757080078125
445  317.1808166503906
446  317.16253662109375
447  317.143798828125
448  317.12481689453125
449  317.1085510253906
450  317.0909423828125
451  317.0718078613281
452  317.0526428222656
453  317.0340881347656
454  317.01800537109375
455  317.0008544921875
456  316.9805908203125
457  316.9629211425781
458  316.9456481933594
459  316.9249267578125
460  316.9083251953125
461  316.89111328125
462  316.8731689453125
463  316.85394287109375
464  316.832275390625
465  316.81781005859375
466  316.80157470703125
467  316.7823486328125
468  316.76068115234375
469  316.7421569824219
470  316.7263488769531
471  316.7069396972656
472  316.6880187988281
473  316.66717529296875
474  316.6504821777344
475  316.6331787109375
476  316.6133728027344
477  316.59283447265625
478  316.5746154785156
479  316.55560302734375
480  316.53900146484375
481  316.5199890136719
482  316.4998474121094
483  316.48309326171875
484  316.4662780761719
485  316.45013427734375
486  316.43316650390625
487  316.4161376953125
488  316.3995666503906
489  316.3827209472656
490  316.3654479980469
491  316.3500671386719
492  316.3330993652344
493  316.3155822753906
494  316.29827880859375
495  316.281494140625
496  316.26446533203125
497  316.24798583984375
498  316.2309875488281
499  316.21331787109375
500  316.19635009765625
501  316.1787109375
502  316.1623840332031
503  316.147216796875
504  316.1299743652344
505  316.11248779296875
506  316.09588623046875
507  316.0772705078125
508  316.0615234375
509  316.04266357421875
510  316.0288391113281
511  316.0106201171875
512  315.99114990234375
513  315.9756774902344
514  315.9601745605469
515  315.9415283203125
516  315.92401123046875
517  315.907470703125
518  315.8852844238281
519  315.86029052734375
520  315.83404541015625
521  315.8075256347656
522  315.77862548828125
523  315.74639892578125
524  315.7158203125
525  315.684326171875
526  315.6513977050781
527  315.6171875
528  315.58245849609375
529  315.5501708984375
530  315.51617431640625
531  315.4789733886719
532  315.4447326660156
533  315.4087219238281
534  315.3736572265625
535  315.33917236328125
536  315.3021240234375
537  315.266845703125
538  315.2308654785156
539  315.19622802734375
540  315.16192626953125
541  315.1243591308594
542  315.0885009765625
543  315.0548095703125
544  315.01654052734375
545  314.9826965332031
546  314.9493713378906
547  314.9132080078125
548  314.8789978027344
549  314.8440856933594
550  314.810791015625
551  314.779052734375
552  314.743408203125
553  314.7092590332031
554  314.6756896972656
555  314.64306640625
556  314.60955810546875
557  314.57598876953125
558  314.5423278808594
559  314.50897216796875
560  314.476806640625
561  314.44329833984375
562  314.41058349609375
563  314.3831481933594
564  314.3540954589844
565  314.3237609863281
566  314.29498291015625
567  314.2657470703125
568  314.23712158203125
569  314.2086181640625
570  314.18011474609375
571  314.15203857421875
572  314.1254577636719
573  314.096923828125
574  314.06890869140625
575  314.0393981933594
576  314.0114440917969
577  313.98236083984375
578  313.95465087890625
579  313.9271545410156
580  313.8994140625
581  313.87109375
582  313.8437194824219
583  313.81805419921875
584  313.7933349609375
585  313.767333984375
586  313.7437744140625
587  313.71759033203125
588  313.6917724609375
589  313.66748046875
590  313.64044189453125
591  313.6156005859375
592  313.59075927734375
593  313.56353759765625
594  313.5389099121094
595  313.51373291015625
596  313.487548828125
597  313.4636535644531
598  313.4401550292969
599  313.4124755859375
600  313.3882141113281
