0.000000e+00    -1.286430e+00
1.221299e-02    -1.285610e+00
2.442599e-02    -1.283154e+00
3.663898e-02    -1.279071e+00
4.885198e-02    -1.273374e+00
6.106497e-02    -1.266084e+00
7.327797e-02    -1.257226e+00
8.549096e-02    -1.246831e+00
9.770396e-02    -1.234936e+00
1.099169e-01    -1.221582e+00
1.221299e-01    -1.206816e+00
1.343429e-01    -1.190687e+00
1.465559e-01    -1.173252e+00
1.587689e-01    -1.154569e+00
1.709819e-01    -1.134703e+00
1.831949e-01    -1.113720e+00
1.954079e-01    -1.091689e+00
2.076209e-01    -1.068684e+00
2.198339e-01    -1.044780e+00
2.320469e-01    -1.020054e+00
2.442599e-01    -9.945868e-01
2.564729e-01    -9.684582e-01
2.686859e-01    -9.417502e-01
2.808989e-01    -9.145457e-01
2.931119e-01    -8.869274e-01
3.053249e-01    -8.589785e-01
3.175378e-01    -8.307818e-01
3.297509e-01    -8.024189e-01
3.419639e-01    -7.739712e-01
3.541768e-01    -7.455181e-01
3.663898e-01    -7.171379e-01
3.786028e-01    -6.889063e-01
3.908158e-01    -6.608972e-01
4.030288e-01    -6.331820e-01
4.152418e-01    -6.058295e-01
4.274548e-01    -5.789053e-01
4.396678e-01    -5.524719e-01
4.518808e-01    -5.265887e-01
4.640938e-01    -5.013115e-01
4.763068e-01    -4.766923e-01
4.885198e-01    -4.527796e-01
5.007328e-01    -4.296180e-01
5.129458e-01    -4.072481e-01
5.251588e-01    -3.857068e-01
5.373718e-01    -3.650266e-01
5.495847e-01    -3.452364e-01
5.617977e-01    -3.263607e-01
5.740107e-01    -3.084204e-01
5.862237e-01    -2.914323e-01
5.984367e-01    -2.754093e-01
6.106497e-01    -2.603604e-01
6.228627e-01    -2.462912e-01
6.350757e-01    -2.332035e-01
6.472887e-01    -2.210955e-01
6.595017e-01    -2.099624e-01
6.717147e-01    -1.997959e-01
6.839277e-01    -1.905849e-01
6.961407e-01    -1.823152e-01
7.083537e-01    -1.749699e-01
7.205667e-01    -1.685298e-01
7.327797e-01    -1.629731e-01
7.449927e-01    -1.582757e-01
7.572057e-01    -1.544120e-01
7.694187e-01    -1.513540e-01
7.816316e-01    -1.490726e-01
7.938446e-01    -1.475370e-01
8.060576e-01    -1.467151e-01
8.182706e-01    -1.465741e-01
8.304836e-01    -1.470798e-01
8.426966e-01    -1.481978e-01
8.549096e-01    -1.498930e-01
8.671226e-01    -1.521297e-01
8.793356e-01    -1.548724e-01
8.915486e-01    -1.580852e-01
9.037616e-01    -1.617327e-01
9.159746e-01    -1.657794e-01
9.281876e-01    -1.701903e-01
9.404006e-01    -1.749310e-01
9.526136e-01    -1.799675e-01
9.648266e-01    -1.852668e-01
9.770396e-01    -1.907964e-01
9.892526e-01    -1.965251e-01
1.001466e+00    -2.024225e-01
1.013679e+00    -2.084591e-01
1.025892e+00    -2.146067e-01
1.038105e+00    -2.208385e-01
1.050318e+00    -2.271285e-01
1.062531e+00    -2.334523e-01
1.074744e+00    -2.397866e-01
1.086957e+00    -2.461095e-01
1.099169e+00    -2.524007e-01
1.111382e+00    -2.586407e-01
1.123595e+00    -2.648118e-01
1.135808e+00    -2.708975e-01
1.148021e+00    -2.768826e-01
1.160234e+00    -2.827533e-01
1.172447e+00    -2.884971e-01
1.184660e+00    -2.941025e-01
1.196873e+00    -2.995597e-01
1.209086e+00    -3.048597e-01
1.221299e+00    -3.099949e-01
1.233512e+00    -3.149587e-01
1.245725e+00    -3.197457e-01
1.257938e+00    -3.243513e-01
1.270151e+00    -3.287722e-01
1.282364e+00    -3.330057e-01
1.294577e+00    -3.370503e-01
1.306790e+00    -3.409050e-01
1.319003e+00    -3.445698e-01
1.331216e+00    -3.480453e-01
1.343429e+00    -3.513327e-01
1.355642e+00    -3.544341e-01
1.367855e+00    -3.573517e-01
1.380068e+00    -3.600886e-01
1.392281e+00    -3.626481e-01
1.404494e+00    -3.650340e-01
1.416707e+00    -3.672504e-01
1.428920e+00    -3.693018e-01
1.441133e+00    -3.711926e-01
1.453346e+00    -3.729279e-01
1.465559e+00    -3.745125e-01
1.477772e+00    -3.759517e-01
1.489985e+00    -3.772507e-01
1.502198e+00    -3.784146e-01
1.514411e+00    -3.794488e-01
1.526624e+00    -3.803585e-01
1.538837e+00    -3.811490e-01
1.551050e+00    -3.818252e-01
1.563263e+00    -3.823923e-01
1.575476e+00    -3.828551e-01
1.587689e+00    -3.832183e-01
1.599902e+00    -3.834867e-01
1.612115e+00    -3.836645e-01
1.624328e+00    -3.837560e-01
1.636541e+00    -3.837653e-01
1.648754e+00    -3.836960e-01
1.660967e+00    -3.835519e-01
1.673180e+00    -3.833363e-01
1.685393e+00    -3.830523e-01
1.697606e+00    -3.827031e-01
1.709819e+00    -3.822910e-01
1.722032e+00    -3.818187e-01
1.734245e+00    -3.812885e-01
1.746458e+00    -3.807023e-01
1.758671e+00    -3.800621e-01
1.770884e+00    -3.793694e-01
1.783097e+00    -3.786256e-01
1.795310e+00    -3.778321e-01
1.807523e+00    -3.769897e-01
1.819736e+00    -3.760996e-01
1.831949e+00    -3.751622e-01
1.844162e+00    -3.741783e-01
1.856375e+00    -3.731483e-01
1.868588e+00    -3.720723e-01
1.880801e+00    -3.709508e-01
1.893014e+00    -3.697837e-01
1.905227e+00    -3.685711e-01
1.917440e+00    -3.673128e-01
1.929653e+00    -3.660086e-01
1.941866e+00    -3.646584e-01
1.954079e+00    -3.632618e-01
1.966292e+00    -3.618186e-01
1.978505e+00    -3.603284e-01
1.990718e+00    -3.587908e-01
2.002931e+00    -3.572056e-01
2.015144e+00    -3.555722e-01
2.027357e+00    -3.538904e-01
2.039570e+00    -3.521599e-01
2.051783e+00    -3.503802e-01
2.063996e+00    -3.485512e-01
2.076209e+00    -3.466726e-01
2.088422e+00    -3.447442e-01
2.100635e+00    -3.427659e-01
2.112848e+00    -3.407375e-01
2.125061e+00    -3.386590e-01
2.137274e+00    -3.365305e-01
2.149487e+00    -3.343521e-01
2.161700e+00    -3.321240e-01
2.173913e+00    -3.298463e-01
2.186126e+00    -3.275194e-01
2.198339e+00    -3.251436e-01
2.210552e+00    -3.227195e-01
2.222765e+00    -3.202476e-01
2.234978e+00    -3.177285e-01
2.247191e+00    -3.151628e-01
2.259404e+00    -3.125515e-01
2.271617e+00    -3.098951e-01
2.283830e+00    -3.071947e-01
2.296043e+00    -3.044513e-01
2.308256e+00    -3.016659e-01
2.320469e+00    -2.988395e-01
2.332682e+00    -2.959733e-01
2.344895e+00    -2.930686e-01
2.357108e+00    -2.901267e-01
2.369321e+00    -2.871487e-01
2.381534e+00    -2.841362e-01
2.393747e+00    -2.810905e-01
2.405960e+00    -2.780130e-01
2.418173e+00    -2.749053e-01
2.430386e+00    -2.717689e-01
2.442599e+00    -2.686054e-01
2.454812e+00    -2.654162e-01
2.467025e+00    -2.622031e-01
2.479238e+00    -2.589676e-01
2.491451e+00    -2.557113e-01
2.503664e+00    -2.524359e-01
2.515877e+00    -2.491430e-01
2.528090e+00    -2.458344e-01
2.540303e+00    -2.425116e-01
2.552516e+00    -2.391763e-01
2.564729e+00    -2.358301e-01
2.576942e+00    -2.324747e-01
2.589155e+00    -2.291117e-01
2.601368e+00    -2.257426e-01
2.613581e+00    -2.223691e-01
2.625794e+00    -2.189928e-01
2.638007e+00    -2.156153e-01
2.650220e+00    -2.122379e-01
2.662433e+00    -2.088624e-01
2.674646e+00    -2.054900e-01
2.686859e+00    -2.021223e-01
2.699072e+00    -1.987607e-01
2.711285e+00    -1.954066e-01
2.723498e+00    -1.920613e-01
2.735711e+00    -1.887261e-01
2.747924e+00    -1.854024e-01
2.760137e+00    -1.820914e-01
2.772350e+00    -1.787943e-01
2.784563e+00    -1.755123e-01
2.796776e+00    -1.722465e-01
2.808989e+00    -1.689981e-01
2.821202e+00    -1.657681e-01
2.833415e+00    -1.625576e-01
2.845628e+00    -1.593675e-01
2.857841e+00    -1.561989e-01
2.870054e+00    -1.530526e-01
2.882267e+00    -1.499295e-01
2.894480e+00    -1.468306e-01
2.906693e+00    -1.437567e-01
2.918906e+00    -1.407084e-01
2.931119e+00    -1.376866e-01
2.943332e+00    -1.346921e-01
2.955545e+00    -1.317254e-01
2.967758e+00    -1.287873e-01
2.979971e+00    -1.258784e-01
2.992184e+00    -1.229992e-01
3.004397e+00    -1.201504e-01
3.016610e+00    -1.173325e-01
3.028823e+00    -1.145460e-01
3.041036e+00    -1.117914e-01
3.053249e+00    -1.090691e-01
3.065462e+00    -1.063796e-01
3.077675e+00    -1.037233e-01
3.089888e+00    -1.011005e-01
3.102101e+00    -9.851161e-02
3.114314e+00    -9.595697e-02
3.126527e+00    -9.343687e-02
3.138740e+00    -9.095161e-02
3.150953e+00    -8.850144e-02
3.163166e+00    -8.608662e-02
3.175379e+00    -8.370735e-02
3.187592e+00    -8.136384e-02
3.199805e+00    -7.905629e-02
3.212018e+00    -7.678486e-02
3.224231e+00    -7.454965e-02
3.236444e+00    -7.235084e-02
3.248657e+00    -7.018852e-02
3.260870e+00    -6.806276e-02
3.273082e+00    -6.597366e-02
3.285295e+00    -6.392126e-02
3.297508e+00    -6.190561e-02
3.309721e+00    -5.992673e-02
3.321934e+00    -5.798461e-02
3.334147e+00    -5.607926e-02
3.346360e+00    -5.421066e-02
3.358573e+00    -5.237874e-02
3.370786e+00    -5.058347e-02
3.382999e+00    -4.882477e-02
3.395212e+00    -4.710255e-02
3.407425e+00    -4.541672e-02
3.419638e+00    -4.376715e-02
3.431851e+00    -4.215374e-02
3.444064e+00    -4.057631e-02
3.456277e+00    -3.903472e-02
3.468490e+00    -3.752881e-02
3.480703e+00    -3.605838e-02
3.492916e+00    -3.462323e-02
3.505129e+00    -3.322316e-02
3.517342e+00    -3.185793e-02
3.529555e+00    -3.052733e-02
3.541768e+00    -2.923109e-02
3.553981e+00    -2.796895e-02
3.566194e+00    -2.674064e-02
3.578407e+00    -2.554587e-02
3.590620e+00    -2.438434e-02
3.602833e+00    -2.325574e-02
3.615046e+00    -2.215976e-02
3.627259e+00    -2.109606e-02
3.639472e+00    -2.006430e-02
3.651685e+00    -1.906410e-02
3.663898e+00    -1.809514e-02
3.676111e+00    -1.715703e-02
3.688324e+00    -1.624938e-02
3.700537e+00    -1.537179e-02
3.712750e+00    -1.452390e-02
3.724963e+00    -1.370524e-02
3.737176e+00    -1.291544e-02
3.749389e+00    -1.215404e-02
3.761602e+00    -1.142064e-02
3.773815e+00    -1.071476e-02
3.786028e+00    -1.003598e-02
3.798241e+00    -9.383836e-03
3.810454e+00    -8.757871e-03
3.822667e+00    -8.157614e-03
3.834880e+00    -7.582595e-03
3.847093e+00    -7.032343e-03
3.859306e+00    -6.506372e-03
3.871519e+00    -6.004199e-03
3.883732e+00    -5.525335e-03
3.895945e+00    -5.069293e-03
3.908158e+00    -4.635571e-03
3.920371e+00    -4.223679e-03
3.932584e+00    -3.833118e-03
3.944797e+00    -3.463386e-03
3.957010e+00    -3.113985e-03
3.969223e+00    -2.784412e-03
3.981436e+00    -2.474164e-03
3.993649e+00    -2.182742e-03
4.005862e+00    -1.909643e-03
4.018075e+00    -1.654376e-03
4.030288e+00    -1.416421e-03
4.042501e+00    -1.195304e-03
4.054714e+00    -9.905151e-04
4.066927e+00    -8.015745e-04
4.079140e+00    -6.279798e-04
4.091353e+00    -4.692557e-04
4.103566e+00    -3.249133e-04
4.115779e+00    -1.944758e-04
4.127992e+00    -7.746650e-05
4.140205e+00    2.657336e-05
4.152418e+00    1.181301e-04
4.164631e+00    1.976468e-04
4.176844e+00    2.655825e-04
4.189057e+00    3.223883e-04
4.201270e+00    3.685000e-04
4.213483e+00    4.043701e-04
4.225696e+00    4.304140e-04
4.237909e+00    4.470613e-04
4.250122e+00    4.547263e-04
4.262335e+00    4.538342e-04
4.274548e+00    4.447682e-04
4.286761e+00    4.279312e-04
4.298974e+00    4.037119e-04
4.311187e+00    3.724952e-04
4.323400e+00    3.346471e-04
4.335613e+00    2.905384e-04
4.347826e+00    2.405224e-04
4.360039e+00    1.849466e-04
4.372252e+00    1.241585e-04
4.384465e+00    5.848086e-05
4.396678e+00    -1.175558e-05
4.408891e+00    -8.623702e-05
4.421104e+00    -1.646533e-04
4.433317e+00    -2.467125e-04
4.445530e+00    -3.321184e-04
4.457743e+00    -4.205947e-04
4.469956e+00    -5.118605e-04
4.482169e+00    -6.056613e-04
4.494382e+00    -7.017289e-04
4.506595e+00    -7.998284e-04
4.518808e+00    -8.997113e-04
4.531021e+00    -1.001154e-03
4.543234e+00    -1.103927e-03
4.555447e+00    -1.207824e-03
4.567660e+00    -1.312632e-03
4.579873e+00    -1.418160e-03
4.592086e+00    -1.524216e-03
4.604299e+00    -1.630622e-03
4.616512e+00    -1.737197e-03
4.628725e+00    -1.843789e-03
4.640938e+00    -1.950227e-03
4.653151e+00    -2.056374e-03
4.665364e+00    -2.162078e-03
4.677577e+00    -2.267214e-03
4.689790e+00    -2.371646e-03
4.702003e+00    -2.475267e-03
4.714216e+00    -2.577950e-03
4.726429e+00    -2.679603e-03
4.738642e+00    -2.780118e-03
4.750855e+00    -2.879412e-03
4.763068e+00    -2.977390e-03
4.775281e+00    -3.073989e-03
4.787494e+00    -3.169118e-03
4.799707e+00    -3.262733e-03
4.811920e+00    -3.354760e-03
4.824133e+00    -3.445150e-03
4.836346e+00    -3.533852e-03
4.848559e+00    -3.620832e-03
4.860772e+00    -3.706045e-03
4.872985e+00    -3.789467e-03
4.885198e+00    -3.871065e-03
4.897411e+00    -3.950830e-03
4.909624e+00    -4.028727e-03
4.921837e+00    -4.104762e-03
4.934050e+00    -4.178922e-03
4.946263e+00    -4.251207e-03
4.958476e+00    -4.321616e-03
4.970689e+00    -4.390156e-03
4.982902e+00    -4.456835e-03
4.995115e+00    -4.521671e-03
5.007328e+00    -4.584675e-03
5.019541e+00    -4.645876e-03
5.031754e+00    -4.705289e-03
5.043967e+00    -4.762947e-03
5.056180e+00    -4.818873e-03
5.068393e+00    -4.873107e-03
5.080606e+00    -4.925678e-03
5.092819e+00    -4.976631e-03
5.105031e+00    -5.025996e-03
5.117245e+00    -5.073822e-03
5.129457e+00    -5.120148e-03
5.141671e+00    -5.165023e-03
5.153883e+00    -5.208491e-03
5.166097e+00    -5.250602e-03
5.178309e+00    -5.291410e-03
5.190523e+00    -5.330962e-03
5.202735e+00    -5.369308e-03
5.214949e+00    -5.406508e-03
5.227162e+00    -5.442607e-03
5.239375e+00    -5.477667e-03
5.251588e+00    -5.511739e-03
5.263801e+00    -5.544881e-03
5.276014e+00    -5.577146e-03
5.288227e+00    -5.608592e-03
5.300440e+00    -5.639274e-03
5.312653e+00    -5.669242e-03
5.324866e+00    -5.698562e-03
5.337079e+00    -5.727278e-03
5.349292e+00    -5.755453e-03
5.361505e+00    -5.783136e-03
5.373718e+00    -5.810383e-03
5.385931e+00    -5.837241e-03
5.398144e+00    -5.863774e-03
5.410357e+00    -5.890007e-03
5.422570e+00    -5.916015e-03
5.434783e+00    -5.941833e-03
5.446996e+00    -5.967513e-03
5.459208e+00    -5.993097e-03
5.471422e+00    -6.018630e-03
5.483634e+00    -6.044151e-03
5.495848e+00    -6.069708e-03
5.508060e+00    -6.095333e-03
5.520274e+00    -6.121066e-03
5.532486e+00    -6.146943e-03
5.544700e+00    -6.172999e-03
5.556912e+00    -6.199261e-03
5.569126e+00    -6.225763e-03
5.581338e+00    -6.252530e-03
5.593552e+00    -6.279591e-03
5.605764e+00    -6.306968e-03
5.617978e+00    -6.334685e-03
5.630190e+00    -6.362754e-03
5.642404e+00    -6.391201e-03
5.654616e+00    -6.420034e-03
5.666830e+00    -6.449272e-03
5.679042e+00    -6.478925e-03
5.691256e+00    -6.508999e-03
5.703468e+00    -6.539497e-03
5.715682e+00    -6.570437e-03
5.727894e+00    -6.601804e-03
5.740108e+00    -6.633609e-03
5.752320e+00    -6.665846e-03
5.764534e+00    -6.698509e-03
5.776746e+00    -6.731594e-03
5.788960e+00    -6.765091e-03
5.801172e+00    -6.798991e-03
5.813385e+00    -6.833274e-03
5.825598e+00    -6.867932e-03
5.837811e+00    -6.902948e-03
5.850024e+00    -6.938300e-03
5.862237e+00    -6.973968e-03
5.874450e+00    -7.009927e-03
5.886663e+00    -7.046156e-03
5.898876e+00    -7.082632e-03
5.911089e+00    -7.119309e-03
5.923302e+00    -7.156173e-03
5.935515e+00    -7.193191e-03
5.947728e+00    -7.230325e-03
5.959941e+00    -7.267544e-03
5.972154e+00    -7.304804e-03
5.984367e+00    -7.342079e-03
5.996580e+00    -7.379318e-03
6.008793e+00    -7.416488e-03
6.021006e+00    -7.453543e-03
6.033219e+00    -7.490442e-03
6.045432e+00    -7.527140e-03
6.057645e+00    -7.563597e-03
6.069858e+00    -7.599758e-03
6.082071e+00    -7.635581e-03
6.094284e+00    -7.671014e-03
6.106497e+00    -7.706017e-03
6.118710e+00    -7.740534e-03
6.130923e+00    -7.774517e-03
6.143136e+00    -7.807913e-03
6.155349e+00    -7.840674e-03
6.167562e+00    -7.872749e-03
6.179775e+00    -7.904084e-03
6.191988e+00    -7.934630e-03
6.204201e+00    -7.964333e-03
6.216414e+00    -7.993140e-03
6.228627e+00    -8.021003e-03
6.240840e+00    -8.047866e-03
6.253053e+00    -8.073679e-03
6.265266e+00    -8.098387e-03
6.277479e+00    -8.121944e-03
6.289692e+00    -8.144295e-03
6.301905e+00    -8.165387e-03
6.314118e+00    -8.185183e-03
6.326331e+00    -8.203616e-03
6.338544e+00    -8.220648e-03
6.350757e+00    -8.236228e-03
6.362970e+00    -8.250309e-03
6.375183e+00    -8.262841e-03
6.387396e+00    -8.273788e-03
6.399609e+00    -8.283090e-03
6.411822e+00    -8.290719e-03
6.424035e+00    -8.296623e-03
6.436248e+00    -8.300761e-03
6.448461e+00    -8.303097e-03
6.460674e+00    -8.303588e-03
6.472887e+00    -8.302202e-03
6.485100e+00    -8.298898e-03
6.497313e+00    -8.293640e-03
6.509526e+00    -8.286397e-03
6.521739e+00    -8.277140e-03
6.533952e+00    -8.265832e-03
6.546165e+00    -8.252448e-03
6.558378e+00    -8.236962e-03
6.570591e+00    -8.219346e-03
6.582804e+00    -8.199577e-03
6.595017e+00    -8.177633e-03
6.607230e+00    -8.153494e-03
6.619443e+00    -8.127143e-03
6.631656e+00    -8.098559e-03
6.643869e+00    -8.067728e-03
6.656082e+00    -8.034637e-03
6.668295e+00    -7.999280e-03
6.680508e+00    -7.961642e-03
6.692721e+00    -7.921718e-03
6.704934e+00    -7.879507e-03
6.717147e+00    -7.834985e-03
6.729360e+00    -7.788172e-03
6.741573e+00    -7.739061e-03
6.753786e+00    -7.687656e-03
6.765999e+00    -7.633959e-03
6.778212e+00    -7.577974e-03
6.790425e+00    -7.519715e-03
6.802638e+00    -7.459182e-03
6.814851e+00    -7.396397e-03
6.827064e+00    -7.331366e-03
6.839277e+00    -7.264110e-03
6.851490e+00    -7.194641e-03
6.863703e+00    -7.122985e-03
6.875916e+00    -7.049158e-03
6.888129e+00    -6.973183e-03
6.900342e+00    -6.895086e-03
6.912555e+00    -6.814893e-03
6.924768e+00    -6.732631e-03
6.936981e+00    -6.648336e-03
6.949194e+00    -6.562026e-03
6.961407e+00    -6.473755e-03
6.973620e+00    -6.383537e-03
6.985833e+00    -6.291423e-03
6.998046e+00    -6.197440e-03
7.010259e+00    -6.101637e-03
7.022472e+00    -6.004048e-03
7.034685e+00    -5.904721e-03
7.046898e+00    -5.803693e-03
7.059111e+00    -5.701021e-03
7.071324e+00    -5.596737e-03
7.083537e+00    -5.490900e-03
7.095750e+00    -5.383563e-03
7.107963e+00    -5.274747e-03
7.120176e+00    -5.164533e-03
7.132389e+00    -5.052969e-03
7.144602e+00    -4.940097e-03
7.156815e+00    -4.825982e-03
7.169028e+00    -4.710674e-03
7.181241e+00    -4.594233e-03
7.193454e+00    -4.476707e-03
7.205667e+00    -4.358165e-03
7.217880e+00    -4.238657e-03
7.230093e+00    -4.118247e-03
7.242306e+00    -3.996991e-03
7.254519e+00    -3.874951e-03
7.266732e+00    -3.752185e-03
7.278944e+00    -3.628758e-03
7.291158e+00    -3.504725e-03
7.303371e+00    -3.380151e-03
7.315584e+00    -3.255102e-03
7.327797e+00    -3.129634e-03
7.340010e+00    -3.003815e-03
7.352223e+00    -2.877695e-03
7.364436e+00    -2.751353e-03
7.376649e+00    -2.624837e-03
7.388862e+00    -2.498217e-03
7.401075e+00    -2.371553e-03
7.413288e+00    -2.244903e-03
7.425501e+00    -2.118328e-03
7.437714e+00    -1.991900e-03
7.449927e+00    -1.865667e-03
7.462140e+00    -1.739697e-03
7.474353e+00    -1.614041e-03
7.486566e+00    -1.488771e-03
7.498779e+00    -1.363934e-03
7.510992e+00    -1.239597e-03
7.523205e+00    -1.115809e-03
7.535418e+00    -9.926353e-04
7.547631e+00    -8.701222e-04
7.559844e+00    -7.483358e-04
7.572057e+00    -6.273165e-04
7.584270e+00    -5.071338e-04
7.596483e+00    -3.878265e-04
7.608696e+00    -2.694549e-04
7.620909e+00    -1.520641e-04
7.633121e+00    -3.571038e-05
7.645335e+00    7.957034e-05
7.657547e+00    1.937174e-04
7.669761e+00    3.066930e-04
7.681973e+00    4.184485e-04
7.694187e+00    5.289423e-04
7.706399e+00    6.381243e-04
7.718613e+00    7.459727e-04
7.730825e+00    8.524250e-04
7.743039e+00    9.574588e-04
7.755251e+00    1.061025e-03
7.767465e+00    1.163099e-03
7.779677e+00    1.263637e-03
7.791891e+00    1.362614e-03
7.804103e+00    1.459985e-03
7.816317e+00    1.555740e-03
7.828529e+00    1.649829e-03
7.840743e+00    1.742241e-03
7.852955e+00    1.832940e-03
7.865169e+00    1.921908e-03
7.877381e+00    2.009118e-03
7.889595e+00    2.094553e-03
7.901807e+00    2.178191e-03
7.914021e+00    2.260009e-03
7.926233e+00    2.339993e-03
7.938447e+00    2.418132e-03
7.950659e+00    2.494403e-03
7.962873e+00    2.568806e-03
7.975085e+00    2.641322e-03
7.987298e+00    2.711942e-03
7.999511e+00    2.780652e-03
8.011724e+00    2.847462e-03
8.023937e+00    2.912351e-03
8.036150e+00    2.975321e-03
8.048364e+00    3.036376e-03
8.060576e+00    3.095504e-03
8.072789e+00    3.152711e-03
8.085002e+00    3.207999e-03
8.097216e+00    3.261376e-03
8.109428e+00    3.312834e-03
8.121641e+00    3.362389e-03
8.133854e+00    3.410044e-03
8.146068e+00    3.455814e-03
8.158280e+00    3.499699e-03
8.170493e+00    3.541716e-03
8.182706e+00    3.581872e-03
8.194920e+00    3.620191e-03
8.207132e+00    3.656676e-03
8.219345e+00    3.691347e-03
8.231558e+00    3.724220e-03
8.243772e+00    3.755314e-03
8.255984e+00    3.784645e-03
8.268197e+00    3.812233e-03
8.280410e+00    3.838100e-03
8.292624e+00    3.862270e-03
8.304836e+00    3.884757e-03
8.317049e+00    3.905592e-03
8.329262e+00    3.924793e-03
8.341475e+00    3.942392e-03
8.353688e+00    3.958406e-03
8.365901e+00    3.972868e-03
8.378115e+00    3.985802e-03
8.390327e+00    3.997232e-03
8.402540e+00    4.007197e-03
8.414753e+00    4.015705e-03
8.426967e+00    4.022806e-03
8.439179e+00    4.028518e-03
8.451392e+00    4.032875e-03
8.463605e+00    4.035906e-03
8.475819e+00    4.037642e-03
8.488031e+00    4.038115e-03
8.500244e+00    4.037356e-03
8.512457e+00    4.035394e-03
8.524671e+00    4.032259e-03
8.536883e+00    4.027992e-03
8.549096e+00    4.022617e-03
8.561309e+00    4.016169e-03
8.573523e+00    4.008679e-03
8.585735e+00    4.000179e-03
8.597948e+00    3.990712e-03
8.610161e+00    3.980283e-03
8.622375e+00    3.968949e-03
8.634587e+00    3.956733e-03
8.646800e+00    3.943670e-03
8.659013e+00    3.929788e-03
8.671227e+00    3.915121e-03
8.683439e+00    3.899696e-03
8.695652e+00    3.883549e-03
8.707865e+00    3.866707e-03
8.720078e+00    3.849205e-03
8.732291e+00    3.831066e-03
8.744504e+00    3.812324e-03
8.756717e+00    3.793009e-03
8.768930e+00    3.773144e-03
8.781143e+00    3.752760e-03
8.793356e+00    3.731889e-03
8.805569e+00    3.710553e-03
8.817782e+00    3.688777e-03
8.829995e+00    3.666591e-03
8.842208e+00    3.644023e-03
8.854421e+00    3.621091e-03
8.866634e+00    3.597821e-03
8.878847e+00    3.574241e-03
8.891060e+00    3.550372e-03
8.903273e+00    3.526237e-03
8.915486e+00    3.501849e-03
8.927699e+00    3.477240e-03
8.939912e+00    3.452424e-03
8.952125e+00    3.427423e-03
8.964338e+00    3.402256e-03
8.976551e+00    3.376941e-03
8.988764e+00    3.351493e-03
9.000977e+00    3.325937e-03
9.013190e+00    3.300270e-03
9.025403e+00    3.274530e-03
9.037616e+00    3.248716e-03
9.049829e+00    3.222849e-03
9.062042e+00    3.196931e-03
9.074255e+00    3.170989e-03
9.086468e+00    3.145024e-03
9.098680e+00    3.119047e-03
9.110894e+00    3.093075e-03
9.123107e+00    3.067109e-03
9.135320e+00    3.041161e-03
9.147532e+00    3.015238e-03
9.159746e+00    2.989346e-03
9.171959e+00    2.963492e-03
9.184172e+00    2.937680e-03
9.196384e+00    2.911916e-03
9.208598e+00    2.886201e-03
9.220811e+00    2.860538e-03
9.233024e+00    2.834936e-03
9.245236e+00    2.809392e-03
9.257450e+00    2.783906e-03
9.269663e+00    2.758478e-03
9.281876e+00    2.733112e-03
9.294088e+00    2.707803e-03
9.306302e+00    2.682552e-03
9.318515e+00    2.657359e-03
9.330728e+00    2.632218e-03
9.342940e+00    2.607125e-03
9.355154e+00    2.582077e-03
9.367367e+00    2.557075e-03
9.379580e+00    2.532107e-03
9.391793e+00    2.507171e-03
9.404006e+00    2.482262e-03
9.416219e+00    2.457377e-03
9.428432e+00    2.432503e-03
9.440645e+00    2.407635e-03
9.452858e+00    2.382770e-03
9.465071e+00    2.357899e-03
9.477283e+00    2.333011e-03
9.489497e+00    2.308100e-03
9.501710e+00    2.283155e-03
9.513923e+00    2.258172e-03
9.526135e+00    2.233140e-03
9.538349e+00    2.208047e-03
9.550562e+00    2.182892e-03
9.562775e+00    2.157655e-03
9.574987e+00    2.132330e-03
9.587201e+00    2.106912e-03
9.599414e+00    2.081390e-03
9.611627e+00    2.055747e-03
9.623839e+00    2.029982e-03
9.636053e+00    2.004078e-03
9.648266e+00    1.978028e-03
9.660479e+00    1.951828e-03
9.672691e+00    1.925459e-03
9.684905e+00    1.898913e-03
9.697118e+00    1.872186e-03
9.709331e+00    1.845262e-03
9.721543e+00    1.818137e-03
9.733757e+00    1.790796e-03
9.745970e+00    1.763238e-03
9.758183e+00    1.735445e-03
9.770395e+00    1.707417e-03
9.782609e+00    1.679136e-03
9.794822e+00    1.650603e-03
9.807034e+00    1.621806e-03
9.819247e+00    1.592736e-03
9.831461e+00    1.563387e-03
9.843674e+00    1.533754e-03
9.855886e+00    1.503830e-03
9.868099e+00    1.473607e-03
9.880313e+00    1.443082e-03
9.892526e+00    1.412246e-03
9.904738e+00    1.381099e-03
9.916951e+00    1.349628e-03
9.929165e+00    1.317833e-03
9.941378e+00    1.285712e-03
9.953590e+00    1.253264e-03
9.965803e+00    1.220483e-03
9.978017e+00    1.187364e-03
9.990230e+00    1.153910e-03
1.000244e+01    1.120117e-03
1.001466e+01    1.085985e-03
1.002687e+01    1.051513e-03
1.003908e+01    1.016701e-03
1.005129e+01    9.815515e-04
1.006351e+01    9.460659e-04
1.007572e+01    9.102435e-04
1.008793e+01    8.740878e-04
1.010015e+01    8.375896e-04
1.011236e+01    8.007914e-04
1.012457e+01    7.636512e-04
1.013679e+01    7.262004e-04
1.014900e+01    6.884321e-04
1.016121e+01    6.503591e-04
1.017342e+01    6.119795e-04
1.018564e+01    5.733094e-04
1.019785e+01    5.343463e-04
1.021006e+01    4.951119e-04
1.022228e+01    4.555985e-04
1.023449e+01    4.158254e-04
1.024670e+01    3.757972e-04
1.025891e+01    3.355271e-04
1.027113e+01    2.950183e-04
1.028334e+01    2.542942e-04
1.029555e+01    2.133500e-04
1.030777e+01    1.722131e-04
1.031998e+01    1.308869e-04
1.033219e+01    8.938440e-05
1.034441e+01    4.772519e-05
1.035662e+01    5.914234e-06
1.036883e+01    -3.603270e-05
1.038105e+01    -7.809485e-05
1.039326e+01    -1.202659e-04
1.040547e+01    -1.625242e-04
1.041768e+01    -2.048584e-04
1.042990e+01    -2.472489e-04
1.044211e+01    -2.896826e-04
1.045432e+01    -3.321434e-04
1.046654e+01    -3.746093e-04
1.047875e+01    -4.170673e-04
1.049096e+01    -4.595036e-04
1.050318e+01    -5.018904e-04
1.051539e+01    -5.442212e-04
1.052760e+01    -5.864679e-04
1.053981e+01    -6.286175e-04
1.055203e+01    -6.706553e-04
1.056424e+01    -7.125548e-04
1.057645e+01    -7.543005e-04
1.058867e+01    -7.958717e-04
1.060088e+01    -8.372518e-04
1.061309e+01    -8.784271e-04
1.062531e+01    -9.193649e-04
1.063752e+01    -9.600582e-04
1.064973e+01    -1.000484e-03
1.066194e+01    -1.040618e-03
1.067416e+01    -1.080446e-03
1.068637e+01    -1.119948e-03
1.069858e+01    -1.159109e-03
1.071080e+01    -1.197899e-03
1.072301e+01    -1.236307e-03
1.073522e+01    -1.274311e-03
1.074744e+01    -1.311898e-03
1.075965e+01    -1.349043e-03
1.077186e+01    -1.385729e-03
1.078407e+01    -1.421937e-03
1.079629e+01    -1.457649e-03
1.080850e+01    -1.492852e-03
1.082071e+01    -1.527520e-03
1.083293e+01    -1.561641e-03
1.084514e+01    -1.595202e-03
1.085735e+01    -1.628175e-03
1.086957e+01    -1.660549e-03
1.088178e+01    -1.692310e-03
1.089399e+01    -1.723442e-03
1.090620e+01    -1.753924e-03
1.091842e+01    -1.783745e-03
1.093063e+01    -1.812890e-03
1.094284e+01    -1.841344e-03
1.095506e+01    -1.869093e-03
1.096727e+01    -1.896125e-03
1.097948e+01    -1.922422e-03
1.099170e+01    -1.947976e-03
1.100391e+01    -1.972777e-03
1.101612e+01    -1.996805e-03
1.102833e+01    -2.020056e-03
1.104055e+01    -2.042519e-03
1.105276e+01    -2.064177e-03
1.106497e+01    -2.085026e-03
1.107719e+01    -2.105058e-03
1.108940e+01    -2.124260e-03
1.110161e+01    -2.142625e-03
1.111382e+01    -2.160147e-03
1.112604e+01    -2.176820e-03
1.113825e+01    -2.192635e-03
1.115046e+01    -2.207587e-03
1.116268e+01    -2.221668e-03
1.117489e+01    -2.234877e-03
1.118710e+01    -2.247213e-03
1.119932e+01    -2.258662e-03
1.121153e+01    -2.269231e-03
1.122374e+01    -2.278913e-03
1.123596e+01    -2.287706e-03
1.124817e+01    -2.295611e-03
1.126038e+01    -2.302626e-03
1.127259e+01    -2.308751e-03
1.128481e+01    -2.313986e-03
1.129702e+01    -2.318334e-03
1.130923e+01    -2.321794e-03
1.132145e+01    -2.324373e-03
1.133366e+01    -2.326069e-03
1.134587e+01    -2.326888e-03
1.135808e+01    -2.326834e-03
1.137030e+01    -2.325913e-03
1.138251e+01    -2.324125e-03
1.139472e+01    -2.321480e-03
1.140694e+01    -2.317985e-03
1.141915e+01    -2.313643e-03
1.143136e+01    -2.308466e-03
1.144358e+01    -2.302458e-03
1.145579e+01    -2.295630e-03
1.146800e+01    -2.287988e-03
1.148022e+01    -2.279545e-03
1.149243e+01    -2.270310e-03
1.150464e+01    -2.260291e-03
1.151685e+01    -2.249501e-03
1.152907e+01    -2.237951e-03
1.154128e+01    -2.225654e-03
1.155349e+01    -2.212620e-03
1.156571e+01    -2.198862e-03
1.157792e+01    -2.184395e-03
1.159013e+01    -2.169228e-03
1.160234e+01    -2.153385e-03
1.161456e+01    -2.136862e-03
1.162677e+01    -2.119689e-03
1.163898e+01    -2.101877e-03
1.165120e+01    -2.083439e-03
1.166341e+01    -2.064394e-03
1.167562e+01    -2.044756e-03
1.168784e+01    -2.024540e-03
1.170005e+01    -2.003761e-03
1.171226e+01    -1.982440e-03
1.172447e+01    -1.960591e-03
1.173669e+01    -1.938235e-03
1.174890e+01    -1.915383e-03
1.176111e+01    -1.892052e-03
1.177333e+01    -1.868266e-03
1.178554e+01    -1.844039e-03
1.179775e+01    -1.819386e-03
1.180997e+01    -1.794336e-03
1.182218e+01    -1.768892e-03
1.183439e+01    -1.743083e-03
1.184660e+01    -1.716924e-03
1.185882e+01    -1.690433e-03
1.187103e+01    -1.663626e-03
1.188324e+01    -1.636524e-03
1.189546e+01    -1.609148e-03
1.190767e+01    -1.581510e-03
1.191988e+01    -1.553634e-03
1.193210e+01    -1.525534e-03
1.194431e+01    -1.497232e-03
1.195652e+01    -1.468741e-03
1.196873e+01    -1.440084e-03
1.198095e+01    -1.411278e-03
1.199316e+01    -1.382340e-03
1.200537e+01    -1.353286e-03
1.201759e+01    -1.324132e-03
1.202980e+01    -1.294904e-03
1.204201e+01    -1.265614e-03
1.205423e+01    -1.236275e-03
1.206644e+01    -1.206909e-03
1.207865e+01    -1.177530e-03
1.209086e+01    -1.148156e-03
1.210308e+01    -1.118793e-03
1.211529e+01    -1.089484e-03
1.212750e+01    -1.060220e-03
1.213972e+01    -1.031021e-03
1.215193e+01    -1.001902e-03
1.216414e+01    -9.728845e-04
1.217636e+01    -9.439772e-04
1.218857e+01    -9.151996e-04
1.220078e+01    -8.865503e-04
1.221299e+01    -8.580624e-04
1.222521e+01    -8.297379e-04
1.223742e+01    -8.015943e-04
1.224963e+01    -7.736394e-04
1.226185e+01    -7.458898e-04
1.227406e+01    -7.183544e-04
1.228627e+01    -6.910460e-04
1.229849e+01    -6.639768e-04
1.231070e+01    -6.371493e-04
1.232291e+01    -6.105858e-04
1.233512e+01    -5.842918e-04
1.234734e+01    -5.582661e-04
1.235955e+01    -5.325343e-04
1.237176e+01    -5.070971e-04
1.238398e+01    -4.819621e-04
1.239619e+01    -4.571366e-04
1.240840e+01    -4.326329e-04
1.242062e+01    -4.084508e-04
1.243283e+01    -3.846007e-04
1.244504e+01    -3.610911e-04
1.245725e+01    -3.379245e-04
1.246947e+01    -3.151078e-04
1.248168e+01    -2.926447e-04
1.249389e+01    -2.705475e-04
1.250611e+01    -2.487981e-04
1.251832e+01    -2.274217e-04
1.253053e+01    -2.064156e-04
1.254275e+01    -1.857837e-04
1.255496e+01    -1.655273e-04
1.256717e+01    -1.456448e-04
1.257938e+01    -1.261443e-04
1.259160e+01    -1.070261e-04
1.260381e+01    -8.828447e-05
1.261602e+01    -6.993143e-05
1.262824e+01    -5.195650e-05
1.264045e+01    -3.436369e-05
1.265266e+01    -1.715561e-05
1.266488e+01    -3.263503e-07
1.267709e+01    1.612175e-05
1.268930e+01    3.218851e-05
1.270151e+01    4.788034e-05
1.271373e+01    6.320009e-05
1.272594e+01    7.814402e-05
1.273815e+01    9.271886e-05
1.275037e+01    1.069295e-04
1.276258e+01    1.207723e-04
1.277479e+01    1.342542e-04
1.278701e+01    1.473813e-04
1.279922e+01    1.601600e-04
1.281143e+01    1.725832e-04
1.282364e+01    1.846666e-04
1.283586e+01    1.964081e-04
1.284807e+01    2.078182e-04
1.286028e+01    2.188972e-04
1.287250e+01    2.296543e-04
1.288471e+01    2.400897e-04
1.289692e+01    2.502151e-04
1.290914e+01    2.600352e-04
1.292135e+01    2.695475e-04
1.293356e+01    2.787695e-04
1.294577e+01    2.877004e-04
1.295799e+01    2.963521e-04
1.297020e+01    3.047234e-04
1.298241e+01    3.128281e-04
1.299463e+01    3.206686e-04
1.300684e+01    3.282526e-04
1.301905e+01    3.355861e-04
1.303127e+01    3.426762e-04
1.304348e+01    3.495353e-04
1.305569e+01    3.561594e-04
1.306790e+01    3.625602e-04
1.308012e+01    3.687498e-04
1.309233e+01    3.747298e-04
1.310454e+01    3.805092e-04
1.311676e+01    3.860903e-04
1.312897e+01    3.914875e-04
1.314118e+01    3.966991e-04
1.315340e+01    4.017381e-04
1.316561e+01    4.066113e-04
1.317782e+01    4.113203e-04
1.319003e+01    4.158737e-04
1.320225e+01    4.202802e-04
1.321446e+01    4.245514e-04
1.322667e+01    4.286821e-04
1.323889e+01    4.326834e-04
1.325110e+01    4.365601e-04
1.326331e+01    4.403226e-04
1.327553e+01    4.439746e-04
1.328774e+01    4.475173e-04
1.329995e+01    4.509602e-04
1.331216e+01    4.543123e-04
1.332438e+01    4.575737e-04
1.333659e+01    4.607485e-04
1.334880e+01    4.638440e-04
1.336102e+01    4.668657e-04
1.337323e+01    4.698170e-04
1.338544e+01    4.727034e-04
1.339766e+01    4.755323e-04
1.340987e+01    4.782958e-04
1.342208e+01    4.810123e-04
1.343429e+01    4.836766e-04
1.344651e+01    4.862947e-04
1.345872e+01    4.888715e-04
1.347093e+01    4.914076e-04
1.348315e+01    4.939054e-04
1.349536e+01    4.963699e-04
1.350757e+01    4.988030e-04
1.351978e+01    5.012087e-04
1.353200e+01    5.035822e-04
1.354421e+01    5.059352e-04
1.355642e+01    5.082599e-04
1.356864e+01    5.105649e-04
1.358085e+01    5.128498e-04
1.359306e+01    5.151111e-04
1.360528e+01    5.173539e-04
1.361749e+01    5.195819e-04
1.362970e+01    5.217884e-04
1.364192e+01    5.239799e-04
1.365413e+01    5.261512e-04
1.366634e+01    5.283059e-04
1.367855e+01    5.304434e-04
1.369077e+01    5.325619e-04
1.370298e+01    5.346622e-04
1.371519e+01    5.367423e-04
1.372741e+01    5.387963e-04
1.373962e+01    5.408300e-04
1.375183e+01    5.428403e-04
1.376404e+01    5.448298e-04
1.377626e+01    5.467877e-04
1.378847e+01    5.487181e-04
1.380068e+01    5.506210e-04
1.381290e+01    5.524863e-04
1.382511e+01    5.543190e-04
1.383732e+01    5.561142e-04
1.384954e+01    5.578697e-04
1.386175e+01    5.595846e-04
1.387396e+01    5.612517e-04
1.388618e+01    5.628720e-04
1.389839e+01    5.644390e-04
1.391060e+01    5.659541e-04
1.392281e+01    5.674120e-04
1.393503e+01    5.688098e-04
1.394724e+01    5.701432e-04
1.395945e+01    5.714102e-04
1.397167e+01    5.726066e-04
1.398388e+01    5.737284e-04
1.399609e+01    5.747775e-04
1.400830e+01    5.757384e-04
1.402052e+01    5.766181e-04
1.403273e+01    5.774092e-04
1.404494e+01    5.781096e-04
1.405716e+01    5.787142e-04
1.406937e+01    5.792195e-04
1.408158e+01    5.796234e-04
1.409380e+01    5.799190e-04
1.410601e+01    5.801112e-04
1.411822e+01    5.801825e-04
1.413043e+01    5.801400e-04
1.414265e+01    5.799768e-04
1.415486e+01    5.796903e-04
1.416707e+01    5.792771e-04
1.417929e+01    5.787322e-04
1.419150e+01    5.780589e-04
1.420371e+01    5.772387e-04
1.421593e+01    5.762830e-04
1.422814e+01    5.751860e-04
1.424035e+01    5.739403e-04
1.425256e+01    5.725481e-04
1.426478e+01    5.710010e-04
1.427699e+01    5.693024e-04
1.428920e+01    5.674476e-04
1.430142e+01    5.654310e-04
1.431363e+01    5.632540e-04
1.432584e+01    5.609139e-04
1.433806e+01    5.584065e-04
1.435027e+01    5.557330e-04
1.436248e+01    5.528890e-04
1.437469e+01    5.498750e-04
1.438691e+01    5.466885e-04
1.439912e+01    5.433270e-04
1.441133e+01    5.397911e-04
1.442355e+01    5.360793e-04
1.443576e+01    5.321910e-04
1.444797e+01    5.281253e-04
1.446019e+01    5.238795e-04
1.447240e+01    5.194564e-04
1.448461e+01    5.148572e-04
1.449682e+01    5.100770e-04
1.450904e+01    5.051197e-04
1.452125e+01    4.999827e-04
1.453346e+01    4.946687e-04
1.454568e+01    4.891810e-04
1.455789e+01    4.835162e-04
1.457010e+01    4.776721e-04
1.458232e+01    4.716597e-04
1.459453e+01    4.654720e-04
1.460674e+01    4.591153e-04
1.461895e+01    4.525897e-04
1.463117e+01    4.458983e-04
1.464338e+01    4.390413e-04
1.465559e+01    4.320210e-04
1.466781e+01    4.248430e-04
1.468002e+01    4.175054e-04
1.469223e+01    4.100174e-04
1.470445e+01    4.023731e-04
1.471666e+01    3.945797e-04
1.472887e+01    3.866463e-04
1.474109e+01    3.785666e-04
1.475330e+01    3.703539e-04
1.476551e+01    3.620045e-04
1.477772e+01    3.535257e-04
1.478994e+01    3.449189e-04
1.480215e+01    3.361907e-04
1.481436e+01    3.273480e-04
1.482658e+01    3.183928e-04
1.483879e+01    3.093246e-04
1.485100e+01    3.001566e-04
1.486321e+01    2.908866e-04
1.487543e+01    2.815269e-04
1.488764e+01    2.720725e-04
1.489985e+01    2.625424e-04
1.491207e+01    2.529313e-04
1.492428e+01    2.432470e-04
1.493649e+01    2.334925e-04
1.494871e+01    2.236809e-04
1.496092e+01    2.138137e-04
1.497313e+01    2.038908e-04
1.498534e+01    1.939247e-04
1.499756e+01    1.839200e-04
1.500977e+01    1.738877e-04
1.502198e+01    1.638256e-04
1.503420e+01    1.537428e-04
1.504641e+01    1.436448e-04
1.505862e+01    1.335382e-04
1.507084e+01    1.234297e-04
1.508305e+01    1.133249e-04
1.509526e+01    1.032290e-04
1.510747e+01    9.314940e-05
1.511969e+01    8.309216e-05
1.513190e+01    7.305983e-05
1.514411e+01    6.306534e-05
1.515633e+01    5.310970e-05
1.516854e+01    4.320094e-05
1.518075e+01    3.334258e-05
1.519297e+01    2.354515e-05
1.520518e+01    1.380872e-05
1.521739e+01    4.144465e-06
1.522960e+01    -5.444618e-06
1.524182e+01    -1.495182e-05
1.525403e+01    -2.437146e-05
1.526624e+01    -3.369861e-05
1.527846e+01    -4.292812e-05
1.529067e+01    -5.205126e-05
1.530288e+01    -6.106521e-05
1.531509e+01    -6.996806e-05
1.532731e+01    -7.874781e-05
1.533952e+01    -8.740449e-05
1.535173e+01    -9.593076e-05
1.536395e+01    -1.043234e-04
1.537616e+01    -1.125770e-04
1.538837e+01    -1.206849e-04
1.540059e+01    -1.286471e-04
1.541280e+01    -1.364512e-04
1.542501e+01    -1.441069e-04
1.543723e+01    -1.515979e-04
1.544944e+01    -1.589228e-04
1.546165e+01    -1.660823e-04
1.547386e+01    -1.730696e-04
1.548608e+01    -1.798791e-04
1.549829e+01    -1.865108e-04
1.551050e+01    -1.929641e-04
1.552272e+01    -1.992300e-04
1.553493e+01    -2.053072e-04
1.554714e+01    -2.111980e-04
1.555935e+01    -2.168955e-04
1.557157e+01    -2.223994e-04
1.558378e+01    -2.277066e-04
1.559599e+01    -2.328108e-04
1.560821e+01    -2.377206e-04
1.562042e+01    -2.424274e-04
1.563263e+01    -2.469296e-04
1.564485e+01    -2.512290e-04
1.565706e+01    -2.553223e-04
1.566927e+01    -2.592120e-04
1.568149e+01    -2.628947e-04
1.569370e+01    -2.663726e-04
1.570591e+01    -2.696391e-04
1.571812e+01    -2.726931e-04
1.573034e+01    -2.755576e-04
1.574255e+01    -2.782039e-04
1.575476e+01    -2.806458e-04
1.576698e+01    -2.828833e-04
1.577919e+01    -2.849167e-04
1.579140e+01    -2.867458e-04
1.580362e+01    -2.883727e-04
1.581583e+01    -2.897991e-04
1.582804e+01    -2.910263e-04
1.584025e+01    -2.920564e-04
1.585247e+01    -2.928894e-04
1.586468e+01    -2.935293e-04
1.587689e+01    -2.939797e-04
1.588911e+01    -2.942432e-04
1.590132e+01    -2.943124e-04
1.591353e+01    -2.942007e-04
1.592575e+01    -2.939091e-04
1.593796e+01    -2.934375e-04
1.595017e+01    -2.927934e-04
1.596238e+01    -2.919747e-04
1.597460e+01    -2.909880e-04
1.598681e+01    -2.898378e-04
1.599902e+01    -2.885254e-04
1.601124e+01    -2.870552e-04
1.602345e+01    -2.854301e-04
1.603566e+01    -2.836560e-04
1.604787e+01    -2.817354e-04
1.606009e+01    -2.796705e-04
1.607230e+01    -2.774701e-04
1.608451e+01    -2.751374e-04
1.609673e+01    -2.726740e-04
1.610894e+01    -2.700800e-04
1.612115e+01    -2.673756e-04
1.613337e+01    -2.645513e-04
1.614558e+01    -2.616139e-04
1.615779e+01    -2.585732e-04
1.617001e+01    -2.554282e-04
1.618222e+01    -2.521887e-04
1.619443e+01    -2.488536e-04
1.620664e+01    -2.454342e-04
1.621886e+01    -2.419318e-04
1.623107e+01    -2.383511e-04
1.624328e+01    -2.346992e-04
1.625550e+01    -2.309787e-04
1.626771e+01    -2.271927e-04
1.627992e+01    -2.233522e-04
1.629214e+01    -2.194562e-04
1.630435e+01    -2.155173e-04
1.631656e+01    -2.115295e-04
1.632877e+01    -2.075044e-04
1.634099e+01    -2.034502e-04
1.635320e+01    -1.993609e-04
1.636541e+01    -1.952483e-04
1.637763e+01    -1.911198e-04
1.638984e+01    -1.869715e-04
1.640205e+01    -1.828202e-04
1.641426e+01    -1.786583e-04
1.642648e+01    -1.744962e-04
1.643869e+01    -1.703356e-04
1.645090e+01    -1.661864e-04
1.646312e+01    -1.620468e-04
1.647533e+01    -1.579250e-04
1.648754e+01    -1.538214e-04
1.649976e+01    -1.497406e-04
1.651197e+01    -1.456933e-04
1.652418e+01    -1.416752e-04
1.653639e+01    -1.376926e-04
1.654861e+01    -1.337478e-04
1.656082e+01    -1.298478e-04
1.657303e+01    -1.259929e-04
1.658525e+01    -1.221860e-04
1.659746e+01    -1.184323e-04
1.660967e+01    -1.147386e-04
1.662189e+01    -1.110973e-04
1.663410e+01    -1.075221e-04
1.664631e+01    -1.040056e-04
1.665853e+01    -1.005592e-04
1.667074e+01    -9.718214e-05
1.668295e+01    -9.387250e-05
1.669516e+01    -9.063895e-05
1.670738e+01    -8.748025e-05
1.671959e+01    -8.440061e-05
1.673180e+01    -8.139668e-05
1.674402e+01    -7.847232e-05
1.675623e+01    -7.563320e-05
1.676844e+01    -7.287670e-05
1.678065e+01    -7.020494e-05
1.679287e+01    -6.761635e-05
1.680508e+01    -6.511626e-05
1.681729e+01    -6.270292e-05
1.682951e+01    -6.037684e-05
1.684172e+01    -5.813823e-05
1.685393e+01    -5.598948e-05
1.686615e+01    -5.393022e-05
1.687836e+01    -5.195793e-05
1.689057e+01    -5.007075e-05
1.690278e+01    -4.828049e-05
1.691500e+01    -4.657395e-05
1.692721e+01    -4.495685e-05
1.693942e+01    -4.342529e-05
1.695164e+01    -4.198203e-05
1.696385e+01    -4.062342e-05
1.697606e+01    -3.934864e-05
1.698828e+01    -3.815718e-05
1.700049e+01    -3.704690e-05
1.701270e+01    -3.602164e-05
1.702491e+01    -3.507407e-05
1.703713e+01    -3.420259e-05
1.704934e+01    -3.340932e-05
1.706155e+01    -3.269011e-05
1.707377e+01    -3.204209e-05
1.708598e+01    -3.146805e-05
1.709819e+01    -3.096402e-05
1.711040e+01    -3.052007e-05
1.712262e+01    -3.014522e-05
1.713483e+01    -2.983123e-05
1.714705e+01    -2.957735e-05
1.715926e+01    -2.937761e-05
1.717147e+01    -2.923454e-05
1.718368e+01    -2.914601e-05
1.719590e+01    -2.910923e-05
1.720811e+01    -2.911164e-05
1.722032e+01    -2.915960e-05
1.723254e+01    -2.925106e-05
1.724475e+01    -2.937827e-05
1.725696e+01    -2.954343e-05
1.726917e+01    -2.974123e-05
1.728139e+01    -2.996485e-05
1.729360e+01    -3.021826e-05
1.730581e+01    -3.048829e-05
1.731803e+01    -3.078768e-05
1.733024e+01    -3.110023e-05
1.734245e+01    -3.142886e-05
1.735467e+01    -3.176619e-05
1.736688e+01    -3.211141e-05
1.737909e+01    -3.246412e-05
1.739130e+01    -3.281605e-05
1.740352e+01    -3.316485e-05
1.741573e+01    -3.351197e-05
1.742794e+01    -3.385310e-05
1.744016e+01    -3.418244e-05
1.745237e+01    -3.449649e-05
1.746458e+01    -3.479748e-05
1.747680e+01    -3.507829e-05
1.748901e+01    -3.533575e-05
1.750122e+01    -3.557004e-05
1.751343e+01    -3.577501e-05
1.752565e+01    -3.595021e-05
1.753786e+01    -3.609480e-05
1.755007e+01    -3.620113e-05
1.756229e+01    -3.626933e-05
1.757450e+01    -3.629709e-05
1.758671e+01    -3.628054e-05
1.759892e+01    -3.622310e-05
1.761114e+01    -3.611218e-05
1.762335e+01    -3.595595e-05
1.763556e+01    -3.574879e-05
1.764778e+01    -3.548492e-05
1.765999e+01    -3.516671e-05
1.767220e+01    -3.479063e-05
1.768442e+01    -3.435241e-05
1.769663e+01    -3.385318e-05
1.770884e+01    -3.329751e-05
1.772106e+01    -3.266745e-05
1.773327e+01    -3.198560e-05
1.774548e+01    -3.123046e-05
1.775769e+01    -3.040684e-05
1.776991e+01    -2.951548e-05
1.778212e+01    -2.855526e-05
1.779433e+01    -2.752121e-05
1.780655e+01    -2.642485e-05
1.781876e+01    -2.524716e-05
1.783097e+01    -2.399958e-05
1.784319e+01    -2.268077e-05
1.785540e+01    -2.128742e-05
1.786761e+01    -1.982367e-05
1.787982e+01    -1.828322e-05
1.789204e+01    -1.667221e-05
1.790425e+01    -1.498838e-05
1.791646e+01    -1.323273e-05
1.792868e+01    -1.140282e-05
1.794089e+01    -9.505711e-06
1.795310e+01    -7.533497e-06
1.796531e+01    -5.494468e-06
1.797753e+01    -3.383873e-06
1.798974e+01    -1.205961e-06
1.800196e+01    1.041422e-06
1.801417e+01    3.349443e-06
1.802638e+01    5.729700e-06
1.803859e+01    8.164876e-06
1.805081e+01    1.066795e-05
1.806302e+01    1.322865e-05
1.807523e+01    1.584942e-05
1.808744e+01    1.852555e-05
1.809966e+01    2.125817e-05
1.811187e+01    2.403912e-05
1.812408e+01    2.687614e-05
1.813630e+01    2.975989e-05
1.814851e+01    3.269062e-05
1.816072e+01    3.566357e-05
1.817294e+01    3.868146e-05
1.818515e+01    4.173603e-05
1.819736e+01    4.482700e-05
1.820958e+01    4.795450e-05
1.822179e+01    5.111165e-05
1.823400e+01    5.429922e-05
1.824621e+01    5.751074e-05
1.825843e+01    6.074493e-05
1.827064e+01    6.400165e-05
1.828285e+01    6.727403e-05
1.829507e+01    7.055863e-05
1.830728e+01    7.385836e-05
1.831949e+01    7.716753e-05
1.833171e+01    8.048164e-05
1.834392e+01    8.379290e-05
1.835613e+01    8.710410e-05
1.836834e+01    9.041565e-05
1.838056e+01    9.371567e-05
1.839277e+01    9.700278e-05
1.840498e+01    1.002819e-04
1.841720e+01    1.035388e-04
1.842941e+01    1.067774e-04
1.844162e+01    1.099897e-04
1.845383e+01    1.131785e-04
1.846605e+01    1.163348e-04
1.847826e+01    1.194586e-04
1.849047e+01    1.225462e-04
1.850269e+01    1.255914e-04
1.851490e+01    1.285959e-04
1.852711e+01    1.315554e-04
1.853933e+01    1.344623e-04
1.855154e+01    1.373190e-04
1.856375e+01    1.401198e-04
1.857596e+01    1.428613e-04
1.858818e+01    1.455463e-04
1.860039e+01    1.481621e-04
1.861260e+01    1.507132e-04
1.862482e+01    1.531931e-04
1.863703e+01    1.555996e-04
1.864924e+01    1.579332e-04
1.866146e+01    1.601861e-04
1.867367e+01    1.623625e-04
1.868588e+01    1.644520e-04
1.869810e+01    1.664591e-04
1.871031e+01    1.683774e-04
1.872252e+01    1.702056e-04
1.873473e+01    1.719425e-04
1.874695e+01    1.735864e-04
1.875916e+01    1.751296e-04
1.877137e+01    1.765803e-04
1.878359e+01    1.779278e-04
1.879580e+01    1.791753e-04
1.880801e+01    1.803189e-04
1.882022e+01    1.813548e-04
1.883244e+01    1.822895e-04
1.884465e+01    1.831144e-04
1.885686e+01    1.838306e-04
1.886908e+01    1.844360e-04
1.888129e+01    1.849319e-04
1.889350e+01    1.853167e-04
1.890572e+01    1.855861e-04
1.891793e+01    1.857408e-04
1.893014e+01    1.857843e-04
1.894235e+01    1.857125e-04
1.895457e+01    1.855248e-04
1.896678e+01    1.852241e-04
1.897899e+01    1.848034e-04
1.899121e+01    1.842724e-04
1.900342e+01    1.836221e-04
1.901563e+01    1.828574e-04
1.902785e+01    1.819770e-04
1.904006e+01    1.809829e-04
1.905227e+01    1.798734e-04
1.906449e+01    1.786511e-04
1.907670e+01    1.773133e-04
1.908891e+01    1.758658e-04
1.910112e+01    1.743042e-04
1.911334e+01    1.726315e-04
1.912555e+01    1.708552e-04
1.913776e+01    1.689669e-04
1.914997e+01    1.669712e-04
1.916219e+01    1.648711e-04
1.917440e+01    1.626651e-04
1.918661e+01    1.603599e-04
1.919883e+01    1.579491e-04
1.921104e+01    1.554399e-04
1.922325e+01    1.528368e-04
1.923547e+01    1.501362e-04
1.924768e+01    1.473428e-04
1.925989e+01    1.444566e-04
1.927211e+01    1.414811e-04
1.928432e+01    1.384272e-04
1.929653e+01    1.352756e-04
1.930874e+01    1.320478e-04
1.932096e+01    1.287395e-04
1.933317e+01    1.253565e-04
1.934538e+01    1.218965e-04
1.935760e+01    1.183644e-04
1.936981e+01    1.147637e-04
1.938202e+01    1.110965e-04
1.939424e+01    1.073673e-04
1.940645e+01    1.035776e-04
1.941866e+01    9.972911e-05
1.943087e+01    9.582727e-05
1.944309e+01    9.187267e-05
1.945530e+01    8.786967e-05
1.946751e+01    8.381766e-05
1.947973e+01    7.972925e-05
1.949194e+01    7.559537e-05
1.950415e+01    7.142976e-05
1.951637e+01    6.722807e-05
1.952858e+01    6.299722e-05
1.954079e+01    5.874113e-05
1.955301e+01    5.445711e-05
1.956522e+01    5.016103e-05
1.957743e+01    4.584150e-05
1.958964e+01    4.151312e-05
1.960186e+01    3.716737e-05
1.961407e+01    3.281649e-05
1.962628e+01    2.846512e-05
1.963849e+01    2.411136e-05
1.965071e+01    1.975911e-05
1.966292e+01    1.541228e-05
1.967513e+01    1.107500e-05
1.968735e+01    6.748363e-06
1.969956e+01    2.434070e-06
1.971177e+01    -1.857290e-06
1.972399e+01    -6.132759e-06
1.973620e+01    -1.037959e-05
1.974841e+01    -1.460110e-05
1.976063e+01    -1.879345e-05
1.977284e+01    -2.295425e-05
1.978505e+01    -2.707931e-05
1.979726e+01    -3.116281e-05
1.980948e+01    -3.520644e-05
1.982169e+01    -3.921217e-05
1.983390e+01    -4.316657e-05
1.984612e+01    -4.707614e-05
1.985833e+01    -5.093246e-05
1.987054e+01    -5.473400e-05
1.988276e+01    -5.848164e-05
1.989497e+01    -6.217242e-05
1.990718e+01    -6.579928e-05
1.991939e+01    -6.936496e-05
1.993161e+01    -7.286685e-05
1.994382e+01    -7.630285e-05
1.995603e+01    -7.966973e-05
1.996825e+01    -8.296806e-05
1.998046e+01    -8.619082e-05
1.999267e+01    -8.934204e-05
2.000488e+01    -9.242029e-05
2.001710e+01    -9.541714e-05
2.002931e+01    -9.833579e-05
2.004152e+01    -1.011766e-04
2.005374e+01    -1.039405e-04
2.006595e+01    -1.066198e-04
2.007816e+01    -1.092143e-04
2.009038e+01    -1.117300e-04
2.010259e+01    -1.141553e-04
2.011480e+01    -1.164939e-04
2.012702e+01    -1.187490e-04
2.013923e+01    -1.209174e-04
2.015144e+01    -1.229973e-04
2.016365e+01    -1.249893e-04
2.017587e+01    -1.268937e-04
2.018808e+01    -1.287055e-04
2.020029e+01    -1.304303e-04
2.021251e+01    -1.320674e-04
2.022472e+01    -1.336141e-04
2.023693e+01    -1.350716e-04
2.024915e+01    -1.364406e-04
2.026136e+01    -1.377211e-04
2.027357e+01    -1.389125e-04
2.028578e+01    -1.400129e-04
2.029800e+01    -1.410304e-04
2.031021e+01    -1.419591e-04
2.032242e+01    -1.427993e-04
2.033464e+01    -1.435548e-04
2.034685e+01    -1.442239e-04
2.035906e+01    -1.448063e-04
2.037127e+01    -1.453118e-04
2.038349e+01    -1.457275e-04
2.039570e+01    -1.460659e-04
2.040791e+01    -1.463200e-04
2.042013e+01    -1.464977e-04
2.043234e+01    -1.465966e-04
2.044455e+01    -1.466169e-04
2.045677e+01    -1.465626e-04
2.046898e+01    -1.464341e-04
2.048119e+01    -1.462317e-04
2.049340e+01    -1.459584e-04
2.050562e+01    -1.456192e-04
2.051783e+01    -1.452004e-04
2.053004e+01    -1.447223e-04
2.054226e+01    -1.441775e-04
2.055447e+01    -1.435708e-04
2.056668e+01    -1.428984e-04
2.057890e+01    -1.421681e-04
2.059111e+01    -1.413750e-04
2.060332e+01    -1.405307e-04
2.061554e+01    -1.396334e-04
2.062775e+01    -1.386784e-04
2.063996e+01    -1.376732e-04
2.065217e+01    -1.366207e-04
2.066439e+01    -1.355172e-04
2.067660e+01    -1.343635e-04
2.068881e+01    -1.331802e-04
2.070103e+01    -1.319468e-04
2.071324e+01    -1.306740e-04
2.072545e+01    -1.293634e-04
2.073767e+01    -1.280170e-04
2.074988e+01    -1.266334e-04
2.076209e+01    -1.252233e-04
2.077430e+01    -1.237783e-04
2.078652e+01    -1.223065e-04
2.079873e+01    -1.208103e-04
2.081094e+01    -1.192912e-04
2.082316e+01    -1.177400e-04
2.083537e+01    -1.161716e-04
2.084758e+01    -1.145838e-04
2.085979e+01    -1.129840e-04
2.087201e+01    -1.113641e-04
2.088422e+01    -1.097314e-04
2.089643e+01    -1.080836e-04
2.090865e+01    -1.064304e-04
2.092086e+01    -1.047677e-04
2.093307e+01    -1.030958e-04
2.094529e+01    -1.014179e-04
2.095750e+01    -9.973712e-05
2.096971e+01    -9.805332e-05
2.098192e+01    -9.636676e-05
2.099414e+01    -9.468092e-05
2.100635e+01    -9.299843e-05
2.101856e+01    -9.131622e-05
2.103078e+01    -8.963868e-05
2.104299e+01    -8.797093e-05
2.105520e+01    -8.630526e-05
2.106742e+01    -8.464889e-05
2.107963e+01    -8.299964e-05
2.109184e+01    -8.136009e-05
2.110406e+01    -7.973160e-05
2.111627e+01    -7.812238e-05
2.112848e+01    -7.651340e-05
2.114069e+01    -7.492377e-05
2.115291e+01    -7.334712e-05
2.116512e+01    -7.178405e-05
2.117733e+01    -7.024144e-05
2.118955e+01    -6.871243e-05
2.120176e+01    -6.719683e-05
2.121397e+01    -6.570241e-05
2.122618e+01    -6.422363e-05
2.123840e+01    -6.276177e-05
2.125061e+01    -6.132129e-05
2.126282e+01    -5.989470e-05
2.127504e+01    -5.849023e-05
2.128725e+01    -5.709995e-05
2.129946e+01    -5.573648e-05
2.131168e+01    -5.438674e-05
2.132389e+01    -5.305708e-05
2.133610e+01    -5.174566e-05
2.134831e+01    -5.045380e-05
2.136053e+01    -4.917975e-05
2.137274e+01    -4.792353e-05
2.138495e+01    -4.668720e-05
2.139717e+01    -4.546972e-05
2.140938e+01    -4.426509e-05
2.142159e+01    -4.308298e-05
2.143381e+01    -4.191243e-05
2.144602e+01    -4.076077e-05
2.145823e+01    -3.962396e-05
2.147044e+01    -3.850110e-05
2.148266e+01    -3.739589e-05
2.149487e+01    -3.630102e-05
2.150708e+01    -3.521967e-05
2.151930e+01    -3.415440e-05
2.153151e+01    -3.309743e-05
2.154372e+01    -3.204988e-05
2.155593e+01    -3.101649e-05
2.156815e+01    -2.998925e-05
2.158036e+01    -2.897272e-05
2.159258e+01    -2.796245e-05
2.160479e+01    -2.695795e-05
2.161700e+01    -2.595906e-05
2.162921e+01    -2.496599e-05
2.164143e+01    -2.397857e-05
2.165364e+01    -2.299114e-05
2.166585e+01    -2.200552e-05
2.167807e+01    -2.102043e-05
2.169028e+01    -2.003696e-05
2.170249e+01    -1.905315e-05
2.171470e+01    -1.806200e-05
2.172692e+01    -1.707842e-05
2.173913e+01    -1.607574e-05
2.175134e+01    -1.507630e-05
2.176356e+01    -1.406774e-05
2.177577e+01    -1.305555e-05
2.178798e+01    -1.203096e-05
2.180020e+01    -1.099914e-05
2.181241e+01    -9.959062e-06
2.182462e+01    -8.904135e-06
2.183683e+01    -7.836752e-06
2.184905e+01    -6.759394e-06
2.186126e+01    -5.661655e-06
2.187347e+01    -4.556707e-06
2.188569e+01    -3.434398e-06
2.189790e+01    -2.290119e-06
2.191011e+01    -1.133976e-06
2.192233e+01    4.256071e-08
2.193454e+01    1.239396e-06
2.194675e+01    2.454802e-06
2.195897e+01    3.692649e-06
2.197118e+01    4.951326e-06
2.198339e+01    6.229839e-06
2.199560e+01    7.531606e-06
2.200782e+01    8.859293e-06
2.202003e+01    1.020944e-05
2.203224e+01    1.157840e-05
2.204445e+01    1.297961e-05
2.205667e+01    1.440443e-05
2.206888e+01    1.585527e-05
2.208109e+01    1.732804e-05
2.209331e+01    1.882780e-05
2.210552e+01    2.035579e-05
2.211773e+01    2.190878e-05
2.212995e+01    2.349041e-05
2.214216e+01    2.509637e-05
2.215437e+01    2.673344e-05
2.216659e+01    2.839382e-05
2.217880e+01    3.008277e-05
2.219101e+01    3.179794e-05
2.220322e+01    3.353606e-05
2.221544e+01    3.530690e-05
2.222765e+01    3.709949e-05
2.223986e+01    3.892065e-05
2.225208e+01    4.076628e-05
2.226429e+01    4.263667e-05
2.227650e+01    4.453242e-05
2.228872e+01    4.645260e-05
2.230093e+01    4.839343e-05
2.231314e+01    5.036169e-05
2.232535e+01    5.235000e-05
2.233757e+01    5.436205e-05
2.234978e+01    5.639120e-05
2.236199e+01    5.844345e-05
2.237421e+01    6.051432e-05
2.238642e+01    6.260413e-05
2.239863e+01    6.471507e-05
2.241084e+01    6.683598e-05
2.242306e+01    6.897649e-05
2.243527e+01    7.113074e-05
2.244748e+01    7.329961e-05
2.245970e+01    7.547880e-05
2.247191e+01    7.767169e-05
2.248412e+01    7.987206e-05
2.249634e+01    8.208012e-05
2.250855e+01    8.429818e-05
2.252076e+01    8.652182e-05
2.253297e+01    8.875098e-05
2.254519e+01    9.097623e-05
2.255740e+01    9.321597e-05
2.256961e+01    9.545023e-05
2.258183e+01    9.768152e-05
2.259404e+01    9.991006e-05
2.260625e+01    1.021374e-04
2.261847e+01    1.043594e-04
2.263068e+01    1.065716e-04
2.264289e+01    1.087772e-04
2.265511e+01    1.109720e-04
2.266732e+01    1.131540e-04
2.267953e+01    1.153240e-04
2.269174e+01    1.174755e-04
2.270396e+01    1.196141e-04
2.271617e+01    1.217283e-04
2.272838e+01    1.238270e-04
2.274060e+01    1.259023e-04
2.275281e+01    1.279543e-04
2.276502e+01    1.299802e-04
2.277724e+01    1.319797e-04
2.278945e+01    1.339512e-04
2.280166e+01    1.358914e-04
2.281387e+01    1.377976e-04
2.282609e+01    1.396720e-04
2.283830e+01    1.415120e-04
2.285051e+01    1.433126e-04
2.286273e+01    1.450759e-04
2.287494e+01    1.467975e-04
2.288715e+01    1.484790e-04
2.289936e+01    1.501197e-04
2.291158e+01    1.517108e-04
2.292379e+01    1.532581e-04
2.293600e+01    1.547554e-04
2.294822e+01    1.562030e-04
2.296043e+01    1.576037e-04
2.297264e+01    1.589483e-04
2.298486e+01    1.602430e-04
2.299707e+01    1.614785e-04
2.300928e+01    1.626616e-04
2.302150e+01    1.637810e-04
2.303371e+01    1.648473e-04
2.304592e+01    1.658529e-04
2.305813e+01    1.667957e-04
2.307035e+01    1.676783e-04
2.308256e+01    1.684968e-04
2.309477e+01    1.692511e-04
2.310699e+01    1.699367e-04
2.311920e+01    1.705612e-04
2.313141e+01    1.711142e-04
2.314363e+01    1.716011e-04
2.315584e+01    1.720206e-04
2.316805e+01    1.723705e-04
2.318026e+01    1.726479e-04
2.319248e+01    1.728550e-04
2.320469e+01    1.729947e-04
2.321690e+01    1.730573e-04
2.322912e+01    1.730507e-04
2.324133e+01    1.729719e-04
2.325354e+01    1.728176e-04
2.326575e+01    1.725914e-04
2.327797e+01    1.722929e-04
2.329018e+01    1.719192e-04
2.330239e+01    1.714730e-04
2.331461e+01    1.709509e-04
2.332682e+01    1.703570e-04
2.333903e+01    1.696905e-04
2.335125e+01    1.689473e-04
2.336346e+01    1.681316e-04
2.337567e+01    1.672447e-04
2.338788e+01    1.662828e-04
2.340010e+01    1.652482e-04
2.341231e+01    1.641441e-04
2.342452e+01    1.629687e-04
2.343674e+01    1.617188e-04
2.344895e+01    1.604003e-04
2.346116e+01    1.590102e-04
2.347338e+01    1.575552e-04
2.348559e+01    1.560298e-04
2.349780e+01    1.544375e-04
2.351002e+01    1.527737e-04
2.352223e+01    1.510513e-04
2.353444e+01    1.492623e-04
2.354665e+01    1.474072e-04
2.355887e+01    1.454946e-04
2.357108e+01    1.435141e-04
2.358329e+01    1.414746e-04
2.359550e+01    1.393763e-04
2.360772e+01    1.372239e-04
2.361993e+01    1.350120e-04
2.363214e+01    1.327491e-04
2.364436e+01    1.304258e-04
2.365657e+01    1.280543e-04
2.366878e+01    1.256301e-04
2.368100e+01    1.231585e-04
2.369321e+01    1.206368e-04
2.370542e+01    1.180694e-04
2.371764e+01    1.154608e-04
2.372985e+01    1.128044e-04
2.374206e+01    1.101102e-04
2.375427e+01    1.073750e-04
2.376649e+01    1.046001e-04
2.377870e+01    1.017938e-04
2.379091e+01    9.894828e-05
2.380313e+01    9.607508e-05
2.381534e+01    9.316637e-05
2.382755e+01    9.023221e-05
2.383977e+01    8.727083e-05
2.385198e+01    8.428580e-05
2.386419e+01    8.127352e-05
2.387640e+01    7.824249e-05
2.388862e+01    7.518965e-05
2.390083e+01    7.211934e-05
2.391304e+01    6.903428e-05
2.392526e+01    6.593585e-05
2.393747e+01    6.282575e-05
2.394968e+01    5.970376e-05
2.396189e+01    5.657559e-05
2.397411e+01    5.344040e-05
2.398632e+01    5.030427e-05
2.399854e+01    4.715814e-05
2.401075e+01    4.401424e-05
2.402296e+01    4.087453e-05
2.403517e+01    3.773587e-05
2.404739e+01    3.460292e-05
2.405960e+01    3.147716e-05
2.407181e+01    2.836245e-05
2.408403e+01    2.525064e-05
2.409624e+01    2.215628e-05
2.410845e+01    1.907277e-05
2.412066e+01    1.600785e-05
2.413288e+01    1.295650e-05
2.414509e+01    9.925938e-06
2.415730e+01    6.915776e-06
2.416952e+01    3.931647e-06
2.418173e+01    9.632968e-07
2.419394e+01    -1.975895e-06
2.420616e+01    -4.888265e-06
2.421837e+01    -7.773488e-06
2.423058e+01    -1.062863e-05
2.424279e+01    -1.344558e-05
2.425501e+01    -1.624639e-05
2.426722e+01    -1.900496e-05
2.427943e+01    -2.173077e-05
2.429165e+01    -2.441619e-05
2.430386e+01    -2.706831e-05
2.431607e+01    -2.968261e-05
2.432829e+01    -3.225882e-05
2.434050e+01    -3.479179e-05
2.435271e+01    -3.728256e-05
2.436492e+01    -3.973491e-05
2.437714e+01    -4.214348e-05
2.438935e+01    -4.450819e-05
2.440156e+01    -4.682493e-05
2.441378e+01    -4.909866e-05
2.442599e+01    -5.132843e-05
2.443820e+01    -5.350597e-05
2.445041e+01    -5.563938e-05
2.446263e+01    -5.772612e-05
2.447484e+01    -5.976177e-05
2.448705e+01    -6.175198e-05
2.449927e+01    -6.368878e-05
2.451148e+01    -6.557841e-05
2.452369e+01    -6.741747e-05
2.453591e+01    -6.920723e-05
2.454812e+01    -7.094550e-05
2.456033e+01    -7.263307e-05
2.457255e+01    -7.427181e-05
2.458476e+01    -7.585910e-05
2.459697e+01    -7.739705e-05
2.460918e+01    -7.888219e-05
2.462140e+01    -8.031514e-05
2.463361e+01    -8.170014e-05
2.464582e+01    -8.304016e-05
2.465804e+01    -8.432151e-05
2.467025e+01    -8.555748e-05
2.468246e+01    -8.674376e-05
2.469468e+01    -8.788082e-05
2.470689e+01    -8.896909e-05
2.471910e+01    -9.001099e-05
2.473131e+01    -9.100438e-05
2.474353e+01    -9.195014e-05
2.475574e+01    -9.284850e-05
2.476795e+01    -9.370261e-05
2.478017e+01    -9.451067e-05
2.479238e+01    -9.527442e-05
2.480459e+01    -9.599433e-05
2.481680e+01    -9.667304e-05
2.482902e+01    -9.730434e-05
2.484123e+01    -9.789722e-05
2.485344e+01    -9.844896e-05
2.486566e+01    -9.895983e-05
2.487787e+01    -9.943453e-05
2.489008e+01    -9.986668e-05
2.490230e+01    -1.002675e-04
2.491451e+01    -1.006268e-04
2.492672e+01    -1.009519e-04
2.493893e+01    -1.012422e-04
2.495115e+01    -1.015000e-04
2.496336e+01    -1.017261e-04
2.497557e+01    -1.019210e-04
2.498779e+01    -1.020816e-04
2.500000e+01    -1.022201e-04
