0.000000e+00    1.354890e+00
1.221299e-02    1.353374e+00
2.442599e-02    1.348830e+00
3.663898e-02    1.341274e+00
4.885198e-02    1.330730e+00
6.106497e-02    1.317234e+00
7.327797e-02    1.300829e+00
8.549096e-02    1.281570e+00
9.770396e-02    1.259519e+00
1.099169e-01    1.234749e+00
1.221299e-01    1.207340e+00
1.343429e-01    1.177380e+00
1.465559e-01    1.144965e+00
1.587689e-01    1.110199e+00
1.709819e-01    1.073192e+00
1.831949e-01    1.034059e+00
1.954079e-01    9.929227e-01
2.076209e-01    9.499098e-01
2.198339e-01    9.051515e-01
2.320469e-01    8.587828e-01
2.442599e-01    8.109422e-01
2.564729e-01    7.617705e-01
2.686859e-01    7.114109e-01
2.808989e-01    6.600075e-01
2.931119e-01    6.077054e-01
3.053249e-01    5.546499e-01
3.175378e-01    5.009854e-01
3.297509e-01    4.468558e-01
3.419639e-01    3.924032e-01
3.541768e-01    3.377672e-01
3.663898e-01    2.830851e-01
3.786028e-01    2.284907e-01
3.908158e-01    1.741142e-01
4.030288e-01    1.200818e-01
4.152418e-01    6.651488e-02
4.274548e-01    1.353019e-02
4.396678e-01    -3.876105e-02
4.518808e-01    -9.025317e-02
4.640938e-01    -1.408463e-01
4.763068e-01    -1.904466e-01
4.885198e-01    -2.389666e-01
5.007328e-01    -2.863254e-01
5.129458e-01    -3.324487e-01
5.251588e-01    -3.772689e-01
5.373718e-01    -4.207251e-01
5.495847e-01    -4.627632e-01
5.617977e-01    -5.033360e-01
5.740107e-01    -5.424030e-01
5.862237e-01    -5.799302e-01
5.984367e-01    -6.158903e-01
6.106497e-01    -6.502625e-01
6.228627e-01    -6.830326e-01
6.350757e-01    -7.141914e-01
6.472887e-01    -7.437369e-01
6.595017e-01    -7.716721e-01
6.717147e-01    -7.980056e-01
6.839277e-01    -8.227509e-01
6.961407e-01    -8.459269e-01
7.083537e-01    -8.675569e-01
7.205667e-01    -8.876685e-01
7.327797e-01    -9.062931e-01
7.449927e-01    -9.234663e-01
7.572057e-01    -9.392267e-01
7.694187e-01    -9.536161e-01
7.816316e-01    -9.666790e-01
7.938446e-01    -9.784626e-01
8.060576e-01    -9.890160e-01
8.182706e-01    -9.983901e-01
8.304836e-01    -1.006637e+00
8.426966e-01    -1.013811e+00
8.549096e-01    -1.019966e+00
8.671226e-01    -1.025158e+00
8.793356e-01    -1.029441e+00
8.915486e-01    -1.032873e+00
9.037616e-01    -1.035507e+00
9.159746e-01    -1.037400e+00
9.281876e-01    -1.038605e+00
9.404006e-01    -1.039176e+00
9.526136e-01    -1.039167e+00
9.648266e-01    -1.038628e+00
9.770396e-01    -1.037609e+00
9.892526e-01    -1.036159e+00
1.001466e+00    -1.034325e+00
1.013679e+00    -1.032152e+00
1.025892e+00    -1.029683e+00
1.038105e+00    -1.026959e+00
1.050318e+00    -1.024020e+00
1.062531e+00    -1.020902e+00
1.074744e+00    -1.017641e+00
1.086957e+00    -1.014269e+00
1.099169e+00    -1.010818e+00
1.111382e+00    -1.007314e+00
1.123595e+00    -1.003784e+00
1.135808e+00    -1.000252e+00
1.148021e+00    -9.967399e-01
1.160234e+00    -9.932666e-01
1.172447e+00    -9.898496e-01
1.184660e+00    -9.865041e-01
1.196873e+00    -9.832434e-01
1.209086e+00    -9.800786e-01
1.221299e+00    -9.770190e-01
1.233512e+00    -9.740722e-01
1.245725e+00    -9.712440e-01
1.257938e+00    -9.685385e-01
1.270151e+00    -9.659582e-01
1.282364e+00    -9.635043e-01
1.294577e+00    -9.611762e-01
1.306790e+00    -9.589724e-01
1.319003e+00    -9.568902e-01
1.331216e+00    -9.549255e-01
1.343429e+00    -9.530733e-01
1.355642e+00    -9.513279e-01
1.367855e+00    -9.496825e-01
1.380068e+00    -9.481297e-01
1.392281e+00    -9.466613e-01
1.404494e+00    -9.452690e-01
1.416707e+00    -9.439433e-01
1.428920e+00    -9.426751e-01
1.441133e+00    -9.414544e-01
1.453346e+00    -9.402711e-01
1.465559e+00    -9.391153e-01
1.477772e+00    -9.379767e-01
1.489985e+00    -9.368451e-01
1.502198e+00    -9.357100e-01
1.514411e+00    -9.345616e-01
1.526624e+00    -9.333898e-01
1.538837e+00    -9.321851e-01
1.551050e+00    -9.309375e-01
1.563263e+00    -9.296385e-01
1.575476e+00    -9.282787e-01
1.587689e+00    -9.268500e-01
1.599902e+00    -9.253440e-01
1.612115e+00    -9.237532e-01
1.624328e+00    -9.220704e-01
1.636541e+00    -9.202887e-01
1.648754e+00    -9.184017e-01
1.660967e+00    -9.164040e-01
1.673180e+00    -9.142900e-01
1.685393e+00    -9.120550e-01
1.697606e+00    -9.096947e-01
1.709819e+00    -9.072052e-01
1.722032e+00    -9.045833e-01
1.734245e+00    -9.018262e-01
1.746458e+00    -8.989315e-01
1.758671e+00    -8.958974e-01
1.770884e+00    -8.927224e-01
1.783097e+00    -8.894058e-01
1.795310e+00    -8.859468e-01
1.807523e+00    -8.823453e-01
1.819736e+00    -8.786020e-01
1.831949e+00    -8.747171e-01
1.844162e+00    -8.706918e-01
1.856375e+00    -8.665276e-01
1.868588e+00    -8.622260e-01
1.880801e+00    -8.577893e-01
1.893014e+00    -8.532194e-01
1.905227e+00    -8.485191e-01
1.917440e+00    -8.436908e-01
1.929653e+00    -8.387379e-01
1.941866e+00    -8.336630e-01
1.954079e+00    -8.284701e-01
1.966292e+00    -8.231621e-01
1.978505e+00    -8.177429e-01
1.990718e+00    -8.122160e-01
2.002931e+00    -8.065853e-01
2.015144e+00    -8.008546e-01
2.027357e+00    -7.950279e-01
2.039570e+00    -7.891091e-01
2.051783e+00    -7.831020e-01
2.063996e+00    -7.770110e-01
2.076209e+00    -7.708398e-01
2.088422e+00    -7.645924e-01
2.100635e+00    -7.582728e-01
2.112848e+00    -7.518848e-01
2.125061e+00    -7.454323e-01
2.137274e+00    -7.389190e-01
2.149487e+00    -7.323487e-01
2.161700e+00    -7.257252e-01
2.173913e+00    -7.190518e-01
2.186126e+00    -7.123321e-01
2.198339e+00    -7.055693e-01
2.210552e+00    -6.987672e-01
2.222765e+00    -6.919284e-01
2.234978e+00    -6.850564e-01
2.247191e+00    -6.781541e-01
2.259404e+00    -6.712243e-01
2.271617e+00    -6.642699e-01
2.283830e+00    -6.572936e-01
2.296043e+00    -6.502980e-01
2.308256e+00    -6.432855e-01
2.320469e+00    -6.362587e-01
2.332682e+00    -6.292197e-01
2.344895e+00    -6.221710e-01
2.357108e+00    -6.151145e-01
2.369321e+00    -6.080522e-01
2.381534e+00    -6.009862e-01
2.393747e+00    -5.939185e-01
2.405960e+00    -5.868506e-01
2.418173e+00    -5.797847e-01
2.430386e+00    -5.727220e-01
2.442599e+00    -5.656644e-01
2.454812e+00    -5.586134e-01
2.467025e+00    -5.515705e-01
2.479238e+00    -5.445372e-01
2.491451e+00    -5.375149e-01
2.503664e+00    -5.305048e-01
2.515877e+00    -5.235085e-01
2.528090e+00    -5.165272e-01
2.540303e+00    -5.095622e-01
2.552516e+00    -5.026146e-01
2.564729e+00    -4.956857e-01
2.576942e+00    -4.887768e-01
2.589155e+00    -4.818889e-01
2.601368e+00    -4.750234e-01
2.613581e+00    -4.681811e-01
2.625794e+00    -4.613636e-01
2.638007e+00    -4.545717e-01
2.650220e+00    -4.478066e-01
2.662433e+00    -4.410695e-01
2.674646e+00    -4.343615e-01
2.686859e+00    -4.276836e-01
2.699072e+00    -4.210370e-01
2.711285e+00    -4.144229e-01
2.723498e+00    -4.078423e-01
2.735711e+00    -4.012962e-01
2.747924e+00    -3.947860e-01
2.760137e+00    -3.883125e-01
2.772350e+00    -3.818771e-01
2.784563e+00    -3.754806e-01
2.796776e+00    -3.691244e-01
2.808989e+00    -3.628094e-01
2.821202e+00    -3.565367e-01
2.833415e+00    -3.503076e-01
2.845628e+00    -3.441230e-01
2.857841e+00    -3.379840e-01
2.870054e+00    -3.318917e-01
2.882267e+00    -3.258472e-01
2.894480e+00    -3.198515e-01
2.906693e+00    -3.139057e-01
2.918906e+00    -3.080107e-01
2.931119e+00    -3.021676e-01
2.943332e+00    -2.963774e-01
2.955545e+00    -2.906411e-01
2.967758e+00    -2.849597e-01
2.979971e+00    -2.793341e-01
2.992184e+00    -2.737650e-01
3.004397e+00    -2.682536e-01
3.016610e+00    -2.628007e-01
3.028823e+00    -2.574070e-01
3.041036e+00    -2.520735e-01
3.053249e+00    -2.468008e-01
3.065462e+00    -2.415897e-01
3.077675e+00    -2.364410e-01
3.089888e+00    -2.313554e-01
3.102101e+00    -2.263335e-01
3.114314e+00    -2.213759e-01
3.126527e+00    -2.164832e-01
3.138740e+00    -2.116560e-01
3.150953e+00    -2.068947e-01
3.163166e+00    -2.021999e-01
3.175379e+00    -1.975721e-01
3.187592e+00    -1.930115e-01
3.199805e+00    -1.885185e-01
3.212018e+00    -1.840936e-01
3.224231e+00    -1.797369e-01
3.236444e+00    -1.754488e-01
3.248657e+00    -1.712294e-01
3.260870e+00    -1.670788e-01
3.273082e+00    -1.629974e-01
3.285295e+00    -1.589850e-01
3.297508e+00    -1.550418e-01
3.309721e+00    -1.511678e-01
3.321934e+00    -1.473630e-01
3.334147e+00    -1.436273e-01
3.346360e+00    -1.399606e-01
3.358573e+00    -1.363629e-01
3.370786e+00    -1.328338e-01
3.382999e+00    -1.293734e-01
3.395212e+00    -1.259812e-01
3.407425e+00    -1.226571e-01
3.419638e+00    -1.194008e-01
3.431851e+00    -1.162119e-01
3.444064e+00    -1.130900e-01
3.456277e+00    -1.100349e-01
3.468490e+00    -1.070460e-01
3.480703e+00    -1.041230e-01
3.492916e+00    -1.012653e-01
3.505129e+00    -9.847257e-02
3.517342e+00    -9.574416e-02
3.529555e+00    -9.307958e-02
3.541768e+00    -9.047826e-02
3.553981e+00    -8.793961e-02
3.566194e+00    -8.546303e-02
3.578407e+00    -8.304788e-02
3.590620e+00    -8.069356e-02
3.602833e+00    -7.839935e-02
3.615046e+00    -7.616463e-02
3.627259e+00    -7.398865e-02
3.639472e+00    -7.187074e-02
3.651685e+00    -6.981011e-02
3.663898e+00    -6.780613e-02
3.676111e+00    -6.585799e-02
3.688324e+00    -6.396495e-02
3.700537e+00    -6.212622e-02
3.712750e+00    -6.034103e-02
3.724963e+00    -5.860858e-02
3.737176e+00    -5.692808e-02
3.749389e+00    -5.529873e-02
3.761602e+00    -5.371972e-02
3.773815e+00    -5.219022e-02
3.786028e+00    -5.070940e-02
3.798241e+00    -4.927645e-02
3.810454e+00    -4.789054e-02
3.822667e+00    -4.655082e-02
3.834880e+00    -4.525645e-02
3.847093e+00    -4.400661e-02
3.859306e+00    -4.280045e-02
3.871519e+00    -4.163712e-02
3.883732e+00    -4.051577e-02
3.895945e+00    -3.943558e-02
3.908158e+00    -3.839570e-02
3.920371e+00    -3.739527e-02
3.932584e+00    -3.643347e-02
3.944797e+00    -3.550945e-02
3.957010e+00    -3.462238e-02
3.969223e+00    -3.377144e-02
3.981436e+00    -3.295578e-02
3.993649e+00    -3.217457e-02
4.005862e+00    -3.142700e-02
4.018075e+00    -3.071227e-02
4.030288e+00    -3.002952e-02
4.042501e+00    -2.937798e-02
4.054714e+00    -2.875682e-02
4.066927e+00    -2.816529e-02
4.079140e+00    -2.760253e-02
4.091353e+00    -2.706783e-02
4.103566e+00    -2.656034e-02
4.115779e+00    -2.607934e-02
4.127992e+00    -2.562403e-02
4.140205e+00    -2.519370e-02
4.152418e+00    -2.478755e-02
4.164631e+00    -2.440487e-02
4.176844e+00    -2.404491e-02
4.189057e+00    -2.370695e-02
4.201270e+00    -2.339029e-02
4.213483e+00    -2.309421e-02
4.225696e+00    -2.281802e-02
4.237909e+00    -2.256102e-02
4.250122e+00    -2.232254e-02
4.262335e+00    -2.210188e-02
4.274548e+00    -2.189843e-02
4.286761e+00    -2.171152e-02
4.298974e+00    -2.154051e-02
4.311187e+00    -2.138475e-02
4.323400e+00    -2.124367e-02
4.335613e+00    -2.111661e-02
4.347826e+00    -2.100301e-02
4.360039e+00    -2.090227e-02
4.372252e+00    -2.081382e-02
4.384465e+00    -2.073709e-02
4.396678e+00    -2.067154e-02
4.408891e+00    -2.061662e-02
4.421104e+00    -2.057181e-02
4.433317e+00    -2.053659e-02
4.445530e+00    -2.051044e-02
4.457743e+00    -2.049289e-02
4.469956e+00    -2.048345e-02
4.482169e+00    -2.048164e-02
4.494382e+00    -2.048702e-02
4.506595e+00    -2.049913e-02
4.518808e+00    -2.051754e-02
4.531021e+00    -2.054183e-02
4.543234e+00    -2.057159e-02
4.555447e+00    -2.060642e-02
4.567660e+00    -2.064594e-02
4.579873e+00    -2.068977e-02
4.592086e+00    -2.073755e-02
4.604299e+00    -2.078893e-02
4.616512e+00    -2.084357e-02
4.628725e+00    -2.090115e-02
4.640938e+00    -2.096135e-02
4.653151e+00    -2.102387e-02
4.665364e+00    -2.108840e-02
4.677577e+00    -2.115469e-02
4.689790e+00    -2.122245e-02
4.702003e+00    -2.129143e-02
4.714216e+00    -2.136139e-02
4.726429e+00    -2.143208e-02
4.738642e+00    -2.150327e-02
4.750855e+00    -2.157477e-02
4.763068e+00    -2.164636e-02
4.775281e+00    -2.171785e-02
4.787494e+00    -2.178905e-02
4.799707e+00    -2.185980e-02
4.811920e+00    -2.192992e-02
4.824133e+00    -2.199927e-02
4.836346e+00    -2.206769e-02
4.848559e+00    -2.213507e-02
4.860772e+00    -2.220125e-02
4.872985e+00    -2.226614e-02
4.885198e+00    -2.232962e-02
4.897411e+00    -2.239159e-02
4.909624e+00    -2.245196e-02
4.921837e+00    -2.251065e-02
4.934050e+00    -2.256756e-02
4.946263e+00    -2.262265e-02
4.958476e+00    -2.267584e-02
4.970689e+00    -2.272708e-02
4.982902e+00    -2.277632e-02
4.995115e+00    -2.282353e-02
5.007328e+00    -2.286865e-02
5.019541e+00    -2.291168e-02
5.031754e+00    -2.295256e-02
5.043967e+00    -2.299131e-02
5.056180e+00    -2.302790e-02
5.068393e+00    -2.306231e-02
5.080606e+00    -2.309455e-02
5.092819e+00    -2.312463e-02
5.105031e+00    -2.315254e-02
5.117245e+00    -2.317830e-02
5.129457e+00    -2.320192e-02
5.141671e+00    -2.322342e-02
5.153883e+00    -2.324282e-02
5.166097e+00    -2.326015e-02
5.178309e+00    -2.327542e-02
5.190523e+00    -2.328869e-02
5.202735e+00    -2.329996e-02
5.214949e+00    -2.330929e-02
5.227162e+00    -2.331670e-02
5.239375e+00    -2.332225e-02
5.251588e+00    -2.332596e-02
5.263801e+00    -2.332788e-02
5.276014e+00    -2.332805e-02
5.288227e+00    -2.332653e-02
5.300440e+00    -2.332336e-02
5.312653e+00    -2.331856e-02
5.324866e+00    -2.331222e-02
5.337079e+00    -2.330435e-02
5.349292e+00    -2.329503e-02
5.361505e+00    -2.328428e-02
5.373718e+00    -2.327218e-02
5.385931e+00    -2.325874e-02
5.398144e+00    -2.324403e-02
5.410357e+00    -2.322810e-02
5.422570e+00    -2.321098e-02
5.434783e+00    -2.319273e-02
5.446996e+00    -2.317339e-02
5.459208e+00    -2.315300e-02
5.471422e+00    -2.313161e-02
5.483634e+00    -2.310926e-02
5.495848e+00    -2.308598e-02
5.508060e+00    -2.306181e-02
5.520274e+00    -2.303681e-02
5.532486e+00    -2.301098e-02
5.544700e+00    -2.298438e-02
5.556912e+00    -2.295704e-02
5.569126e+00    -2.292897e-02
5.581338e+00    -2.290022e-02
5.593552e+00    -2.287082e-02
5.605764e+00    -2.284077e-02
5.617978e+00    -2.281011e-02
5.630190e+00    -2.277886e-02
5.642404e+00    -2.274703e-02
5.654616e+00    -2.271464e-02
5.666830e+00    -2.268172e-02
5.679042e+00    -2.264825e-02
5.691256e+00    -2.261427e-02
5.703468e+00    -2.257977e-02
5.715682e+00    -2.254476e-02
5.727894e+00    -2.250924e-02
5.740108e+00    -2.247321e-02
5.752320e+00    -2.243668e-02
5.764534e+00    -2.239963e-02
5.776746e+00    -2.236207e-02
5.788960e+00    -2.232398e-02
5.801172e+00    -2.228535e-02
5.813385e+00    -2.224618e-02
5.825598e+00    -2.220644e-02
5.837811e+00    -2.216613e-02
5.850024e+00    -2.212521e-02
5.862237e+00    -2.208368e-02
5.874450e+00    -2.204150e-02
5.886663e+00    -2.199867e-02
5.898876e+00    -2.195513e-02
5.911089e+00    -2.191089e-02
5.923302e+00    -2.186589e-02
5.935515e+00    -2.182011e-02
5.947728e+00    -2.177353e-02
5.959941e+00    -2.172609e-02
5.972154e+00    -2.167777e-02
5.984367e+00    -2.162853e-02
5.996580e+00    -2.157834e-02
6.008793e+00    -2.152714e-02
6.021006e+00    -2.147490e-02
6.033219e+00    -2.142159e-02
6.045432e+00    -2.136714e-02
6.057645e+00    -2.131153e-02
6.069858e+00    -2.125470e-02
6.082071e+00    -2.119662e-02
6.094284e+00    -2.113723e-02
6.106497e+00    -2.107648e-02
6.118710e+00    -2.101434e-02
6.130923e+00    -2.095075e-02
6.143136e+00    -2.088566e-02
6.155349e+00    -2.081903e-02
6.167562e+00    -2.075081e-02
6.179775e+00    -2.068094e-02
6.191988e+00    -2.060938e-02
6.204201e+00    -2.053608e-02
6.216414e+00    -2.046100e-02
6.228627e+00    -2.038407e-02
6.240840e+00    -2.030527e-02
6.253053e+00    -2.022454e-02
6.265266e+00    -2.014182e-02
6.277479e+00    -2.005708e-02
6.289692e+00    -1.997028e-02
6.301905e+00    -1.988136e-02
6.314118e+00    -1.979029e-02
6.326331e+00    -1.969702e-02
6.338544e+00    -1.960150e-02
6.350757e+00    -1.950371e-02
6.362970e+00    -1.940358e-02
6.375183e+00    -1.930110e-02
6.387396e+00    -1.919623e-02
6.399609e+00    -1.908893e-02
6.411822e+00    -1.897915e-02
6.424035e+00    -1.886689e-02
6.436248e+00    -1.875208e-02
6.448461e+00    -1.863473e-02
6.460674e+00    -1.851479e-02
6.472887e+00    -1.839224e-02
6.485100e+00    -1.826705e-02
6.497313e+00    -1.813922e-02
6.509526e+00    -1.800870e-02
6.521739e+00    -1.787549e-02
6.533952e+00    -1.773957e-02
6.546165e+00    -1.760093e-02
6.558378e+00    -1.745956e-02
6.570591e+00    -1.731544e-02
6.582804e+00    -1.716857e-02
6.595017e+00    -1.701895e-02
6.607230e+00    -1.686656e-02
6.619443e+00    -1.671143e-02
6.631656e+00    -1.655352e-02
6.643869e+00    -1.639288e-02
6.656082e+00    -1.622949e-02
6.668295e+00    -1.606337e-02
6.680508e+00    -1.589451e-02
6.692721e+00    -1.572296e-02
6.704934e+00    -1.554869e-02
6.717147e+00    -1.537178e-02
6.729360e+00    -1.519220e-02
6.741573e+00    -1.500999e-02
6.753786e+00    -1.482518e-02
6.765999e+00    -1.463780e-02
6.778212e+00    -1.444786e-02
6.790425e+00    -1.425543e-02
6.802638e+00    -1.406051e-02
6.814851e+00    -1.386317e-02
6.827064e+00    -1.366341e-02
6.839277e+00    -1.346132e-02
6.851490e+00    -1.325691e-02
6.863703e+00    -1.305025e-02
6.875916e+00    -1.284138e-02
6.888129e+00    -1.263033e-02
6.900342e+00    -1.241719e-02
6.912555e+00    -1.220200e-02
6.924768e+00    -1.198481e-02
6.936981e+00    -1.176569e-02
6.949194e+00    -1.154469e-02
6.961407e+00    -1.132191e-02
6.973620e+00    -1.109737e-02
6.985833e+00    -1.087116e-02
6.998046e+00    -1.064334e-02
7.010259e+00    -1.041400e-02
7.022472e+00    -1.018319e-02
7.034685e+00    -9.951001e-03
7.046898e+00    -9.717490e-03
7.059111e+00    -9.482759e-03
7.071324e+00    -9.246861e-03
7.083537e+00    -9.009896e-03
7.095750e+00    -8.771916e-03
7.107963e+00    -8.533062e-03
7.120176e+00    -8.293357e-03
7.132389e+00    -8.052922e-03
7.144602e+00    -7.811808e-03
7.156815e+00    -7.570141e-03
7.169028e+00    -7.327978e-03
7.181241e+00    -7.085430e-03
7.193454e+00    -6.842562e-03
7.205667e+00    -6.599486e-03
7.217880e+00    -6.356271e-03
7.230093e+00    -6.113025e-03
7.242306e+00    -5.869823e-03
7.254519e+00    -5.626774e-03
7.266732e+00    -5.383952e-03
7.278944e+00    -5.141457e-03
7.291158e+00    -4.899371e-03
7.303371e+00    -4.657795e-03
7.315584e+00    -4.416825e-03
7.327797e+00    -4.176535e-03
7.340010e+00    -3.937034e-03
7.352223e+00    -3.698389e-03
7.364436e+00    -3.460721e-03
7.376649e+00    -3.224092e-03
7.388862e+00    -2.988606e-03
7.401075e+00    -2.754357e-03
7.413288e+00    -2.521398e-03
7.425501e+00    -2.289842e-03
7.437714e+00    -2.059793e-03
7.449927e+00    -1.831307e-03
7.462140e+00    -1.604472e-03
7.474353e+00    -1.379372e-03
7.486566e+00    -1.156105e-03
7.498779e+00    -9.347390e-04
7.510992e+00    -7.153404e-04
7.523205e+00    -4.980060e-04
7.535418e+00    -2.828141e-04
7.547631e+00    -6.982303e-05
7.559844e+00    1.408744e-04
7.572057e+00    3.492297e-04
7.584270e+00    5.551429e-04
7.596483e+00    7.585753e-04
7.608696e+00    9.594279e-04
7.620909e+00    1.157663e-03
7.633121e+00    1.353199e-03
7.645335e+00    1.545990e-03
7.657547e+00    1.735956e-03
7.669761e+00    1.923061e-03
7.681973e+00    2.107231e-03
7.694187e+00    2.288422e-03
7.706399e+00    2.466579e-03
7.718613e+00    2.641651e-03
7.730825e+00    2.813586e-03
7.743039e+00    2.982353e-03
7.755251e+00    3.147891e-03
7.767465e+00    3.310177e-03
7.779677e+00    3.469151e-03
7.791891e+00    3.624792e-03
7.804103e+00    3.777056e-03
7.816317e+00    3.925926e-03
7.828529e+00    4.071345e-03
7.840743e+00    4.213310e-03
7.852955e+00    4.351779e-03
7.865169e+00    4.486743e-03
7.877381e+00    4.618166e-03
7.889595e+00    4.746045e-03
7.901807e+00    4.870350e-03
7.914021e+00    4.991072e-03
7.926233e+00    5.108197e-03
7.938447e+00    5.221720e-03
7.950659e+00    5.331621e-03
7.962873e+00    5.437923e-03
7.975085e+00    5.540599e-03
7.987298e+00    5.639654e-03
7.999511e+00    5.735079e-03
8.011724e+00    5.826907e-03
8.023937e+00    5.915117e-03
8.036150e+00    5.999726e-03
8.048364e+00    6.080747e-03
8.060576e+00    6.158188e-03
8.072789e+00    6.232064e-03
8.085002e+00    6.302394e-03
8.097216e+00    6.369202e-03
8.109428e+00    6.432490e-03
8.121641e+00    6.492297e-03
8.133854e+00    6.548639e-03
8.146068e+00    6.601553e-03
8.158280e+00    6.651053e-03
8.170493e+00    6.697176e-03
8.182706e+00    6.739947e-03
8.194920e+00    6.779416e-03
8.207132e+00    6.815598e-03
8.219345e+00    6.848542e-03
8.231558e+00    6.878275e-03
8.243772e+00    6.904847e-03
8.255984e+00    6.928294e-03
8.268197e+00    6.948658e-03
8.280410e+00    6.965988e-03
8.292624e+00    6.980320e-03
8.304836e+00    6.991704e-03
8.317049e+00    7.000193e-03
8.329262e+00    7.005828e-03
8.341475e+00    7.008663e-03
8.353688e+00    7.008746e-03
8.365901e+00    7.006130e-03
8.378115e+00    7.000870e-03
8.390327e+00    6.993011e-03
8.402540e+00    6.982614e-03
8.414753e+00    6.969741e-03
8.426967e+00    6.954434e-03
8.439179e+00    6.936755e-03
8.451392e+00    6.916762e-03
8.463605e+00    6.894511e-03
8.475819e+00    6.870054e-03
8.488031e+00    6.843463e-03
8.500244e+00    6.814788e-03
8.512457e+00    6.784088e-03
8.524671e+00    6.751414e-03
8.536883e+00    6.716849e-03
8.549096e+00    6.680428e-03
8.561309e+00    6.642225e-03
8.573523e+00    6.602291e-03
8.585735e+00    6.560692e-03
8.597948e+00    6.517494e-03
8.610161e+00    6.472728e-03
8.622375e+00    6.426478e-03
8.634587e+00    6.378800e-03
8.646800e+00    6.329750e-03
8.659013e+00    6.279387e-03
8.671227e+00    6.227762e-03
8.683439e+00    6.174940e-03
8.695652e+00    6.120974e-03
8.707865e+00    6.065933e-03
8.720078e+00    6.009849e-03
8.732291e+00    5.952794e-03
8.744504e+00    5.894823e-03
8.756717e+00    5.835985e-03
8.768930e+00    5.776329e-03
8.781143e+00    5.715915e-03
8.793356e+00    5.654797e-03
8.805569e+00    5.593017e-03
8.817782e+00    5.530621e-03
8.829995e+00    5.467674e-03
8.842208e+00    5.404218e-03
8.854421e+00    5.340294e-03
8.866634e+00    5.275951e-03
8.878847e+00    5.211238e-03
8.891060e+00    5.146195e-03
8.903273e+00    5.080859e-03
8.915486e+00    5.015290e-03
8.927699e+00    4.949516e-03
8.939912e+00    4.883576e-03
8.952125e+00    4.817509e-03
8.964338e+00    4.751355e-03
8.976551e+00    4.685151e-03
8.988764e+00    4.618930e-03
9.000977e+00    4.552739e-03
9.013190e+00    4.486573e-03
9.025403e+00    4.420510e-03
9.037616e+00    4.354548e-03
9.049829e+00    4.288737e-03
9.062042e+00    4.223080e-03
9.074255e+00    4.157631e-03
9.086468e+00    4.092396e-03
9.098680e+00    4.027391e-03
9.110894e+00    3.962681e-03
9.123107e+00    3.898246e-03
9.135320e+00    3.834125e-03
9.147532e+00    3.770331e-03
9.159746e+00    3.706877e-03
9.171959e+00    3.643792e-03
9.184172e+00    3.581089e-03
9.196384e+00    3.518775e-03
9.208598e+00    3.456863e-03
9.220811e+00    3.395372e-03
9.233024e+00    3.334312e-03
9.245236e+00    3.273694e-03
9.257450e+00    3.213519e-03
9.269663e+00    3.153801e-03
9.281876e+00    3.094547e-03
9.294088e+00    3.035758e-03
9.306302e+00    2.977440e-03
9.318515e+00    2.919605e-03
9.330728e+00    2.862243e-03
9.342940e+00    2.805360e-03
9.355154e+00    2.748953e-03
9.367367e+00    2.693033e-03
9.379580e+00    2.637591e-03
9.391793e+00    2.582620e-03
9.404006e+00    2.528129e-03
9.416219e+00    2.474111e-03
9.428432e+00    2.420557e-03
9.440645e+00    2.367458e-03
9.452858e+00    2.314819e-03
9.465071e+00    2.262632e-03
9.477283e+00    2.210886e-03
9.489497e+00    2.159574e-03
9.501710e+00    2.108683e-03
9.513923e+00    2.058212e-03
9.526135e+00    2.008147e-03
9.538349e+00    1.958479e-03
9.550562e+00    1.909207e-03
9.562775e+00    1.860305e-03
9.574987e+00    1.811764e-03
9.587201e+00    1.763585e-03
9.599414e+00    1.715761e-03
9.611627e+00    1.668241e-03
9.623839e+00    1.621059e-03
9.636053e+00    1.574172e-03
9.648266e+00    1.527582e-03
9.660479e+00    1.481280e-03
9.672691e+00    1.435237e-03
9.684905e+00    1.389448e-03
9.697118e+00    1.343905e-03
9.709331e+00    1.298590e-03
9.721543e+00    1.253491e-03
9.733757e+00    1.208587e-03
9.745970e+00    1.163884e-03
9.758183e+00    1.119351e-03
9.770395e+00    1.074986e-03
9.782609e+00    1.030764e-03
9.794822e+00    9.866905e-04
9.807034e+00    9.427359e-04
9.819247e+00    8.988966e-04
9.831461e+00    8.551596e-04
9.843674e+00    8.115137e-04
9.855886e+00    7.679512e-04
9.868099e+00    7.244567e-04
9.880313e+00    6.810189e-04
9.892526e+00    6.376356e-04
9.904738e+00    5.942936e-04
9.916951e+00    5.509733e-04
9.929165e+00    5.076737e-04
9.941378e+00    4.643881e-04
9.953590e+00    4.211131e-04
9.965803e+00    3.778329e-04
9.978017e+00    3.345393e-04
9.990230e+00    2.912323e-04
1.000244e+01    2.479085e-04
1.001466e+01    2.045565e-04
1.002687e+01    1.611654e-04
1.003908e+01    1.177448e-04
1.005129e+01    7.428256e-05
1.006351e+01    3.078005e-05
1.007572e+01    -1.276789e-05
1.008793e+01    -5.636384e-05
1.010015e+01    -1.000198e-04
1.011236e+01    -1.436887e-04
1.012457e+01    -1.874346e-04
1.013679e+01    -2.312140e-04
1.014900e+01    -2.750486e-04
1.016121e+01    -3.189203e-04
1.017342e+01    -3.628385e-04
1.018564e+01    -4.067920e-04
1.019785e+01    -4.507864e-04
1.021006e+01    -4.947949e-04
1.022228e+01    -5.388417e-04
1.023449e+01    -5.829026e-04
1.024670e+01    -6.269770e-04
1.025891e+01    -6.710545e-04
1.027113e+01    -7.151371e-04
1.028334e+01    -7.592011e-04
1.029555e+01    -8.032526e-04
1.030777e+01    -8.472808e-04
1.031998e+01    -8.912577e-04
1.033219e+01    -9.351987e-04
1.034441e+01    -9.790745e-04
1.035662e+01    -1.022880e-03
1.036883e+01    -1.066608e-03
1.038105e+01    -1.110235e-03
1.039326e+01    -1.153762e-03
1.040547e+01    -1.197157e-03
1.041768e+01    -1.240431e-03
1.042990e+01    -1.283549e-03
1.044211e+01    -1.326504e-03
1.045432e+01    -1.369285e-03
1.046654e+01    -1.411865e-03
1.047875e+01    -1.454237e-03
1.049096e+01    -1.496380e-03
1.050318e+01    -1.538289e-03
1.051539e+01    -1.579942e-03
1.052760e+01    -1.621312e-03
1.053981e+01    -1.662389e-03
1.055203e+01    -1.703161e-03
1.056424e+01    -1.743603e-03
1.057645e+01    -1.783693e-03
1.058867e+01    -1.823423e-03
1.060088e+01    -1.862773e-03
1.061309e+01    -1.901727e-03
1.062531e+01    -1.940256e-03
1.063752e+01    -1.978355e-03
1.064973e+01    -2.015994e-03
1.066194e+01    -2.053158e-03
1.067416e+01    -2.089830e-03
1.068637e+01    -2.125995e-03
1.069858e+01    -2.161634e-03
1.071080e+01    -2.196715e-03
1.072301e+01    -2.231241e-03
1.073522e+01    -2.265178e-03
1.074744e+01    -2.298515e-03
1.075965e+01    -2.331236e-03
1.077186e+01    -2.363317e-03
1.078407e+01    -2.394746e-03
1.079629e+01    -2.425498e-03
1.080850e+01    -2.455575e-03
1.082071e+01    -2.484937e-03
1.083293e+01    -2.513584e-03
1.084514e+01    -2.541496e-03
1.085735e+01    -2.568650e-03
1.086957e+01    -2.595040e-03
1.088178e+01    -2.620649e-03
1.089399e+01    -2.645460e-03
1.090620e+01    -2.669462e-03
1.091842e+01    -2.692636e-03
1.093063e+01    -2.714973e-03
1.094284e+01    -2.736464e-03
1.095506e+01    -2.757090e-03
1.096727e+01    -2.776846e-03
1.097948e+01    -2.795709e-03
1.099170e+01    -2.813680e-03
1.100391e+01    -2.830751e-03
1.101612e+01    -2.846900e-03
1.102833e+01    -2.862129e-03
1.104055e+01    -2.876429e-03
1.105276e+01    -2.889779e-03
1.106497e+01    -2.902190e-03
1.107719e+01    -2.913647e-03
1.108940e+01    -2.924143e-03
1.110161e+01    -2.933675e-03
1.111382e+01    -2.942235e-03
1.112604e+01    -2.949824e-03
1.113825e+01    -2.956437e-03
1.115046e+01    -2.962074e-03
1.116268e+01    -2.966729e-03
1.117489e+01    -2.970398e-03
1.118710e+01    -2.973091e-03
1.119932e+01    -2.974798e-03
1.121153e+01    -2.975532e-03
1.122374e+01    -2.975275e-03
1.123596e+01    -2.974047e-03
1.124817e+01    -2.971846e-03
1.126038e+01    -2.968674e-03
1.127259e+01    -2.964530e-03
1.128481e+01    -2.959429e-03
1.129702e+01    -2.953380e-03
1.130923e+01    -2.946365e-03
1.132145e+01    -2.938419e-03
1.133366e+01    -2.929532e-03
1.134587e+01    -2.919720e-03
1.135808e+01    -2.908993e-03
1.137030e+01    -2.897361e-03
1.138251e+01    -2.884824e-03
1.139472e+01    -2.871403e-03
1.140694e+01    -2.857106e-03
1.141915e+01    -2.841949e-03
1.143136e+01    -2.825941e-03
1.144358e+01    -2.809095e-03
1.145579e+01    -2.791425e-03
1.146800e+01    -2.772943e-03
1.148022e+01    -2.753671e-03
1.149243e+01    -2.733620e-03
1.150464e+01    -2.712804e-03
1.151685e+01    -2.691240e-03
1.152907e+01    -2.668954e-03
1.154128e+01    -2.645952e-03
1.155349e+01    -2.622255e-03
1.156571e+01    -2.597887e-03
1.157792e+01    -2.572854e-03
1.159013e+01    -2.547187e-03
1.160234e+01    -2.520898e-03
1.161456e+01    -2.494018e-03
1.162677e+01    -2.466550e-03
1.163898e+01    -2.438531e-03
1.165120e+01    -2.409969e-03
1.166341e+01    -2.380895e-03
1.167562e+01    -2.351325e-03
1.168784e+01    -2.321286e-03
1.170005e+01    -2.290785e-03
1.171226e+01    -2.259864e-03
1.172447e+01    -2.228525e-03
1.173669e+01    -2.196813e-03
1.174890e+01    -2.164733e-03
1.176111e+01    -2.132308e-03
1.177333e+01    -2.099571e-03
1.178554e+01    -2.066537e-03
1.179775e+01    -2.033223e-03
1.180997e+01    -1.999677e-03
1.182218e+01    -1.965889e-03
1.183439e+01    -1.931907e-03
1.184660e+01    -1.897740e-03
1.185882e+01    -1.863414e-03
1.187103e+01    -1.828948e-03
1.188324e+01    -1.794379e-03
1.189546e+01    -1.759712e-03
1.190767e+01    -1.724978e-03
1.191988e+01    -1.690196e-03
1.193210e+01    -1.655394e-03
1.194431e+01    -1.620587e-03
1.195652e+01    -1.585794e-03
1.196873e+01    -1.551044e-03
1.198095e+01    -1.516360e-03
1.199316e+01    -1.481750e-03
1.200537e+01    -1.447250e-03
1.201759e+01    -1.412878e-03
1.202980e+01    -1.378629e-03
1.204201e+01    -1.344554e-03
1.205423e+01    -1.310657e-03
1.206644e+01    -1.276966e-03
1.207865e+01    -1.243485e-03
1.209086e+01    -1.210244e-03
1.210308e+01    -1.177242e-03
1.211529e+01    -1.144539e-03
1.212750e+01    -1.112113e-03
1.213972e+01    -1.079991e-03
1.215193e+01    -1.048183e-03
1.216414e+01    -1.016716e-03
1.217636e+01    -9.855970e-04
1.218857e+01    -9.548384e-04
1.220078e+01    -9.244657e-04
1.221299e+01    -8.944822e-04
1.222521e+01    -8.649012e-04
1.223742e+01    -8.357387e-04
1.224963e+01    -8.070048e-04
1.226185e+01    -7.787084e-04
1.227406e+01    -7.508629e-04
1.228627e+01    -7.234784e-04
1.229849e+01    -6.965642e-04
1.231070e+01    -6.701243e-04
1.232291e+01    -6.441775e-04
1.233512e+01    -6.187203e-04
1.234734e+01    -5.937633e-04
1.235955e+01    -5.693243e-04
1.237176e+01    -5.453947e-04
1.238398e+01    -5.219839e-04
1.239619e+01    -4.990986e-04
1.240840e+01    -4.767424e-04
1.242062e+01    -4.549221e-04
1.243283e+01    -4.336307e-04
1.244504e+01    -4.128872e-04
1.245725e+01    -3.926800e-04
1.246947e+01    -3.730156e-04
1.248168e+01    -3.538943e-04
1.249389e+01    -3.353105e-04
1.250611e+01    -3.172789e-04
1.251832e+01    -2.997816e-04
1.253053e+01    -2.828296e-04
1.254275e+01    -2.664194e-04
1.255496e+01    -2.505404e-04
1.256717e+01    -2.351982e-04
1.257938e+01    -2.203806e-04
1.259160e+01    -2.060977e-04
1.260381e+01    -1.923431e-04
1.261602e+01    -1.790827e-04
1.262824e+01    -1.663468e-04
1.264045e+01    -1.541173e-04
1.265266e+01    -1.423864e-04
1.266488e+01    -1.311477e-04
1.267709e+01    -1.203963e-04
1.268930e+01    -1.101288e-04
1.270151e+01    -1.003291e-04
1.271373e+01    -9.098176e-05
1.272594e+01    -8.209879e-05
1.273815e+01    -7.365605e-05
1.275037e+01    -6.564474e-05
1.276258e+01    -5.806957e-05
1.277479e+01    -5.090652e-05
1.278701e+01    -4.414567e-05
1.279922e+01    -3.777706e-05
1.281143e+01    -3.179847e-05
1.282364e+01    -2.618838e-05
1.283586e+01    -2.094339e-05
1.284807e+01    -1.604292e-05
1.286028e+01    -1.148642e-05
1.287250e+01    -7.252589e-06
1.288471e+01    -3.329313e-06
1.289692e+01    2.855304e-07
1.290914e+01    3.618323e-06
1.292135e+01    6.662128e-06
1.293356e+01    9.449948e-06
1.294577e+01    1.198267e-05
1.295799e+01    1.428310e-05
1.297020e+01    1.635660e-05
1.298241e+01    1.821023e-05
1.299463e+01    1.987329e-05
1.300684e+01    2.134176e-05
1.301905e+01    2.263808e-05
1.303127e+01    2.377424e-05
1.304348e+01    2.475964e-05
1.305569e+01    2.561055e-05
1.306790e+01    2.634133e-05
1.308012e+01    2.695910e-05
1.309233e+01    2.748201e-05
1.310454e+01    2.791830e-05
1.311676e+01    2.828121e-05
1.312897e+01    2.858950e-05
1.314118e+01    2.883926e-05
1.315340e+01    2.905919e-05
1.316561e+01    2.925457e-05
1.317782e+01    2.943167e-05
1.319003e+01    2.961371e-05
1.320225e+01    2.978970e-05
1.321446e+01    3.000757e-05
1.322667e+01    3.024628e-05
1.323889e+01    3.052573e-05
1.325110e+01    3.085248e-05
1.326331e+01    3.124491e-05
1.327553e+01    3.170857e-05
1.328774e+01    3.225158e-05
1.329995e+01    3.287854e-05
1.331216e+01    3.361219e-05
1.332438e+01    3.444915e-05
1.333659e+01    3.539108e-05
1.334880e+01    3.646521e-05
1.336102e+01    3.766310e-05
1.337323e+01    3.900083e-05
1.338544e+01    4.047576e-05
1.339766e+01    4.210410e-05
1.340987e+01    4.389932e-05
1.342208e+01    4.583588e-05
1.343429e+01    4.794493e-05
1.344651e+01    5.022455e-05
1.345872e+01    5.268139e-05
1.347093e+01    5.531813e-05
1.348315e+01    5.813665e-05
1.349536e+01    6.114422e-05
1.350757e+01    6.434147e-05
1.351978e+01    6.773664e-05
1.353200e+01    7.131431e-05
1.354421e+01    7.510302e-05
1.355642e+01    7.907709e-05
1.356864e+01    8.325805e-05
1.358085e+01    8.763059e-05
1.359306e+01    9.221274e-05
1.360528e+01    9.699188e-05
1.361749e+01    1.019759e-04
1.362970e+01    1.071516e-04
1.364192e+01    1.125335e-04
1.365413e+01    1.181095e-04
1.366634e+01    1.238785e-04
1.367855e+01    1.298388e-04
1.369077e+01    1.359977e-04
1.370298e+01    1.423404e-04
1.371519e+01    1.488621e-04
1.372741e+01    1.555632e-04
1.373962e+01    1.624524e-04
1.375183e+01    1.695085e-04
1.376404e+01    1.767398e-04
1.377626e+01    1.841284e-04
1.378847e+01    1.916776e-04
1.380068e+01    1.993820e-04
1.381290e+01    2.072349e-04
1.382511e+01    2.152314e-04
1.383732e+01    2.233650e-04
1.384954e+01    2.316263e-04
1.386175e+01    2.400183e-04
1.387396e+01    2.485217e-04
1.388618e+01    2.571352e-04
1.389839e+01    2.658571e-04
1.391060e+01    2.746737e-04
1.392281e+01    2.835822e-04
1.393503e+01    2.925685e-04
1.394724e+01    3.016269e-04
1.395945e+01    3.107554e-04
1.397167e+01    3.199377e-04
1.398388e+01    3.291712e-04
1.399609e+01    3.384427e-04
1.400830e+01    3.477541e-04
1.402052e+01    3.570848e-04
1.403273e+01    3.664370e-04
1.404494e+01    3.757912e-04
1.405716e+01    3.851439e-04
1.406937e+01    3.944886e-04
1.408158e+01    4.038162e-04
1.409380e+01    4.131117e-04
1.410601e+01    4.223856e-04
1.411822e+01    4.315946e-04
1.413043e+01    4.407613e-04
1.414265e+01    4.498626e-04
1.415486e+01    4.588951e-04
1.416707e+01    4.678502e-04
1.417929e+01    4.767155e-04
1.419150e+01    4.854862e-04
1.420371e+01    4.941475e-04
1.421593e+01    5.027006e-04
1.422814e+01    5.111318e-04
1.424035e+01    5.194310e-04
1.425256e+01    5.275977e-04
1.426478e+01    5.356156e-04
1.427699e+01    5.434833e-04
1.428920e+01    5.511927e-04
1.430142e+01    5.587281e-04
1.431363e+01    5.660979e-04
1.432584e+01    5.732873e-04
1.433806e+01    5.802801e-04
1.435027e+01    5.870782e-04
1.436248e+01    5.936786e-04
1.437469e+01    6.000741e-04
1.438691e+01    6.062520e-04
1.439912e+01    6.122139e-04
1.441133e+01    6.179427e-04
1.442355e+01    6.234476e-04
1.443576e+01    6.287150e-04
1.444797e+01    6.337432e-04
1.446019e+01    6.385250e-04
1.447240e+01    6.430579e-04
1.448461e+01    6.473375e-04
1.449682e+01    6.513640e-04
1.450904e+01    6.551254e-04
1.452125e+01    6.586193e-04
1.453346e+01    6.618478e-04
1.454568e+01    6.648134e-04
1.455789e+01    6.674984e-04
1.457010e+01    6.699080e-04
1.458232e+01    6.720496e-04
1.459453e+01    6.739054e-04
1.460674e+01    6.754835e-04
1.461895e+01    6.767830e-04
1.463117e+01    6.777951e-04
1.464338e+01    6.785301e-04
1.465559e+01    6.789791e-04
1.466781e+01    6.791511e-04
1.468002e+01    6.790342e-04
1.469223e+01    6.786440e-04
1.470445e+01    6.779651e-04
1.471666e+01    6.770043e-04
1.472887e+01    6.757702e-04
1.474109e+01    6.742614e-04
1.475330e+01    6.724732e-04
1.476551e+01    6.704165e-04
1.477772e+01    6.680859e-04
1.478994e+01    6.654880e-04
1.480215e+01    6.626272e-04
1.481436e+01    6.595036e-04
1.482658e+01    6.561250e-04
1.483879e+01    6.524875e-04
1.485100e+01    6.486033e-04
1.486321e+01    6.444666e-04
1.487543e+01    6.400932e-04
1.488764e+01    6.354745e-04
1.489985e+01    6.306310e-04
1.491207e+01    6.255595e-04
1.492428e+01    6.202568e-04
1.493649e+01    6.147387e-04
1.494871e+01    6.090128e-04
1.496092e+01    6.030701e-04
1.497313e+01    5.969366e-04
1.498534e+01    5.906038e-04
1.499756e+01    5.840805e-04
1.500977e+01    5.773752e-04
1.502198e+01    5.704964e-04
1.503420e+01    5.634425e-04
1.504641e+01    5.562249e-04
1.505862e+01    5.488512e-04
1.507084e+01    5.413275e-04
1.508305e+01    5.336598e-04
1.509526e+01    5.258555e-04
1.510747e+01    5.179283e-04
1.511969e+01    5.098665e-04
1.513190e+01    5.016899e-04
1.514411e+01    4.934103e-04
1.515633e+01    4.850251e-04
1.516854e+01    4.765542e-04
1.518075e+01    4.679898e-04
1.519297e+01    4.593447e-04
1.520518e+01    4.506287e-04
1.521739e+01    4.418456e-04
1.522960e+01    4.330070e-04
1.524182e+01    4.241170e-04
1.525403e+01    4.151807e-04
1.526624e+01    4.062090e-04
1.527846e+01    3.972076e-04
1.529067e+01    3.881851e-04
1.530288e+01    3.791470e-04
1.531509e+01    3.700933e-04
1.532731e+01    3.610460e-04
1.533952e+01    3.519975e-04
1.535173e+01    3.429647e-04
1.536395e+01    3.339430e-04
1.537616e+01    3.249466e-04
1.538837e+01    3.159845e-04
1.540059e+01    3.070546e-04
1.541280e+01    2.981762e-04
1.542501e+01    2.893316e-04
1.543723e+01    2.805459e-04
1.544944e+01    2.718258e-04
1.546165e+01    2.631616e-04
1.547386e+01    2.545685e-04
1.548608e+01    2.460547e-04
1.549829e+01    2.376305e-04
1.551050e+01    2.292690e-04
1.552272e+01    2.210099e-04
1.553493e+01    2.128419e-04
1.554714e+01    2.047764e-04
1.555935e+01    1.968070e-04
1.557157e+01    1.889475e-04
1.558378e+01    1.811931e-04
1.559599e+01    1.735614e-04
1.560821e+01    1.660376e-04
1.562042e+01    1.586337e-04
1.563263e+01    1.513599e-04
1.564485e+01    1.442055e-04
1.565706e+01    1.371786e-04
1.566927e+01    1.302807e-04
1.568149e+01    1.235153e-04
1.569370e+01    1.168797e-04
1.570591e+01    1.103906e-04
1.571812e+01    1.040194e-04
1.573034e+01    9.781023e-05
1.574255e+01    9.172744e-05
1.575476e+01    8.578666e-05
1.576698e+01    7.998619e-05
1.577919e+01    7.432348e-05
1.579140e+01    6.880515e-05
1.580362e+01    6.342339e-05
1.581583e+01    5.818968e-05
1.582804e+01    5.309433e-05
1.584025e+01    4.814140e-05
1.585247e+01    4.332045e-05
1.586468e+01    3.864171e-05
1.587689e+01    3.409931e-05
1.588911e+01    2.969400e-05
1.590132e+01    2.542089e-05
1.591353e+01    2.128398e-05
1.592575e+01    1.727569e-05
1.593796e+01    1.339943e-05
1.595017e+01    9.644424e-06
1.596238e+01    6.020640e-06
1.597460e+01    2.515371e-06
1.598681e+01    -8.719508e-07
1.599902e+01    -4.138587e-06
1.601124e+01    -7.296112e-06
1.602345e+01    -1.033949e-05
1.603566e+01    -1.327814e-05
1.604787e+01    -1.610605e-05
1.606009e+01    -1.883429e-05
1.607230e+01    -2.146776e-05
1.608451e+01    -2.400790e-05
1.609673e+01    -2.645760e-05
1.610894e+01    -2.882080e-05
1.612115e+01    -3.109409e-05
1.613337e+01    -3.329141e-05
1.614558e+01    -3.541107e-05
1.615779e+01    -3.746554e-05
1.617001e+01    -3.944684e-05
1.618222e+01    -4.136907e-05
1.619443e+01    -4.323462e-05
1.620664e+01    -4.503527e-05
1.621886e+01    -4.679175e-05
1.623107e+01    -4.850089e-05
1.624328e+01    -5.016899e-05
1.625550e+01    -5.179832e-05
1.626771e+01    -5.339311e-05
1.627992e+01    -5.495613e-05
1.629214e+01    -5.649796e-05
1.630435e+01    -5.802331e-05
1.631656e+01    -5.951909e-05
1.632877e+01    -6.100696e-05
1.634099e+01    -6.248397e-05
1.635320e+01    -6.396403e-05
1.636541e+01    -6.543321e-05
1.637763e+01    -6.691665e-05
1.638984e+01    -6.839283e-05
1.640205e+01    -6.989684e-05
1.641426e+01    -7.140226e-05
1.642648e+01    -7.292870e-05
1.643869e+01    -7.447676e-05
1.645090e+01    -7.604968e-05
1.646312e+01    -7.765160e-05
1.647533e+01    -7.928573e-05
1.648754e+01    -8.095543e-05
1.649976e+01    -8.266055e-05
1.651197e+01    -8.440752e-05
1.652418e+01    -8.619993e-05
1.653639e+01    -8.803784e-05
1.654861e+01    -8.991947e-05
1.656082e+01    -9.185748e-05
1.657303e+01    -9.384558e-05
1.658525e+01    -9.588951e-05
1.659746e+01    -9.798515e-05
1.660967e+01    -1.001535e-04
1.662189e+01    -1.023685e-04
1.663410e+01    -1.046561e-04
1.664631e+01    -1.070026e-04
1.665853e+01    -1.094137e-04
1.667074e+01    -1.118935e-04
1.668295e+01    -1.144397e-04
1.669516e+01    -1.170505e-04
1.670738e+01    -1.197351e-04
1.671959e+01    -1.224856e-04
1.673180e+01    -1.253008e-04
1.674402e+01    -1.281858e-04
1.675623e+01    -1.311446e-04
1.676844e+01    -1.341682e-04
1.678065e+01    -1.372620e-04
1.679287e+01    -1.404210e-04
1.680508e+01    -1.436542e-04
1.681729e+01    -1.469366e-04
1.682951e+01    -1.502909e-04
1.684172e+01    -1.537119e-04
1.685393e+01    -1.571930e-04
1.686615e+01    -1.607337e-04
1.687836e+01    -1.643333e-04
1.689057e+01    -1.679908e-04
1.690278e+01    -1.717005e-04
1.691500e+01    -1.754646e-04
1.692721e+01    -1.792777e-04
1.693942e+01    -1.831433e-04
1.695164e+01    -1.870469e-04
1.696385e+01    -1.909936e-04
1.697606e+01    -1.949821e-04
1.698828e+01    -1.990022e-04
1.700049e+01    -2.030570e-04
1.701270e+01    -2.071469e-04
1.702491e+01    -2.112581e-04
1.703713e+01    -2.153924e-04
1.704934e+01    -2.195458e-04
1.706155e+01    -2.237155e-04
1.707377e+01    -2.278949e-04
1.708598e+01    -2.320842e-04
1.709819e+01    -2.362845e-04
1.711040e+01    -2.404531e-04
1.712262e+01    -2.446523e-04
1.713483e+01    -2.488300e-04
1.714705e+01    -2.529949e-04
1.715926e+01    -2.571362e-04
1.717147e+01    -2.612593e-04
1.718368e+01    -2.653590e-04
1.719590e+01    -2.694306e-04
1.720811e+01    -2.734505e-04
1.722032e+01    -2.774381e-04
1.723254e+01    -2.813832e-04
1.724475e+01    -2.852697e-04
1.725696e+01    -2.891082e-04
1.726917e+01    -2.928866e-04
1.728139e+01    -2.965945e-04
1.729360e+01    -3.002418e-04
1.730581e+01    -3.038055e-04
1.731803e+01    -3.073039e-04
1.733024e+01    -3.107101e-04
1.734245e+01    -3.140310e-04
1.735467e+01    -3.172562e-04
1.736688e+01    -3.203863e-04
1.737909e+01    -3.234153e-04
1.739130e+01    -3.263361e-04
1.740352e+01    -3.291393e-04
1.741573e+01    -3.318451e-04
1.742794e+01    -3.344192e-04
1.744016e+01    -3.368706e-04
1.745237e+01    -3.391946e-04
1.746458e+01    -3.413872e-04
1.747680e+01    -3.434433e-04
1.748901e+01    -3.453626e-04
1.750122e+01    -3.471375e-04
1.751343e+01    -3.487618e-04
1.752565e+01    -3.502312e-04
1.753786e+01    -3.515515e-04
1.755007e+01    -3.527156e-04
1.756229e+01    -3.537101e-04
1.757450e+01    -3.545444e-04
1.758671e+01    -3.552149e-04
1.759892e+01    -3.557181e-04
1.761114e+01    -3.560381e-04
1.762335e+01    -3.561896e-04
1.763556e+01    -3.561694e-04
1.764778e+01    -3.559567e-04
1.765999e+01    -3.555712e-04
1.767220e+01    -3.550011e-04
1.768442e+01    -3.542351e-04
1.769663e+01    -3.532821e-04
1.770884e+01    -3.521574e-04
1.772106e+01    -3.508459e-04
1.773327e+01    -3.493126e-04
1.774548e+01    -3.476074e-04
1.775769e+01    -3.457016e-04
1.776991e+01    -3.436127e-04
1.778212e+01    -3.413250e-04
1.779433e+01    -3.388419e-04
1.780655e+01    -3.361751e-04
1.781876e+01    -3.333005e-04
1.783097e+01    -3.302385e-04
1.784319e+01    -3.269865e-04
1.785540e+01    -3.235352e-04
1.786761e+01    -3.199004e-04
1.787982e+01    -3.160657e-04
1.789204e+01    -3.120457e-04
1.790425e+01    -3.078466e-04
1.791646e+01    -3.034573e-04
1.792868e+01    -2.988830e-04
1.794089e+01    -2.941290e-04
1.795310e+01    -2.891893e-04
1.796531e+01    -2.840789e-04
1.797753e+01    -2.787855e-04
1.798974e+01    -2.733272e-04
1.800196e+01    -2.676980e-04
1.801417e+01    -2.618989e-04
1.802638e+01    -2.559420e-04
1.803859e+01    -2.498211e-04
1.805081e+01    -2.435423e-04
1.806302e+01    -2.371175e-04
1.807523e+01    -2.305427e-04
1.808744e+01    -2.238160e-04
1.809966e+01    -2.169504e-04
1.811187e+01    -2.099554e-04
1.812408e+01    -2.028232e-04
1.813630e+01    -1.955617e-04
1.814851e+01    -1.881809e-04
1.816072e+01    -1.806843e-04
1.817294e+01    -1.730700e-04
1.818515e+01    -1.653477e-04
1.819736e+01    -1.575260e-04
1.820958e+01    -1.496032e-04
1.822179e+01    -1.415898e-04
1.823400e+01    -1.334884e-04
1.824621e+01    -1.253074e-04
1.825843e+01    -1.170493e-04
1.827064e+01    -1.087184e-04
1.828285e+01    -1.003274e-04
1.829507e+01    -9.188114e-05
1.830728e+01    -8.337607e-05
1.831949e+01    -7.482234e-05
1.833171e+01    -6.622775e-05
1.834392e+01    -5.760347e-05
1.835613e+01    -4.894985e-05
1.836834e+01    -4.027574e-05
1.838056e+01    -3.157649e-05
1.839277e+01    -2.287154e-05
1.840498e+01    -1.416844e-05
1.841720e+01    -5.468377e-06
1.842941e+01    3.228430e-06
1.844162e+01    1.191336e-05
1.845383e+01    2.057466e-05
1.846605e+01    2.920500e-05
1.847826e+01    3.780460e-05
1.849047e+01    4.636927e-05
1.850269e+01    5.486631e-05
1.851490e+01    6.334274e-05
1.852711e+01    7.174711e-05
1.853933e+01    8.009165e-05
1.855154e+01    8.836086e-05
1.856375e+01    9.655429e-05
1.857596e+01    1.046677e-04
1.858818e+01    1.126992e-04
1.860039e+01    1.206301e-04
1.861260e+01    1.284685e-04
1.862482e+01    1.361968e-04
1.863703e+01    1.438220e-04
1.864924e+01    1.513287e-04
1.866146e+01    1.587149e-04
1.867367e+01    1.659736e-04
1.868588e+01    1.731070e-04
1.869810e+01    1.801072e-04
1.871031e+01    1.869642e-04
1.872252e+01    1.936776e-04
1.873473e+01    2.002444e-04
1.874695e+01    2.066538e-04
1.875916e+01    2.129070e-04
1.877137e+01    2.190040e-04
1.878359e+01    2.249246e-04
1.879580e+01    2.306828e-04
1.880801e+01    2.362668e-04
1.882022e+01    2.416705e-04
1.883244e+01    2.469013e-04
1.884465e+01    2.519425e-04
1.885686e+01    2.567996e-04
1.886908e+01    2.614672e-04
1.888129e+01    2.659406e-04
1.889350e+01    2.702230e-04
1.890572e+01    2.743064e-04
1.891793e+01    2.781888e-04
1.893014e+01    2.818718e-04
1.894235e+01    2.853512e-04
1.895457e+01    2.886250e-04
1.896678e+01    2.916977e-04
1.897899e+01    2.945515e-04
1.899121e+01    2.972051e-04
1.900342e+01    2.996456e-04
1.901563e+01    3.018728e-04
1.902785e+01    3.038931e-04
1.904006e+01    3.056941e-04
1.905227e+01    3.072836e-04
1.906449e+01    3.086629e-04
1.907670e+01    3.098263e-04
1.908891e+01    3.107828e-04
1.910112e+01    3.115230e-04
1.911334e+01    3.120543e-04
1.912555e+01    3.123672e-04
1.913776e+01    3.124780e-04
1.914997e+01    3.123777e-04
1.916219e+01    3.120643e-04
1.917440e+01    3.115479e-04
1.918661e+01    3.108268e-04
1.919883e+01    3.099018e-04
1.921104e+01    3.087714e-04
1.922325e+01    3.074455e-04
1.923547e+01    3.059190e-04
1.924768e+01    3.041963e-04
1.925989e+01    3.022819e-04
1.927211e+01    3.001778e-04
1.928432e+01    2.978853e-04
1.929653e+01    2.954109e-04
1.930874e+01    2.927522e-04
1.932096e+01    2.899099e-04
1.933317e+01    2.868961e-04
1.934538e+01    2.837076e-04
1.935760e+01    2.803514e-04
1.936981e+01    2.768246e-04
1.938202e+01    2.731371e-04
1.939424e+01    2.692903e-04
1.940645e+01    2.652968e-04
1.941866e+01    2.611437e-04
1.943087e+01    2.568555e-04
1.944309e+01    2.524176e-04
1.945530e+01    2.478341e-04
1.946751e+01    2.431198e-04
1.947973e+01    2.382853e-04
1.949194e+01    2.333168e-04
1.950415e+01    2.282318e-04
1.951637e+01    2.230240e-04
1.952858e+01    2.177035e-04
1.954079e+01    2.122788e-04
1.955301e+01    2.067555e-04
1.956522e+01    2.011301e-04
1.957743e+01    1.954049e-04
1.958964e+01    1.895984e-04
1.960186e+01    1.837005e-04
1.961407e+01    1.777274e-04
1.962628e+01    1.716837e-04
1.963849e+01    1.655660e-04
1.965071e+01    1.593863e-04
1.966292e+01    1.531420e-04
1.967513e+01    1.468465e-04
1.968735e+01    1.404983e-04
1.969956e+01    1.340964e-04
1.971177e+01    1.276631e-04
1.972399e+01    1.211947e-04
1.973620e+01    1.146816e-04
1.974841e+01    1.081557e-04
1.976063e+01    1.015966e-04
1.977284e+01    9.502402e-05
1.978505e+01    8.843267e-05
1.979726e+01    8.184194e-05
1.980948e+01    7.523542e-05
1.982169e+01    6.863472e-05
1.983390e+01    6.203710e-05
1.984612e+01    5.544576e-05
1.985833e+01    4.886850e-05
1.987054e+01    4.231008e-05
1.988276e+01    3.577150e-05
1.989497e+01    2.926336e-05
1.990718e+01    2.276226e-05
1.991939e+01    1.630698e-05
1.993161e+01    9.887270e-06
1.994382e+01    3.506888e-06
1.995603e+01    -2.828878e-06
1.996825e+01    -9.123840e-06
1.998046e+01    -1.536266e-05
1.999267e+01    -2.155201e-05
2.000488e+01    -2.769046e-05
2.001710e+01    -3.375854e-05
2.002931e+01    -3.977200e-05
2.004152e+01    -4.572248e-05
2.005374e+01    -5.159722e-05
2.006595e+01    -5.740399e-05
2.007816e+01    -6.314271e-05
2.009038e+01    -6.880442e-05
2.010259e+01    -7.438727e-05
2.011480e+01    -7.988673e-05
2.012702e+01    -8.530813e-05
2.013923e+01    -9.064662e-05
2.015144e+01    -9.589960e-05
2.016365e+01    -1.010644e-04
2.017587e+01    -1.061388e-04
2.018808e+01    -1.111204e-04
2.020029e+01    -1.160130e-04
2.021251e+01    -1.208121e-04
2.022472e+01    -1.255143e-04
2.023693e+01    -1.301290e-04
2.024915e+01    -1.346389e-04
2.026136e+01    -1.390527e-04
2.027357e+01    -1.433645e-04
2.028578e+01    -1.475726e-04
2.029800e+01    -1.516968e-04
2.031021e+01    -1.557141e-04
2.032242e+01    -1.596284e-04
2.033464e+01    -1.634418e-04
2.034685e+01    -1.671567e-04
2.035906e+01    -1.707696e-04
2.037127e+01    -1.742769e-04
2.038349e+01    -1.776906e-04
2.039570e+01    -1.810035e-04
2.040791e+01    -1.842061e-04
2.042013e+01    -1.873208e-04
2.043234e+01    -1.903244e-04
2.044455e+01    -1.932323e-04
2.045677e+01    -1.960481e-04
2.046898e+01    -1.987640e-04
2.048119e+01    -2.013794e-04
2.049340e+01    -2.038981e-04
2.050562e+01    -2.063301e-04
2.051783e+01    -2.086518e-04
2.053004e+01    -2.108905e-04
2.054226e+01    -2.130332e-04
2.055447e+01    -2.150888e-04
2.056668e+01    -2.170500e-04
2.057890e+01    -2.189257e-04
2.059111e+01    -2.207056e-04
2.060332e+01    -2.224049e-04
2.061554e+01    -2.240302e-04
2.062775e+01    -2.255626e-04
2.063996e+01    -2.270131e-04
2.065217e+01    -2.283841e-04
2.066439e+01    -2.296742e-04
2.067660e+01    -2.308966e-04
2.068881e+01    -2.320324e-04
2.070103e+01    -2.330916e-04
2.071324e+01    -2.340872e-04
2.072545e+01    -2.350070e-04
2.073767e+01    -2.358612e-04
2.074988e+01    -2.366403e-04
2.076209e+01    -2.373555e-04
2.077430e+01    -2.380069e-04
2.078652e+01    -2.385995e-04
2.079873e+01    -2.391313e-04
2.081094e+01    -2.396014e-04
2.082316e+01    -2.400078e-04
2.083537e+01    -2.403595e-04
2.084758e+01    -2.406632e-04
2.085979e+01    -2.409039e-04
2.087201e+01    -2.410946e-04
2.088422e+01    -2.412386e-04
2.089643e+01    -2.413271e-04
2.090865e+01    -2.413793e-04
2.092086e+01    -2.413839e-04
2.093307e+01    -2.413363e-04
2.094529e+01    -2.412427e-04
2.095750e+01    -2.411177e-04
2.096971e+01    -2.409471e-04
2.098192e+01    -2.407307e-04
2.099414e+01    -2.404832e-04
2.100635e+01    -2.401961e-04
2.101856e+01    -2.398758e-04
2.103078e+01    -2.395125e-04
2.104299e+01    -2.391224e-04
2.105520e+01    -2.386976e-04
2.106742e+01    -2.382418e-04
2.107963e+01    -2.377489e-04
2.109184e+01    -2.372217e-04
2.110406e+01    -2.366684e-04
2.111627e+01    -2.360943e-04
2.112848e+01    -2.354884e-04
2.114069e+01    -2.348462e-04
2.115291e+01    -2.341806e-04
2.116512e+01    -2.334862e-04
2.117733e+01    -2.327696e-04
2.118955e+01    -2.320207e-04
2.120176e+01    -2.312440e-04
2.121397e+01    -2.304459e-04
2.122618e+01    -2.296229e-04
2.123840e+01    -2.287683e-04
2.125061e+01    -2.278912e-04
2.126282e+01    -2.269834e-04
2.127504e+01    -2.260571e-04
2.128725e+01    -2.251007e-04
2.129946e+01    -2.241108e-04
2.131168e+01    -2.231010e-04
2.132389e+01    -2.220610e-04
2.133610e+01    -2.209979e-04
2.134831e+01    -2.199026e-04
2.136053e+01    -2.187812e-04
2.137274e+01    -2.176307e-04
2.138495e+01    -2.164466e-04
2.139717e+01    -2.152356e-04
2.140938e+01    -2.139953e-04
2.142159e+01    -2.127185e-04
2.143381e+01    -2.114132e-04
2.144602e+01    -2.100758e-04
2.145823e+01    -2.086986e-04
2.147044e+01    -2.072864e-04
2.148266e+01    -2.058458e-04
2.149487e+01    -2.043600e-04
2.150708e+01    -2.028366e-04
2.151930e+01    -2.012854e-04
2.153151e+01    -1.996877e-04
2.154372e+01    -1.980458e-04
2.155593e+01    -1.963636e-04
2.156815e+01    -1.946390e-04
2.158036e+01    -1.928695e-04
2.159258e+01    -1.910600e-04
2.160479e+01    -1.891940e-04
2.161700e+01    -1.872813e-04
2.162921e+01    -1.853286e-04
2.164143e+01    -1.833215e-04
2.165364e+01    -1.812614e-04
2.166585e+01    -1.791533e-04
2.167807e+01    -1.769801e-04
2.169028e+01    -1.747659e-04
2.170249e+01    -1.724948e-04
2.171470e+01    -1.701577e-04
2.172692e+01    -1.677551e-04
2.173913e+01    -1.653180e-04
2.175134e+01    -1.628061e-04
2.176356e+01    -1.602401e-04
2.177577e+01    -1.576008e-04
2.178798e+01    -1.549044e-04
2.180020e+01    -1.521397e-04
2.181241e+01    -1.493216e-04
2.182462e+01    -1.464245e-04
2.183683e+01    -1.434619e-04
2.184905e+01    -1.404360e-04
2.186126e+01    -1.373415e-04
2.187347e+01    -1.341708e-04
2.188569e+01    -1.309325e-04
2.189790e+01    -1.276248e-04
2.191011e+01    -1.242449e-04
2.192233e+01    -1.207927e-04
2.193454e+01    -1.172705e-04
2.194675e+01    -1.136686e-04
2.195897e+01    -1.099940e-04
2.197118e+01    -1.062513e-04
2.198339e+01    -1.024303e-04
2.199560e+01    -9.854232e-05
2.200782e+01    -9.457428e-05
2.202003e+01    -9.052445e-05
2.203224e+01    -8.640728e-05
2.204445e+01    -8.221451e-05
2.205667e+01    -7.794920e-05
2.206888e+01    -7.361709e-05
2.208109e+01    -6.919290e-05
2.209331e+01    -6.471142e-05
2.210552e+01    -6.014570e-05
2.211773e+01    -5.551485e-05
2.212995e+01    -5.080600e-05
2.214216e+01    -4.602999e-05
2.215437e+01    -4.117936e-05
2.216659e+01    -3.626628e-05
2.217880e+01    -3.127880e-05
2.219101e+01    -2.622316e-05
2.220322e+01    -2.110579e-05
2.221544e+01    -1.591783e-05
2.222765e+01    -1.066674e-05
2.223986e+01    -5.353177e-06
2.225208e+01    2.431625e-08
2.226429e+01    5.458995e-06
2.227650e+01    1.095460e-05
2.228872e+01    1.650292e-05
2.230093e+01    2.210514e-05
2.231314e+01    2.777432e-05
2.232535e+01    3.347857e-05
2.233757e+01    3.924270e-05
2.234978e+01    4.505165e-05
2.236199e+01    5.090852e-05
2.237421e+01    5.681819e-05
2.238642e+01    6.274271e-05
2.239863e+01    6.872960e-05
2.241084e+01    7.473907e-05
2.242306e+01    8.078691e-05
2.243527e+01    8.686728e-05
2.244748e+01    9.298036e-05
2.245970e+01    9.911190e-05
2.247191e+01    1.052725e-04
2.248412e+01    1.114576e-04
2.249634e+01    1.176533e-04
2.250855e+01    1.238724e-04
2.252076e+01    1.300941e-04
2.253297e+01    1.363295e-04
2.254519e+01    1.425824e-04
2.255740e+01    1.488193e-04
2.256961e+01    1.550631e-04
2.258183e+01    1.613029e-04
2.259404e+01    1.675335e-04
2.260625e+01    1.737649e-04
2.261847e+01    1.799826e-04
2.263068e+01    1.861787e-04
2.264289e+01    1.923590e-04
2.265511e+01    1.985169e-04
2.266732e+01    2.046489e-04
2.267953e+01    2.107467e-04
2.269174e+01    2.168161e-04
2.270396e+01    2.228530e-04
2.271617e+01    2.288357e-04
2.272838e+01    2.347878e-04
2.274060e+01    2.406919e-04
2.275281e+01    2.465443e-04
2.276502e+01    2.523417e-04
2.277724e+01    2.580864e-04
2.278945e+01    2.637712e-04
2.280166e+01    2.693891e-04
2.281387e+01    2.749396e-04
2.282609e+01    2.804179e-04
2.283830e+01    2.858272e-04
2.285051e+01    2.911549e-04
2.286273e+01    2.964045e-04
2.287494e+01    3.015706e-04
2.288715e+01    3.066498e-04
2.289936e+01    3.116381e-04
2.291158e+01    3.165352e-04
2.292379e+01    3.213330e-04
2.293600e+01    3.260334e-04
2.294822e+01    3.306230e-04
2.296043e+01    3.351214e-04
2.297264e+01    3.395016e-04
2.298486e+01    3.437712e-04
2.299707e+01    3.479277e-04
2.300928e+01    3.519676e-04
2.302150e+01    3.558812e-04
2.303371e+01    3.596758e-04
2.304592e+01    3.633456e-04
2.305813e+01    3.668875e-04
2.307035e+01    3.703007e-04
2.308256e+01    3.735777e-04
2.309477e+01    3.767293e-04
2.310699e+01    3.797314e-04
2.311920e+01    3.826002e-04
2.313141e+01    3.853237e-04
2.314363e+01    3.879061e-04
2.315584e+01    3.903407e-04
2.316805e+01    3.926416e-04
2.318026e+01    3.947789e-04
2.319248e+01    3.967682e-04
2.320469e+01    3.986142e-04
2.321690e+01    4.002976e-04
2.322912e+01    4.018270e-04
2.324133e+01    4.032026e-04
2.325354e+01    4.044217e-04
2.326575e+01    4.054830e-04
2.327797e+01    4.063808e-04
2.329018e+01    4.071284e-04
2.330239e+01    4.077009e-04
2.331461e+01    4.081182e-04
2.332682e+01    4.083745e-04
2.333903e+01    4.084700e-04
2.335125e+01    4.084001e-04
2.336346e+01    4.081658e-04
2.337567e+01    4.077722e-04
2.338788e+01    4.072154e-04
2.340010e+01    4.064891e-04
2.341231e+01    4.056056e-04
2.342452e+01    4.045590e-04
2.343674e+01    4.033457e-04
2.344895e+01    4.019746e-04
2.346116e+01    4.004443e-04
2.347338e+01    3.987421e-04
2.348559e+01    3.968917e-04
2.349780e+01    3.948791e-04
2.351002e+01    3.927012e-04
2.352223e+01    3.903756e-04
2.353444e+01    3.878943e-04
2.354665e+01    3.852556e-04
2.355887e+01    3.824591e-04
2.357108e+01    3.795151e-04
2.358329e+01    3.764229e-04
2.359550e+01    3.731744e-04
2.360772e+01    3.697869e-04
2.361993e+01    3.662481e-04
2.363214e+01    3.625684e-04
2.364436e+01    3.587478e-04
2.365657e+01    3.547866e-04
2.366878e+01    3.506895e-04
2.368100e+01    3.464558e-04
2.369321e+01    3.420912e-04
2.370542e+01    3.375914e-04
2.371764e+01    3.329733e-04
2.372985e+01    3.282166e-04
2.374206e+01    3.233480e-04
2.375427e+01    3.183574e-04
2.376649e+01    3.132527e-04
2.377870e+01    3.080166e-04
2.379091e+01    3.026786e-04
2.380313e+01    2.972301e-04
2.381534e+01    2.916774e-04
2.382755e+01    2.860231e-04
2.383977e+01    2.802644e-04
2.385198e+01    2.744148e-04
2.386419e+01    2.684612e-04
2.387640e+01    2.624237e-04
2.388862e+01    2.562919e-04
2.390083e+01    2.500731e-04
2.391304e+01    2.437810e-04
2.392526e+01    2.374066e-04
2.393747e+01    2.309593e-04
2.394968e+01    2.244375e-04
2.396189e+01    2.178467e-04
2.397411e+01    2.111940e-04
2.398632e+01    2.044832e-04
2.399854e+01    1.977019e-04
2.401075e+01    1.908650e-04
2.402296e+01    1.839893e-04
2.403517e+01    1.770611e-04
2.404739e+01    1.700837e-04
2.405960e+01    1.630655e-04
2.407181e+01    1.560072e-04
2.408403e+01    1.489219e-04
2.409624e+01    1.418028e-04
2.410845e+01    1.346482e-04
2.412066e+01    1.274792e-04
2.413288e+01    1.202756e-04
2.414509e+01    1.130611e-04
2.415730e+01    1.058324e-04
2.416952e+01    9.858669e-05
2.418173e+01    9.133707e-05
2.419394e+01    8.408382e-05
2.420616e+01    7.682751e-05
2.421837e+01    6.956958e-05
2.423058e+01    6.231994e-05
2.424279e+01    5.506135e-05
2.425501e+01    4.783686e-05
2.426722e+01    4.061707e-05
2.427943e+01    3.340714e-05
2.429165e+01    2.621638e-05
2.430386e+01    1.905757e-05
2.431607e+01    1.191927e-05
2.432829e+01    4.800982e-06
2.434050e+01    -2.281173e-06
2.435271e+01    -9.333293e-06
2.436492e+01    -1.634538e-05
2.437714e+01    -2.333174e-05
2.438935e+01    -3.026339e-05
2.440156e+01    -3.715925e-05
2.441378e+01    -4.400728e-05
2.442599e+01    -5.081226e-05
2.443820e+01    -5.756205e-05
2.445041e+01    -6.426568e-05
2.446263e+01    -7.091205e-05
2.447484e+01    -7.749801e-05
2.448705e+01    -8.404175e-05
2.449927e+01    -9.051029e-05
2.451148e+01    -9.693703e-05
2.452369e+01    -1.032676e-04
2.453591e+01    -1.095517e-04
2.454812e+01    -1.157688e-04
2.456033e+01    -1.219165e-04
2.457255e+01    -1.279915e-04
2.458476e+01    -1.339982e-04
2.459697e+01    -1.399320e-04
2.460918e+01    -1.457873e-04
2.462140e+01    -1.515695e-04
2.463361e+01    -1.572795e-04
2.464582e+01    -1.629000e-04
2.465804e+01    -1.684553e-04
2.467025e+01    -1.739262e-04
2.468246e+01    -1.793148e-04
2.469468e+01    -1.846183e-04
2.470689e+01    -1.898409e-04
2.471910e+01    -1.949826e-04
2.473131e+01    -2.000400e-04
2.474353e+01    -2.050129e-04
2.475574e+01    -2.098957e-04
2.476795e+01    -2.146976e-04
2.478017e+01    -2.194132e-04
2.479238e+01    -2.240372e-04
2.480459e+01    -2.285792e-04
2.481680e+01    -2.330342e-04
2.482902e+01    -2.373922e-04
2.484123e+01    -2.416736e-04
2.485344e+01    -2.458633e-04
2.486566e+01    -2.499649e-04
2.487787e+01    -2.539802e-04
2.489008e+01    -2.579031e-04
2.490230e+01    -2.617416e-04
2.491451e+01    -2.654895e-04
2.492672e+01    -2.691532e-04
2.493893e+01    -2.727233e-04
2.495115e+01    -2.762116e-04
2.496336e+01    -2.796110e-04
2.497557e+01    -2.829263e-04
2.498779e+01    -2.861451e-04
2.500000e+01    -2.892904e-04
