0.000000e+00    -2.194694e+00
1.221299e-02    -2.193244e+00
2.442599e-02    -2.188899e+00
3.663898e-02    -2.181676e+00
4.885198e-02    -2.171598e+00
6.106497e-02    -2.158701e+00
7.327797e-02    -2.143029e+00
8.549096e-02    -2.124638e+00
9.770396e-02    -2.103589e+00
1.099169e-01    -2.079957e+00
1.221299e-01    -2.053820e+00
1.343429e-01    -2.025269e+00
1.465559e-01    -1.994400e+00
1.587689e-01    -1.961317e+00
1.709819e-01    -1.926131e+00
1.831949e-01    -1.888958e+00
1.954079e-01    -1.849920e+00
2.076209e-01    -1.809146e+00
2.198339e-01    -1.766767e+00
2.320469e-01    -1.722918e+00
2.442599e-01    -1.677739e+00
2.564729e-01    -1.631370e+00
2.686859e-01    -1.583956e+00
2.808989e-01    -1.535641e+00
2.931119e-01    -1.486569e+00
3.053249e-01    -1.436887e+00
3.175378e-01    -1.386739e+00
3.297509e-01    -1.336268e+00
3.419639e-01    -1.285617e+00
3.541768e-01    -1.234925e+00
3.663898e-01    -1.184327e+00
3.786028e-01    -1.133959e+00
3.908158e-01    -1.083949e+00
4.030288e-01    -1.034421e+00
4.152418e-01    -9.854972e-01
4.274548e-01    -9.372919e-01
4.396678e-01    -8.899152e-01
4.518808e-01    -8.434712e-01
4.640938e-01    -7.980576e-01
4.763068e-01    -7.537662e-01
4.885198e-01    -7.106823e-01
5.007328e-01    -6.688845e-01
5.129458e-01    -6.284441e-01
5.251588e-01    -5.894263e-01
5.373718e-01    -5.518889e-01
5.495847e-01    -5.158826e-01
5.617977e-01    -4.814515e-01
5.740107e-01    -4.486325e-01
5.862237e-01    -4.174558e-01
5.984367e-01    -3.879449e-01
6.106497e-01    -3.601163e-01
6.228627e-01    -3.339806e-01
6.350757e-01    -3.095419e-01
6.472887e-01    -2.867981e-01
6.595017e-01    -2.657415e-01
6.717147e-01    -2.463588e-01
6.839277e-01    -2.286314e-01
6.961407e-01    -2.125355e-01
7.083537e-01    -1.980428e-01
7.205667e-01    -1.851203e-01
7.327797e-01    -1.737313e-01
7.449927e-01    -1.638349e-01
7.572057e-01    -1.553868e-01
7.694187e-01    -1.483399e-01
7.816316e-01    -1.426438e-01
7.938446e-01    -1.382460e-01
8.060576e-01    -1.350916e-01
8.182706e-01    -1.331240e-01
8.304836e-01    -1.322850e-01
8.426966e-01    -1.325153e-01
8.549096e-01    -1.337544e-01
8.671226e-01    -1.359415e-01
8.793356e-01    -1.390152e-01
8.915486e-01    -1.429144e-01
9.037616e-01    -1.475776e-01
9.159746e-01    -1.529444e-01
9.281876e-01    -1.589544e-01
9.404006e-01    -1.655485e-01
9.526136e-01    -1.726686e-01
9.648266e-01    -1.802577e-01
9.770396e-01    -1.882604e-01
9.892526e-01    -1.966229e-01
1.001466e+00    -2.052930e-01
1.013679e+00    -2.142204e-01
1.025892e+00    -2.233568e-01
1.038105e+00    -2.326560e-01
1.050318e+00    -2.420737e-01
1.062531e+00    -2.515682e-01
1.074744e+00    -2.610998e-01
1.086957e+00    -2.706311e-01
1.099169e+00    -2.801270e-01
1.111382e+00    -2.895550e-01
1.123595e+00    -2.988846e-01
1.135808e+00    -3.080879e-01
1.148021e+00    -3.171392e-01
1.160234e+00    -3.260150e-01
1.172447e+00    -3.346943e-01
1.184660e+00    -3.431580e-01
1.196873e+00    -3.513894e-01
1.209086e+00    -3.593736e-01
1.221299e+00    -3.670980e-01
1.233512e+00    -3.745518e-01
1.245725e+00    -3.817260e-01
1.257938e+00    -3.886136e-01
1.270151e+00    -3.952090e-01
1.282364e+00    -4.015085e-01
1.294577e+00    -4.075096e-01
1.306790e+00    -4.132115e-01
1.319003e+00    -4.186145e-01
1.331216e+00    -4.237202e-01
1.343429e+00    -4.285313e-01
1.355642e+00    -4.330518e-01
1.367855e+00    -4.372861e-01
1.380068e+00    -4.412400e-01
1.392281e+00    -4.449196e-01
1.404494e+00    -4.483321e-01
1.416707e+00    -4.514848e-01
1.428920e+00    -4.543859e-01
1.441133e+00    -4.570436e-01
1.453346e+00    -4.594670e-01
1.465559e+00    -4.616649e-01
1.477772e+00    -4.636467e-01
1.489985e+00    -4.654216e-01
1.502198e+00    -4.669990e-01
1.514411e+00    -4.683883e-01
1.526624e+00    -4.695989e-01
1.538837e+00    -4.706400e-01
1.551050e+00    -4.715207e-01
1.563263e+00    -4.722498e-01
1.575476e+00    -4.728360e-01
1.587689e+00    -4.732878e-01
1.599902e+00    -4.736129e-01
1.612115e+00    -4.738195e-01
1.624328e+00    -4.739147e-01
1.636541e+00    -4.739056e-01
1.648754e+00    -4.737988e-01
1.660967e+00    -4.736007e-01
1.673180e+00    -4.733171e-01
1.685393e+00    -4.729533e-01
1.697606e+00    -4.725145e-01
1.709819e+00    -4.720051e-01
1.722032e+00    -4.714295e-01
1.734245e+00    -4.707915e-01
1.746458e+00    -4.700944e-01
1.758671e+00    -4.693412e-01
1.770884e+00    -4.685347e-01
1.783097e+00    -4.676769e-01
1.795310e+00    -4.667700e-01
1.807523e+00    -4.658154e-01
1.819736e+00    -4.648146e-01
1.831949e+00    -4.637683e-01
1.844162e+00    -4.626774e-01
1.856375e+00    -4.615423e-01
1.868588e+00    -4.603631e-01
1.880801e+00    -4.591399e-01
1.893014e+00    -4.578724e-01
1.905227e+00    -4.565603e-01
1.917440e+00    -4.552028e-01
1.929653e+00    -4.537995e-01
1.941866e+00    -4.523494e-01
1.954079e+00    -4.508516e-01
1.966292e+00    -4.493051e-01
1.978505e+00    -4.477090e-01
1.990718e+00    -4.460620e-01
2.002931e+00    -4.443630e-01
2.015144e+00    -4.426109e-01
2.027357e+00    -4.408045e-01
2.039570e+00    -4.389427e-01
2.051783e+00    -4.370244e-01
2.063996e+00    -4.350487e-01
2.076209e+00    -4.330144e-01
2.088422e+00    -4.309207e-01
2.100635e+00    -4.287667e-01
2.112848e+00    -4.265518e-01
2.125061e+00    -4.242751e-01
2.137274e+00    -4.219362e-01
2.149487e+00    -4.195347e-01
2.161700e+00    -4.170701e-01
2.173913e+00    -4.145423e-01
2.186126e+00    -4.119512e-01
2.198339e+00    -4.092968e-01
2.210552e+00    -4.065793e-01
2.222765e+00    -4.037988e-01
2.234978e+00    -4.009559e-01
2.247191e+00    -3.980511e-01
2.259404e+00    -3.950849e-01
2.271617e+00    -3.920582e-01
2.283830e+00    -3.889719e-01
2.296043e+00    -3.858269e-01
2.308256e+00    -3.826244e-01
2.320469e+00    -3.793656e-01
2.332682e+00    -3.760518e-01
2.344895e+00    -3.726845e-01
2.357108e+00    -3.692651e-01
2.369321e+00    -3.657953e-01
2.381534e+00    -3.622767e-01
2.393747e+00    -3.587112e-01
2.405960e+00    -3.551004e-01
2.418173e+00    -3.514464e-01
2.430386e+00    -3.477511e-01
2.442599e+00    -3.440166e-01
2.454812e+00    -3.402448e-01
2.467025e+00    -3.364379e-01
2.479238e+00    -3.325979e-01
2.491451e+00    -3.287270e-01
2.503664e+00    -3.248275e-01
2.515877e+00    -3.209014e-01
2.528090e+00    -3.169511e-01
2.540303e+00    -3.129787e-01
2.552516e+00    -3.089864e-01
2.564729e+00    -3.049764e-01
2.576942e+00    -3.009509e-01
2.589155e+00    -2.969121e-01
2.601368e+00    -2.928621e-01
2.613581e+00    -2.888031e-01
2.625794e+00    -2.847372e-01
2.638007e+00    -2.806665e-01
2.650220e+00    -2.765930e-01
2.662433e+00    -2.725188e-01
2.674646e+00    -2.684456e-01
2.686859e+00    -2.643757e-01
2.699072e+00    -2.603108e-01
2.711285e+00    -2.562526e-01
2.723498e+00    -2.522032e-01
2.735711e+00    -2.481641e-01
2.747924e+00    -2.441372e-01
2.760137e+00    -2.401239e-01
2.772350e+00    -2.361260e-01
2.784563e+00    -2.321449e-01
2.796776e+00    -2.281822e-01
2.808989e+00    -2.242393e-01
2.821202e+00    -2.203174e-01
2.833415e+00    -2.164181e-01
2.845628e+00    -2.125426e-01
2.857841e+00    -2.086921e-01
2.870054e+00    -2.048677e-01
2.882267e+00    -2.010706e-01
2.894480e+00    -1.973019e-01
2.906693e+00    -1.935626e-01
2.918906e+00    -1.898536e-01
2.931119e+00    -1.861759e-01
2.943332e+00    -1.825304e-01
2.955545e+00    -1.789179e-01
2.967758e+00    -1.753393e-01
2.979971e+00    -1.717951e-01
2.992184e+00    -1.682863e-01
3.004397e+00    -1.648134e-01
3.016610e+00    -1.613770e-01
3.028823e+00    -1.579779e-01
3.041036e+00    -1.546165e-01
3.053249e+00    -1.512933e-01
3.065462e+00    -1.480089e-01
3.077675e+00    -1.447637e-01
3.089888e+00    -1.415581e-01
3.102101e+00    -1.383926e-01
3.114314e+00    -1.352675e-01
3.126527e+00    -1.321831e-01
3.138740e+00    -1.291398e-01
3.150953e+00    -1.261378e-01
3.163166e+00    -1.231774e-01
3.175379e+00    -1.202589e-01
3.187592e+00    -1.173824e-01
3.199805e+00    -1.145482e-01
3.212018e+00    -1.117565e-01
3.224231e+00    -1.090073e-01
3.236444e+00    -1.063008e-01
3.248657e+00    -1.036371e-01
3.260870e+00    -1.010164e-01
3.273082e+00    -9.843857e-02
3.285295e+00    -9.590381e-02
3.297508e+00    -9.341211e-02
3.309721e+00    -9.096351e-02
3.321934e+00    -8.855797e-02
3.334147e+00    -8.619551e-02
3.346360e+00    -8.387606e-02
3.358573e+00    -8.159959e-02
3.370786e+00    -7.936603e-02
3.382999e+00    -7.717529e-02
3.395212e+00    -7.502728e-02
3.407425e+00    -7.292186e-02
3.419638e+00    -7.085894e-02
3.431851e+00    -6.883834e-02
3.444064e+00    -6.685992e-02
3.456277e+00    -6.492348e-02
3.468490e+00    -6.302883e-02
3.480703e+00    -6.117577e-02
3.492916e+00    -5.936409e-02
3.505129e+00    -5.759352e-02
3.517342e+00    -5.586383e-02
3.529555e+00    -5.417475e-02
3.541768e+00    -5.252600e-02
3.553981e+00    -5.091728e-02
3.566194e+00    -4.934826e-02
3.578407e+00    -4.781864e-02
3.590620e+00    -4.632808e-02
3.602833e+00    -4.487622e-02
3.615046e+00    -4.346269e-02
3.627259e+00    -4.208712e-02
3.639472e+00    -4.074911e-02
3.651685e+00    -3.944824e-02
3.663898e+00    -3.818414e-02
3.676111e+00    -3.695633e-02
3.688324e+00    -3.576441e-02
3.700537e+00    -3.460788e-02
3.712750e+00    -3.348634e-02
3.724963e+00    -3.239926e-02
3.737176e+00    -3.134616e-02
3.749389e+00    -3.032657e-02
3.761602e+00    -2.933995e-02
3.773815e+00    -2.838581e-02
3.786028e+00    -2.746362e-02
3.798241e+00    -2.657285e-02
3.810454e+00    -2.571297e-02
3.822667e+00    -2.488340e-02
3.834880e+00    -2.408362e-02
3.847093e+00    -2.331305e-02
3.859306e+00    -2.257114e-02
3.871519e+00    -2.185730e-02
3.883732e+00    -2.117096e-02
3.895945e+00    -2.051156e-02
3.908158e+00    -1.987848e-02
3.920371e+00    -1.927116e-02
3.932584e+00    -1.868900e-02
3.944797e+00    -1.813141e-02
3.957010e+00    -1.759780e-02
3.969223e+00    -1.708757e-02
3.981436e+00    -1.660012e-02
3.993649e+00    -1.613487e-02
4.005862e+00    -1.569121e-02
4.018075e+00    -1.526856e-02
4.030288e+00    -1.486630e-02
4.042501e+00    -1.448388e-02
4.054714e+00    -1.412068e-02
4.066927e+00    -1.377614e-02
4.079140e+00    -1.344966e-02
4.091353e+00    -1.314068e-02
4.103566e+00    -1.284861e-02
4.115779e+00    -1.257289e-02
4.127992e+00    -1.231296e-02
4.140205e+00    -1.206827e-02
4.152418e+00    -1.183824e-02
4.164631e+00    -1.162236e-02
4.176844e+00    -1.142007e-02
4.189057e+00    -1.123085e-02
4.201270e+00    -1.105419e-02
4.213483e+00    -1.088954e-02
4.225696e+00    -1.073642e-02
4.237909e+00    -1.059432e-02
4.250122e+00    -1.046277e-02
4.262335e+00    -1.034124e-02
4.274548e+00    -1.022931e-02
4.286761e+00    -1.012650e-02
4.298974e+00    -1.003235e-02
4.311187e+00    -9.946410e-03
4.323400e+00    -9.868260e-03
4.335613e+00    -9.797467e-03
4.347826e+00    -9.733624e-03
4.360039e+00    -9.676322e-03
4.372252e+00    -9.625167e-03
4.384465e+00    -9.579780e-03
4.396678e+00    -9.539788e-03
4.408891e+00    -9.504821e-03
4.421104e+00    -9.474538e-03
4.433317e+00    -9.448592e-03
4.445530e+00    -9.426655e-03
4.457743e+00    -9.408408e-03
4.469956e+00    -9.393537e-03
4.482169e+00    -9.381754e-03
4.494382e+00    -9.372760e-03
4.506595e+00    -9.366281e-03
4.518808e+00    -9.362058e-03
4.531021e+00    -9.359827e-03
4.543234e+00    -9.359347e-03
4.555447e+00    -9.360379e-03
4.567660e+00    -9.362697e-03
4.579873e+00    -9.366087e-03
4.592086e+00    -9.370348e-03
4.604299e+00    -9.375282e-03
4.616512e+00    -9.380702e-03
4.628725e+00    -9.386438e-03
4.640938e+00    -9.392316e-03
4.653151e+00    -9.398187e-03
4.665364e+00    -9.403900e-03
4.677577e+00    -9.409314e-03
4.689790e+00    -9.414306e-03
4.702003e+00    -9.418756e-03
4.714216e+00    -9.422544e-03
4.726429e+00    -9.425573e-03
4.738642e+00    -9.427748e-03
4.750855e+00    -9.428982e-03
4.763068e+00    -9.429188e-03
4.775281e+00    -9.428308e-03
4.787494e+00    -9.426264e-03
4.799707e+00    -9.423014e-03
4.811920e+00    -9.418503e-03
4.824133e+00    -9.412687e-03
4.836346e+00    -9.405530e-03
4.848559e+00    -9.397006e-03
4.860772e+00    -9.387091e-03
4.872985e+00    -9.375768e-03
4.885198e+00    -9.363032e-03
4.897411e+00    -9.348875e-03
4.909624e+00    -9.333291e-03
4.921837e+00    -9.316295e-03
4.934050e+00    -9.297904e-03
4.946263e+00    -9.278122e-03
4.958476e+00    -9.256983e-03
4.970689e+00    -9.234499e-03
4.982902e+00    -9.210714e-03
4.995115e+00    -9.185654e-03
5.007328e+00    -9.159358e-03
5.019541e+00    -9.131874e-03
5.031754e+00    -9.103245e-03
5.043967e+00    -9.073514e-03
5.056180e+00    -9.042743e-03
5.068393e+00    -9.010977e-03
5.080606e+00    -8.978281e-03
5.092819e+00    -8.944716e-03
5.105031e+00    -8.910343e-03
5.117245e+00    -8.875220e-03
5.129457e+00    -8.839425e-03
5.141671e+00    -8.803018e-03
5.153883e+00    -8.766072e-03
5.166097e+00    -8.728653e-03
5.178309e+00    -8.690850e-03
5.190523e+00    -8.652722e-03
5.202735e+00    -8.614343e-03
5.214949e+00    -8.575794e-03
5.227162e+00    -8.537144e-03
5.239375e+00    -8.498478e-03
5.251588e+00    -8.459860e-03
5.263801e+00    -8.421380e-03
5.276014e+00    -8.383098e-03
5.288227e+00    -8.345103e-03
5.300440e+00    -8.307463e-03
5.312653e+00    -8.270249e-03
5.324866e+00    -8.233543e-03
5.337079e+00    -8.197409e-03
5.349292e+00    -8.161922e-03
5.361505e+00    -8.127154e-03
5.373718e+00    -8.093168e-03
5.385931e+00    -8.060033e-03
5.398144e+00    -8.027829e-03
5.410357e+00    -7.996586e-03
5.422570e+00    -7.966396e-03
5.434783e+00    -7.937311e-03
5.446996e+00    -7.909385e-03
5.459208e+00    -7.882677e-03
5.471422e+00    -7.857240e-03
5.483634e+00    -7.833123e-03
5.495848e+00    -7.810379e-03
5.508060e+00    -7.789053e-03
5.520274e+00    -7.769183e-03
5.532486e+00    -7.750819e-03
5.544700e+00    -7.733995e-03
5.556912e+00    -7.718745e-03
5.569126e+00    -7.705103e-03
5.581338e+00    -7.693100e-03
5.593552e+00    -7.682762e-03
5.605764e+00    -7.674115e-03
5.617978e+00    -7.667180e-03
5.630190e+00    -7.661969e-03
5.642404e+00    -7.658500e-03
5.654616e+00    -7.656788e-03
5.666830e+00    -7.656838e-03
5.679042e+00    -7.658665e-03
5.691256e+00    -7.662257e-03
5.703468e+00    -7.667619e-03
5.715682e+00    -7.674761e-03
5.727894e+00    -7.683654e-03
5.740108e+00    -7.694304e-03
5.752320e+00    -7.706693e-03
5.764534e+00    -7.720806e-03
5.776746e+00    -7.736620e-03
5.788960e+00    -7.754121e-03
5.801172e+00    -7.773281e-03
5.813385e+00    -7.794064e-03
5.825598e+00    -7.816454e-03
5.837811e+00    -7.840411e-03
5.850024e+00    -7.865899e-03
5.862237e+00    -7.892880e-03
5.874450e+00    -7.921310e-03
5.886663e+00    -7.951150e-03
5.898876e+00    -7.982358e-03
5.911089e+00    -8.014863e-03
5.923302e+00    -8.048636e-03
5.935515e+00    -8.083617e-03
5.947728e+00    -8.119748e-03
5.959941e+00    -8.156976e-03
5.972154e+00    -8.195231e-03
5.984367e+00    -8.234465e-03
5.996580e+00    -8.274600e-03
6.008793e+00    -8.315581e-03
6.021006e+00    -8.357336e-03
6.033219e+00    -8.399795e-03
6.045432e+00    -8.442886e-03
6.057645e+00    -8.486548e-03
6.069858e+00    -8.530691e-03
6.082071e+00    -8.575253e-03
6.094284e+00    -8.620149e-03
6.106497e+00    -8.665312e-03
6.118710e+00    -8.710658e-03
6.130923e+00    -8.756110e-03
6.143136e+00    -8.801584e-03
6.155349e+00    -8.847007e-03
6.167562e+00    -8.892292e-03
6.179775e+00    -8.937366e-03
6.191988e+00    -8.982138e-03
6.204201e+00    -9.026533e-03
6.216414e+00    -9.070467e-03
6.228627e+00    -9.113859e-03
6.240840e+00    -9.156625e-03
6.253053e+00    -9.198688e-03
6.265266e+00    -9.239959e-03
6.277479e+00    -9.280362e-03
6.289692e+00    -9.319819e-03
6.301905e+00    -9.358237e-03
6.314118e+00    -9.395560e-03
6.326331e+00    -9.431684e-03
6.338544e+00    -9.466548e-03
6.350757e+00    -9.500066e-03
6.362970e+00    -9.532170e-03
6.375183e+00    -9.562777e-03
6.387396e+00    -9.591822e-03
6.399609e+00    -9.619216e-03
6.411822e+00    -9.644913e-03
6.424035e+00    -9.668824e-03
6.436248e+00    -9.690887e-03
6.448461e+00    -9.711034e-03
6.460674e+00    -9.729200e-03
6.472887e+00    -9.745331e-03
6.485100e+00    -9.759353e-03
6.497313e+00    -9.771208e-03
6.509526e+00    -9.780846e-03
6.521739e+00    -9.788208e-03
6.533952e+00    -9.793236e-03
6.546165e+00    -9.795884e-03
6.558378e+00    -9.796101e-03
6.570591e+00    -9.793838e-03
6.582804e+00    -9.789052e-03
6.595017e+00    -9.781701e-03
6.607230e+00    -9.771740e-03
6.619443e+00    -9.759141e-03
6.631656e+00    -9.743862e-03
6.643869e+00    -9.725865e-03
6.656082e+00    -9.705124e-03
6.668295e+00    -9.681618e-03
6.680508e+00    -9.655314e-03
6.692721e+00    -9.626187e-03
6.704934e+00    -9.594234e-03
6.717147e+00    -9.559394e-03
6.729360e+00    -9.521694e-03
6.741573e+00    -9.481108e-03
6.753786e+00    -9.437625e-03
6.765999e+00    -9.391239e-03
6.778212e+00    -9.341943e-03
6.790425e+00    -9.289738e-03
6.802638e+00    -9.234616e-03
6.814851e+00    -9.176591e-03
6.827064e+00    -9.115659e-03
6.839277e+00    -9.051835e-03
6.851490e+00    -8.985125e-03
6.863703e+00    -8.915545e-03
6.875916e+00    -8.843114e-03
6.888129e+00    -8.767840e-03
6.900342e+00    -8.689750e-03
6.912555e+00    -8.608869e-03
6.924768e+00    -8.525216e-03
6.936981e+00    -8.438829e-03
6.949194e+00    -8.349724e-03
6.961407e+00    -8.257951e-03
6.973620e+00    -8.163527e-03
6.985833e+00    -8.066501e-03
6.998046e+00    -7.966906e-03
7.010259e+00    -7.864785e-03
7.022472e+00    -7.760182e-03
7.034685e+00    -7.653144e-03
7.046898e+00    -7.543710e-03
7.059111e+00    -7.431944e-03
7.071324e+00    -7.317881e-03
7.083537e+00    -7.201586e-03
7.095750e+00    -7.083123e-03
7.107963e+00    -6.962500e-03
7.120176e+00    -6.839824e-03
7.132389e+00    -6.715145e-03
7.144602e+00    -6.588511e-03
7.156815e+00    -6.459995e-03
7.169028e+00    -6.329657e-03
7.181241e+00    -6.197565e-03
7.193454e+00    -6.063777e-03
7.205667e+00    -5.928372e-03
7.217880e+00    -5.791409e-03
7.230093e+00    -5.652964e-03
7.242306e+00    -5.513102e-03
7.254519e+00    -5.371901e-03
7.266732e+00    -5.229426e-03
7.278944e+00    -5.085757e-03
7.291158e+00    -4.940957e-03
7.303371e+00    -4.795109e-03
7.315584e+00    -4.648290e-03
7.327797e+00    -4.500566e-03
7.340010e+00    -4.352027e-03
7.352223e+00    -4.202726e-03
7.364436e+00    -4.052763e-03
7.376649e+00    -3.902198e-03
7.388862e+00    -3.751115e-03
7.401075e+00    -3.599590e-03
7.413288e+00    -3.447693e-03
7.425501e+00    -3.295501e-03
7.437714e+00    -3.143105e-03
7.449927e+00    -2.990562e-03
7.462140e+00    -2.837957e-03
7.474353e+00    -2.685356e-03
7.486566e+00    -2.532850e-03
7.498779e+00    -2.380494e-03
7.510992e+00    -2.228378e-03
7.523205e+00    -2.076562e-03
7.535418e+00    -1.925128e-03
7.547631e+00    -1.774136e-03
7.559844e+00    -1.623669e-03
7.572057e+00    -1.473781e-03
7.584270e+00    -1.324560e-03
7.596483e+00    -1.176057e-03
7.608696e+00    -1.028348e-03
7.620909e+00    -8.814945e-04
7.633121e+00    -7.355671e-04
7.645335e+00    -5.906142e-04
7.657547e+00    -4.467149e-04
7.669761e+00    -3.039181e-04
7.681973e+00    -1.622899e-04
7.694187e+00    -2.188374e-05
7.706399e+00    1.172324e-04
7.718613e+00    2.550305e-04
7.730825e+00    3.914276e-04
7.743039e+00    5.263911e-04
7.755251e+00    6.598551e-04
7.767465e+00    7.917861e-04
7.779677e+00    9.221241e-04
7.791891e+00    1.050835e-03
7.804103e+00    1.177856e-03
7.816317e+00    1.303171e-03
7.828529e+00    1.426714e-03
7.840743e+00    1.548465e-03
7.852955e+00    1.668374e-03
7.865169e+00    1.786414e-03
7.877381e+00    1.902545e-03
7.889595e+00    2.016744e-03
7.901807e+00    2.128974e-03
7.914021e+00    2.239203e-03
7.926233e+00    2.347406e-03
7.938447e+00    2.453567e-03
7.950659e+00    2.557648e-03
7.962873e+00    2.659647e-03
7.975085e+00    2.759530e-03
7.987298e+00    2.857283e-03
7.999511e+00    2.952883e-03
8.011724e+00    3.046333e-03
8.023937e+00    3.137605e-03
8.036150e+00    3.226692e-03
8.048364e+00    3.313592e-03
8.060576e+00    3.398288e-03
8.072789e+00    3.480778e-03
8.085002e+00    3.561059e-03
8.097216e+00    3.639135e-03
8.109428e+00    3.714988e-03
8.121641e+00    3.788634e-03
8.133854e+00    3.860068e-03
8.146068e+00    3.929305e-03
8.158280e+00    3.996334e-03
8.170493e+00    4.061173e-03
8.182706e+00    4.123824e-03
8.194920e+00    4.184311e-03
8.207132e+00    4.242628e-03
8.219345e+00    4.298795e-03
8.231558e+00    4.352828e-03
8.243772e+00    4.404742e-03
8.255984e+00    4.454549e-03
8.268197e+00    4.502269e-03
8.280410e+00    4.547923e-03
8.292624e+00    4.591536e-03
8.304836e+00    4.633114e-03
8.317049e+00    4.672693e-03
8.329262e+00    4.710289e-03
8.341475e+00    4.745934e-03
8.353688e+00    4.779644e-03
8.365901e+00    4.811452e-03
8.378115e+00    4.841384e-03
8.390327e+00    4.869461e-03
8.402540e+00    4.895729e-03
8.414753e+00    4.920185e-03
8.426967e+00    4.942893e-03
8.439179e+00    4.963862e-03
8.451392e+00    4.983134e-03
8.463605e+00    5.000735e-03
8.475819e+00    5.016702e-03
8.488031e+00    5.031066e-03
8.500244e+00    5.043857e-03
8.512457e+00    5.055109e-03
8.524671e+00    5.064855e-03
8.536883e+00    5.073138e-03
8.549096e+00    5.079980e-03
8.561309e+00    5.085421e-03
8.573523e+00    5.089496e-03
8.585735e+00    5.092237e-03
8.597948e+00    5.093692e-03
8.610161e+00    5.093862e-03
8.622375e+00    5.092814e-03
8.634587e+00    5.090571e-03
8.646800e+00    5.087170e-03
8.659013e+00    5.082642e-03
8.671227e+00    5.077025e-03
8.683439e+00    5.070345e-03
8.695652e+00    5.062644e-03
8.707865e+00    5.053951e-03
8.720078e+00    5.044308e-03
8.732291e+00    5.033733e-03
8.744504e+00    5.022265e-03
8.756717e+00    5.009939e-03
8.768930e+00    4.996781e-03
8.781143e+00    4.982823e-03
8.793356e+00    4.968098e-03
8.805569e+00    4.952633e-03
8.817782e+00    4.936455e-03
8.829995e+00    4.919598e-03
8.842208e+00    4.902092e-03
8.854421e+00    4.883954e-03
8.866634e+00    4.865216e-03
8.878847e+00    4.845908e-03
8.891060e+00    4.826052e-03
8.903273e+00    4.805678e-03
8.915486e+00    4.784790e-03
8.927699e+00    4.763432e-03
8.939912e+00    4.741618e-03
8.952125e+00    4.719371e-03
8.964338e+00    4.696711e-03
8.976551e+00    4.673660e-03
8.988764e+00    4.650231e-03
9.000977e+00    4.626457e-03
9.013190e+00    4.602329e-03
9.025403e+00    4.577891e-03
9.037616e+00    4.553142e-03
9.049829e+00    4.528107e-03
9.062042e+00    4.502784e-03
9.074255e+00    4.477205e-03
9.086468e+00    4.451370e-03
9.098680e+00    4.425295e-03
9.110894e+00    4.398990e-03
9.123107e+00    4.372465e-03
9.135320e+00    4.345729e-03
9.147532e+00    4.318788e-03
9.159746e+00    4.291653e-03
9.171959e+00    4.264328e-03
9.184172e+00    4.236817e-03
9.196384e+00    4.209129e-03
9.208598e+00    4.181261e-03
9.220811e+00    4.153222e-03
9.233024e+00    4.125017e-03
9.245236e+00    4.096644e-03
9.257450e+00    4.068104e-03
9.269663e+00    4.039396e-03
9.281876e+00    4.010523e-03
9.294088e+00    3.981482e-03
9.306302e+00    3.952272e-03
9.318515e+00    3.922894e-03
9.330728e+00    3.893342e-03
9.342940e+00    3.863608e-03
9.355154e+00    3.833692e-03
9.367367e+00    3.803596e-03
9.379580e+00    3.773305e-03
9.391793e+00    3.742817e-03
9.404006e+00    3.712127e-03
9.416219e+00    3.681232e-03
9.428432e+00    3.650117e-03
9.440645e+00    3.618778e-03
9.452858e+00    3.587211e-03
9.465071e+00    3.555406e-03
9.477283e+00    3.523353e-03
9.489497e+00    3.491043e-03
9.501710e+00    3.458467e-03
9.513923e+00    3.425621e-03
9.526135e+00    3.392490e-03
9.538349e+00    3.359065e-03
9.550562e+00    3.325345e-03
9.562775e+00    3.291307e-03
9.574987e+00    3.256947e-03
9.587201e+00    3.222259e-03
9.599414e+00    3.187232e-03
9.611627e+00    3.151850e-03
9.623839e+00    3.116109e-03
9.636053e+00    3.079995e-03
9.648266e+00    3.043499e-03
9.660479e+00    3.006619e-03
9.672691e+00    2.969336e-03
9.684905e+00    2.931642e-03
9.697118e+00    2.893532e-03
9.709331e+00    2.854992e-03
9.721543e+00    2.816021e-03
9.733757e+00    2.776599e-03
9.745970e+00    2.736731e-03
9.758183e+00    2.696399e-03
9.770395e+00    2.655601e-03
9.782609e+00    2.614321e-03
9.794822e+00    2.572564e-03
9.807034e+00    2.530320e-03
9.819247e+00    2.487578e-03
9.831461e+00    2.444333e-03
9.843674e+00    2.400585e-03
9.855886e+00    2.356329e-03
9.868099e+00    2.311557e-03
9.880313e+00    2.266267e-03
9.892526e+00    2.220456e-03
9.904738e+00    2.174125e-03
9.916951e+00    2.127260e-03
9.929165e+00    2.079868e-03
9.941378e+00    2.031948e-03
9.953590e+00    1.983503e-03
9.965803e+00    1.934531e-03
9.978017e+00    1.885026e-03
9.990230e+00    1.834998e-03
1.000244e+01    1.784447e-03
1.001466e+01    1.733374e-03
1.002687e+01    1.681783e-03
1.003908e+01    1.629679e-03
1.005129e+01    1.577068e-03
1.006351e+01    1.523956e-03
1.007572e+01    1.470344e-03
1.008793e+01    1.416244e-03
1.010015e+01    1.361645e-03
1.011236e+01    1.306607e-03
1.012457e+01    1.251078e-03
1.013679e+01    1.195105e-03
1.014900e+01    1.138682e-03
1.016121e+01    1.081827e-03
1.017342e+01    1.024543e-03
1.018564e+01    9.668547e-04
1.019785e+01    9.087616e-04
1.021006e+01    8.502952e-04
1.022228e+01    7.914496e-04
1.023449e+01    7.322536e-04
1.024670e+01    6.727162e-04
1.025891e+01    6.128569e-04
1.027113e+01    5.526838e-04
1.028334e+01    4.922310e-04
1.029555e+01    4.314944e-04
1.030777e+01    3.705155e-04
1.031998e+01    3.092969e-04
1.033219e+01    2.478634e-04
1.034441e+01    1.862403e-04
1.035662e+01    1.244382e-04
1.036883e+01    6.248034e-05
1.038105e+01    3.953201e-07
1.039326e+01    -6.180360e-05
1.040547e+01    -1.240877e-04
1.041768e+01    -1.864381e-04
1.042990e+01    -2.488277e-04
1.044211e+01    -3.112363e-04
1.045432e+01    -3.736409e-04
1.046654e+01    -4.360104e-04
1.047875e+01    -4.983260e-04
1.049096e+01    -5.605676e-04
1.050318e+01    -6.226944e-04
1.051539e+01    -6.846985e-04
1.052760e+01    -7.465403e-04
1.053981e+01    -8.082006e-04
1.055203e+01    -8.696598e-04
1.056424e+01    -9.308791e-04
1.057645e+01    -9.918386e-04
1.058867e+01    -1.052508e-03
1.060088e+01    -1.112866e-03
1.061309e+01    -1.172890e-03
1.062531e+01    -1.232538e-03
1.063752e+01    -1.291800e-03
1.064973e+01    -1.350643e-03
1.066194e+01    -1.409035e-03
1.067416e+01    -1.466954e-03
1.068637e+01    -1.524376e-03
1.069858e+01    -1.581277e-03
1.071080e+01    -1.637619e-03
1.072301e+01    -1.693386e-03
1.073522e+01    -1.748548e-03
1.074744e+01    -1.803085e-03
1.075965e+01    -1.856968e-03
1.077186e+01    -1.910171e-03
1.078407e+01    -1.962668e-03
1.079629e+01    -2.014437e-03
1.080850e+01    -2.065457e-03
1.082071e+01    -2.115698e-03
1.083293e+01    -2.165139e-03
1.084514e+01    -2.213766e-03
1.085735e+01    -2.261542e-03
1.086957e+01    -2.308448e-03
1.088178e+01    -2.354468e-03
1.089399e+01    -2.399582e-03
1.090620e+01    -2.443762e-03
1.091842e+01    -2.486990e-03
1.093063e+01    -2.529251e-03
1.094284e+01    -2.570523e-03
1.095506e+01    -2.610787e-03
1.096727e+01    -2.650027e-03
1.097948e+01    -2.688220e-03
1.099170e+01    -2.725357e-03
1.100391e+01    -2.761423e-03
1.101612e+01    -2.796393e-03
1.102833e+01    -2.830261e-03
1.104055e+01    -2.863012e-03
1.105276e+01    -2.894627e-03
1.106497e+01    -2.925099e-03
1.107719e+01    -2.954416e-03
1.108940e+01    -2.982565e-03
1.110161e+01    -3.009534e-03
1.111382e+01    -3.035318e-03
1.112604e+01    -3.059906e-03
1.113825e+01    -3.083289e-03
1.115046e+01    -3.105461e-03
1.116268e+01    -3.126411e-03
1.117489e+01    -3.146138e-03
1.118710e+01    -3.164642e-03
1.119932e+01    -3.181905e-03
1.121153e+01    -3.197934e-03
1.122374e+01    -3.212725e-03
1.123596e+01    -3.226273e-03
1.124817e+01    -3.238579e-03
1.126038e+01    -3.249644e-03
1.127259e+01    -3.259465e-03
1.128481e+01    -3.268046e-03
1.129702e+01    -3.275387e-03
1.130923e+01    -3.281493e-03
1.132145e+01    -3.286368e-03
1.133366e+01    -3.290015e-03
1.134587e+01    -3.292440e-03
1.135808e+01    -3.293650e-03
1.137030e+01    -3.293649e-03
1.138251e+01    -3.292444e-03
1.139472e+01    -3.290044e-03
1.140694e+01    -3.286463e-03
1.141915e+01    -3.281702e-03
1.143136e+01    -3.275778e-03
1.144358e+01    -3.268699e-03
1.145579e+01    -3.260478e-03
1.146800e+01    -3.251125e-03
1.148022e+01    -3.240655e-03
1.149243e+01    -3.229084e-03
1.150464e+01    -3.216421e-03
1.151685e+01    -3.202684e-03
1.152907e+01    -3.187889e-03
1.154128e+01    -3.172052e-03
1.155349e+01    -3.155187e-03
1.156571e+01    -3.137313e-03
1.157792e+01    -3.118450e-03
1.159013e+01    -3.098611e-03
1.160234e+01    -3.077827e-03
1.161456e+01    -3.056091e-03
1.162677e+01    -3.033450e-03
1.163898e+01    -3.009911e-03
1.165120e+01    -2.985497e-03
1.166341e+01    -2.960231e-03
1.167562e+01    -2.934134e-03
1.168784e+01    -2.907224e-03
1.170005e+01    -2.879523e-03
1.171226e+01    -2.851058e-03
1.172447e+01    -2.821849e-03
1.173669e+01    -2.791923e-03
1.174890e+01    -2.761296e-03
1.176111e+01    -2.729993e-03
1.177333e+01    -2.698041e-03
1.178554e+01    -2.665462e-03
1.179775e+01    -2.632277e-03
1.180997e+01    -2.598522e-03
1.182218e+01    -2.564205e-03
1.183439e+01    -2.529362e-03
1.184660e+01    -2.494013e-03
1.185882e+01    -2.458183e-03
1.187103e+01    -2.421894e-03
1.188324e+01    -2.385174e-03
1.189546e+01    -2.348051e-03
1.190767e+01    -2.310540e-03
1.191988e+01    -2.272676e-03
1.193210e+01    -2.234476e-03
1.194431e+01    -2.195968e-03
1.195652e+01    -2.157173e-03
1.196873e+01    -2.118120e-03
1.198095e+01    -2.078830e-03
1.199316e+01    -2.039330e-03
1.200537e+01    -1.999637e-03
1.201759e+01    -1.959774e-03
1.202980e+01    -1.919781e-03
1.204201e+01    -1.879667e-03
1.205423e+01    -1.839453e-03
1.206644e+01    -1.799167e-03
1.207865e+01    -1.758830e-03
1.209086e+01    -1.718465e-03
1.210308e+01    -1.678079e-03
1.211529e+01    -1.637732e-03
1.212750e+01    -1.597410e-03
1.213972e+01    -1.557142e-03
1.215193e+01    -1.516947e-03
1.216414e+01    -1.476853e-03
1.217636e+01    -1.436874e-03
1.218857e+01    -1.397037e-03
1.220078e+01    -1.357336e-03
1.221299e+01    -1.317819e-03
1.222521e+01    -1.278489e-03
1.223742e+01    -1.239368e-03
1.224963e+01    -1.200468e-03
1.226185e+01    -1.161812e-03
1.227406e+01    -1.123410e-03
1.228627e+01    -1.085280e-03
1.229849e+01    -1.047441e-03
1.231070e+01    -1.009894e-03
1.232291e+01    -9.726706e-04
1.233512e+01    -9.357790e-04
1.234734e+01    -8.992158e-04
1.235955e+01    -8.630169e-04
1.237176e+01    -8.271847e-04
1.238398e+01    -7.917290e-04
1.239619e+01    -7.566593e-04
1.240840e+01    -7.219932e-04
1.242062e+01    -6.877308e-04
1.243283e+01    -6.538871e-04
1.244504e+01    -6.204729e-04
1.245725e+01    -5.874929e-04
1.246947e+01    -5.549559e-04
1.248168e+01    -5.228686e-04
1.249389e+01    -4.912501e-04
1.250611e+01    -4.600696e-04
1.251832e+01    -4.293689e-04
1.253053e+01    -3.991420e-04
1.254275e+01    -3.693947e-04
1.255496e+01    -3.401303e-04
1.256717e+01    -3.113453e-04
1.257938e+01    -2.830543e-04
1.259160e+01    -2.552551e-04
1.260381e+01    -2.279426e-04
1.261602e+01    -2.011363e-04
1.262824e+01    -1.748176e-04
1.264045e+01    -1.489956e-04
1.265266e+01    -1.236737e-04
1.266488e+01    -9.884570e-05
1.267709e+01    -7.451469e-05
1.268930e+01    -5.068130e-05
1.270151e+01    -2.733971e-05
1.271373e+01    -4.485222e-06
1.272594e+01    1.787670e-05
1.273815e+01    3.975254e-05
1.275037e+01    6.114954e-05
1.276258e+01    8.206063e-05
1.277479e+01    1.024952e-04
1.278701e+01    1.224607e-04
1.279922e+01    1.419634e-04
1.281143e+01    1.609946e-04
1.282364e+01    1.795733e-04
1.283586e+01    1.976971e-04
1.284807e+01    2.153768e-04
1.286028e+01    2.326145e-04
1.287250e+01    2.494199e-04
1.288471e+01    2.657925e-04
1.289692e+01    2.817486e-04
1.290914e+01    2.972913e-04
1.292135e+01    3.124191e-04
1.293356e+01    3.271515e-04
1.294577e+01    3.414883e-04
1.295799e+01    3.554439e-04
1.297020e+01    3.690159e-04
1.298241e+01    3.822237e-04
1.299463e+01    3.950655e-04
1.300684e+01    4.075548e-04
1.301905e+01    4.196964e-04
1.303127e+01    4.315001e-04
1.304348e+01    4.429806e-04
1.305569e+01    4.541324e-04
1.306790e+01    4.649691e-04
1.308012e+01    4.755083e-04
1.309233e+01    4.857492e-04
1.310454e+01    4.957044e-04
1.311676e+01    5.053750e-04
1.312897e+01    5.147801e-04
1.314118e+01    5.239163e-04
1.315340e+01    5.328009e-04
1.316561e+01    5.414406e-04
1.317782e+01    5.498385e-04
1.319003e+01    5.580038e-04
1.320225e+01    5.659501e-04
1.321446e+01    5.736887e-04
1.322667e+01    5.812136e-04
1.323889e+01    5.885389e-04
1.325110e+01    5.956717e-04
1.326331e+01    6.026223e-04
1.327553e+01    6.093968e-04
1.328774e+01    6.159955e-04
1.329995e+01    6.224316e-04
1.331216e+01    6.287148e-04
1.332438e+01    6.348458e-04
1.333659e+01    6.408303e-04
1.334880e+01    6.466750e-04
1.336102e+01    6.523897e-04
1.337323e+01    6.579761e-04
1.338544e+01    6.634418e-04
1.339766e+01    6.687971e-04
1.340987e+01    6.740278e-04
1.342208e+01    6.791641e-04
1.343429e+01    6.841938e-04
1.344651e+01    6.891254e-04
1.345872e+01    6.939657e-04
1.347093e+01    6.987145e-04
1.348315e+01    7.033759e-04
1.349536e+01    7.079545e-04
1.350757e+01    7.124537e-04
1.351978e+01    7.168780e-04
1.353200e+01    7.212219e-04
1.354421e+01    7.254996e-04
1.355642e+01    7.297014e-04
1.356864e+01    7.338375e-04
1.358085e+01    7.379092e-04
1.359306e+01    7.419078e-04
1.360528e+01    7.458442e-04
1.361749e+01    7.497207e-04
1.362970e+01    7.535301e-04
1.364192e+01    7.572788e-04
1.365413e+01    7.609611e-04
1.366634e+01    7.645827e-04
1.367855e+01    7.681412e-04
1.369077e+01    7.716336e-04
1.370298e+01    7.750643e-04
1.371519e+01    7.784279e-04
1.372741e+01    7.817179e-04
1.373962e+01    7.849394e-04
1.375183e+01    7.880920e-04
1.376404e+01    7.911774e-04
1.377626e+01    7.941814e-04
1.378847e+01    7.971107e-04
1.380068e+01    7.999644e-04
1.381290e+01    8.027288e-04
1.382511e+01    8.054122e-04
1.383732e+01    8.080075e-04
1.384954e+01    8.105119e-04
1.386175e+01    8.129248e-04
1.387396e+01    8.152373e-04
1.388618e+01    8.174508e-04
1.389839e+01    8.195554e-04
1.391060e+01    8.215549e-04
1.392281e+01    8.234417e-04
1.393503e+01    8.252132e-04
1.394724e+01    8.268638e-04
1.395945e+01    8.283910e-04
1.397167e+01    8.297896e-04
1.398388e+01    8.310548e-04
1.399609e+01    8.321905e-04
1.400830e+01    8.331724e-04
1.402052e+01    8.340150e-04
1.403273e+01    8.347059e-04
1.404494e+01    8.352459e-04
1.405716e+01    8.356260e-04
1.406937e+01    8.358426e-04
1.408158e+01    8.358934e-04
1.409380e+01    8.357696e-04
1.410601e+01    8.354774e-04
1.411822e+01    8.349979e-04
1.413043e+01    8.343367e-04
1.414265e+01    8.334861e-04
1.415486e+01    8.324443e-04
1.416707e+01    8.312056e-04
1.417929e+01    8.297661e-04
1.419150e+01    8.281293e-04
1.420371e+01    8.262710e-04
1.421593e+01    8.242067e-04
1.422814e+01    8.219310e-04
1.424035e+01    8.194320e-04
1.425256e+01    8.167159e-04
1.426478e+01    8.137696e-04
1.427699e+01    8.106000e-04
1.428920e+01    8.071996e-04
1.430142e+01    8.035631e-04
1.431363e+01    7.996929e-04
1.432584e+01    7.955836e-04
1.433806e+01    7.912336e-04
1.435027e+01    7.866430e-04
1.436248e+01    7.818071e-04
1.437469e+01    7.767265e-04
1.438691e+01    7.713985e-04
1.439912e+01    7.658202e-04
1.441133e+01    7.599955e-04
1.442355e+01    7.539190e-04
1.443576e+01    7.475929e-04
1.444797e+01    7.410154e-04
1.446019e+01    7.341844e-04
1.447240e+01    7.271043e-04
1.448461e+01    7.197757e-04
1.449682e+01    7.121930e-04
1.450904e+01    7.043638e-04
1.452125e+01    6.962840e-04
1.453346e+01    6.879570e-04
1.454568e+01    6.793874e-04
1.455789e+01    6.705734e-04
1.457010e+01    6.615112e-04
1.458232e+01    6.522146e-04
1.459453e+01    6.426776e-04
1.460674e+01    6.329067e-04
1.461895e+01    6.229038e-04
1.463117e+01    6.126740e-04
1.464338e+01    6.022163e-04
1.465559e+01    5.915360e-04
1.466781e+01    5.806388e-04
1.468002e+01    5.695249e-04
1.469223e+01    5.582061e-04
1.470445e+01    5.466756e-04
1.471666e+01    5.349424e-04
1.472887e+01    5.230199e-04
1.474109e+01    5.108989e-04
1.475330e+01    4.985995e-04
1.476551e+01    4.861159e-04
1.477772e+01    4.734585e-04
1.478994e+01    4.606296e-04
1.480215e+01    4.476378e-04
1.481436e+01    4.344945e-04
1.482658e+01    4.212010e-04
1.483879e+01    4.077576e-04
1.485100e+01    3.941823e-04
1.486321e+01    3.804722e-04
1.487543e+01    3.666451e-04
1.488764e+01    3.526935e-04
1.489985e+01    3.386437e-04
1.491207e+01    3.244882e-04
1.492428e+01    3.102403e-04
1.493649e+01    2.959007e-04
1.494871e+01    2.814894e-04
1.496092e+01    2.670098e-04
1.497313e+01    2.524594e-04
1.498534e+01    2.378563e-04
1.499756e+01    2.232069e-04
1.500977e+01    2.085274e-04
1.502198e+01    1.938138e-04
1.503420e+01    1.790792e-04
1.504641e+01    1.643306e-04
1.505862e+01    1.495785e-04
1.507084e+01    1.348305e-04
1.508305e+01    1.200960e-04
1.509526e+01    1.053803e-04
1.510747e+01    9.069398e-05
1.511969e+01    7.604832e-05
1.513190e+01    6.144393e-05
1.514411e+01    4.689940e-05
1.515633e+01    3.241554e-05
1.516854e+01    1.800538e-05
1.518075e+01    3.671379e-06
1.519297e+01    -1.057046e-05
1.520518e+01    -2.471942e-05
1.521739e+01    -3.876205e-05
1.522960e+01    -5.269262e-05
1.524182e+01    -6.650198e-05
1.525403e+01    -8.018259e-05
1.526624e+01    -9.372739e-05
1.527846e+01    -1.071290e-04
1.529067e+01    -1.203767e-04
1.530288e+01    -1.334655e-04
1.531509e+01    -1.463926e-04
1.532731e+01    -1.591409e-04
1.533952e+01    -1.717119e-04
1.535173e+01    -1.840940e-04
1.536395e+01    -1.962828e-04
1.537616e+01    -2.082717e-04
1.538837e+01    -2.200514e-04
1.540059e+01    -2.316198e-04
1.541280e+01    -2.429632e-04
1.542501e+01    -2.540911e-04
1.543723e+01    -2.649830e-04
1.544944e+01    -2.756369e-04
1.546165e+01    -2.860524e-04
1.547386e+01    -2.962211e-04
1.548608e+01    -3.061357e-04
1.549829e+01    -3.157955e-04
1.551050e+01    -3.251971e-04
1.552272e+01    -3.343314e-04
1.553493e+01    -3.431939e-04
1.554714e+01    -3.517899e-04
1.555935e+01    -3.601078e-04
1.557157e+01    -3.681483e-04
1.558378e+01    -3.759056e-04
1.559599e+01    -3.833716e-04
1.560821e+01    -3.905583e-04
1.562042e+01    -3.974519e-04
1.563263e+01    -4.040515e-04
1.564485e+01    -4.103599e-04
1.565706e+01    -4.163713e-04
1.566927e+01    -4.220883e-04
1.568149e+01    -4.275066e-04
1.569370e+01    -4.326284e-04
1.570591e+01    -4.374459e-04
1.571812e+01    -4.419530e-04
1.573034e+01    -4.461897e-04
1.574255e+01    -4.501082e-04
1.575476e+01    -4.537305e-04
1.576698e+01    -4.570543e-04
1.577919e+01    -4.600807e-04
1.579140e+01    -4.628103e-04
1.580362e+01    -4.652445e-04
1.581583e+01    -4.673859e-04
1.582804e+01    -4.692347e-04
1.584025e+01    -4.707957e-04
1.585247e+01    -4.720649e-04
1.586468e+01    -4.730513e-04
1.587689e+01    -4.737566e-04
1.588911e+01    -4.741879e-04
1.590132e+01    -4.743295e-04
1.591353e+01    -4.742031e-04
1.592575e+01    -4.738094e-04
1.593796e+01    -4.731475e-04
1.595017e+01    -4.722255e-04
1.596238e+01    -4.710435e-04
1.597460e+01    -4.696082e-04
1.598681e+01    -4.679251e-04
1.599902e+01    -4.659981e-04
1.601124e+01    -4.638297e-04
1.602345e+01    -4.614255e-04
1.603566e+01    -4.587932e-04
1.604787e+01    -4.559365e-04
1.606009e+01    -4.528571e-04
1.607230e+01    -4.495652e-04
1.608451e+01    -4.460679e-04
1.609673e+01    -4.423659e-04
1.610894e+01    -4.384588e-04
1.612115e+01    -4.343763e-04
1.613337e+01    -4.301021e-04
1.614558e+01    -4.256465e-04
1.615779e+01    -4.210222e-04
1.617001e+01    -4.162289e-04
1.618222e+01    -4.112779e-04
1.619443e+01    -4.061694e-04
1.620664e+01    -4.009186e-04
1.621886e+01    -3.955257e-04
1.623107e+01    -3.899987e-04
1.624328e+01    -3.843455e-04
1.625550e+01    -3.785708e-04
1.626771e+01    -3.726778e-04
1.627992e+01    -3.666823e-04
1.629214e+01    -3.605834e-04
1.630435e+01    -3.543951e-04
1.631656e+01    -3.481149e-04
1.632877e+01    -3.417532e-04
1.634099e+01    -3.353251e-04
1.635320e+01    -3.288194e-04
1.636541e+01    -3.222545e-04
1.637763e+01    -3.156374e-04
1.638984e+01    -3.089671e-04
1.640205e+01    -3.022637e-04
1.641426e+01    -2.955190e-04
1.642648e+01    -2.887444e-04
1.643869e+01    -2.819470e-04
1.645090e+01    -2.751359e-04
1.646312e+01    -2.683108e-04
1.647533e+01    -2.614830e-04
1.648754e+01    -2.546548e-04
1.649976e+01    -2.478291e-04
1.651197e+01    -2.410242e-04
1.652418e+01    -2.342340e-04
1.653639e+01    -2.274653e-04
1.654861e+01    -2.207246e-04
1.656082e+01    -2.140187e-04
1.657303e+01    -2.073509e-04
1.658525e+01    -2.007245e-04
1.659746e+01    -1.941476e-04
1.660967e+01    -1.876279e-04
1.662189e+01    -1.811588e-04
1.663410e+01    -1.747573e-04
1.664631e+01    -1.684163e-04
1.665853e+01    -1.621461e-04
1.667074e+01    -1.559530e-04
1.668295e+01    -1.498315e-04
1.669516e+01    -1.437941e-04
1.670738e+01    -1.378384e-04
1.671959e+01    -1.319733e-04
1.673180e+01    -1.261950e-04
1.674402e+01    -1.205093e-04
1.675623e+01    -1.149234e-04
1.676844e+01    -1.094322e-04
1.678065e+01    -1.040452e-04
1.679287e+01    -9.875651e-05
1.680508e+01    -9.357407e-05
1.681729e+01    -8.849998e-05
1.682951e+01    -8.353410e-05
1.684172e+01    -7.867254e-05
1.685393e+01    -7.392745e-05
1.686615e+01    -6.929175e-05
1.687836e+01    -6.476999e-05
1.689057e+01    -6.035336e-05
1.690278e+01    -5.606433e-05
1.691500e+01    -5.188416e-05
1.692721e+01    -4.781988e-05
1.693942e+01    -4.386806e-05
1.695164e+01    -4.003427e-05
1.696385e+01    -3.631454e-05
1.697606e+01    -3.270718e-05
1.698828e+01    -2.921326e-05
1.700049e+01    -2.583141e-05
1.701270e+01    -2.256482e-05
1.702491e+01    -1.940966e-05
1.703713e+01    -1.635957e-05
1.704934e+01    -1.342190e-05
1.706155e+01    -1.059140e-05
1.707377e+01    -7.863855e-06
1.708598e+01    -5.244627e-06
1.709819e+01    -2.728957e-06
1.711040e+01    -3.075547e-07
1.712262e+01    2.014378e-06
1.713483e+01    4.238696e-06
1.714705e+01    6.370086e-06
1.715926e+01    8.411804e-06
1.717147e+01    1.036253e-05
1.718368e+01    1.222470e-05
1.719590e+01    1.399913e-05
1.720811e+01    1.570241e-05
1.722032e+01    1.732401e-05
1.723254e+01    1.886656e-05
1.724475e+01    2.034123e-05
1.725696e+01    2.174502e-05
1.726917e+01    2.307900e-05
1.728139e+01    2.435422e-05
1.729360e+01    2.556734e-05
1.730581e+01    2.672854e-05
1.731803e+01    2.782584e-05
1.733024e+01    2.887770e-05
1.734245e+01    2.988135e-05
1.735467e+01    3.084380e-05
1.736688e+01    3.176339e-05
1.737909e+01    3.264520e-05
1.739130e+01    3.349538e-05
1.740352e+01    3.431705e-05
1.741573e+01    3.510853e-05
1.742794e+01    3.587461e-05
1.744016e+01    3.662223e-05
1.745237e+01    3.735264e-05
1.746458e+01    3.806805e-05
1.747680e+01    3.877336e-05
1.748901e+01    3.947256e-05
1.750122e+01    4.016435e-05
1.751343e+01    4.085695e-05
1.752565e+01    4.155204e-05
1.753786e+01    4.224904e-05
1.755007e+01    4.295531e-05
1.756229e+01    4.367223e-05
1.757450e+01    4.440334e-05
1.758671e+01    4.515189e-05
1.759892e+01    4.591143e-05
1.761114e+01    4.670190e-05
1.762335e+01    4.751071e-05
1.763556e+01    4.834453e-05
1.764778e+01    4.921148e-05
1.765999e+01    5.010502e-05
1.767220e+01    5.103330e-05
1.768442e+01    5.199823e-05
1.769663e+01    5.300270e-05
1.770884e+01    5.403625e-05
1.772106e+01    5.512620e-05
1.773327e+01    5.623327e-05
1.774548e+01    5.739742e-05
1.775769e+01    5.860556e-05
1.776991e+01    5.986098e-05
1.778212e+01    6.116115e-05
1.779433e+01    6.251362e-05
1.780655e+01    6.390471e-05
1.781876e+01    6.535782e-05
1.783097e+01    6.685621e-05
1.784319e+01    6.840588e-05
1.785540e+01    7.001030e-05
1.786761e+01    7.165848e-05
1.787982e+01    7.336556e-05
1.789204e+01    7.512183e-05
1.790425e+01    7.692700e-05
1.791646e+01    7.878683e-05
1.792868e+01    8.069933e-05
1.794089e+01    8.265523e-05
1.795310e+01    8.466654e-05
1.796531e+01    8.672455e-05
1.797753e+01    8.883388e-05
1.798974e+01    9.098795e-05
1.800196e+01    9.319175e-05
1.801417e+01    9.543280e-05
1.802638e+01    9.772700e-05
1.803859e+01    1.000538e-04
1.805081e+01    1.024303e-04
1.806302e+01    1.048405e-04
1.807523e+01    1.072905e-04
1.808744e+01    1.097736e-04
1.809966e+01    1.122899e-04
1.811187e+01    1.148361e-04
1.812408e+01    1.174184e-04
1.813630e+01    1.200191e-04
1.814851e+01    1.226481e-04
1.816072e+01    1.252999e-04
1.817294e+01    1.279688e-04
1.818515e+01    1.306548e-04
1.819736e+01    1.333543e-04
1.820958e+01    1.360675e-04
1.822179e+01    1.387862e-04
1.823400e+01    1.415152e-04
1.824621e+01    1.442404e-04
1.825843e+01    1.469702e-04
1.827064e+01    1.496931e-04
1.828285e+01    1.524106e-04
1.829507e+01    1.551133e-04
1.830728e+01    1.578106e-04
1.831949e+01    1.604895e-04
1.833171e+01    1.631518e-04
1.834392e+01    1.657830e-04
1.835613e+01    1.683905e-04
1.836834e+01    1.709741e-04
1.838056e+01    1.735164e-04
1.839277e+01    1.760219e-04
1.840498e+01    1.784951e-04
1.841720e+01    1.809172e-04
1.842941e+01    1.832986e-04
1.844162e+01    1.856223e-04
1.845383e+01    1.878988e-04
1.846605e+01    1.901159e-04
1.847826e+01    1.922743e-04
1.849047e+01    1.943685e-04
1.850269e+01    1.963961e-04
1.851490e+01    1.983509e-04
1.852711e+01    2.002334e-04
1.853933e+01    2.020388e-04
1.855154e+01    2.037690e-04
1.856375e+01    2.054129e-04
1.857596e+01    2.069686e-04
1.858818e+01    2.084429e-04
1.860039e+01    2.098191e-04
1.861260e+01    2.111034e-04
1.862482e+01    2.122929e-04
1.863703e+01    2.133732e-04
1.864924e+01    2.143584e-04
1.866146e+01    2.152367e-04
1.867367e+01    2.160103e-04
1.868588e+01    2.166703e-04
1.869810e+01    2.172217e-04
1.871031e+01    2.176572e-04
1.872252e+01    2.179756e-04
1.873473e+01    2.181777e-04
1.874695e+01    2.182603e-04
1.875916e+01    2.182187e-04
1.877137e+01    2.180554e-04
1.878359e+01    2.177655e-04
1.879580e+01    2.173524e-04
1.880801e+01    2.168107e-04
1.882022e+01    2.161347e-04
1.883244e+01    2.153357e-04
1.884465e+01    2.144035e-04
1.885686e+01    2.133389e-04
1.886908e+01    2.121425e-04
1.888129e+01    2.108151e-04
1.889350e+01    2.093550e-04
1.890572e+01    2.077565e-04
1.891793e+01    2.060247e-04
1.893014e+01    2.041628e-04
1.894235e+01    2.021670e-04
1.895457e+01    2.000356e-04
1.896678e+01    1.977745e-04
1.897899e+01    1.953730e-04
1.899121e+01    1.928493e-04
1.900342e+01    1.901893e-04
1.901563e+01    1.874002e-04
1.902785e+01    1.844799e-04
1.904006e+01    1.814321e-04
1.905227e+01    1.782563e-04
1.906449e+01    1.749581e-04
1.907670e+01    1.715319e-04
1.908891e+01    1.679867e-04
1.910112e+01    1.643174e-04
1.911334e+01    1.605257e-04
1.912555e+01    1.566297e-04
1.913776e+01    1.526098e-04
1.914997e+01    1.484785e-04
1.916219e+01    1.442379e-04
1.917440e+01    1.398891e-04
1.918661e+01    1.354378e-04
1.919883e+01    1.308785e-04
1.921104e+01    1.262223e-04
1.922325e+01    1.214707e-04
1.923547e+01    1.166240e-04
1.924768e+01    1.116873e-04
1.925989e+01    1.066586e-04
1.927211e+01    1.015467e-04
1.928432e+01    9.636572e-05
1.929653e+01    9.108841e-05
1.930874e+01    8.574626e-05
1.932096e+01    8.033155e-05
1.933317e+01    7.485176e-05
1.934538e+01    6.930690e-05
1.935760e+01    6.370043e-05
1.936981e+01    5.804060e-05
1.938202e+01    5.232872e-05
1.939424e+01    4.657102e-05
1.940645e+01    4.076623e-05
1.941866e+01    3.492375e-05
1.943087e+01    2.904443e-05
1.944309e+01    2.313487e-05
1.945530e+01    1.719830e-05
1.946751e+01    1.123268e-05
1.947973e+01    5.254551e-06
1.949194e+01    -7.441267e-07
1.950415e+01    -6.748654e-06
1.951637e+01    -1.276447e-05
1.952858e+01    -1.877960e-05
1.954079e+01    -2.479256e-05
1.955301e+01    -3.080454e-05
1.956522e+01    -3.679725e-05
1.957743e+01    -4.278019e-05
1.958964e+01    -4.873925e-05
1.960186e+01    -5.468418e-05
1.961407e+01    -6.060046e-05
1.962628e+01    -6.648013e-05
1.963849e+01    -7.232500e-05
1.965071e+01    -7.813185e-05
1.966292e+01    -8.389523e-05
1.967513e+01    -8.960918e-05
1.968735e+01    -9.527215e-05
1.969956e+01    -1.008823e-04
1.971177e+01    -1.064290e-04
1.972399e+01    -1.119192e-04
1.973620e+01    -1.173320e-04
1.974841e+01    -1.226803e-04
1.976063e+01    -1.279527e-04
1.977284e+01    -1.331488e-04
1.978505e+01    -1.382633e-04
1.979726e+01    -1.432907e-04
1.980948e+01    -1.482284e-04
1.982169e+01    -1.530838e-04
1.983390e+01    -1.578369e-04
1.984612e+01    -1.624987e-04
1.985833e+01    -1.670568e-04
1.987054e+01    -1.715116e-04
1.988276e+01    -1.758630e-04
1.989497e+01    -1.801088e-04
1.990718e+01    -1.842338e-04
1.991939e+01    -1.882488e-04
1.993161e+01    -1.921511e-04
1.994382e+01    -1.959332e-04
1.995603e+01    -1.995969e-04
1.996825e+01    -2.031362e-04
1.998046e+01    -2.065516e-04
1.999267e+01    -2.098428e-04
2.000488e+01    -2.130052e-04
2.001710e+01    -2.160356e-04
2.002931e+01    -2.189362e-04
2.004152e+01    -2.217047e-04
2.005374e+01    -2.243462e-04
2.006595e+01    -2.268497e-04
2.007816e+01    -2.292171e-04
2.009038e+01    -2.314532e-04
2.010259e+01    -2.335458e-04
2.011480e+01    -2.355016e-04
2.012702e+01    -2.373218e-04
2.013923e+01    -2.390037e-04
2.015144e+01    -2.405454e-04
2.016365e+01    -2.419495e-04
2.017587e+01    -2.432164e-04
2.018808e+01    -2.443421e-04
2.020029e+01    -2.453304e-04
2.021251e+01    -2.461829e-04
2.022472e+01    -2.468954e-04
2.023693e+01    -2.474705e-04
2.024915e+01    -2.479127e-04
2.026136e+01    -2.482175e-04
2.027357e+01    -2.483868e-04
2.028578e+01    -2.484213e-04
2.029800e+01    -2.483293e-04
2.031021e+01    -2.481019e-04
2.032242e+01    -2.477434e-04
2.033464e+01    -2.472587e-04
2.034685e+01    -2.466438e-04
2.035906e+01    -2.459044e-04
2.037127e+01    -2.450501e-04
2.038349e+01    -2.440601e-04
2.039570e+01    -2.429572e-04
2.040791e+01    -2.417329e-04
2.042013e+01    -2.403961e-04
2.043234e+01    -2.389450e-04
2.044455e+01    -2.373815e-04
2.045677e+01    -2.357081e-04
2.046898e+01    -2.339294e-04
2.048119e+01    -2.320441e-04
2.049340e+01    -2.300566e-04
2.050562e+01    -2.279765e-04
2.051783e+01    -2.257841e-04
2.053004e+01    -2.235083e-04
2.054226e+01    -2.211383e-04
2.055447e+01    -2.186814e-04
2.056668e+01    -2.161334e-04
2.057890e+01    -2.135070e-04
2.059111e+01    -2.107930e-04
2.060332e+01    -2.080078e-04
2.061554e+01    -2.051498e-04
2.062775e+01    -2.022180e-04
2.063996e+01    -1.992155e-04
2.065217e+01    -1.961504e-04
2.066439e+01    -1.930202e-04
2.067660e+01    -1.898221e-04
2.068881e+01    -1.865889e-04
2.070103e+01    -1.832877e-04
2.071324e+01    -1.799402e-04
2.072545e+01    -1.765428e-04
2.073767e+01    -1.731027e-04
2.074988e+01    -1.696172e-04
2.076209e+01    -1.661002e-04
2.077430e+01    -1.625440e-04
2.078652e+01    -1.589577e-04
2.079873e+01    -1.553439e-04
2.081094e+01    -1.517072e-04
2.082316e+01    -1.480340e-04
2.083537e+01    -1.443478e-04
2.084758e+01    -1.406415e-04
2.085979e+01    -1.369285e-04
2.087201e+01    -1.332001e-04
2.088422e+01    -1.294647e-04
2.089643e+01    -1.257152e-04
2.090865e+01    -1.219715e-04
2.092086e+01    -1.182255e-04
2.093307e+01    -1.144803e-04
2.094529e+01    -1.107385e-04
2.095750e+01    -1.070047e-04
2.096971e+01    -1.032788e-04
2.098192e+01    -9.956614e-05
2.099414e+01    -9.586426e-05
2.100635e+01    -9.218382e-05
2.101856e+01    -8.851739e-05
2.103078e+01    -8.487085e-05
2.104299e+01    -8.125418e-05
2.105520e+01    -7.765603e-05
2.106742e+01    -7.408658e-05
2.107963e+01    -7.054546e-05
2.109184e+01    -6.703209e-05
2.110406e+01    -6.355229e-05
2.111627e+01    -6.011363e-05
2.112848e+01    -5.669594e-05
2.114069e+01    -5.332137e-05
2.115291e+01    -4.998604e-05
2.116512e+01    -4.668532e-05
2.117733e+01    -4.342993e-05
2.118955e+01    -4.021557e-05
2.120176e+01    -3.704014e-05
2.121397e+01    -3.391214e-05
2.122618e+01    -3.082811e-05
2.123840e+01    -2.778774e-05
2.125061e+01    -2.479710e-05
2.126282e+01    -2.184718e-05
2.127504e+01    -1.894788e-05
2.128725e+01    -1.609289e-05
2.129946e+01    -1.329514e-05
2.131168e+01    -1.053929e-05
2.132389e+01    -7.834409e-06
2.133610e+01    -5.176349e-06
2.134831e+01    -2.568318e-06
2.136053e+01    -1.041190e-08
2.137274e+01    2.500422e-06
2.138495e+01    4.959107e-06
2.139717e+01    7.367958e-06
2.140938e+01    9.732750e-06
2.142159e+01    1.204556e-05
2.143381e+01    1.431555e-05
2.144602e+01    1.653333e-05
2.145823e+01    1.870595e-05
2.147044e+01    2.083299e-05
2.148266e+01    2.291051e-05
2.149487e+01    2.494780e-05
2.150708e+01    2.693917e-05
2.151930e+01    2.888469e-05
2.153151e+01    3.078914e-05
2.154372e+01    3.265238e-05
2.155593e+01    3.447400e-05
2.156815e+01    3.625715e-05
2.158036e+01    3.800085e-05
2.159258e+01    3.970757e-05
2.160479e+01    4.137577e-05
2.161700e+01    4.301227e-05
2.162921e+01    4.461021e-05
2.164143e+01    4.617639e-05
2.165364e+01    4.771135e-05
2.166585e+01    4.921819e-05
2.167807e+01    5.069473e-05
2.169028e+01    5.214260e-05
2.170249e+01    5.356372e-05
2.171470e+01    5.496158e-05
2.172692e+01    5.632496e-05
2.173913e+01    5.768737e-05
2.175134e+01    5.901707e-05
2.176356e+01    6.033116e-05
2.177577e+01    6.162163e-05
2.178798e+01    6.289866e-05
2.180020e+01    6.416216e-05
2.181241e+01    6.540903e-05
2.182462e+01    6.664473e-05
2.183683e+01    6.787037e-05
2.184905e+01    6.908227e-05
2.186126e+01    7.029787e-05
2.187347e+01    7.149369e-05
2.188569e+01    7.268522e-05
2.189790e+01    7.388129e-05
2.191011e+01    7.506466e-05
2.192233e+01    7.625128e-05
2.193454e+01    7.744075e-05
2.194675e+01    7.862615e-05
2.195897e+01    7.981852e-05
2.197118e+01    8.100955e-05
2.198339e+01    8.220617e-05
2.199560e+01    8.340830e-05
2.200782e+01    8.462005e-05
2.202003e+01    8.583641e-05
2.203224e+01    8.705545e-05
2.204445e+01    8.829497e-05
2.205667e+01    8.954285e-05
2.206888e+01    9.080440e-05
2.208109e+01    9.206767e-05
2.209331e+01    9.334814e-05
2.210552e+01    9.464315e-05
2.211773e+01    9.594957e-05
2.212995e+01    9.727440e-05
2.214216e+01    9.861064e-05
2.215437e+01    9.996808e-05
2.216659e+01    1.013377e-04
2.217880e+01    1.027220e-04
2.219101e+01    1.041277e-04
2.220322e+01    1.055427e-04
2.221544e+01    1.069827e-04
2.222765e+01    1.084352e-04
2.223986e+01    1.099075e-04
2.225208e+01    1.113954e-04
2.226429e+01    1.128991e-04
2.227650e+01    1.144230e-04
2.228872e+01    1.159639e-04
2.230093e+01    1.175163e-04
2.231314e+01    1.190908e-04
2.232535e+01    1.206780e-04
2.233757e+01    1.222828e-04
2.234978e+01    1.238977e-04
2.236199e+01    1.255309e-04
2.237421e+01    1.271730e-04
2.238642e+01    1.288374e-04
2.239863e+01    1.305137e-04
2.241084e+01    1.321939e-04
2.242306e+01    1.338912e-04
2.243527e+01    1.355948e-04
2.244748e+01    1.373107e-04
2.245970e+01    1.390319e-04
2.247191e+01    1.407645e-04
2.248412e+01    1.424974e-04
2.249634e+01    1.442366e-04
2.250855e+01    1.459807e-04
2.252076e+01    1.477276e-04
2.253297e+01    1.494772e-04
2.254519e+01    1.512143e-04
2.255740e+01    1.529728e-04
2.256961e+01    1.547170e-04
2.258183e+01    1.564555e-04
2.259404e+01    1.581878e-04
2.260625e+01    1.599171e-04
2.261847e+01    1.616375e-04
2.263068e+01    1.633418e-04
2.264289e+01    1.650403e-04
2.265511e+01    1.667235e-04
2.266732e+01    1.683926e-04
2.267953e+01    1.700452e-04
2.269174e+01    1.716753e-04
2.270396e+01    1.732935e-04
2.271617e+01    1.748823e-04
2.272838e+01    1.764510e-04
2.274060e+01    1.779938e-04
2.275281e+01    1.795118e-04
2.276502e+01    1.809992e-04
2.277724e+01    1.824577e-04
2.278945e+01    1.838840e-04
2.280166e+01    1.852776e-04
2.281387e+01    1.866319e-04
2.282609e+01    1.879541e-04
2.283830e+01    1.892353e-04
2.285051e+01    1.904742e-04
2.286273e+01    1.916715e-04
2.287494e+01    1.928253e-04
2.288715e+01    1.939336e-04
2.289936e+01    1.950001e-04
2.291158e+01    1.960103e-04
2.292379e+01    1.969728e-04
2.293600e+01    1.978826e-04
2.294822e+01    1.987394e-04
2.296043e+01    1.995428e-04
2.297264e+01    2.002874e-04
2.298486e+01    2.009782e-04
2.299707e+01    2.016053e-04
2.300928e+01    2.021756e-04
2.302150e+01    2.026773e-04
2.303371e+01    2.031227e-04
2.304592e+01    2.035024e-04
2.305813e+01    2.038128e-04
2.307035e+01    2.040605e-04
2.308256e+01    2.042397e-04
2.309477e+01    2.043490e-04
2.310699e+01    2.043852e-04
2.311920e+01    2.043563e-04
2.313141e+01    2.042504e-04
2.314363e+01    2.040732e-04
2.315584e+01    2.038252e-04
2.316805e+01    2.035020e-04
2.318026e+01    2.031019e-04
2.319248e+01    2.026263e-04
2.320469e+01    2.020786e-04
2.321690e+01    2.014492e-04
2.322912e+01    2.007474e-04
2.324133e+01    1.999682e-04
2.325354e+01    1.991087e-04
2.326575e+01    1.981713e-04
2.327797e+01    1.971598e-04
2.329018e+01    1.960658e-04
2.330239e+01    1.948987e-04
2.331461e+01    1.936495e-04
2.332682e+01    1.923260e-04
2.333903e+01    1.909246e-04
2.335125e+01    1.894433e-04
2.336346e+01    1.878844e-04
2.337567e+01    1.862527e-04
2.338788e+01    1.845403e-04
2.340010e+01    1.827540e-04
2.341231e+01    1.808939e-04
2.342452e+01    1.789623e-04
2.343674e+01    1.769502e-04
2.344895e+01    1.748668e-04
2.346116e+01    1.727096e-04
2.347338e+01    1.704880e-04
2.348559e+01    1.681919e-04
2.349780e+01    1.658262e-04
2.351002e+01    1.633887e-04
2.352223e+01    1.608910e-04
2.353444e+01    1.583254e-04
2.354665e+01    1.556917e-04
2.355887e+01    1.530030e-04
2.357108e+01    1.502424e-04
2.358329e+01    1.474221e-04
2.359550e+01    1.445449e-04
2.360772e+01    1.416150e-04
2.361993e+01    1.386248e-04
2.363214e+01    1.355866e-04
2.364436e+01    1.324851e-04
2.365657e+01    1.293393e-04
2.366878e+01    1.261422e-04
2.368100e+01    1.228994e-04
2.369321e+01    1.196091e-04
2.370542e+01    1.162754e-04
2.371764e+01    1.129029e-04
2.372985e+01    1.094865e-04
2.374206e+01    1.060350e-04
2.375427e+01    1.025473e-04
2.376649e+01    9.902142e-05
2.377870e+01    9.547337e-05
2.379091e+01    9.188728e-05
2.380313e+01    8.828135e-05
2.381534e+01    8.464223e-05
2.382755e+01    8.098467e-05
2.383977e+01    7.730593e-05
2.385198e+01    7.361091e-05
2.386419e+01    6.989416e-05
2.387640e+01    6.616540e-05
2.388862e+01    6.242213e-05
2.390083e+01    5.866948e-05
2.391304e+01    5.490825e-05
2.392526e+01    5.114301e-05
2.393747e+01    4.737501e-05
2.394968e+01    4.360267e-05
2.396189e+01    3.983435e-05
2.397411e+01    3.606813e-05
2.398632e+01    3.231048e-05
2.399854e+01    2.855143e-05
2.401075e+01    2.480662e-05
2.402296e+01    2.107538e-05
2.403517e+01    1.735442e-05
2.404739e+01    1.365271e-05
2.405960e+01    9.969051e-06
2.407181e+01    6.309318e-06
2.408403e+01    2.658810e-06
2.409624e+01    -9.593641e-07
2.410845e+01    -4.555186e-06
2.412066e+01    -8.118965e-06
2.413288e+01    -1.165783e-05
2.414509e+01    -1.516305e-05
2.415730e+01    -1.863446e-05
2.416952e+01    -2.206546e-05
2.418173e+01    -2.547084e-05
2.419394e+01    -2.883252e-05
2.420616e+01    -3.215361e-05
2.421837e+01    -3.543396e-05
2.423058e+01    -3.867081e-05
2.424279e+01    -4.184999e-05
2.425501e+01    -4.501053e-05
2.426722e+01    -4.810862e-05
2.427943e+01    -5.115979e-05
2.429165e+01    -5.415510e-05
2.430386e+01    -5.710640e-05
2.431607e+01    -6.000427e-05
2.432829e+01    -6.285005e-05
2.434050e+01    -6.563679e-05
2.435271e+01    -6.836698e-05
2.436492e+01    -7.104672e-05
2.437714e+01    -7.366667e-05
2.438935e+01    -7.623001e-05
2.440156e+01    -7.872874e-05
2.441378e+01    -8.117198e-05
2.442599e+01    -8.355769e-05
2.443820e+01    -8.587457e-05
2.445041e+01    -8.813429e-05
2.446263e+01    -9.033523e-05
2.447484e+01    -9.246993e-05
2.448705e+01    -9.454527e-05
2.449927e+01    -9.655404e-05
2.451148e+01    -9.850052e-05
2.452369e+01    -1.003873e-04
2.453591e+01    -1.022092e-04
2.454812e+01    -1.039671e-04
2.456033e+01    -1.056607e-04
2.457255e+01    -1.072944e-04
2.458476e+01    -1.088633e-04
2.459697e+01    -1.103721e-04
2.460918e+01    -1.118149e-04
2.462140e+01    -1.131935e-04
2.463361e+01    -1.145126e-04
2.464582e+01    -1.157800e-04
2.465804e+01    -1.169721e-04
2.467025e+01    -1.181103e-04
2.468246e+01    -1.191885e-04
2.469468e+01    -1.202081e-04
2.470689e+01    -1.211691e-04
2.471910e+01    -1.220742e-04
2.473131e+01    -1.229219e-04
2.474353e+01    -1.237125e-04
2.475574e+01    -1.244477e-04
2.476795e+01    -1.251307e-04
2.478017e+01    -1.257595e-04
2.479238e+01    -1.263368e-04
2.480459e+01    -1.268634e-04
2.481680e+01    -1.273426e-04
2.482902e+01    -1.277667e-04
2.484123e+01    -1.281467e-04
2.485344e+01    -1.284801e-04
2.486566e+01    -1.287672e-04
2.487787e+01    -1.290140e-04
2.489008e+01    -1.292125e-04
2.490230e+01    -1.293779e-04
2.491451e+01    -1.294961e-04
2.492672e+01    -1.295763e-04
2.493893e+01    -1.296197e-04
2.495115e+01    -1.296274e-04
2.496336e+01    -1.296019e-04
2.497557e+01    -1.295432e-04
2.498779e+01    -1.294482e-04
2.500000e+01    -1.293314e-04
