0.000000e+00    -2.797233e+00
1.221299e-02    -2.795818e+00
2.442599e-02    -2.791579e+00
3.663898e-02    -2.784531e+00
4.885198e-02    -2.774697e+00
6.106497e-02    -2.762112e+00
7.327797e-02    -2.746819e+00
8.549096e-02    -2.728870e+00
9.770396e-02    -2.708328e+00
1.099169e-01    -2.685260e+00
1.221299e-01    -2.659747e+00
1.343429e-01    -2.631874e+00
1.465559e-01    -2.601734e+00
1.587689e-01    -2.569429e+00
1.709819e-01    -2.535064e+00
1.831949e-01    -2.498754e+00
1.954079e-01    -2.460616e+00
2.076209e-01    -2.420774e+00
2.198339e-01    -2.379356e+00
2.320469e-01    -2.336492e+00
2.442599e-01    -2.292316e+00
2.564729e-01    -2.246967e+00
2.686859e-01    -2.200582e+00
2.808989e-01    -2.153301e+00
2.931119e-01    -2.105265e+00
3.053249e-01    -2.056613e+00
3.175378e-01    -2.007488e+00
3.297509e-01    -1.958026e+00
3.419639e-01    -1.908365e+00
3.541768e-01    -1.858641e+00
3.663898e-01    -1.808985e+00
3.786028e-01    -1.759527e+00
3.908158e-01    -1.710390e+00
4.030288e-01    -1.661697e+00
4.152418e-01    -1.613563e+00
4.274548e-01    -1.566101e+00
4.396678e-01    -1.519416e+00
4.518808e-01    -1.473609e+00
4.640938e-01    -1.428775e+00
4.763068e-01    -1.385003e+00
4.885198e-01    -1.342374e+00
5.007328e-01    -1.300965e+00
5.129458e-01    -1.260845e+00
5.251588e-01    -1.222077e+00
5.373718e-01    -1.184717e+00
5.495847e-01    -1.148813e+00
5.617977e-01    -1.114409e+00
5.740107e-01    -1.081540e+00
5.862237e-01    -1.050235e+00
5.984367e-01    -1.020517e+00
6.106497e-01    -9.924019e-01
6.228627e-01    -9.658999e-01
6.350757e-01    -9.410148e-01
6.472887e-01    -9.177448e-01
6.595017e-01    -8.960820e-01
6.717147e-01    -8.760139e-01
6.839277e-01    -8.575222e-01
6.961407e-01    -8.405840e-01
7.083537e-01    -8.251717e-01
7.205667e-01    -8.112537e-01
7.327797e-01    -7.987940e-01
7.449927e-01    -7.877534e-01
7.572057e-01    -7.780888e-01
7.694187e-01    -7.697545e-01
7.816316e-01    -7.627020e-01
7.938446e-01    -7.568804e-01
8.060576e-01    -7.522365e-01
8.182706e-01    -7.487157e-01
8.304836e-01    -7.462613e-01
8.426966e-01    -7.448162e-01
8.549096e-01    -7.443219e-01
8.671226e-01    -7.447194e-01
8.793356e-01    -7.459496e-01
8.915486e-01    -7.479531e-01
9.037616e-01    -7.506705e-01
9.159746e-01    -7.540432e-01
9.281876e-01    -7.580131e-01
9.404006e-01    -7.625229e-01
9.526136e-01    -7.675165e-01
9.648266e-01    -7.729387e-01
9.770396e-01    -7.787359e-01
9.892526e-01    -7.848561e-01
1.001466e+00    -7.912490e-01
1.013679e+00    -7.978659e-01
1.025892e+00    -8.046600e-01
1.038105e+00    -8.115869e-01
1.050318e+00    -8.186035e-01
1.062531e+00    -8.256699e-01
1.074744e+00    -8.327474e-01
1.086957e+00    -8.398002e-01
1.099169e+00    -8.467944e-01
1.111382e+00    -8.536985e-01
1.123595e+00    -8.604833e-01
1.135808e+00    -8.671218e-01
1.148021e+00    -8.735892e-01
1.160234e+00    -8.798630e-01
1.172447e+00    -8.859230e-01
1.184660e+00    -8.917508e-01
1.196873e+00    -8.973304e-01
1.209086e+00    -9.026475e-01
1.221299e+00    -9.076902e-01
1.233512e+00    -9.124482e-01
1.245725e+00    -9.169130e-01
1.257938e+00    -9.210777e-01
1.270151e+00    -9.249375e-01
1.282364e+00    -9.284887e-01
1.294577e+00    -9.317292e-01
1.306790e+00    -9.346583e-01
1.319003e+00    -9.372768e-01
1.331216e+00    -9.395862e-01
1.343429e+00    -9.415894e-01
1.355642e+00    -9.432904e-01
1.367855e+00    -9.446940e-01
1.380068e+00    -9.458058e-01
1.392281e+00    -9.466319e-01
1.404494e+00    -9.471798e-01
1.416707e+00    -9.474566e-01
1.428920e+00    -9.474705e-01
1.441133e+00    -9.472299e-01
1.453346e+00    -9.467436e-01
1.465559e+00    -9.460206e-01
1.477772e+00    -9.450701e-01
1.489985e+00    -9.439016e-01
1.502198e+00    -9.425243e-01
1.514411e+00    -9.409477e-01
1.526624e+00    -9.391810e-01
1.538837e+00    -9.372336e-01
1.551050e+00    -9.351144e-01
1.563263e+00    -9.328327e-01
1.575476e+00    -9.303969e-01
1.587689e+00    -9.278155e-01
1.599902e+00    -9.250966e-01
1.612115e+00    -9.222482e-01
1.624328e+00    -9.192778e-01
1.636541e+00    -9.161925e-01
1.648754e+00    -9.129989e-01
1.660967e+00    -9.097036e-01
1.673180e+00    -9.063128e-01
1.685393e+00    -9.028318e-01
1.697606e+00    -8.992662e-01
1.709819e+00    -8.956205e-01
1.722032e+00    -8.918995e-01
1.734245e+00    -8.881070e-01
1.746458e+00    -8.842468e-01
1.758671e+00    -8.803223e-01
1.770884e+00    -8.763363e-01
1.783097e+00    -8.722916e-01
1.795310e+00    -8.681902e-01
1.807523e+00    -8.640342e-01
1.819736e+00    -8.598254e-01
1.831949e+00    -8.555650e-01
1.844162e+00    -8.512541e-01
1.856375e+00    -8.468937e-01
1.868588e+00    -8.424843e-01
1.880801e+00    -8.380263e-01
1.893014e+00    -8.335201e-01
1.905227e+00    -8.289656e-01
1.917440e+00    -8.243625e-01
1.929653e+00    -8.197110e-01
1.941866e+00    -8.150104e-01
1.954079e+00    -8.102605e-01
1.966292e+00    -8.054605e-01
1.978505e+00    -8.006101e-01
1.990718e+00    -7.957086e-01
2.002931e+00    -7.907553e-01
2.015144e+00    -7.857494e-01
2.027357e+00    -7.806905e-01
2.039570e+00    -7.755779e-01
2.051783e+00    -7.704110e-01
2.063996e+00    -7.651891e-01
2.076209e+00    -7.599117e-01
2.088422e+00    -7.545786e-01
2.100635e+00    -7.491896e-01
2.112848e+00    -7.437437e-01
2.125061e+00    -7.382414e-01
2.137274e+00    -7.326823e-01
2.149487e+00    -7.270663e-01
2.161700e+00    -7.213939e-01
2.173913e+00    -7.156650e-01
2.186126e+00    -7.098801e-01
2.198339e+00    -7.040397e-01
2.210552e+00    -6.981443e-01
2.222765e+00    -6.921945e-01
2.234978e+00    -6.861914e-01
2.247191e+00    -6.801358e-01
2.259404e+00    -6.740288e-01
2.271617e+00    -6.678713e-01
2.283830e+00    -6.616651e-01
2.296043e+00    -6.554111e-01
2.308256e+00    -6.491111e-01
2.320469e+00    -6.427664e-01
2.332682e+00    -6.363791e-01
2.344895e+00    -6.299507e-01
2.357108e+00    -6.234832e-01
2.369321e+00    -6.169783e-01
2.381534e+00    -6.104385e-01
2.393747e+00    -6.038656e-01
2.405960e+00    -5.972616e-01
2.418173e+00    -5.906291e-01
2.430386e+00    -5.839701e-01
2.442599e+00    -5.772870e-01
2.454812e+00    -5.705822e-01
2.467025e+00    -5.638580e-01
2.479238e+00    -5.571169e-01
2.491451e+00    -5.503613e-01
2.503664e+00    -5.435936e-01
2.515877e+00    -5.368165e-01
2.528090e+00    -5.300322e-01
2.540303e+00    -5.232432e-01
2.552516e+00    -5.164521e-01
2.564729e+00    -5.096612e-01
2.576942e+00    -5.028731e-01
2.589155e+00    -4.960901e-01
2.601368e+00    -4.893145e-01
2.613581e+00    -4.825488e-01
2.625794e+00    -4.757954e-01
2.638007e+00    -4.690565e-01
2.650220e+00    -4.623344e-01
2.662433e+00    -4.556313e-01
2.674646e+00    -4.489493e-01
2.686859e+00    -4.422906e-01
2.699072e+00    -4.356573e-01
2.711285e+00    -4.290513e-01
2.723498e+00    -4.224747e-01
2.735711e+00    -4.159293e-01
2.747924e+00    -4.094172e-01
2.760137e+00    -4.029399e-01
2.772350e+00    -3.964993e-01
2.784563e+00    -3.900970e-01
2.796776e+00    -3.837349e-01
2.808989e+00    -3.774143e-01
2.821202e+00    -3.711368e-01
2.833415e+00    -3.649038e-01
2.845628e+00    -3.587169e-01
2.857841e+00    -3.525773e-01
2.870054e+00    -3.464862e-01
2.882267e+00    -3.404450e-01
2.894480e+00    -3.344548e-01
2.906693e+00    -3.285168e-01
2.918906e+00    -3.226319e-01
2.931119e+00    -3.168012e-01
2.943332e+00    -3.110257e-01
2.955545e+00    -3.053062e-01
2.967758e+00    -2.996438e-01
2.979971e+00    -2.940391e-01
2.992184e+00    -2.884929e-01
3.004397e+00    -2.830060e-01
3.016610e+00    -2.775789e-01
3.028823e+00    -2.722125e-01
3.041036e+00    -2.669072e-01
3.053249e+00    -2.616636e-01
3.065462e+00    -2.564822e-01
3.077675e+00    -2.513635e-01
3.089888e+00    -2.463079e-01
3.102101e+00    -2.413158e-01
3.114314e+00    -2.363877e-01
3.126527e+00    -2.315237e-01
3.138740e+00    -2.267243e-01
3.150953e+00    -2.219896e-01
3.163166e+00    -2.173200e-01
3.175379e+00    -2.127156e-01
3.187592e+00    -2.081765e-01
3.199805e+00    -2.037030e-01
3.212018e+00    -1.992953e-01
3.224231e+00    -1.949532e-01
3.236444e+00    -1.906770e-01
3.248657e+00    -1.864666e-01
3.260870e+00    -1.823222e-01
3.273082e+00    -1.782436e-01
3.285295e+00    -1.742308e-01
3.297508e+00    -1.702839e-01
3.309721e+00    -1.664027e-01
3.321934e+00    -1.625871e-01
3.334147e+00    -1.588370e-01
3.346360e+00    -1.551523e-01
3.358573e+00    -1.515327e-01
3.370786e+00    -1.479782e-01
3.382999e+00    -1.444885e-01
3.395212e+00    -1.410633e-01
3.407425e+00    -1.377025e-01
3.419638e+00    -1.344058e-01
3.431851e+00    -1.311728e-01
3.444064e+00    -1.280033e-01
3.456277e+00    -1.248970e-01
3.468490e+00    -1.218534e-01
3.480703e+00    -1.188723e-01
3.492916e+00    -1.159533e-01
3.505129e+00    -1.130959e-01
3.517342e+00    -1.102997e-01
3.529555e+00    -1.075644e-01
3.541768e+00    -1.048895e-01
3.553981e+00    -1.022744e-01
3.566194e+00    -9.971867e-02
3.578407e+00    -9.722187e-02
3.590620e+00    -9.478345e-02
3.602833e+00    -9.240284e-02
3.615046e+00    -9.007951e-02
3.627259e+00    -8.781290e-02
3.639472e+00    -8.560242e-02
3.651685e+00    -8.344740e-02
3.663898e+00    -8.134734e-02
3.676111e+00    -7.930154e-02
3.688324e+00    -7.730941e-02
3.700537e+00    -7.537024e-02
3.712750e+00    -7.348339e-02
3.724963e+00    -7.164817e-02
3.737176e+00    -6.986388e-02
3.749389e+00    -6.812984e-02
3.761602e+00    -6.644530e-02
3.773815e+00    -6.480958e-02
3.786028e+00    -6.322189e-02
3.798241e+00    -6.168152e-02
3.810454e+00    -6.018773e-02
3.822667e+00    -5.873972e-02
3.834880e+00    -5.733674e-02
3.847093e+00    -5.597802e-02
3.859306e+00    -5.466278e-02
3.871519e+00    -5.339021e-02
3.883732e+00    -5.215956e-02
3.895945e+00    -5.097000e-02
3.908158e+00    -4.982071e-02
3.920371e+00    -4.871093e-02
3.932584e+00    -4.763983e-02
3.944797e+00    -4.660662e-02
3.957010e+00    -4.561047e-02
3.969223e+00    -4.465057e-02
3.981436e+00    -4.372612e-02
3.993649e+00    -4.283631e-02
4.005862e+00    -4.198032e-02
4.018075e+00    -4.115736e-02
4.030288e+00    -4.036659e-02
4.042501e+00    -3.960726e-02
4.054714e+00    -3.887850e-02
4.066927e+00    -3.817960e-02
4.079140e+00    -3.750969e-02
4.091353e+00    -3.686804e-02
4.103566e+00    -3.625382e-02
4.115779e+00    -3.566632e-02
4.127992e+00    -3.510470e-02
4.140205e+00    -3.456827e-02
4.152418e+00    -3.405620e-02
4.164631e+00    -3.356780e-02
4.176844e+00    -3.310230e-02
4.189057e+00    -3.265900e-02
4.201270e+00    -3.223718e-02
4.213483e+00    -3.183608e-02
4.225696e+00    -3.145504e-02
4.237909e+00    -3.109336e-02
4.250122e+00    -3.075036e-02
4.262335e+00    -3.042534e-02
4.274548e+00    -3.011768e-02
4.286761e+00    -2.982672e-02
4.298974e+00    -2.955181e-02
4.311187e+00    -2.929232e-02
4.323400e+00    -2.904766e-02
4.335613e+00    -2.881719e-02
4.347826e+00    -2.860035e-02
4.360039e+00    -2.839654e-02
4.372252e+00    -2.820522e-02
4.384465e+00    -2.802580e-02
4.396678e+00    -2.785777e-02
4.408891e+00    -2.770057e-02
4.421104e+00    -2.755371e-02
4.433317e+00    -2.741668e-02
4.445530e+00    -2.728898e-02
4.457743e+00    -2.717013e-02
4.469956e+00    -2.705968e-02
4.482169e+00    -2.695717e-02
4.494382e+00    -2.686216e-02
4.506595e+00    -2.677421e-02
4.518808e+00    -2.669293e-02
4.531021e+00    -2.661790e-02
4.543234e+00    -2.654874e-02
4.555447e+00    -2.648506e-02
4.567660e+00    -2.642651e-02
4.579873e+00    -2.637273e-02
4.592086e+00    -2.632339e-02
4.604299e+00    -2.627815e-02
4.616512e+00    -2.623670e-02
4.628725e+00    -2.619874e-02
4.640938e+00    -2.616398e-02
4.653151e+00    -2.613213e-02
4.665364e+00    -2.610293e-02
4.677577e+00    -2.607612e-02
4.689790e+00    -2.605145e-02
4.702003e+00    -2.602869e-02
4.714216e+00    -2.600762e-02
4.726429e+00    -2.598801e-02
4.738642e+00    -2.596968e-02
4.750855e+00    -2.595241e-02
4.763068e+00    -2.593604e-02
4.775281e+00    -2.592039e-02
4.787494e+00    -2.590529e-02
4.799707e+00    -2.589060e-02
4.811920e+00    -2.587616e-02
4.824133e+00    -2.586185e-02
4.836346e+00    -2.584752e-02
4.848559e+00    -2.583308e-02
4.860772e+00    -2.581839e-02
4.872985e+00    -2.580338e-02
4.885198e+00    -2.578793e-02
4.897411e+00    -2.577198e-02
4.909624e+00    -2.575542e-02
4.921837e+00    -2.573820e-02
4.934050e+00    -2.572025e-02
4.946263e+00    -2.570152e-02
4.958476e+00    -2.568195e-02
4.970689e+00    -2.566150e-02
4.982902e+00    -2.564013e-02
4.995115e+00    -2.561781e-02
5.007328e+00    -2.559451e-02
5.019541e+00    -2.557021e-02
5.031754e+00    -2.554490e-02
5.043967e+00    -2.551856e-02
5.056180e+00    -2.549119e-02
5.068393e+00    -2.546279e-02
5.080606e+00    -2.543334e-02
5.092819e+00    -2.540289e-02
5.105031e+00    -2.537141e-02
5.117245e+00    -2.533894e-02
5.129457e+00    -2.530548e-02
5.141671e+00    -2.527105e-02
5.153883e+00    -2.523570e-02
5.166097e+00    -2.519942e-02
5.178309e+00    -2.516227e-02
5.190523e+00    -2.512427e-02
5.202735e+00    -2.508545e-02
5.214949e+00    -2.504585e-02
5.227162e+00    -2.500550e-02
5.239375e+00    -2.496444e-02
5.251588e+00    -2.492272e-02
5.263801e+00    -2.488037e-02
5.276014e+00    -2.483744e-02
5.288227e+00    -2.479397e-02
5.300440e+00    -2.475000e-02
5.312653e+00    -2.470558e-02
5.324866e+00    -2.466076e-02
5.337079e+00    -2.461556e-02
5.349292e+00    -2.457005e-02
5.361505e+00    -2.452426e-02
5.373718e+00    -2.447825e-02
5.385931e+00    -2.443204e-02
5.398144e+00    -2.438569e-02
5.410357e+00    -2.433922e-02
5.422570e+00    -2.429270e-02
5.434783e+00    -2.424616e-02
5.446996e+00    -2.419963e-02
5.459208e+00    -2.415314e-02
5.471422e+00    -2.410675e-02
5.483634e+00    -2.406049e-02
5.495848e+00    -2.401437e-02
5.508060e+00    -2.396845e-02
5.520274e+00    -2.392273e-02
5.532486e+00    -2.387726e-02
5.544700e+00    -2.383207e-02
5.556912e+00    -2.378716e-02
5.569126e+00    -2.374256e-02
5.581338e+00    -2.369830e-02
5.593552e+00    -2.365438e-02
5.605764e+00    -2.361083e-02
5.617978e+00    -2.356765e-02
5.630190e+00    -2.352486e-02
5.642404e+00    -2.348246e-02
5.654616e+00    -2.344045e-02
5.666830e+00    -2.339885e-02
5.679042e+00    -2.335766e-02
5.691256e+00    -2.331685e-02
5.703468e+00    -2.327643e-02
5.715682e+00    -2.323641e-02
5.727894e+00    -2.319676e-02
5.740108e+00    -2.315747e-02
5.752320e+00    -2.311853e-02
5.764534e+00    -2.307992e-02
5.776746e+00    -2.304162e-02
5.788960e+00    -2.300361e-02
5.801172e+00    -2.296586e-02
5.813385e+00    -2.292834e-02
5.825598e+00    -2.289103e-02
5.837811e+00    -2.285390e-02
5.850024e+00    -2.281691e-02
5.862237e+00    -2.278001e-02
5.874450e+00    -2.274319e-02
5.886663e+00    -2.270639e-02
5.898876e+00    -2.266958e-02
5.911089e+00    -2.263269e-02
5.923302e+00    -2.259569e-02
5.935515e+00    -2.255855e-02
5.947728e+00    -2.252119e-02
5.959941e+00    -2.248357e-02
5.972154e+00    -2.244563e-02
5.984367e+00    -2.240734e-02
5.996580e+00    -2.236861e-02
6.008793e+00    -2.232940e-02
6.021006e+00    -2.228965e-02
6.033219e+00    -2.224929e-02
6.045432e+00    -2.220827e-02
6.057645e+00    -2.216653e-02
6.069858e+00    -2.212399e-02
6.082071e+00    -2.208059e-02
6.094284e+00    -2.203628e-02
6.106497e+00    -2.199098e-02
6.118710e+00    -2.194463e-02
6.130923e+00    -2.189717e-02
6.143136e+00    -2.184851e-02
6.155349e+00    -2.179861e-02
6.167562e+00    -2.174738e-02
6.179775e+00    -2.169477e-02
6.191988e+00    -2.164071e-02
6.204201e+00    -2.158512e-02
6.216414e+00    -2.152795e-02
6.228627e+00    -2.146912e-02
6.240840e+00    -2.140857e-02
6.253053e+00    -2.134624e-02
6.265266e+00    -2.128205e-02
6.277479e+00    -2.121595e-02
6.289692e+00    -2.114787e-02
6.301905e+00    -2.107775e-02
6.314118e+00    -2.100554e-02
6.326331e+00    -2.093116e-02
6.338544e+00    -2.085455e-02
6.350757e+00    -2.077568e-02
6.362970e+00    -2.069447e-02
6.375183e+00    -2.061087e-02
6.387396e+00    -2.052483e-02
6.399609e+00    -2.043629e-02
6.411822e+00    -2.034522e-02
6.424035e+00    -2.025155e-02
6.436248e+00    -2.015524e-02
6.448461e+00    -2.005625e-02
6.460674e+00    -1.995454e-02
6.472887e+00    -1.985007e-02
6.485100e+00    -1.974279e-02
6.497313e+00    -1.963267e-02
6.509526e+00    -1.951969e-02
6.521739e+00    -1.940381e-02
6.533952e+00    -1.928498e-02
6.546165e+00    -1.916321e-02
6.558378e+00    -1.903844e-02
6.570591e+00    -1.891068e-02
6.582804e+00    -1.877989e-02
6.595017e+00    -1.864607e-02
6.607230e+00    -1.850918e-02
6.619443e+00    -1.836925e-02
6.631656e+00    -1.822623e-02
6.643869e+00    -1.808013e-02
6.656082e+00    -1.793095e-02
6.668295e+00    -1.777869e-02
6.680508e+00    -1.762334e-02
6.692721e+00    -1.746492e-02
6.704934e+00    -1.730345e-02
6.717147e+00    -1.713889e-02
6.729360e+00    -1.697130e-02
6.741573e+00    -1.680068e-02
6.753786e+00    -1.662705e-02
6.765999e+00    -1.645043e-02
6.778212e+00    -1.627085e-02
6.790425e+00    -1.608833e-02
6.802638e+00    -1.590290e-02
6.814851e+00    -1.571460e-02
6.827064e+00    -1.552346e-02
6.839277e+00    -1.532952e-02
6.851490e+00    -1.513281e-02
6.863703e+00    -1.493339e-02
6.875916e+00    -1.473130e-02
6.888129e+00    -1.452657e-02
6.900342e+00    -1.431928e-02
6.912555e+00    -1.410946e-02
6.924768e+00    -1.389717e-02
6.936981e+00    -1.368249e-02
6.949194e+00    -1.346544e-02
6.961407e+00    -1.324612e-02
6.973620e+00    -1.302457e-02
6.985833e+00    -1.280087e-02
6.998046e+00    -1.257508e-02
7.010259e+00    -1.234727e-02
7.022472e+00    -1.211752e-02
7.034685e+00    -1.188591e-02
7.046898e+00    -1.165249e-02
7.059111e+00    -1.141738e-02
7.071324e+00    -1.118061e-02
7.083537e+00    -1.094231e-02
7.095750e+00    -1.070254e-02
7.107963e+00    -1.046136e-02
7.120176e+00    -1.021889e-02
7.132389e+00    -9.975216e-03
7.144602e+00    -9.730407e-03
7.156815e+00    -9.484572e-03
7.169028e+00    -9.237788e-03
7.181241e+00    -8.990159e-03
7.193454e+00    -8.741761e-03
7.205667e+00    -8.492704e-03
7.217880e+00    -8.243071e-03
7.230093e+00    -7.992964e-03
7.242306e+00    -7.742473e-03
7.254519e+00    -7.491701e-03
7.266732e+00    -7.240735e-03
7.278944e+00    -6.989681e-03
7.291158e+00    -6.738620e-03
7.303371e+00    -6.487667e-03
7.315584e+00    -6.236918e-03
7.327797e+00    -5.986459e-03
7.340010e+00    -5.736405e-03
7.352223e+00    -5.486823e-03
7.364436e+00    -5.237846e-03
7.376649e+00    -4.989542e-03
7.388862e+00    -4.742024e-03
7.401075e+00    -4.495386e-03
7.413288e+00    -4.249704e-03
7.425501e+00    -4.005086e-03
7.437714e+00    -3.761644e-03
7.449927e+00    -3.519444e-03
7.462140e+00    -3.278587e-03
7.474353e+00    -3.039154e-03
7.486566e+00    -2.801264e-03
7.498779e+00    -2.564977e-03
7.510992e+00    -2.330392e-03
7.523205e+00    -2.097592e-03
7.535418e+00    -1.866671e-03
7.547631e+00    -1.637697e-03
7.559844e+00    -1.410771e-03
7.572057e+00    -1.185951e-03
7.584270e+00    -9.633441e-04
7.596483e+00    -7.430032e-04
7.608696e+00    -5.250208e-04
7.620909e+00    -3.094604e-04
7.633121e+00    -9.640988e-05
7.645335e+00    1.140871e-04
7.657547e+00    3.219344e-04
7.669761e+00    5.270827e-04
7.681973e+00    7.294569e-04
7.694187e+00    9.289992e-04
7.706399e+00    1.125637e-03
7.718613e+00    1.319343e-03
7.730825e+00    1.510023e-03
7.743039e+00    1.697652e-03
7.755251e+00    1.882153e-03
7.767465e+00    2.063500e-03
7.779677e+00    2.241624e-03
7.791891e+00    2.416498e-03
7.804103e+00    2.588056e-03
7.816317e+00    2.756289e-03
7.828529e+00    2.921125e-03
7.840743e+00    3.082554e-03
7.852955e+00    3.240524e-03
7.865169e+00    3.395017e-03
7.877381e+00    3.545995e-03
7.889595e+00    3.693442e-03
7.901807e+00    3.837327e-03
7.914021e+00    3.977618e-03
7.926233e+00    4.114306e-03
7.938447e+00    4.247377e-03
7.950659e+00    4.376802e-03
7.962873e+00    4.502597e-03
7.975085e+00    4.624730e-03
7.987298e+00    4.743193e-03
7.999511e+00    4.857975e-03
8.011724e+00    4.969101e-03
8.023937e+00    5.076545e-03
8.036150e+00    5.180315e-03
8.048364e+00    5.280419e-03
8.060576e+00    5.376859e-03
8.072789e+00    5.469642e-03
8.085002e+00    5.558783e-03
8.097216e+00    5.644298e-03
8.109428e+00    5.726187e-03
8.121641e+00    5.804479e-03
8.133854e+00    5.879187e-03
8.146068e+00    5.950346e-03
8.158280e+00    6.017959e-03
8.170493e+00    6.082058e-03
8.182706e+00    6.142672e-03
8.194920e+00    6.199837e-03
8.207132e+00    6.253566e-03
8.219345e+00    6.303902e-03
8.231558e+00    6.350878e-03
8.243772e+00    6.394530e-03
8.255984e+00    6.434890e-03
8.268197e+00    6.472001e-03
8.280410e+00    6.505900e-03
8.292624e+00    6.536637e-03
8.304836e+00    6.564240e-03
8.317049e+00    6.588767e-03
8.329262e+00    6.610256e-03
8.341475e+00    6.628761e-03
8.353688e+00    6.644321e-03
8.365901e+00    6.656989e-03
8.378115e+00    6.666820e-03
8.390327e+00    6.673853e-03
8.402540e+00    6.678164e-03
8.414753e+00    6.679765e-03
8.426967e+00    6.678752e-03
8.439179e+00    6.675154e-03
8.451392e+00    6.669039e-03
8.463605e+00    6.660456e-03
8.475819e+00    6.649464e-03
8.488031e+00    6.636125e-03
8.500244e+00    6.620490e-03
8.512457e+00    6.602617e-03
8.524671e+00    6.582560e-03
8.536883e+00    6.560396e-03
8.549096e+00    6.536166e-03
8.561309e+00    6.509938e-03
8.573523e+00    6.481765e-03
8.585735e+00    6.451712e-03
8.597948e+00    6.419851e-03
8.610161e+00    6.386198e-03
8.622375e+00    6.350854e-03
8.634587e+00    6.313865e-03
8.646800e+00    6.275293e-03
8.659013e+00    6.235192e-03
8.671227e+00    6.193622e-03
8.683439e+00    6.150639e-03
8.695652e+00    6.106304e-03
8.707865e+00    6.060674e-03
8.720078e+00    6.013811e-03
8.732291e+00    5.965757e-03
8.744504e+00    5.916581e-03
8.756717e+00    5.866334e-03
8.768930e+00    5.815065e-03
8.781143e+00    5.762833e-03
8.793356e+00    5.709696e-03
8.805569e+00    5.655695e-03
8.817782e+00    5.600882e-03
8.829995e+00    5.545319e-03
8.842208e+00    5.489055e-03
8.854421e+00    5.432128e-03
8.866634e+00    5.374584e-03
8.878847e+00    5.316486e-03
8.891060e+00    5.257872e-03
8.903273e+00    5.198791e-03
8.915486e+00    5.139262e-03
8.927699e+00    5.079362e-03
8.939912e+00    5.019113e-03
8.952125e+00    4.958563e-03
8.964338e+00    4.897750e-03
8.976551e+00    4.836712e-03
8.988764e+00    4.775484e-03
9.000977e+00    4.714115e-03
9.013190e+00    4.652607e-03
9.025403e+00    4.591036e-03
9.037616e+00    4.529405e-03
9.049829e+00    4.467764e-03
9.062042e+00    4.406115e-03
9.074255e+00    4.344518e-03
9.086468e+00    4.282982e-03
9.098680e+00    4.221535e-03
9.110894e+00    4.160215e-03
9.123107e+00    4.099033e-03
9.135320e+00    4.038017e-03
9.147532e+00    3.977186e-03
9.159746e+00    3.916556e-03
9.171959e+00    3.856158e-03
9.184172e+00    3.796001e-03
9.196384e+00    3.736106e-03
9.208598e+00    3.676477e-03
9.220811e+00    3.617139e-03
9.233024e+00    3.558108e-03
9.245236e+00    3.499392e-03
9.257450e+00    3.440998e-03
9.269663e+00    3.382938e-03
9.281876e+00    3.325226e-03
9.294088e+00    3.267860e-03
9.306302e+00    3.210853e-03
9.318515e+00    3.154217e-03
9.330728e+00    3.097944e-03
9.342940e+00    3.042039e-03
9.355154e+00    2.986506e-03
9.367367e+00    2.931359e-03
9.379580e+00    2.876582e-03
9.391793e+00    2.822179e-03
9.404006e+00    2.768155e-03
9.416219e+00    2.714510e-03
9.428432e+00    2.661231e-03
9.440645e+00    2.608318e-03
9.452858e+00    2.555773e-03
9.465071e+00    2.503588e-03
9.477283e+00    2.451757e-03
9.489497e+00    2.400270e-03
9.501710e+00    2.349124e-03
9.513923e+00    2.298314e-03
9.526135e+00    2.247829e-03
9.538349e+00    2.197659e-03
9.550562e+00    2.147806e-03
9.562775e+00    2.098245e-03
9.574987e+00    2.048970e-03
9.587201e+00    1.999983e-03
9.599414e+00    1.951270e-03
9.611627e+00    1.902804e-03
9.623839e+00    1.854595e-03
9.636053e+00    1.806615e-03
9.648266e+00    1.758860e-03
9.660479e+00    1.711328e-03
9.672691e+00    1.663991e-03
9.684905e+00    1.616840e-03
9.697118e+00    1.569871e-03
9.709331e+00    1.523066e-03
9.721543e+00    1.476418e-03
9.733757e+00    1.429904e-03
9.745970e+00    1.383531e-03
9.758183e+00    1.337268e-03
9.770395e+00    1.291116e-03
9.782609e+00    1.245048e-03
9.794822e+00    1.199071e-03
9.807034e+00    1.153164e-03
9.819247e+00    1.107311e-03
9.831461e+00    1.061507e-03
9.843674e+00    1.015744e-03
9.855886e+00    9.700104e-04
9.868099e+00    9.242931e-04
9.880313e+00    8.785843e-04
9.892526e+00    8.328747e-04
9.904738e+00    7.871569e-04
9.916951e+00    7.414107e-04
9.929165e+00    6.956383e-04
9.941378e+00    6.498305e-04
9.953590e+00    6.039865e-04
9.965803e+00    5.580917e-04
9.978017e+00    5.121363e-04
9.990230e+00    4.661217e-04
1.000244e+01    4.200415e-04
1.001466e+01    3.738908e-04
1.002687e+01    3.276612e-04
1.003908e+01    2.813540e-04
1.005129e+01    2.349631e-04
1.006351e+01    1.884910e-04
1.007572e+01    1.419311e-04
1.008793e+01    9.528085e-05
1.010015e+01    4.851872e-05
1.011236e+01    1.721713e-06
1.012457e+01    -4.520085e-05
1.013679e+01    -9.219489e-05
1.014900e+01    -1.392833e-04
1.016121e+01    -1.864471e-04
1.017342e+01    -2.336977e-04
1.018564e+01    -2.810196e-04
1.019785e+01    -3.284213e-04
1.021006e+01    -3.758710e-04
1.022228e+01    -4.233948e-04
1.023449e+01    -4.709684e-04
1.024670e+01    -5.185911e-04
1.025891e+01    -5.662518e-04
1.027113e+01    -6.139523e-04
1.028334e+01    -6.616628e-04
1.029555e+01    -7.094021e-04
1.030777e+01    -7.571382e-04
1.031998e+01    -8.048643e-04
1.033219e+01    -8.525809e-04
1.034441e+01    -9.002603e-04
1.035662e+01    -9.479037e-04
1.036883e+01    -9.954964e-04
1.038105e+01    -1.043017e-03
1.039326e+01    -1.090466e-03
1.040547e+01    -1.137813e-03
1.041768e+01    -1.185057e-03
1.042990e+01    -1.232173e-03
1.044211e+01    -1.279153e-03
1.045432e+01    -1.325979e-03
1.046654e+01    -1.372631e-03
1.047875e+01    -1.419096e-03
1.049096e+01    -1.465363e-03
1.050318e+01    -1.511397e-03
1.051539e+01    -1.557203e-03
1.052760e+01    -1.602746e-03
1.053981e+01    -1.648015e-03
1.055203e+01    -1.692995e-03
1.056424e+01    -1.737660e-03
1.057645e+01    -1.781994e-03
1.058867e+01    -1.825976e-03
1.060088e+01    -1.869586e-03
1.061309e+01    -1.912827e-03
1.062531e+01    -1.955644e-03
1.063752e+01    -1.998042e-03
1.064973e+01    -2.039994e-03
1.066194e+01    -2.081476e-03
1.067416e+01    -2.122474e-03
1.068637e+01    -2.162970e-03
1.069858e+01    -2.202946e-03
1.071080e+01    -2.242369e-03
1.072301e+01    -2.281235e-03
1.073522e+01    -2.319514e-03
1.074744e+01    -2.357197e-03
1.075965e+01    -2.394262e-03
1.077186e+01    -2.430685e-03
1.078407e+01    -2.466451e-03
1.079629e+01    -2.501536e-03
1.080850e+01    -2.535935e-03
1.082071e+01    -2.569617e-03
1.083293e+01    -2.602573e-03
1.084514e+01    -2.634787e-03
1.085735e+01    -2.666231e-03
1.086957e+01    -2.696895e-03
1.088178e+01    -2.726765e-03
1.089399e+01    -2.755824e-03
1.090620e+01    -2.784054e-03
1.091842e+01    -2.811441e-03
1.093063e+01    -2.837972e-03
1.094284e+01    -2.863633e-03
1.095506e+01    -2.888409e-03
1.096727e+01    -2.912293e-03
1.097948e+01    -2.935257e-03
1.099170e+01    -2.957301e-03
1.100391e+01    -2.978421e-03
1.101612e+01    -2.998587e-03
1.102833e+01    -3.017803e-03
1.104055e+01    -3.036056e-03
1.105276e+01    -3.053332e-03
1.106497e+01    -3.069628e-03
1.107719e+01    -3.084935e-03
1.108940e+01    -3.099243e-03
1.110161e+01    -3.112548e-03
1.111382e+01    -3.124842e-03
1.112604e+01    -3.136125e-03
1.113825e+01    -3.146384e-03
1.115046e+01    -3.155624e-03
1.116268e+01    -3.163833e-03
1.117489e+01    -3.171010e-03
1.118710e+01    -3.177164e-03
1.119932e+01    -3.182279e-03
1.121153e+01    -3.186365e-03
1.122374e+01    -3.189415e-03
1.123596e+01    -3.191432e-03
1.124817e+01    -3.192422e-03
1.126038e+01    -3.192383e-03
1.127259e+01    -3.191316e-03
1.128481e+01    -3.189227e-03
1.129702e+01    -3.186126e-03
1.130923e+01    -3.182005e-03
1.132145e+01    -3.176883e-03
1.133366e+01    -3.170758e-03
1.134587e+01    -3.163642e-03
1.135808e+01    -3.155542e-03
1.137030e+01    -3.146466e-03
1.138251e+01    -3.136419e-03
1.139472e+01    -3.125412e-03
1.140694e+01    -3.113463e-03
1.141915e+01    -3.100571e-03
1.143136e+01    -3.086758e-03
1.144358e+01    -3.072030e-03
1.145579e+01    -3.056402e-03
1.146800e+01    -3.039884e-03
1.148022e+01    -3.022495e-03
1.149243e+01    -3.004250e-03
1.150464e+01    -2.985158e-03
1.151685e+01    -2.965237e-03
1.152907e+01    -2.944508e-03
1.154128e+01    -2.922982e-03
1.155349e+01    -2.900677e-03
1.156571e+01    -2.877609e-03
1.157792e+01    -2.853800e-03
1.159013e+01    -2.829261e-03
1.160234e+01    -2.804025e-03
1.161456e+01    -2.778089e-03
1.162677e+01    -2.751490e-03
1.163898e+01    -2.724243e-03
1.165120e+01    -2.696366e-03
1.166341e+01    -2.667886e-03
1.167562e+01    -2.638819e-03
1.168784e+01    -2.609186e-03
1.170005e+01    -2.579001e-03
1.171226e+01    -2.548301e-03
1.172447e+01    -2.517097e-03
1.173669e+01    -2.485419e-03
1.174890e+01    -2.453278e-03
1.176111e+01    -2.420699e-03
1.177333e+01    -2.387712e-03
1.178554e+01    -2.354332e-03
1.179775e+01    -2.320579e-03
1.180997e+01    -2.286496e-03
1.182218e+01    -2.252075e-03
1.183439e+01    -2.217361e-03
1.184660e+01    -2.182370e-03
1.185882e+01    -2.147123e-03
1.187103e+01    -2.111641e-03
1.188324e+01    -2.075949e-03
1.189546e+01    -2.040077e-03
1.190767e+01    -2.004032e-03
1.191988e+01    -1.967852e-03
1.193210e+01    -1.931546e-03
1.194431e+01    -1.895143e-03
1.195652e+01    -1.858661e-03
1.196873e+01    -1.822126e-03
1.198095e+01    -1.785558e-03
1.199316e+01    -1.748976e-03
1.200537e+01    -1.712402e-03
1.201759e+01    -1.675851e-03
1.202980e+01    -1.639357e-03
1.204201e+01    -1.602934e-03
1.205423e+01    -1.566595e-03
1.206644e+01    -1.530364e-03
1.207865e+01    -1.494258e-03
1.209086e+01    -1.458300e-03
1.210308e+01    -1.422487e-03
1.211529e+01    -1.386891e-03
1.212750e+01    -1.351479e-03
1.213972e+01    -1.316280e-03
1.215193e+01    -1.281312e-03
1.216414e+01    -1.246599e-03
1.217636e+01    -1.212147e-03
1.218857e+01    -1.177984e-03
1.220078e+01    -1.144098e-03
1.221299e+01    -1.110533e-03
1.222521e+01    -1.077285e-03
1.223742e+01    -1.044377e-03
1.224963e+01    -1.011817e-03
1.226185e+01    -9.796188e-04
1.227406e+01    -9.477909e-04
1.228627e+01    -9.163484e-04
1.229849e+01    -8.853071e-04
1.231070e+01    -8.546539e-04
1.232291e+01    -8.244285e-04
1.233512e+01    -7.946292e-04
1.234734e+01    -7.652455e-04
1.235955e+01    -7.363152e-04
1.237176e+01    -7.078300e-04
1.238398e+01    -6.797978e-04
1.239619e+01    -6.522249e-04
1.240840e+01    -6.251232e-04
1.242062e+01    -5.984842e-04
1.243283e+01    -5.723208e-04
1.244504e+01    -5.466467e-04
1.245725e+01    -5.214511e-04
1.246947e+01    -4.967422e-04
1.248168e+01    -4.725240e-04
1.249389e+01    -4.488098e-04
1.250611e+01    -4.255589e-04
1.251832e+01    -4.028162e-04
1.253053e+01    -3.805659e-04
1.254275e+01    -3.588125e-04
1.255496e+01    -3.375501e-04
1.256717e+01    -3.167768e-04
1.257938e+01    -2.964956e-04
1.259160e+01    -2.767063e-04
1.260381e+01    -2.573954e-04
1.261602e+01    -2.385748e-04
1.262824e+01    -2.202263e-04
1.264045e+01    -2.023527e-04
1.265266e+01    -1.849541e-04
1.266488e+01    -1.680184e-04
1.267709e+01    -1.515448e-04
1.268930e+01    -1.355294e-04
1.270151e+01    -1.199615e-04
1.271373e+01    -1.048302e-04
1.272594e+01    -9.014000e-05
1.273815e+01    -7.587808e-05
1.275037e+01    -6.203107e-05
1.276258e+01    -4.860936e-05
1.277479e+01    -3.559340e-05
1.278701e+01    -2.297110e-05
1.279922e+01    -1.072821e-05
1.281143e+01    1.115506e-06
1.282364e+01    1.259834e-05
1.283586e+01    2.371327e-05
1.284807e+01    3.448183e-05
1.286028e+01    4.490341e-05
1.287250e+01    5.499418e-05
1.288471e+01    6.475793e-05
1.289692e+01    7.421407e-05
1.290914e+01    8.337006e-05
1.292135e+01    9.222041e-05
1.293356e+01    1.007989e-04
1.294577e+01    1.091012e-04
1.295799e+01    1.171487e-04
1.297020e+01    1.249415e-04
1.298241e+01    1.324996e-04
1.299463e+01    1.398297e-04
1.300684e+01    1.469380e-04
1.301905e+01    1.538413e-04
1.303127e+01    1.605485e-04
1.304348e+01    1.670783e-04
1.305569e+01    1.734252e-04
1.306790e+01    1.796054e-04
1.308012e+01    1.856435e-04
1.309233e+01    1.915351e-04
1.310454e+01    1.972993e-04
1.311676e+01    2.029333e-04
1.312897e+01    2.084660e-04
1.314118e+01    2.138867e-04
1.315340e+01    2.192219e-04
1.316561e+01    2.244781e-04
1.317782e+01    2.296575e-04
1.319003e+01    2.347723e-04
1.320225e+01    2.398330e-04
1.321446e+01    2.448656e-04
1.322667e+01    2.498509e-04
1.323889e+01    2.548081e-04
1.325110e+01    2.597435e-04
1.326331e+01    2.646739e-04
1.327553e+01    2.696032e-04
1.328774e+01    2.745295e-04
1.329995e+01    2.794663e-04
1.331216e+01    2.844324e-04
1.332438e+01    2.894179e-04
1.333659e+01    2.944323e-04
1.334880e+01    2.994834e-04
1.336102e+01    3.045796e-04
1.337323e+01    3.097244e-04
1.338544e+01    3.149224e-04
1.339766e+01    3.201865e-04
1.340987e+01    3.255010e-04
1.342208e+01    3.308923e-04
1.343429e+01    3.363508e-04
1.344651e+01    3.418822e-04
1.345872e+01    3.474944e-04
1.347093e+01    3.531860e-04
1.348315e+01    3.589580e-04
1.349536e+01    3.648170e-04
1.350757e+01    3.707593e-04
1.351978e+01    3.767972e-04
1.353200e+01    3.829125e-04
1.354421e+01    3.891299e-04
1.355642e+01    3.954254e-04
1.356864e+01    4.018169e-04
1.358085e+01    4.083002e-04
1.359306e+01    4.148647e-04
1.360528e+01    4.215224e-04
1.361749e+01    4.282671e-04
1.362970e+01    4.350941e-04
1.364192e+01    4.420085e-04
1.365413e+01    4.490010e-04
1.366634e+01    4.560719e-04
1.367855e+01    4.632200e-04
1.369077e+01    4.704391e-04
1.370298e+01    4.777304e-04
1.371519e+01    4.850838e-04
1.372741e+01    4.924919e-04
1.373962e+01    4.999591e-04
1.375183e+01    5.074783e-04
1.376404e+01    5.150528e-04
1.377626e+01    5.226632e-04
1.378847e+01    5.303104e-04
1.380068e+01    5.379943e-04
1.381290e+01    5.456965e-04
1.382511e+01    5.534225e-04
1.383732e+01    5.611625e-04
1.384954e+01    5.689076e-04
1.386175e+01    5.766605e-04
1.387396e+01    5.844013e-04
1.388618e+01    5.921315e-04
1.389839e+01    5.998391e-04
1.391060e+01    6.075230e-04
1.392281e+01    6.151727e-04
1.393503e+01    6.227822e-04
1.394724e+01    6.303413e-04
1.395945e+01    6.378455e-04
1.397167e+01    6.452843e-04
1.398388e+01    6.526510e-04
1.399609e+01    6.599443e-04
1.400830e+01    6.671417e-04
1.402052e+01    6.742477e-04
1.403273e+01    6.812494e-04
1.404494e+01    6.881423e-04
1.405716e+01    6.949155e-04
1.406937e+01    7.015637e-04
1.408158e+01    7.080764e-04
1.409380e+01    7.144435e-04
1.410601e+01    7.206696e-04
1.411822e+01    7.267298e-04
1.413043e+01    7.326282e-04
1.414265e+01    7.383518e-04
1.415486e+01    7.438968e-04
1.416707e+01    7.492551e-04
1.417929e+01    7.544148e-04
1.419150e+01    7.593819e-04
1.420371e+01    7.641220e-04
1.421593e+01    7.686556e-04
1.422814e+01    7.729699e-04
1.424035e+01    7.770469e-04
1.425256e+01    7.808937e-04
1.426478e+01    7.844915e-04
1.427699e+01    7.878494e-04
1.428920e+01    7.909517e-04
1.430142e+01    7.937863e-04
1.431363e+01    7.963656e-04
1.432584e+01    7.986701e-04
1.433806e+01    8.006985e-04
1.435027e+01    8.024469e-04
1.436248e+01    8.039114e-04
1.437469e+01    8.050870e-04
1.438691e+01    8.059689e-04
1.439912e+01    8.065506e-04
1.441133e+01    8.068359e-04
1.442355e+01    8.068139e-04
1.443576e+01    8.064869e-04
1.444797e+01    8.058504e-04
1.446019e+01    8.048987e-04
1.447240e+01    8.036334e-04
1.448461e+01    8.020567e-04
1.449682e+01    8.001614e-04
1.450904e+01    7.979434e-04
1.452125e+01    7.954051e-04
1.453346e+01    7.925462e-04
1.454568e+01    7.893716e-04
1.455789e+01    7.858742e-04
1.457010e+01    7.820482e-04
1.458232e+01    7.779102e-04
1.459453e+01    7.734487e-04
1.460674e+01    7.686688e-04
1.461895e+01    7.635725e-04
1.463117e+01    7.581627e-04
1.464338e+01    7.524378e-04
1.465559e+01    7.464002e-04
1.466781e+01    7.400572e-04
1.468002e+01    7.334040e-04
1.469223e+01    7.264573e-04
1.470445e+01    7.192023e-04
1.471666e+01    7.116499e-04
1.472887e+01    7.038161e-04
1.474109e+01    6.956864e-04
1.475330e+01    6.872812e-04
1.476551e+01    6.785963e-04
1.477772e+01    6.696396e-04
1.478994e+01    6.604107e-04
1.480215e+01    6.509229e-04
1.481436e+01    6.411828e-04
1.482658e+01    6.311964e-04
1.483879e+01    6.209568e-04
1.485100e+01    6.104876e-04
1.486321e+01    5.997810e-04
1.487543e+01    5.888607e-04
1.488764e+01    5.777130e-04
1.489985e+01    5.663694e-04
1.491207e+01    5.548201e-04
1.492428e+01    5.430761e-04
1.493649e+01    5.311416e-04
1.494871e+01    5.190375e-04
1.496092e+01    5.067645e-04
1.497313e+01    4.943218e-04
1.498534e+01    4.817292e-04
1.499756e+01    4.689928e-04
1.500977e+01    4.561284e-04
1.502198e+01    4.431335e-04
1.503420e+01    4.300211e-04
1.504641e+01    4.167997e-04
1.505862e+01    4.034789e-04
1.507084e+01    3.900690e-04
1.508305e+01    3.765801e-04
1.509526e+01    3.630154e-04
1.510747e+01    3.493900e-04
1.511969e+01    3.357143e-04
1.513190e+01    3.219890e-04
1.514411e+01    3.082349e-04
1.515633e+01    2.944537e-04
1.516854e+01    2.806594e-04
1.518075e+01    2.668555e-04
1.519297e+01    2.530589e-04
1.520518e+01    2.392689e-04
1.521739e+01    2.255049e-04
1.522960e+01    2.117717e-04
1.524182e+01    1.980787e-04
1.525403e+01    1.844346e-04
1.526624e+01    1.708473e-04
1.527846e+01    1.573286e-04
1.529067e+01    1.438879e-04
1.530288e+01    1.305314e-04
1.531509e+01    1.172608e-04
1.532731e+01    1.041004e-04
1.533952e+01    9.104513e-05
1.535173e+01    7.811020e-05
1.536395e+01    6.529903e-05
1.537616e+01    5.262218e-05
1.538837e+01    4.008937e-05
1.540059e+01    2.770140e-05
1.541280e+01    1.547904e-05
1.542501e+01    3.407593e-06
1.543723e+01    -8.486146e-06
1.544944e+01    -2.020213e-05
1.546165e+01    -3.173798e-05
1.547386e+01    -4.308358e-05
1.548608e+01    -5.422700e-05
1.549829e+01    -6.516818e-05
1.551050e+01    -7.591234e-05
1.552272e+01    -8.643545e-05
1.553493e+01    -9.673659e-05
1.554714e+01    -1.068196e-04
1.555935e+01    -1.166725e-04
1.557157e+01    -1.262942e-04
1.558378e+01    -1.356798e-04
1.559599e+01    -1.448140e-04
1.560821e+01    -1.537154e-04
1.562042e+01    -1.623635e-04
1.563263e+01    -1.707567e-04
1.564485e+01    -1.788997e-04
1.565706e+01    -1.867822e-04
1.566927e+01    -1.944087e-04
1.568149e+01    -2.017720e-04
1.569370e+01    -2.088755e-04
1.570591e+01    -2.157032e-04
1.571812e+01    -2.222565e-04
1.573034e+01    -2.285706e-04
1.574255e+01    -2.345956e-04
1.575476e+01    -2.403552e-04
1.576698e+01    -2.458433e-04
1.577919e+01    -2.510655e-04
1.579140e+01    -2.560146e-04
1.580362e+01    -2.606940e-04
1.581583e+01    -2.651068e-04
1.582804e+01    -2.692509e-04
1.584025e+01    -2.731287e-04
1.585247e+01    -2.767398e-04
1.586468e+01    -2.800878e-04
1.587689e+01    -2.831759e-04
1.588911e+01    -2.860085e-04
1.590132e+01    -2.885729e-04
1.591353e+01    -2.908864e-04
1.592575e+01    -2.929523e-04
1.593796e+01    -2.947638e-04
1.595017e+01    -2.963367e-04
1.596238e+01    -2.976593e-04
1.597460e+01    -2.987461e-04
1.598681e+01    -2.996016e-04
1.599902e+01    -3.002257e-04
1.601124e+01    -3.006219e-04
1.602345e+01    -3.007940e-04
1.603566e+01    -3.007529e-04
1.604787e+01    -3.004979e-04
1.606009e+01    -3.000298e-04
1.607230e+01    -2.993629e-04
1.608451e+01    -2.985005e-04
1.609673e+01    -2.974449e-04
1.610894e+01    -2.961892e-04
1.612115e+01    -2.947700e-04
1.613337e+01    -2.931676e-04
1.614558e+01    -2.913914e-04
1.615779e+01    -2.894544e-04
1.617001e+01    -2.873565e-04
1.618222e+01    -2.851089e-04
1.619443e+01    -2.827109e-04
1.620664e+01    -2.801745e-04
1.621886e+01    -2.775046e-04
1.623107e+01    -2.747047e-04
1.624328e+01    -2.717864e-04
1.625550e+01    -2.687520e-04
1.626771e+01    -2.656034e-04
1.627992e+01    -2.623568e-04
1.629214e+01    -2.590106e-04
1.630435e+01    -2.555856e-04
1.631656e+01    -2.520616e-04
1.632877e+01    -2.484657e-04
1.634099e+01    -2.448085e-04
1.635320e+01    -2.410742e-04
1.636541e+01    -2.372835e-04
1.637763e+01    -2.334459e-04
1.638984e+01    -2.295539e-04
1.640205e+01    -2.256364e-04
1.641426e+01    -2.216755e-04
1.642648e+01    -2.176874e-04
1.643869e+01    -2.136786e-04
1.645090e+01    -2.096568e-04
1.646312e+01    -2.056244e-04
1.647533e+01    -2.015883e-04
1.648754e+01    -1.975511e-04
1.649976e+01    -1.935180e-04
1.651197e+01    -1.895060e-04
1.652418e+01    -1.855093e-04
1.653639e+01    -1.815324e-04
1.654861e+01    -1.775821e-04
1.656082e+01    -1.736686e-04
1.657303e+01    -1.697883e-04
1.658525e+01    -1.659505e-04
1.659746e+01    -1.621557e-04
1.660967e+01    -1.584244e-04
1.662189e+01    -1.547339e-04
1.663410e+01    -1.511117e-04
1.664631e+01    -1.475448e-04
1.665853e+01    -1.440480e-04
1.667074e+01    -1.406235e-04
1.668295e+01    -1.372655e-04
1.669516e+01    -1.339856e-04
1.670738e+01    -1.307863e-04
1.671959e+01    -1.276734e-04
1.673180e+01    -1.246368e-04
1.674402e+01    -1.216865e-04
1.675623e+01    -1.188328e-04
1.676844e+01    -1.160671e-04
1.678065e+01    -1.133964e-04
1.679287e+01    -1.108174e-04
1.680508e+01    -1.083377e-04
1.681729e+01    -1.059538e-04
1.682951e+01    -1.036696e-04
1.684172e+01    -1.014853e-04
1.685393e+01    -9.940146e-05
1.686615e+01    -9.741828e-05
1.687836e+01    -9.553791e-05
1.689057e+01    -9.375274e-05
1.690278e+01    -9.207925e-05
1.691500e+01    -9.050284e-05
1.692721e+01    -8.903145e-05
1.693942e+01    -8.765919e-05
1.695164e+01    -8.638857e-05
1.696385e+01    -8.521551e-05
1.697606e+01    -8.413967e-05
1.698828e+01    -8.316388e-05
1.700049e+01    -8.227830e-05
1.701270e+01    -8.149532e-05
1.702491e+01    -8.080345e-05
1.703713e+01    -8.020036e-05
1.704934e+01    -7.968557e-05
1.706155e+01    -7.926166e-05
1.707377e+01    -7.891815e-05
1.708598e+01    -7.866259e-05
1.709819e+01    -7.849534e-05
1.711040e+01    -7.838753e-05
1.712262e+01    -7.836123e-05
1.713483e+01    -7.841014e-05
1.714705e+01    -7.852825e-05
1.715926e+01    -7.870897e-05
1.717147e+01    -7.895159e-05
1.718368e+01    -7.926150e-05
1.719590e+01    -7.963314e-05
1.720811e+01    -8.004312e-05
1.722032e+01    -8.050544e-05
1.723254e+01    -8.102031e-05
1.724475e+01    -8.157069e-05
1.725696e+01    -8.216521e-05
1.726917e+01    -8.279708e-05
1.728139e+01    -8.345283e-05
1.729360e+01    -8.414584e-05
1.730581e+01    -8.484768e-05
1.731803e+01    -8.558428e-05
1.733024e+01    -8.633459e-05
1.734245e+01    -8.709366e-05
1.735467e+01    -8.786035e-05
1.736688e+01    -8.863327e-05
1.737909e+01    -8.940800e-05
1.739130e+01    -9.017611e-05
1.740352e+01    -9.093250e-05
1.741573e+01    -9.168520e-05
1.742794e+01    -9.242063e-05
1.744016e+01    -9.313368e-05
1.745237e+01    -9.382651e-05
1.746458e+01    -9.449502e-05
1.747680e+01    -9.512979e-05
1.748901e+01    -9.573023e-05
1.750122e+01    -9.629579e-05
1.751343e+01    -9.681568e-05
1.752565e+01    -9.728989e-05
1.753786e+01    -9.772119e-05
1.755007e+01    -9.809941e-05
1.756229e+01    -9.841827e-05
1.757450e+01    -9.868147e-05
1.758671e+01    -9.888013e-05
1.759892e+01    -9.902867e-05
1.761114e+01    -9.909173e-05
1.762335e+01    -9.909620e-05
1.763556e+01    -9.902879e-05
1.764778e+01    -9.888170e-05
1.765999e+01    -9.865795e-05
1.767220e+01    -9.835522e-05
1.768442e+01    -9.796505e-05
1.769663e+01    -9.749092e-05
1.770884e+01    -9.694355e-05
1.772106e+01    -9.628541e-05
1.773327e+01    -9.556815e-05
1.774548e+01    -9.474086e-05
1.775769e+01    -9.382628e-05
1.776991e+01    -9.281085e-05
1.778212e+01    -9.170889e-05
1.779433e+01    -9.049772e-05
1.780655e+01    -8.921040e-05
1.781876e+01    -8.780685e-05
1.783097e+01    -8.630795e-05
1.784319e+01    -8.471779e-05
1.785540e+01    -8.302365e-05
1.786761e+01    -8.123255e-05
1.787982e+01    -7.933883e-05
1.789204e+01    -7.734678e-05
1.790425e+01    -7.526242e-05
1.791646e+01    -7.307879e-05
1.792868e+01    -7.079302e-05
1.794089e+01    -6.841631e-05
1.795310e+01    -6.593777e-05
1.796531e+01    -6.337091e-05
1.797753e+01    -6.070387e-05
1.798974e+01    -5.794820e-05
1.800196e+01    -5.510103e-05
1.801417e+01    -5.217281e-05
1.802638e+01    -4.914470e-05
1.803859e+01    -4.604642e-05
1.805081e+01    -4.285050e-05
1.806302e+01    -3.958255e-05
1.807523e+01    -3.623462e-05
1.808744e+01    -3.280642e-05
1.809966e+01    -2.930785e-05
1.811187e+01    -2.574275e-05
1.812408e+01    -2.210174e-05
1.813630e+01    -1.840229e-05
1.814851e+01    -1.463445e-05
1.816072e+01    -1.081458e-05
1.817294e+01    -6.932823e-06
1.818515e+01    -3.003806e-06
1.819736e+01    9.745127e-07
1.820958e+01    5.000795e-06
1.822179e+01    9.065785e-06
1.823400e+01    1.317327e-05
1.824621e+01    1.730991e-05
1.825843e+01    2.148020e-05
1.827064e+01    2.567633e-05
1.828285e+01    2.989476e-05
1.829507e+01    3.412645e-05
1.830728e+01    3.837980e-05
1.831949e+01    4.264689e-05
1.833171e+01    4.691829e-05
1.834392e+01    5.118374e-05
1.835613e+01    5.544850e-05
1.836834e+01    5.971524e-05
1.838056e+01    6.396545e-05
1.839277e+01    6.819225e-05
1.840498e+01    7.241394e-05
1.841720e+01    7.660140e-05
1.842941e+01    8.076697e-05
1.844162e+01    8.489285e-05
1.845383e+01    8.898694e-05
1.846605e+01    9.304041e-05
1.847826e+01    9.704626e-05
1.849047e+01    1.010024e-04
1.850269e+01    1.048987e-04
1.851490e+01    1.087459e-04
1.852711e+01    1.125287e-04
1.853933e+01    1.162402e-04
1.855154e+01    1.198846e-04
1.856375e+01    1.234574e-04
1.857596e+01    1.269452e-04
1.858818e+01    1.303569e-04
1.860039e+01    1.336785e-04
1.861260e+01    1.369080e-04
1.862482e+01    1.400491e-04
1.863703e+01    1.430841e-04
1.864924e+01    1.460243e-04
1.866146e+01    1.488602e-04
1.867367e+01    1.515850e-04
1.868588e+01    1.541971e-04
1.869810e+01    1.567046e-04
1.871031e+01    1.590870e-04
1.872252e+01    1.613498e-04
1.873473e+01    1.634916e-04
1.874695e+01    1.655077e-04
1.875916e+01    1.673927e-04
1.877137e+01    1.691503e-04
1.878359e+01    1.707720e-04
1.879580e+01    1.722625e-04
1.880801e+01    1.736151e-04
1.882022e+01    1.748183e-04
1.883244e+01    1.758935e-04
1.884465e+01    1.768167e-04
1.885686e+01    1.776011e-04
1.886908e+01    1.782372e-04
1.888129e+01    1.787241e-04
1.889350e+01    1.790721e-04
1.890572e+01    1.792605e-04
1.891793e+01    1.792952e-04
1.893014e+01    1.791872e-04
1.894235e+01    1.789266e-04
1.895457e+01    1.785161e-04
1.896678e+01    1.779553e-04
1.897899e+01    1.772319e-04
1.899121e+01    1.763650e-04
1.900342e+01    1.753439e-04
1.901563e+01    1.741707e-04
1.902785e+01    1.728444e-04
1.904006e+01    1.713722e-04
1.905227e+01    1.697463e-04
1.906449e+01    1.679711e-04
1.907670e+01    1.660513e-04
1.908891e+01    1.639833e-04
1.910112e+01    1.617691e-04
1.911334e+01    1.594027e-04
1.912555e+01    1.569120e-04
1.913776e+01    1.542737e-04
1.914997e+01    1.514938e-04
1.916219e+01    1.485796e-04
1.917440e+01    1.455292e-04
1.918661e+01    1.423470e-04
1.919883e+01    1.390317e-04
1.921104e+01    1.355952e-04
1.922325e+01    1.320324e-04
1.923547e+01    1.283468e-04
1.924768e+01    1.245403e-04
1.925989e+01    1.206165e-04
1.927211e+01    1.165798e-04
1.928432e+01    1.124473e-04
1.929653e+01    1.081879e-04
1.930874e+01    1.038326e-04
1.932096e+01    9.937456e-05
1.933317e+01    9.482517e-05
1.934538e+01    9.017857e-05
1.935760e+01    8.544303e-05
1.936981e+01    8.062134e-05
1.938202e+01    7.572304e-05
1.939424e+01    7.074582e-05
1.940645e+01    6.569247e-05
1.941866e+01    6.057217e-05
1.943087e+01    5.538389e-05
1.944309e+01    5.013845e-05
1.945530e+01    4.483166e-05
1.946751e+01    3.946910e-05
1.947973e+01    3.406487e-05
1.949194e+01    2.860615e-05
1.950415e+01    2.312008e-05
1.951637e+01    1.758581e-05
1.952858e+01    1.202396e-05
1.954079e+01    6.437069e-06
1.955301e+01    8.186325e-07
1.956522e+01    -4.802248e-06
1.957743e+01    -1.045072e-05
1.958964e+01    -1.609896e-05
1.960186e+01    -2.176559e-05
1.961407e+01    -2.742745e-05
1.962628e+01    -3.308442e-05
1.963849e+01    -3.873592e-05
1.965071e+01    -4.436995e-05
1.966292e+01    -4.999770e-05
1.967513e+01    -5.559891e-05
1.968735e+01    -6.118056e-05
1.969956e+01    -6.673555e-05
1.971177e+01    -7.224805e-05
1.972399e+01    -7.773715e-05
1.973620e+01    -8.317421e-05
1.974841e+01    -8.857145e-05
1.976063e+01    -9.391794e-05
1.977284e+01    -9.921833e-05
1.978505e+01    -1.044627e-04
1.979726e+01    -1.096427e-04
1.980948e+01    -1.147604e-04
1.982169e+01    -1.198190e-04
1.983390e+01    -1.248012e-04
1.984612e+01    -1.297207e-04
1.985833e+01    -1.345564e-04
1.987054e+01    -1.393125e-04
1.988276e+01    -1.439886e-04
1.989497e+01    -1.485820e-04
1.990718e+01    -1.530872e-04
1.991939e+01    -1.574993e-04
1.993161e+01    -1.618232e-04
1.994382e+01    -1.660478e-04
1.995603e+01    -1.701748e-04
1.996825e+01    -1.742066e-04
1.998046e+01    -1.781281e-04
1.999267e+01    -1.819524e-04
2.000488e+01    -1.856724e-04
2.001710e+01    -1.892748e-04
2.002931e+01    -1.927706e-04
2.004152e+01    -1.961568e-04
2.005374e+01    -1.994339e-04
2.006595e+01    -2.025925e-04
2.007816e+01    -2.056391e-04
2.009038e+01    -2.085731e-04
2.010259e+01    -2.113849e-04
2.011480e+01    -2.140739e-04
2.012702e+01    -2.166497e-04
2.013923e+01    -2.191084e-04
2.015144e+01    -2.214435e-04
2.016365e+01    -2.236640e-04
2.017587e+01    -2.257594e-04
2.018808e+01    -2.277316e-04
2.020029e+01    -2.295866e-04
2.021251e+01    -2.313253e-04
2.022472e+01    -2.329358e-04
2.023693e+01    -2.344314e-04
2.024915e+01    -2.358089e-04
2.026136e+01    -2.370655e-04
2.027357e+01    -2.382025e-04
2.028578e+01    -2.392194e-04
2.029800e+01    -2.401297e-04
2.031021e+01    -2.409170e-04
2.032242e+01    -2.415880e-04
2.033464e+01    -2.421507e-04
2.034685e+01    -2.425993e-04
2.035906e+01    -2.429336e-04
2.037127e+01    -2.431709e-04
2.038349e+01    -2.432867e-04
2.039570e+01    -2.433038e-04
2.040791e+01    -2.432105e-04
2.042013e+01    -2.430199e-04
2.043234e+01    -2.427288e-04
2.044455e+01    -2.423358e-04
2.045677e+01    -2.418474e-04
2.046898e+01    -2.412681e-04
2.048119e+01    -2.405919e-04
2.049340e+01    -2.398260e-04
2.050562e+01    -2.389827e-04
2.051783e+01    -2.380347e-04
2.053004e+01    -2.370102e-04
2.054226e+01    -2.359105e-04
2.055447e+01    -2.347323e-04
2.056668e+01    -2.334707e-04
2.057890e+01    -2.321402e-04
2.059111e+01    -2.307339e-04
2.060332e+01    -2.292625e-04
2.061554e+01    -2.277357e-04
2.062775e+01    -2.261380e-04
2.063996e+01    -2.244795e-04
2.065217e+01    -2.227640e-04
2.066439e+01    -2.209918e-04
2.067660e+01    -2.191594e-04
2.068881e+01    -2.173019e-04
2.070103e+01    -2.153793e-04
2.071324e+01    -2.134193e-04
2.072545e+01    -2.114124e-04
2.073767e+01    -2.093689e-04
2.074988e+01    -2.072882e-04
2.076209e+01    -2.051797e-04
2.077430e+01    -2.030372e-04
2.078652e+01    -2.008656e-04
2.079873e+01    -1.986729e-04
2.081094e+01    -1.964591e-04
2.082316e+01    -1.942100e-04
2.083537e+01    -1.919491e-04
2.084758e+01    -1.896741e-04
2.085979e+01    -1.873932e-04
2.087201e+01    -1.850972e-04
2.088422e+01    -1.827931e-04
2.089643e+01    -1.804712e-04
2.090865e+01    -1.781615e-04
2.092086e+01    -1.758494e-04
2.093307e+01    -1.735306e-04
2.094529e+01    -1.712152e-04
2.095750e+01    -1.689077e-04
2.096971e+01    -1.666027e-04
2.098192e+01    -1.643056e-04
2.099414e+01    -1.620206e-04
2.100635e+01    -1.597432e-04
2.101856e+01    -1.574832e-04
2.103078e+01    -1.552316e-04
2.104299e+01    -1.530073e-04
2.105520e+01    -1.507899e-04
2.106742e+01    -1.485977e-04
2.107963e+01    -1.464213e-04
2.109184e+01    -1.442640e-04
2.110406e+01    -1.421317e-04
2.111627e+01    -1.400333e-04
2.112848e+01    -1.379434e-04
2.114069e+01    -1.358837e-04
2.115291e+01    -1.338530e-04
2.116512e+01    -1.318406e-04
2.117733e+01    -1.298666e-04
2.118955e+01    -1.279127e-04
2.120176e+01    -1.259815e-04
2.121397e+01    -1.240888e-04
2.122618e+01    -1.222217e-04
2.123840e+01    -1.203812e-04
2.125061e+01    -1.185727e-04
2.126282e+01    -1.167839e-04
2.127504e+01    -1.150340e-04
2.128725e+01    -1.133000e-04
2.129946e+01    -1.116080e-04
2.131168e+01    -1.099377e-04
2.132389e+01    -1.082940e-04
2.133610e+01    -1.066767e-04
2.134831e+01    -1.050868e-04
2.136053e+01    -1.035218e-04
2.137274e+01    -1.019819e-04
2.138495e+01    -1.004663e-04
2.139717e+01    -9.897723e-05
2.140938e+01    -9.750082e-05
2.142159e+01    -9.605609e-05
2.143381e+01    -9.462338e-05
2.144602e+01    -9.321383e-05
2.145823e+01    -9.181681e-05
2.147044e+01    -9.043848e-05
2.148266e+01    -8.907981e-05
2.149487e+01    -8.772878e-05
2.150708e+01    -8.639328e-05
2.151930e+01    -8.507063e-05
2.153151e+01    -8.375545e-05
2.154372e+01    -8.244699e-05
2.155593e+01    -8.114666e-05
2.156815e+01    -7.984908e-05
2.158036e+01    -7.855813e-05
2.159258e+01    -7.726948e-05
2.160479e+01    -7.597348e-05
2.161700e+01    -7.467787e-05
2.162921e+01    -7.338295e-05
2.164143e+01    -7.208007e-05
2.165364e+01    -7.076570e-05
2.166585e+01    -6.944629e-05
2.167807e+01    -6.811593e-05
2.169028e+01    -6.677254e-05
2.170249e+01    -6.541359e-05
2.171470e+01    -6.403770e-05
2.172692e+01    -6.265462e-05
2.173913e+01    -6.122941e-05
2.175134e+01    -5.979350e-05
2.176356e+01    -5.833463e-05
2.177577e+01    -5.685208e-05
2.178798e+01    -5.533593e-05
2.180020e+01    -5.379079e-05
2.181241e+01    -5.221968e-05
2.182462e+01    -5.061720e-05
2.183683e+01    -4.897569e-05
2.184905e+01    -4.730362e-05
2.186126e+01    -4.558079e-05
2.187347e+01    -4.383491e-05
2.188569e+01    -4.204367e-05
2.189790e+01    -4.020231e-05
2.191011e+01    -3.832830e-05
2.192233e+01    -3.640780e-05
2.193454e+01    -3.443453e-05
2.194675e+01    -3.241378e-05
2.195897e+01    -3.034355e-05
2.197118e+01    -2.822776e-05
2.198339e+01    -2.606158e-05
2.199560e+01    -2.384110e-05
2.200782e+01    -2.156584e-05
2.202003e+01    -1.923418e-05
2.203224e+01    -1.685959e-05
2.204445e+01    -1.441335e-05
2.205667e+01    -1.191610e-05
2.206888e+01    -9.355812e-06
2.208109e+01    -6.748534e-06
2.209331e+01    -4.078214e-06
2.210552e+01    -1.349781e-06
2.211773e+01    1.438537e-06
2.212995e+01    4.288555e-06
2.214216e+01    7.190945e-06
2.215437e+01    1.016751e-05
2.216659e+01    1.319242e-05
2.217880e+01    1.628084e-05
2.219101e+01    1.942868e-05
2.220322e+01    2.263005e-05
2.221544e+01    2.590263e-05
2.222765e+01    2.922412e-05
2.223986e+01    3.261020e-05
2.225208e+01    3.605163e-05
2.226429e+01    3.954650e-05
2.227650e+01    4.310366e-05
2.228872e+01    4.671304e-05
2.230093e+01    5.037260e-05
2.231314e+01    5.409831e-05
2.232535e+01    5.786361e-05
2.233757e+01    6.168670e-05
2.234978e+01    6.555711e-05
2.236199e+01    6.947834e-05
2.237421e+01    7.344256e-05
2.238642e+01    7.745901e-05
2.239863e+01    8.152604e-05
2.241084e+01    8.561817e-05
2.242306e+01    8.976151e-05
2.243527e+01    9.394015e-05
2.244748e+01    9.816237e-05
2.245970e+01    1.024125e-04
2.247191e+01    1.067004e-04
2.248412e+01    1.110208e-04
2.249634e+01    1.153607e-04
2.250855e+01    1.197364e-04
2.252076e+01    1.241345e-04
2.253297e+01    1.285568e-04
2.254519e+01    1.329861e-04
2.255740e+01    1.374551e-04
2.256961e+01    1.419260e-04
2.258183e+01    1.464100e-04
2.259404e+01    1.509011e-04
2.260625e+01    1.554026e-04
2.261847e+01    1.599123e-04
2.263068e+01    1.644135e-04
2.264289e+01    1.689208e-04
2.265511e+01    1.734235e-04
2.266732e+01    1.779189e-04
2.267953e+01    1.824013e-04
2.269174e+01    1.868699e-04
2.270396e+01    1.913314e-04
2.271617e+01    1.957620e-04
2.272838e+01    2.001766e-04
2.274060e+01    2.045680e-04
2.275281e+01    2.089306e-04
2.276502e+01    2.132607e-04
2.277724e+01    2.175585e-04
2.278945e+01    2.218214e-04
2.280166e+01    2.260415e-04
2.281387e+01    2.302147e-04
2.282609e+01    2.343483e-04
2.283830e+01    2.384292e-04
2.285051e+01    2.424578e-04
2.286273e+01    2.464325e-04
2.287494e+01    2.503448e-04
2.288715e+01    2.542027e-04
2.289936e+01    2.579956e-04
2.291158e+01    2.617199e-04
2.292379e+01    2.653729e-04
2.293600e+01    2.689539e-04
2.294822e+01    2.724568e-04
2.296043e+01    2.758872e-04
2.297264e+01    2.792313e-04
2.298486e+01    2.824978e-04
2.299707e+01    2.856718e-04
2.300928e+01    2.887598e-04
2.302150e+01    2.917479e-04
2.303371e+01    2.946507e-04
2.304592e+01    2.974533e-04
2.305813e+01    3.001563e-04
2.307035e+01    3.027619e-04
2.308256e+01    3.052609e-04
2.309477e+01    3.076562e-04
2.310699e+01    3.099357e-04
2.311920e+01    3.121135e-04
2.313141e+01    3.141715e-04
2.314363e+01    3.161178e-04
2.315584e+01    3.179497e-04
2.316805e+01    3.196673e-04
2.318026e+01    3.212575e-04
2.319248e+01    3.227267e-04
2.320469e+01    3.240818e-04
2.321690e+01    3.253032e-04
2.322912e+01    3.264047e-04
2.324133e+01    3.273775e-04
2.325354e+01    3.282194e-04
2.326575e+01    3.289355e-04
2.327797e+01    3.295218e-04
2.329018e+01    3.299704e-04
2.330239e+01    3.302961e-04
2.331461e+01    3.304818e-04
2.332682e+01    3.305397e-04
2.333903e+01    3.304618e-04
2.335125e+01    3.302455e-04
2.336346e+01    3.298958e-04
2.337567e+01    3.294131e-04
2.338788e+01    3.287932e-04
2.340010e+01    3.280355e-04
2.341231e+01    3.271477e-04
2.342452e+01    3.261248e-04
2.343674e+01    3.249607e-04
2.344895e+01    3.236626e-04
2.346116e+01    3.222280e-04
2.347338e+01    3.206658e-04
2.348559e+01    3.189681e-04
2.349780e+01    3.171357e-04
2.351002e+01    3.151664e-04
2.352223e+01    3.130718e-04
2.353444e+01    3.108498e-04
2.354665e+01    3.084887e-04
2.355887e+01    3.060104e-04
2.357108e+01    3.033937e-04
2.358329e+01    3.006532e-04
2.359550e+01    2.977863e-04
2.360772e+01    2.948064e-04
2.361993e+01    2.916968e-04
2.363214e+01    2.884736e-04
2.364436e+01    2.851209e-04
2.365657e+01    2.816585e-04
2.366878e+01    2.780789e-04
2.368100e+01    2.743861e-04
2.369321e+01    2.705822e-04
2.370542e+01    2.666676e-04
2.371764e+01    2.626531e-04
2.372985e+01    2.585226e-04
2.374206e+01    2.542976e-04
2.375427e+01    2.499695e-04
2.376649e+01    2.455403e-04
2.377870e+01    2.410216e-04
2.379091e+01    2.364024e-04
2.380313e+01    2.316990e-04
2.381534e+01    2.269037e-04
2.382755e+01    2.220246e-04
2.383977e+01    2.170608e-04
2.385198e+01    2.120222e-04
2.386419e+01    2.068975e-04
2.387640e+01    2.017015e-04
2.388862e+01    1.964300e-04
2.390083e+01    1.910894e-04
2.391304e+01    1.856835e-04
2.392526e+01    1.802147e-04
2.393747e+01    1.746847e-04
2.394968e+01    1.690953e-04
2.396189e+01    1.634518e-04
2.397411e+01    1.577568e-04
2.398632e+01    1.520170e-04
2.399854e+01    1.462179e-04
2.401075e+01    1.403780e-04
2.402296e+01    1.345094e-04
2.403517e+01    1.285928e-04
2.404739e+01    1.226465e-04
2.405960e+01    1.166687e-04
2.407181e+01    1.106662e-04
2.408403e+01    1.046259e-04
2.409624e+01    9.857194e-05
2.410845e+01    9.249133e-05
2.412066e+01    8.640089e-05
2.413288e+01    8.028941e-05
2.414509e+01    7.416989e-05
2.415730e+01    6.804321e-05
2.416952e+01    6.191724e-05
2.418173e+01    5.577426e-05
2.419394e+01    4.964054e-05
2.420616e+01    4.350851e-05
2.421837e+01    3.737971e-05
2.423058e+01    3.126220e-05
2.424279e+01    2.516594e-05
2.425501e+01    1.905588e-05
2.426722e+01    1.297853e-05
2.427943e+01    6.914779e-06
2.429165e+01    8.821080e-07
2.430386e+01    -5.136244e-06
2.431607e+01    -1.112837e-05
2.432829e+01    -1.709664e-05
2.434050e+01    -2.302683e-05
2.435271e+01    -2.892403e-05
2.436492e+01    -3.479270e-05
2.437714e+01    -4.062461e-05
2.438935e+01    -4.641592e-05
2.440156e+01    -5.216154e-05
2.441378e+01    -5.786723e-05
2.442599e+01    -6.353372e-05
2.443820e+01    -6.914229e-05
2.445041e+01    -7.470915e-05
2.446263e+01    -8.022759e-05
2.447484e+01    -8.568932e-05
2.448705e+01    -9.110692e-05
2.449927e+01    -9.645769e-05
2.451148e+01    -1.017598e-04
2.452369e+01    -1.069987e-04
2.453591e+01    -1.121830e-04
2.454812e+01    -1.173042e-04
2.456033e+01    -1.223623e-04
2.457255e+01    -1.273610e-04
2.458476e+01    -1.322945e-04
2.459697e+01    -1.371658e-04
2.460918e+01    -1.419645e-04
2.462140e+01    -1.466941e-04
2.463361e+01    -1.513620e-04
2.464582e+01    -1.559672e-04
2.465804e+01    -1.604905e-04
2.467025e+01    -1.649491e-04
2.468246e+01    -1.693373e-04
2.469468e+01    -1.736522e-04
2.470689e+01    -1.778969e-04
2.471910e+01    -1.820706e-04
2.473131e+01    -1.861707e-04
2.474353e+01    -1.901972e-04
2.475574e+01    -1.941475e-04
2.476795e+01    -1.980287e-04
2.478017e+01    -2.018333e-04
2.479238e+01    -2.055630e-04
2.480459e+01    -2.092224e-04
2.481680e+01    -2.128106e-04
2.482902e+01    -2.163143e-04
2.484123e+01    -2.197492e-04
2.485344e+01    -2.231110e-04
2.486566e+01    -2.263965e-04
2.487787e+01    -2.296146e-04
2.489008e+01    -2.327494e-04
2.490230e+01    -2.358235e-04
2.491451e+01    -2.388152e-04
2.492672e+01    -2.417359e-04
2.493893e+01    -2.445831e-04
2.495115e+01    -2.473609e-04
2.496336e+01    -2.500688e-04
2.497557e+01    -2.527055e-04
2.498779e+01    -2.552671e-04
2.500000e+01    -2.577670e-04
