0.000000e+00    9.959996e-01
1.221299e-02    9.947815e-01
2.442599e-02    9.911311e-01
3.663898e-02    9.850605e-01
4.885198e-02    9.765891e-01
6.106497e-02    9.657449e-01
7.327797e-02    9.525627e-01
8.549096e-02    9.370852e-01
9.770396e-02    9.193624e-01
1.099169e-01    8.994510e-01
1.221299e-01    8.774146e-01
1.343429e-01    8.533233e-01
1.465559e-01    8.272530e-01
1.587689e-01    7.992855e-01
1.709819e-01    7.695078e-01
1.831949e-01    7.380121e-01
1.954079e-01    7.048945e-01
2.076209e-01    6.702556e-01
2.198339e-01    6.341993e-01
2.320469e-01    5.968325e-01
2.442599e-01    5.582648e-01
2.564729e-01    5.186079e-01
2.686859e-01    4.779752e-01
2.808989e-01    4.364810e-01
2.931119e-01    3.942402e-01
3.053249e-01    3.513680e-01
3.175378e-01    3.079790e-01
3.297509e-01    2.641872e-01
3.419639e-01    2.201054e-01
3.541768e-01    1.758446e-01
3.663898e-01    1.315135e-01
3.786028e-01    8.721848e-02
3.908158e-01    4.306307e-02
4.030288e-01    -8.524792e-04
4.152418e-01    -4.443150e-02
4.274548e-01    -8.758123e-02
4.396678e-01    -1.302130e-01
4.518808e-01    -1.722425e-01
4.640938e-01    -2.135903e-01
4.763068e-01    -2.541811e-01
4.885198e-01    -2.939453e-01
5.007328e-01    -3.328179e-01
5.129458e-01    -3.707395e-01
5.251588e-01    -4.076556e-01
5.373718e-01    -4.435172e-01
5.495847e-01    -4.782807e-01
5.617977e-01    -5.119076e-01
5.740107e-01    -5.443649e-01
5.862237e-01    -5.756250e-01
5.984367e-01    -6.056650e-01
6.106497e-01    -6.344675e-01
6.228627e-01    -6.620198e-01
6.350757e-01    -6.883140e-01
6.472887e-01    -7.133472e-01
6.595017e-01    -7.371206e-01
6.717147e-01    -7.596397e-01
6.839277e-01    -7.809142e-01
6.961407e-01    -8.009576e-01
7.083537e-01    -8.197872e-01
7.205667e-01    -8.374235e-01
7.327797e-01    -8.538901e-01
7.449927e-01    -8.692139e-01
7.572057e-01    -8.834242e-01
7.694187e-01    -8.965526e-01
7.816316e-01    -9.086333e-01
7.938446e-01    -9.197021e-01
8.060576e-01    -9.297964e-01
8.182706e-01    -9.389553e-01
8.304836e-01    -9.472190e-01
8.426966e-01    -9.546284e-01
8.549096e-01    -9.612259e-01
8.671226e-01    -9.670532e-01
8.793356e-01    -9.721534e-01
8.915486e-01    -9.765690e-01
9.037616e-01    -9.803426e-01
9.159746e-01    -9.835168e-01
9.281876e-01    -9.861330e-01
9.404006e-01    -9.882326e-01
9.526136e-01    -9.898564e-01
9.648266e-01    -9.910431e-01
9.770396e-01    -9.918317e-01
9.892526e-01    -9.922593e-01
1.001466e+00    -9.923619e-01
1.013679e+00    -9.921737e-01
1.025892e+00    -9.917284e-01
1.038105e+00    -9.910571e-01
1.050318e+00    -9.901900e-01
1.062531e+00    -9.891552e-01
1.074744e+00    -9.879795e-01
1.086957e+00    -9.866880e-01
1.099169e+00    -9.853035e-01
1.111382e+00    -9.838475e-01
1.123595e+00    -9.823402e-01
1.135808e+00    -9.807990e-01
1.148021e+00    -9.792405e-01
1.160234e+00    -9.776792e-01
1.172447e+00    -9.761280e-01
1.184660e+00    -9.745983e-01
1.196873e+00    -9.730999e-01
1.209086e+00    -9.716406e-01
1.221299e+00    -9.702277e-01
1.233512e+00    -9.688661e-01
1.245725e+00    -9.675600e-01
1.257938e+00    -9.663120e-01
1.270151e+00    -9.651237e-01
1.282364e+00    -9.639954e-01
1.294577e+00    -9.629263e-01
1.306790e+00    -9.619147e-01
1.319003e+00    -9.609581e-01
1.331216e+00    -9.600529e-01
1.343429e+00    -9.591947e-01
1.355642e+00    -9.583789e-01
1.367855e+00    -9.575995e-01
1.380068e+00    -9.568506e-01
1.392281e+00    -9.561257e-01
1.404494e+00    -9.554178e-01
1.416707e+00    -9.547191e-01
1.428920e+00    -9.540225e-01
1.441133e+00    -9.533198e-01
1.453346e+00    -9.526032e-01
1.465559e+00    -9.518645e-01
1.477772e+00    -9.510956e-01
1.489985e+00    -9.502887e-01
1.502198e+00    -9.494353e-01
1.514411e+00    -9.485277e-01
1.526624e+00    -9.475579e-01
1.538837e+00    -9.465187e-01
1.551050e+00    -9.454025e-01
1.563263e+00    -9.442021e-01
1.575476e+00    -9.429108e-01
1.587689e+00    -9.415222e-01
1.599902e+00    -9.400299e-01
1.612115e+00    -9.384282e-01
1.624328e+00    -9.367117e-01
1.636541e+00    -9.348753e-01
1.648754e+00    -9.329143e-01
1.660967e+00    -9.308245e-01
1.673180e+00    -9.286022e-01
1.685393e+00    -9.262437e-01
1.697606e+00    -9.237463e-01
1.709819e+00    -9.211073e-01
1.722032e+00    -9.183246e-01
1.734245e+00    -9.153963e-01
1.746458e+00    -9.123212e-01
1.758671e+00    -9.090981e-01
1.770884e+00    -9.057268e-01
1.783097e+00    -9.022067e-01
1.795310e+00    -8.985383e-01
1.807523e+00    -8.947218e-01
1.819736e+00    -8.907582e-01
1.831949e+00    -8.866487e-01
1.844162e+00    -8.823945e-01
1.856375e+00    -8.779976e-01
1.868588e+00    -8.734596e-01
1.880801e+00    -8.687834e-01
1.893014e+00    -8.639708e-01
1.905227e+00    -8.590250e-01
1.917440e+00    -8.539484e-01
1.929653e+00    -8.487445e-01
1.941866e+00    -8.434161e-01
1.954079e+00    -8.379670e-01
1.966292e+00    -8.324003e-01
1.978505e+00    -8.267199e-01
1.990718e+00    -8.209292e-01
2.002931e+00    -8.150322e-01
2.015144e+00    -8.090327e-01
2.027357e+00    -8.029345e-01
2.039570e+00    -7.967417e-01
2.051783e+00    -7.904581e-01
2.063996e+00    -7.840876e-01
2.076209e+00    -7.776343e-01
2.088422e+00    -7.711021e-01
2.100635e+00    -7.644950e-01
2.112848e+00    -7.578169e-01
2.125061e+00    -7.510717e-01
2.137274e+00    -7.442629e-01
2.149487e+00    -7.373946e-01
2.161700e+00    -7.304706e-01
2.173913e+00    -7.234944e-01
2.186126e+00    -7.164693e-01
2.198339e+00    -7.093995e-01
2.210552e+00    -7.022879e-01
2.222765e+00    -6.951379e-01
2.234978e+00    -6.879530e-01
2.247191e+00    -6.807362e-01
2.259404e+00    -6.734908e-01
2.271617e+00    -6.662197e-01
2.283830e+00    -6.589258e-01
2.296043e+00    -6.516121e-01
2.308256e+00    -6.442814e-01
2.320469e+00    -6.369361e-01
2.332682e+00    -6.295792e-01
2.344895e+00    -6.222131e-01
2.357108e+00    -6.148401e-01
2.369321e+00    -6.074628e-01
2.381534e+00    -6.000834e-01
2.393747e+00    -5.927042e-01
2.405960e+00    -5.853273e-01
2.418173e+00    -5.779548e-01
2.430386e+00    -5.705889e-01
2.442599e+00    -5.632313e-01
2.454812e+00    -5.558842e-01
2.467025e+00    -5.485494e-01
2.479238e+00    -5.412287e-01
2.491451e+00    -5.339237e-01
2.503664e+00    -5.266364e-01
2.515877e+00    -5.193683e-01
2.528090e+00    -5.121212e-01
2.540303e+00    -5.048966e-01
2.552516e+00    -4.976961e-01
2.564729e+00    -4.905212e-01
2.576942e+00    -4.833735e-01
2.589155e+00    -4.762543e-01
2.601368e+00    -4.691652e-01
2.613581e+00    -4.621074e-01
2.625794e+00    -4.550827e-01
2.638007e+00    -4.480923e-01
2.650220e+00    -4.411374e-01
2.662433e+00    -4.342196e-01
2.674646e+00    -4.273400e-01
2.686859e+00    -4.205000e-01
2.699072e+00    -4.137008e-01
2.711285e+00    -4.069437e-01
2.723498e+00    -4.002300e-01
2.735711e+00    -3.935609e-01
2.747924e+00    -3.869376e-01
2.760137e+00    -3.803613e-01
2.772350e+00    -3.738331e-01
2.784563e+00    -3.673542e-01
2.796776e+00    -3.609259e-01
2.808989e+00    -3.545492e-01
2.821202e+00    -3.482251e-01
2.833415e+00    -3.419548e-01
2.845628e+00    -3.357393e-01
2.857841e+00    -3.295797e-01
2.870054e+00    -3.234769e-01
2.882267e+00    -3.174322e-01
2.894480e+00    -3.114462e-01
2.906693e+00    -3.055199e-01
2.918906e+00    -2.996544e-01
2.931119e+00    -2.938505e-01
2.943332e+00    -2.881091e-01
2.955545e+00    -2.824308e-01
2.967758e+00    -2.768167e-01
2.979971e+00    -2.712675e-01
2.992184e+00    -2.657838e-01
3.004397e+00    -2.603664e-01
3.016610e+00    -2.550160e-01
3.028823e+00    -2.497332e-01
3.041036e+00    -2.445185e-01
3.053249e+00    -2.393725e-01
3.065462e+00    -2.342959e-01
3.077675e+00    -2.292891e-01
3.089888e+00    -2.243523e-01
3.102101e+00    -2.194862e-01
3.114314e+00    -2.146911e-01
3.126527e+00    -2.099673e-01
3.138740e+00    -2.053151e-01
3.150953e+00    -2.007347e-01
3.163166e+00    -1.962264e-01
3.175379e+00    -1.917904e-01
3.187592e+00    -1.874267e-01
3.199805e+00    -1.831354e-01
3.212018e+00    -1.789166e-01
3.224231e+00    -1.747703e-01
3.236444e+00    -1.706965e-01
3.248657e+00    -1.666951e-01
3.260870e+00    -1.627660e-01
3.273082e+00    -1.589090e-01
3.285295e+00    -1.551240e-01
3.297508e+00    -1.514107e-01
3.309721e+00    -1.477690e-01
3.321934e+00    -1.441984e-01
3.334147e+00    -1.406987e-01
3.346360e+00    -1.372695e-01
3.358573e+00    -1.339104e-01
3.370786e+00    -1.306210e-01
3.382999e+00    -1.274008e-01
3.395212e+00    -1.242493e-01
3.407425e+00    -1.211661e-01
3.419638e+00    -1.181505e-01
3.431851e+00    -1.152020e-01
3.444064e+00    -1.123200e-01
3.456277e+00    -1.095039e-01
3.468490e+00    -1.067529e-01
3.480703e+00    -1.040666e-01
3.492916e+00    -1.014440e-01
3.505129e+00    -9.888452e-02
3.517342e+00    -9.638744e-02
3.529555e+00    -9.395199e-02
3.541768e+00    -9.157737e-02
3.553981e+00    -8.926281e-02
3.566194e+00    -8.700749e-02
3.578407e+00    -8.481058e-02
3.590620e+00    -8.267129e-02
3.602833e+00    -8.058869e-02
3.615046e+00    -7.856198e-02
3.627259e+00    -7.659028e-02
3.639472e+00    -7.467270e-02
3.651685e+00    -7.280831e-02
3.663898e+00    -7.099630e-02
3.676111e+00    -6.923573e-02
3.688324e+00    -6.752568e-02
3.700537e+00    -6.586525e-02
3.712750e+00    -6.425350e-02
3.724963e+00    -6.268953e-02
3.737176e+00    -6.117242e-02
3.749389e+00    -5.970125e-02
3.761602e+00    -5.827507e-02
3.773815e+00    -5.689298e-02
3.786028e+00    -5.555405e-02
3.798241e+00    -5.425736e-02
3.810454e+00    -5.300198e-02
3.822667e+00    -5.178702e-02
3.834880e+00    -5.061154e-02
3.847093e+00    -4.947466e-02
3.859306e+00    -4.837545e-02
3.871519e+00    -4.731302e-02
3.883732e+00    -4.628649e-02
3.895945e+00    -4.529497e-02
3.908158e+00    -4.433757e-02
3.920371e+00    -4.341344e-02
3.932584e+00    -4.252170e-02
3.944797e+00    -4.166149e-02
3.957010e+00    -4.083199e-02
3.969223e+00    -4.003233e-02
3.981436e+00    -3.926172e-02
3.993649e+00    -3.851932e-02
4.005862e+00    -3.780432e-02
4.018075e+00    -3.711594e-02
4.030288e+00    -3.645336e-02
4.042501e+00    -3.581585e-02
4.054714e+00    -3.520260e-02
4.066927e+00    -3.461291e-02
4.079140e+00    -3.404600e-02
4.091353e+00    -3.350116e-02
4.103566e+00    -3.297766e-02
4.115779e+00    -3.247481e-02
4.127992e+00    -3.199191e-02
4.140205e+00    -3.152830e-02
4.152418e+00    -3.108328e-02
4.164631e+00    -3.065623e-02
4.176844e+00    -3.024649e-02
4.189057e+00    -2.985345e-02
4.201270e+00    -2.947649e-02
4.213483e+00    -2.911502e-02
4.225696e+00    -2.876845e-02
4.237909e+00    -2.843619e-02
4.250122e+00    -2.811771e-02
4.262335e+00    -2.781243e-02
4.274548e+00    -2.751985e-02
4.286761e+00    -2.723945e-02
4.298974e+00    -2.697072e-02
4.311187e+00    -2.671316e-02
4.323400e+00    -2.646631e-02
4.335613e+00    -2.622968e-02
4.347826e+00    -2.600287e-02
4.360039e+00    -2.578539e-02
4.372252e+00    -2.557686e-02
4.384465e+00    -2.537683e-02
4.396678e+00    -2.518495e-02
4.408891e+00    -2.500081e-02
4.421104e+00    -2.482405e-02
4.433317e+00    -2.465431e-02
4.445530e+00    -2.449125e-02
4.457743e+00    -2.433454e-02
4.469956e+00    -2.418386e-02
4.482169e+00    -2.403891e-02
4.494382e+00    -2.389938e-02
4.506595e+00    -2.376502e-02
4.518808e+00    -2.363554e-02
4.531021e+00    -2.351070e-02
4.543234e+00    -2.339023e-02
4.555447e+00    -2.327393e-02
4.567660e+00    -2.316156e-02
4.579873e+00    -2.305290e-02
4.592086e+00    -2.294777e-02
4.604299e+00    -2.284597e-02
4.616512e+00    -2.274732e-02
4.628725e+00    -2.265167e-02
4.640938e+00    -2.255884e-02
4.653151e+00    -2.246870e-02
4.665364e+00    -2.238110e-02
4.677577e+00    -2.229591e-02
4.689790e+00    -2.221301e-02
4.702003e+00    -2.213229e-02
4.714216e+00    -2.205366e-02
4.726429e+00    -2.197701e-02
4.738642e+00    -2.190226e-02
4.750855e+00    -2.182933e-02
4.763068e+00    -2.175814e-02
4.775281e+00    -2.168863e-02
4.787494e+00    -2.162075e-02
4.799707e+00    -2.155445e-02
4.811920e+00    -2.148967e-02
4.824133e+00    -2.142639e-02
4.836346e+00    -2.136455e-02
4.848559e+00    -2.130416e-02
4.860772e+00    -2.124517e-02
4.872985e+00    -2.118756e-02
4.885198e+00    -2.113134e-02
4.897411e+00    -2.107648e-02
4.909624e+00    -2.102299e-02
4.921837e+00    -2.097086e-02
4.934050e+00    -2.092010e-02
4.946263e+00    -2.087071e-02
4.958476e+00    -2.082270e-02
4.970689e+00    -2.077608e-02
4.982902e+00    -2.073086e-02
4.995115e+00    -2.068706e-02
5.007328e+00    -2.064470e-02
5.019541e+00    -2.060380e-02
5.031754e+00    -2.056438e-02
5.043967e+00    -2.052646e-02
5.056180e+00    -2.049006e-02
5.068393e+00    -2.045520e-02
5.080606e+00    -2.042191e-02
5.092819e+00    -2.039022e-02
5.105031e+00    -2.036014e-02
5.117245e+00    -2.033170e-02
5.129457e+00    -2.030492e-02
5.141671e+00    -2.027983e-02
5.153883e+00    -2.025644e-02
5.166097e+00    -2.023479e-02
5.178309e+00    -2.021487e-02
5.190523e+00    -2.019672e-02
5.202735e+00    -2.018036e-02
5.214949e+00    -2.016579e-02
5.227162e+00    -2.015303e-02
5.239375e+00    -2.014209e-02
5.251588e+00    -2.013297e-02
5.263801e+00    -2.012570e-02
5.276014e+00    -2.012026e-02
5.288227e+00    -2.011666e-02
5.300440e+00    -2.011492e-02
5.312653e+00    -2.011500e-02
5.324866e+00    -2.011692e-02
5.337079e+00    -2.012066e-02
5.349292e+00    -2.012623e-02
5.361505e+00    -2.013358e-02
5.373718e+00    -2.014272e-02
5.385931e+00    -2.015362e-02
5.398144e+00    -2.016625e-02
5.410357e+00    -2.018060e-02
5.422570e+00    -2.019663e-02
5.434783e+00    -2.021431e-02
5.446996e+00    -2.023361e-02
5.459208e+00    -2.025447e-02
5.471422e+00    -2.027688e-02
5.483634e+00    -2.030077e-02
5.495848e+00    -2.032610e-02
5.508060e+00    -2.035282e-02
5.520274e+00    -2.038088e-02
5.532486e+00    -2.041020e-02
5.544700e+00    -2.044075e-02
5.556912e+00    -2.047245e-02
5.569126e+00    -2.050525e-02
5.581338e+00    -2.053905e-02
5.593552e+00    -2.057381e-02
5.605764e+00    -2.060944e-02
5.617978e+00    -2.064587e-02
5.630190e+00    -2.068302e-02
5.642404e+00    -2.072080e-02
5.654616e+00    -2.075914e-02
5.666830e+00    -2.079794e-02
5.679042e+00    -2.083712e-02
5.691256e+00    -2.087658e-02
5.703468e+00    -2.091625e-02
5.715682e+00    -2.095601e-02
5.727894e+00    -2.099578e-02
5.740108e+00    -2.103545e-02
5.752320e+00    -2.107494e-02
5.764534e+00    -2.111413e-02
5.776746e+00    -2.115293e-02
5.788960e+00    -2.119123e-02
5.801172e+00    -2.122894e-02
5.813385e+00    -2.126593e-02
5.825598e+00    -2.130212e-02
5.837811e+00    -2.133739e-02
5.850024e+00    -2.137164e-02
5.862237e+00    -2.140475e-02
5.874450e+00    -2.143664e-02
5.886663e+00    -2.146717e-02
5.898876e+00    -2.149626e-02
5.911089e+00    -2.152379e-02
5.923302e+00    -2.154965e-02
5.935515e+00    -2.157374e-02
5.947728e+00    -2.159596e-02
5.959941e+00    -2.161619e-02
5.972154e+00    -2.163434e-02
5.984367e+00    -2.165030e-02
5.996580e+00    -2.166397e-02
6.008793e+00    -2.167524e-02
6.021006e+00    -2.168402e-02
6.033219e+00    -2.169021e-02
6.045432e+00    -2.169371e-02
6.057645e+00    -2.169443e-02
6.069858e+00    -2.169228e-02
6.082071e+00    -2.168716e-02
6.094284e+00    -2.167899e-02
6.106497e+00    -2.166767e-02
6.118710e+00    -2.165312e-02
6.130923e+00    -2.163527e-02
6.143136e+00    -2.161403e-02
6.155349e+00    -2.158931e-02
6.167562e+00    -2.156106e-02
6.179775e+00    -2.152919e-02
6.191988e+00    -2.149364e-02
6.204201e+00    -2.145435e-02
6.216414e+00    -2.141123e-02
6.228627e+00    -2.136425e-02
6.240840e+00    -2.131334e-02
6.253053e+00    -2.125844e-02
6.265266e+00    -2.119951e-02
6.277479e+00    -2.113649e-02
6.289692e+00    -2.106936e-02
6.301905e+00    -2.099805e-02
6.314118e+00    -2.092255e-02
6.326331e+00    -2.084281e-02
6.338544e+00    -2.075881e-02
6.350757e+00    -2.067052e-02
6.362970e+00    -2.057790e-02
6.375183e+00    -2.048096e-02
6.387396e+00    -2.037968e-02
6.399609e+00    -2.027404e-02
6.411822e+00    -2.016402e-02
6.424035e+00    -2.004965e-02
6.436248e+00    -1.993090e-02
6.448461e+00    -1.980779e-02
6.460674e+00    -1.968032e-02
6.472887e+00    -1.954850e-02
6.485100e+00    -1.941235e-02
6.497313e+00    -1.927189e-02
6.509526e+00    -1.912714e-02
6.521739e+00    -1.897813e-02
6.533952e+00    -1.882488e-02
6.546165e+00    -1.866744e-02
6.558378e+00    -1.850583e-02
6.570591e+00    -1.834010e-02
6.582804e+00    -1.817030e-02
6.595017e+00    -1.799647e-02
6.607230e+00    -1.781865e-02
6.619443e+00    -1.763692e-02
6.631656e+00    -1.745131e-02
6.643869e+00    -1.726191e-02
6.656082e+00    -1.706876e-02
6.668295e+00    -1.687195e-02
6.680508e+00    -1.667153e-02
6.692721e+00    -1.646759e-02
6.704934e+00    -1.626018e-02
6.717147e+00    -1.604942e-02
6.729360e+00    -1.583536e-02
6.741573e+00    -1.561810e-02
6.753786e+00    -1.539772e-02
6.765999e+00    -1.517432e-02
6.778212e+00    -1.494797e-02
6.790425e+00    -1.471879e-02
6.802638e+00    -1.448686e-02
6.814851e+00    -1.425229e-02
6.827064e+00    -1.401517e-02
6.839277e+00    -1.377562e-02
6.851490e+00    -1.353372e-02
6.863703e+00    -1.328960e-02
6.875916e+00    -1.304335e-02
6.888129e+00    -1.279509e-02
6.900342e+00    -1.254492e-02
6.912555e+00    -1.229297e-02
6.924768e+00    -1.203933e-02
6.936981e+00    -1.178414e-02
6.949194e+00    -1.152749e-02
6.961407e+00    -1.126953e-02
6.973620e+00    -1.101033e-02
6.985833e+00    -1.075005e-02
6.998046e+00    -1.048878e-02
7.010259e+00    -1.022665e-02
7.022472e+00    -9.963774e-03
7.034685e+00    -9.700283e-03
7.046898e+00    -9.436272e-03
7.059111e+00    -9.171890e-03
7.071324e+00    -8.907225e-03
7.083537e+00    -8.642418e-03
7.095750e+00    -8.377559e-03
7.107963e+00    -8.112818e-03
7.120176e+00    -7.848257e-03
7.132389e+00    -7.584026e-03
7.144602e+00    -7.320209e-03
7.156815e+00    -7.056958e-03
7.169028e+00    -6.794355e-03
7.181241e+00    -6.532535e-03
7.193454e+00    -6.271590e-03
7.205667e+00    -6.011647e-03
7.217880e+00    -5.752799e-03
7.230093e+00    -5.495165e-03
7.242306e+00    -5.238841e-03
7.254519e+00    -4.983945e-03
7.266732e+00    -4.730561e-03
7.278944e+00    -4.478805e-03
7.291158e+00    -4.228759e-03
7.303371e+00    -3.980531e-03
7.315584e+00    -3.734225e-03
7.327797e+00    -3.489911e-03
7.340010e+00    -3.247702e-03
7.352223e+00    -3.007658e-03
7.364436e+00    -2.769901e-03
7.376649e+00    -2.534483e-03
7.388862e+00    -2.301503e-03
7.401075e+00    -2.071045e-03
7.413288e+00    -1.843148e-03
7.425501e+00    -1.617917e-03
7.437714e+00    -1.395436e-03
7.449927e+00    -1.175748e-03
7.462140e+00    -9.589235e-04
7.474353e+00    -7.450234e-04
7.486566e+00    -5.341267e-04
7.498779e+00    -3.262781e-04
7.510992e+00    -1.215196e-04
7.523205e+00    8.007797e-05
7.535418e+00    2.784630e-04
7.547631e+00    4.736064e-04
7.559844e+00    6.654450e-04
7.572057e+00    8.539605e-04
7.584270e+00    1.039087e-03
7.596483e+00    1.220817e-03
7.608696e+00    1.399091e-03
7.620909e+00    1.573901e-03
7.633121e+00    1.745207e-03
7.645335e+00    1.912998e-03
7.657547e+00    2.077235e-03
7.669761e+00    2.237918e-03
7.681973e+00    2.395019e-03
7.694187e+00    2.548527e-03
7.706399e+00    2.698435e-03
7.718613e+00    2.844733e-03
7.730825e+00    2.987414e-03
7.743039e+00    3.126483e-03
7.755251e+00    3.261932e-03
7.767465e+00    3.393775e-03
7.779677e+00    3.521999e-03
7.791891e+00    3.646631e-03
7.804103e+00    3.767667e-03
7.816317e+00    3.885138e-03
7.828529e+00    3.999032e-03
7.840743e+00    4.109390e-03
7.852955e+00    4.216217e-03
7.865169e+00    4.319544e-03
7.877381e+00    4.419385e-03
7.889595e+00    4.515781e-03
7.901807e+00    4.608748e-03
7.914021e+00    4.698315e-03
7.926233e+00    4.784515e-03
7.938447e+00    4.867386e-03
7.950659e+00    4.946953e-03
7.962873e+00    5.023276e-03
7.975085e+00    5.096375e-03
7.987298e+00    5.166292e-03
7.999511e+00    5.233061e-03
8.011724e+00    5.296748e-03
8.023937e+00    5.357379e-03
8.036150e+00    5.415003e-03
8.048364e+00    5.469668e-03
8.060576e+00    5.521426e-03
8.072789e+00    5.570319e-03
8.085002e+00    5.616403e-03
8.097216e+00    5.659733e-03
8.109428e+00    5.700344e-03
8.121641e+00    5.738305e-03
8.133854e+00    5.773660e-03
8.146068e+00    5.806475e-03
8.158280e+00    5.836790e-03
8.170493e+00    5.864670e-03
8.182706e+00    5.890162e-03
8.194920e+00    5.913335e-03
8.207132e+00    5.934232e-03
8.219345e+00    5.952916e-03
8.231558e+00    5.969439e-03
8.243772e+00    5.983863e-03
8.255984e+00    5.996242e-03
8.268197e+00    6.006631e-03
8.280410e+00    6.015093e-03
8.292624e+00    6.021674e-03
8.304836e+00    6.026435e-03
8.317049e+00    6.029436e-03
8.329262e+00    6.030727e-03
8.341475e+00    6.030365e-03
8.353688e+00    6.028404e-03
8.365901e+00    6.024898e-03
8.378115e+00    6.019902e-03
8.390327e+00    6.013461e-03
8.402540e+00    6.005636e-03
8.414753e+00    5.996477e-03
8.426967e+00    5.986034e-03
8.439179e+00    5.974352e-03
8.451392e+00    5.961487e-03
8.463605e+00    5.947480e-03
8.475819e+00    5.932378e-03
8.488031e+00    5.916236e-03
8.500244e+00    5.899092e-03
8.512457e+00    5.880991e-03
8.524671e+00    5.861967e-03
8.536883e+00    5.842084e-03
8.549096e+00    5.821361e-03
8.561309e+00    5.799847e-03
8.573523e+00    5.777579e-03
8.585735e+00    5.754591e-03
8.597948e+00    5.730935e-03
8.610161e+00    5.706609e-03
8.622375e+00    5.681678e-03
8.634587e+00    5.656166e-03
8.646800e+00    5.630101e-03
8.659013e+00    5.603514e-03
8.671227e+00    5.576434e-03
8.683439e+00    5.548881e-03
8.695652e+00    5.520887e-03
8.707865e+00    5.492482e-03
8.720078e+00    5.463671e-03
8.732291e+00    5.434487e-03
8.744504e+00    5.404953e-03
8.756717e+00    5.375083e-03
8.768930e+00    5.344889e-03
8.781143e+00    5.314395e-03
8.793356e+00    5.283619e-03
8.805569e+00    5.252562e-03
8.817782e+00    5.221240e-03
8.829995e+00    5.189674e-03
8.842208e+00    5.157868e-03
8.854421e+00    5.125827e-03
8.866634e+00    5.093560e-03
8.878847e+00    5.061076e-03
8.891060e+00    5.028379e-03
8.903273e+00    4.995465e-03
8.915486e+00    4.962358e-03
8.927699e+00    4.929041e-03
8.939912e+00    4.895518e-03
8.952125e+00    4.861789e-03
8.964338e+00    4.827860e-03
8.976551e+00    4.793721e-03
8.988764e+00    4.759372e-03
9.000977e+00    4.724822e-03
9.013190e+00    4.690032e-03
9.025403e+00    4.655036e-03
9.037616e+00    4.619802e-03
9.049829e+00    4.584339e-03
9.062042e+00    4.548621e-03
9.074255e+00    4.512662e-03
9.086468e+00    4.476436e-03
9.098680e+00    4.439927e-03
9.110894e+00    4.403165e-03
9.123107e+00    4.366098e-03
9.135320e+00    4.328736e-03
9.147532e+00    4.291061e-03
9.159746e+00    4.253058e-03
9.171959e+00    4.214725e-03
9.184172e+00    4.176047e-03
9.196384e+00    4.137008e-03
9.208598e+00    4.097594e-03
9.220811e+00    4.057797e-03
9.233024e+00    4.017605e-03
9.245236e+00    3.977008e-03
9.257450e+00    3.935984e-03
9.269663e+00    3.894528e-03
9.281876e+00    3.852626e-03
9.294088e+00    3.810261e-03
9.306302e+00    3.767426e-03
9.318515e+00    3.724113e-03
9.330728e+00    3.680299e-03
9.342940e+00    3.635980e-03
9.355154e+00    3.591137e-03
9.367367e+00    3.545772e-03
9.379580e+00    3.499864e-03
9.391793e+00    3.453403e-03
9.404006e+00    3.406384e-03
9.416219e+00    3.358800e-03
9.428432e+00    3.310637e-03
9.440645e+00    3.261880e-03
9.452858e+00    3.212536e-03
9.465071e+00    3.162594e-03
9.477283e+00    3.112042e-03
9.489497e+00    3.060878e-03
9.501710e+00    3.009092e-03
9.513923e+00    2.956685e-03
9.526135e+00    2.903651e-03
9.538349e+00    2.849986e-03
9.550562e+00    2.795700e-03
9.562775e+00    2.740772e-03
9.574987e+00    2.685208e-03
9.587201e+00    2.629016e-03
9.599414e+00    2.572206e-03
9.611627e+00    2.514740e-03
9.623839e+00    2.456663e-03
9.636053e+00    2.397952e-03
9.648266e+00    2.338627e-03
9.660479e+00    2.278694e-03
9.672691e+00    2.218145e-03
9.684905e+00    2.156994e-03
9.697118e+00    2.095255e-03
9.709331e+00    2.032932e-03
9.721543e+00    1.970037e-03
9.733757e+00    1.906569e-03
9.745970e+00    1.842563e-03
9.758183e+00    1.778010e-03
9.770395e+00    1.712937e-03
9.782609e+00    1.647343e-03
9.794822e+00    1.581263e-03
9.807034e+00    1.514696e-03
9.819247e+00    1.447666e-03
9.831461e+00    1.380189e-03
9.843674e+00    1.312286e-03
9.855886e+00    1.243977e-03
9.868099e+00    1.175281e-03
9.880313e+00    1.106214e-03
9.892526e+00    1.036808e-03
9.904738e+00    9.670823e-04
9.916951e+00    8.970472e-04
9.929165e+00    8.267358e-04
9.941378e+00    7.561761e-04
9.953590e+00    6.853965e-04
9.965803e+00    6.144131e-04
9.978017e+00    5.432510e-04
9.990230e+00    4.719466e-04
1.000244e+01    4.005285e-04
1.001466e+01    3.290176e-04
1.002687e+01    2.574354e-04
1.003908e+01    1.858290e-04
1.005129e+01    1.142165e-04
1.006351e+01    4.263254e-05
1.007572e+01    -2.889710e-05
1.008793e+01    -1.003390e-04
1.010015e+01    -1.716756e-04
1.011236e+01    -2.428246e-04
1.012457e+01    -3.138235e-04
1.013679e+01    -3.845948e-04
1.014900e+01    -4.551274e-04
1.016121e+01    -5.253771e-04
1.017342e+01    -5.953236e-04
1.018564e+01    -6.649235e-04
1.019785e+01    -7.341541e-04
1.021006e+01    -8.029608e-04
1.022228e+01    -8.713443e-04
1.023449e+01    -9.392484e-04
1.024670e+01    -1.006649e-03
1.025891e+01    -1.073511e-03
1.027113e+01    -1.139812e-03
1.028334e+01    -1.205502e-03
1.029555e+01    -1.270565e-03
1.030777e+01    -1.334969e-03
1.031998e+01    -1.398667e-03
1.033219e+01    -1.461649e-03
1.034441e+01    -1.523869e-03
1.035662e+01    -1.585305e-03
1.036883e+01    -1.645929e-03
1.038105e+01    -1.705702e-03
1.039326e+01    -1.764608e-03
1.040547e+01    -1.822604e-03
1.041768e+01    -1.879683e-03
1.042990e+01    -1.935797e-03
1.044211e+01    -1.990931e-03
1.045432e+01    -2.045060e-03
1.046654e+01    -2.098150e-03
1.047875e+01    -2.150182e-03
1.049096e+01    -2.201130e-03
1.050318e+01    -2.250980e-03
1.051539e+01    -2.299706e-03
1.052760e+01    -2.347278e-03
1.053981e+01    -2.393680e-03
1.055203e+01    -2.438898e-03
1.056424e+01    -2.482908e-03
1.057645e+01    -2.525684e-03
1.058867e+01    -2.567220e-03
1.060088e+01    -2.607499e-03
1.061309e+01    -2.646508e-03
1.062531e+01    -2.684219e-03
1.063752e+01    -2.720634e-03
1.064973e+01    -2.755729e-03
1.066194e+01    -2.789495e-03
1.067416e+01    -2.821923e-03
1.068637e+01    -2.853007e-03
1.069858e+01    -2.882739e-03
1.071080e+01    -2.911093e-03
1.072301e+01    -2.938088e-03
1.073522e+01    -2.963701e-03
1.074744e+01    -2.987936e-03
1.075965e+01    -3.010788e-03
1.077186e+01    -3.032249e-03
1.078407e+01    -3.052325e-03
1.079629e+01    -3.071003e-03
1.080850e+01    -3.088306e-03
1.082071e+01    -3.104213e-03
1.083293e+01    -3.118741e-03
1.084514e+01    -3.131887e-03
1.085735e+01    -3.143652e-03
1.086957e+01    -3.154051e-03
1.088178e+01    -3.163084e-03
1.089399e+01    -3.170760e-03
1.090620e+01    -3.177089e-03
1.091842e+01    -3.182077e-03
1.093063e+01    -3.185736e-03
1.094284e+01    -3.188081e-03
1.095506e+01    -3.189118e-03
1.096727e+01    -3.188870e-03
1.097948e+01    -3.187333e-03
1.099170e+01    -3.184536e-03
1.100391e+01    -3.180502e-03
1.101612e+01    -3.175226e-03
1.102833e+01    -3.168742e-03
1.104055e+01    -3.161065e-03
1.105276e+01    -3.152205e-03
1.106497e+01    -3.142195e-03
1.107719e+01    -3.131047e-03
1.108940e+01    -3.118783e-03
1.110161e+01    -3.105429e-03
1.111382e+01    -3.090998e-03
1.112604e+01    -3.075524e-03
1.113825e+01    -3.059023e-03
1.115046e+01    -3.041528e-03
1.116268e+01    -3.023056e-03
1.117489e+01    -3.003629e-03
1.118710e+01    -2.983283e-03
1.119932e+01    -2.962038e-03
1.121153e+01    -2.939929e-03
1.122374e+01    -2.916967e-03
1.123596e+01    -2.893192e-03
1.124817e+01    -2.868631e-03
1.126038e+01    -2.843311e-03
1.127259e+01    -2.817253e-03
1.128481e+01    -2.790494e-03
1.129702e+01    -2.763070e-03
1.130923e+01    -2.734985e-03
1.132145e+01    -2.706296e-03
1.133366e+01    -2.677012e-03
1.134587e+01    -2.647176e-03
1.135808e+01    -2.616814e-03
1.137030e+01    -2.585958e-03
1.138251e+01    -2.554625e-03
1.139472e+01    -2.522857e-03
1.140694e+01    -2.490681e-03
1.141915e+01    -2.458128e-03
1.143136e+01    -2.425224e-03
1.144358e+01    -2.392001e-03
1.145579e+01    -2.358486e-03
1.146800e+01    -2.324705e-03
1.148022e+01    -2.290695e-03
1.149243e+01    -2.256482e-03
1.150464e+01    -2.222091e-03
1.151685e+01    -2.187548e-03
1.152907e+01    -2.152891e-03
1.154128e+01    -2.118140e-03
1.155349e+01    -2.083321e-03
1.156571e+01    -2.048465e-03
1.157792e+01    -2.013590e-03
1.159013e+01    -1.978732e-03
1.160234e+01    -1.943908e-03
1.161456e+01    -1.909153e-03
1.162677e+01    -1.874479e-03
1.163898e+01    -1.839921e-03
1.165120e+01    -1.805492e-03
1.166341e+01    -1.771225e-03
1.167562e+01    -1.737137e-03
1.168784e+01    -1.703255e-03
1.170005e+01    -1.669582e-03
1.171226e+01    -1.636164e-03
1.172447e+01    -1.602998e-03
1.173669e+01    -1.570124e-03
1.174890e+01    -1.537547e-03
1.176111e+01    -1.505282e-03
1.177333e+01    -1.473360e-03
1.178554e+01    -1.441787e-03
1.179775e+01    -1.410573e-03
1.180997e+01    -1.379759e-03
1.182218e+01    -1.349328e-03
1.183439e+01    -1.319317e-03
1.184660e+01    -1.289725e-03
1.185882e+01    -1.260570e-03
1.187103e+01    -1.231858e-03
1.188324e+01    -1.203612e-03
1.189546e+01    -1.175832e-03
1.190767e+01    -1.148528e-03
1.191988e+01    -1.121709e-03
1.193210e+01    -1.095390e-03
1.194431e+01    -1.069569e-03
1.195652e+01    -1.044252e-03
1.196873e+01    -1.019453e-03
1.198095e+01    -9.951743e-04
1.199316e+01    -9.714121e-04
1.200537e+01    -9.481837e-04
1.201759e+01    -9.254890e-04
1.202980e+01    -9.033082e-04
1.204201e+01    -8.816727e-04
1.205423e+01    -8.605673e-04
1.206644e+01    -8.400015e-04
1.207865e+01    -8.199598e-04
1.209086e+01    -8.004560e-04
1.210308e+01    -7.814672e-04
1.211529e+01    -7.630333e-04
1.212750e+01    -7.451139e-04
1.213972e+01    -7.277151e-04
1.215193e+01    -7.108293e-04
1.216414e+01    -6.944604e-04
1.217636e+01    -6.785968e-04
1.218857e+01    -6.632320e-04
1.220078e+01    -6.483676e-04
1.221299e+01    -6.339886e-04
1.222521e+01    -6.200882e-04
1.223742e+01    -6.066631e-04
1.224963e+01    -5.937040e-04
1.226185e+01    -5.811969e-04
1.227406e+01    -5.691369e-04
1.228627e+01    -5.575159e-04
1.229849e+01    -5.463241e-04
1.231070e+01    -5.355431e-04
1.232291e+01    -5.251738e-04
1.233512e+01    -5.151974e-04
1.234734e+01    -5.056024e-04
1.235955e+01    -4.963892e-04
1.237176e+01    -4.875314e-04
1.238398e+01    -4.790217e-04
1.239619e+01    -4.708499e-04
1.240840e+01    -4.630018e-04
1.242062e+01    -4.554688e-04
1.243283e+01    -4.482274e-04
1.244504e+01    -4.412841e-04
1.245725e+01    -4.346067e-04
1.246947e+01    -4.281911e-04
1.248168e+01    -4.220225e-04
1.249389e+01    -4.160857e-04
1.250611e+01    -4.103732e-04
1.251832e+01    -4.048643e-04
1.253053e+01    -3.995508e-04
1.254275e+01    -3.944238e-04
1.255496e+01    -3.894576e-04
1.256717e+01    -3.846493e-04
1.257938e+01    -3.799788e-04
1.259160e+01    -3.754427e-04
1.260381e+01    -3.710286e-04
1.261602e+01    -3.666984e-04
1.262824e+01    -3.624685e-04
1.264045e+01    -3.583172e-04
1.265266e+01    -3.542324e-04
1.266488e+01    -3.502017e-04
1.267709e+01    -3.462131e-04
1.268930e+01    -3.422603e-04
1.270151e+01    -3.383239e-04
1.271373e+01    -3.343884e-04
1.272594e+01    -3.304593e-04
1.273815e+01    -3.265137e-04
1.275037e+01    -3.225416e-04
1.276258e+01    -3.185464e-04
1.277479e+01    -3.145060e-04
1.278701e+01    -3.104108e-04
1.279922e+01    -3.062519e-04
1.281143e+01    -3.020308e-04
1.282364e+01    -2.977273e-04
1.283586e+01    -2.933437e-04
1.284807e+01    -2.888605e-04
1.286028e+01    -2.842842e-04
1.287250e+01    -2.795958e-04
1.288471e+01    -2.747948e-04
1.289692e+01    -2.698785e-04
1.290914e+01    -2.648305e-04
1.292135e+01    -2.596664e-04
1.293356e+01    -2.543602e-04
1.294577e+01    -2.489185e-04
1.295799e+01    -2.433276e-04
1.297020e+01    -2.375925e-04
1.298241e+01    -2.317147e-04
1.299463e+01    -2.256765e-04
1.300684e+01    -2.194913e-04
1.301905e+01    -2.131486e-04
1.303127e+01    -2.066487e-04
1.304348e+01    -1.999917e-04
1.305569e+01    -1.931749e-04
1.306790e+01    -1.861981e-04
1.308012e+01    -1.790633e-04
1.309233e+01    -1.717697e-04
1.310454e+01    -1.643183e-04
1.311676e+01    -1.567130e-04
1.312897e+01    -1.489480e-04
1.314118e+01    -1.410405e-04
1.315340e+01    -1.329761e-04
1.316561e+01    -1.247652e-04
1.317782e+01    -1.164149e-04
1.319003e+01    -1.079201e-04
1.320225e+01    -9.930068e-05
1.321446e+01    -9.052750e-05
1.322667e+01    -8.163783e-05
1.323889e+01    -7.262519e-05
1.325110e+01    -6.349764e-05
1.326331e+01    -5.425272e-05
1.327553e+01    -4.490017e-05
1.328774e+01    -3.544763e-05
1.329995e+01    -2.590484e-05
1.331216e+01    -1.626294e-05
1.332438e+01    -6.543805e-06
1.333659e+01    3.245783e-06
1.334880e+01    1.311000e-05
1.336102e+01    2.303278e-05
1.337323e+01    3.301074e-05
1.338544e+01    4.303329e-05
1.339766e+01    5.309819e-05
1.340987e+01    6.320380e-05
1.342208e+01    7.331521e-05
1.343429e+01    8.344760e-05
1.344651e+01    9.358853e-05
1.345872e+01    1.037296e-04
1.347093e+01    1.138618e-04
1.348315e+01    1.239746e-04
1.349536e+01    1.340648e-04
1.350757e+01    1.441209e-04
1.351978e+01    1.541407e-04
1.353200e+01    1.640979e-04
1.354421e+01    1.740119e-04
1.355642e+01    1.838461e-04
1.356864e+01    1.936116e-04
1.358085e+01    2.032889e-04
1.359306e+01    2.128796e-04
1.360528e+01    2.223694e-04
1.361749e+01    2.317580e-04
1.362970e+01    2.410254e-04
1.364192e+01    2.501759e-04
1.365413e+01    2.591943e-04
1.366634e+01    2.680748e-04
1.367855e+01    2.768087e-04
1.369077e+01    2.853977e-04
1.370298e+01    2.938266e-04
1.371519e+01    3.020840e-04
1.372741e+01    3.101684e-04
1.373962e+01    3.180853e-04
1.375183e+01    3.258110e-04
1.376404e+01    3.333543e-04
1.377626e+01    3.406968e-04
1.378847e+01    3.478384e-04
1.380068e+01    3.547763e-04
1.381290e+01    3.615016e-04
1.382511e+01    3.680137e-04
1.383732e+01    3.743066e-04
1.384954e+01    3.803726e-04
1.386175e+01    3.862181e-04
1.387396e+01    3.918257e-04
1.388618e+01    3.971995e-04
1.389839e+01    4.023419e-04
1.391060e+01    4.072426e-04
1.392281e+01    4.119034e-04
1.393503e+01    4.163161e-04
1.394724e+01    4.204834e-04
1.395945e+01    4.244076e-04
1.397167e+01    4.280804e-04
1.398388e+01    4.315055e-04
1.399609e+01    4.346789e-04
1.400830e+01    4.376092e-04
1.402052e+01    4.402839e-04
1.403273e+01    4.427151e-04
1.404494e+01    4.448955e-04
1.405716e+01    4.468277e-04
1.406937e+01    4.485162e-04
1.408158e+01    4.499623e-04
1.409380e+01    4.511621e-04
1.410601e+01    4.521357e-04
1.411822e+01    4.528530e-04
1.413043e+01    4.533472e-04
1.414265e+01    4.536074e-04
1.415486e+01    4.536412e-04
1.416707e+01    4.534527e-04
1.417929e+01    4.530441e-04
1.419150e+01    4.524225e-04
1.420371e+01    4.515806e-04
1.421593e+01    4.505377e-04
1.422814e+01    4.492966e-04
1.424035e+01    4.478522e-04
1.425256e+01    4.462231e-04
1.426478e+01    4.444040e-04
1.427699e+01    4.424090e-04
1.428920e+01    4.402412e-04
1.430142e+01    4.379001e-04
1.431363e+01    4.354054e-04
1.432584e+01    4.327590e-04
1.433806e+01    4.299560e-04
1.435027e+01    4.270146e-04
1.436248e+01    4.239412e-04
1.437469e+01    4.207449e-04
1.438691e+01    4.174247e-04
1.439912e+01    4.139955e-04
1.441133e+01    4.104555e-04
1.442355e+01    4.068229e-04
1.443576e+01    4.031006e-04
1.444797e+01    3.992975e-04
1.446019e+01    3.954184e-04
1.447240e+01    3.914723e-04
1.448461e+01    3.874700e-04
1.449682e+01    3.834205e-04
1.450904e+01    3.793229e-04
1.452125e+01    3.751887e-04
1.453346e+01    3.710296e-04
1.454568e+01    3.668570e-04
1.455789e+01    3.626657e-04
1.457010e+01    3.584674e-04
1.458232e+01    3.542835e-04
1.459453e+01    3.501025e-04
1.460674e+01    3.459432e-04
1.461895e+01    3.418113e-04
1.463117e+01    3.377086e-04
1.464338e+01    3.336497e-04
1.465559e+01    3.296366e-04
1.466781e+01    3.256825e-04
1.468002e+01    3.217834e-04
1.469223e+01    3.179607e-04
1.470445e+01    3.142054e-04
1.471666e+01    3.105282e-04
1.472887e+01    3.069431e-04
1.474109e+01    3.034522e-04
1.475330e+01    3.000573e-04
1.476551e+01    2.967689e-04
1.477772e+01    2.935873e-04
1.478994e+01    2.905197e-04
1.480215e+01    2.875752e-04
1.481436e+01    2.847535e-04
1.482658e+01    2.820634e-04
1.483879e+01    2.795011e-04
1.485100e+01    2.770816e-04
1.486321e+01    2.747950e-04
1.487543e+01    2.726595e-04
1.488764e+01    2.706636e-04
1.489985e+01    2.688268e-04
1.491207e+01    2.671419e-04
1.492428e+01    2.656049e-04
1.493649e+01    2.642280e-04
1.494871e+01    2.630151e-04
1.496092e+01    2.619546e-04
1.497313e+01    2.610639e-04
1.498534e+01    2.603327e-04
1.499756e+01    2.597642e-04
1.500977e+01    2.593621e-04
1.502198e+01    2.591263e-04
1.503420e+01    2.590504e-04
1.504641e+01    2.591384e-04
1.505862e+01    2.593894e-04
1.507084e+01    2.598027e-04
1.508305e+01    2.603780e-04
1.509526e+01    2.611106e-04
1.510747e+01    2.620065e-04
1.511969e+01    2.630467e-04
1.513190e+01    2.642406e-04
1.514411e+01    2.655892e-04
1.515633e+01    2.670817e-04
1.516854e+01    2.687251e-04
1.518075e+01    2.705024e-04
1.519297e+01    2.724152e-04
1.520518e+01    2.744615e-04
1.521739e+01    2.766373e-04
1.522960e+01    2.789382e-04
1.524182e+01    2.813574e-04
1.525403e+01    2.838908e-04
1.526624e+01    2.865331e-04
1.527846e+01    2.892798e-04
1.529067e+01    2.921271e-04
1.530288e+01    2.950679e-04
1.531509e+01    2.980889e-04
1.532731e+01    3.012009e-04
1.533952e+01    3.043804e-04
1.535173e+01    3.076337e-04
1.536395e+01    3.109438e-04
1.537616e+01    3.143106e-04
1.538837e+01    3.177290e-04
1.540059e+01    3.211850e-04
1.541280e+01    3.246850e-04
1.542501e+01    3.281983e-04
1.543723e+01    3.317380e-04
1.544944e+01    3.352955e-04
1.546165e+01    3.388495e-04
1.547386e+01    3.424050e-04
1.548608e+01    3.459540e-04
1.549829e+01    3.494941e-04
1.551050e+01    3.529882e-04
1.552272e+01    3.564633e-04
1.553493e+01    3.598970e-04
1.554714e+01    3.632852e-04
1.555935e+01    3.666132e-04
1.557157e+01    3.698832e-04
1.558378e+01    3.730778e-04
1.559599e+01    3.762045e-04
1.560821e+01    3.792366e-04
1.562042e+01    3.821769e-04
1.563263e+01    3.850234e-04
1.564485e+01    3.877573e-04
1.565706e+01    3.903790e-04
1.566927e+01    3.928764e-04
1.568149e+01    3.952450e-04
1.569370e+01    3.974737e-04
1.570591e+01    3.995726e-04
1.571812e+01    4.015067e-04
1.573034e+01    4.033032e-04
1.574255e+01    4.049276e-04
1.575476e+01    4.063862e-04
1.576698e+01    4.076715e-04
1.577919e+01    4.087727e-04
1.579140e+01    4.096912e-04
1.580362e+01    4.104161e-04
1.581583e+01    4.109498e-04
1.582804e+01    4.112800e-04
1.584025e+01    4.114071e-04
1.585247e+01    4.113168e-04
1.586468e+01    4.110157e-04
1.587689e+01    4.104919e-04
1.588911e+01    4.097467e-04
1.590132e+01    4.087761e-04
1.591353e+01    4.075750e-04
1.592575e+01    4.061391e-04
1.593796e+01    4.044676e-04
1.595017e+01    4.025548e-04
1.596238e+01    4.004063e-04
1.597460e+01    3.980096e-04
1.598681e+01    3.953647e-04
1.599902e+01    3.924788e-04
1.601124e+01    3.893385e-04
1.602345e+01    3.859503e-04
1.603566e+01    3.823106e-04
1.604787e+01    3.784249e-04
1.606009e+01    3.742870e-04
1.607230e+01    3.698966e-04
1.608451e+01    3.652523e-04
1.609673e+01    3.603592e-04
1.610894e+01    3.552152e-04
1.612115e+01    3.498310e-04
1.613337e+01    3.441977e-04
1.614558e+01    3.383203e-04
1.615779e+01    3.321975e-04
1.617001e+01    3.258349e-04
1.618222e+01    3.192340e-04
1.619443e+01    3.123965e-04
1.620664e+01    3.053344e-04
1.621886e+01    2.980379e-04
1.623107e+01    2.905189e-04
1.624328e+01    2.827777e-04
1.625550e+01    2.748179e-04
1.626771e+01    2.666485e-04
1.627992e+01    2.582708e-04
1.629214e+01    2.496914e-04
1.630435e+01    2.409055e-04
1.631656e+01    2.319401e-04
1.632877e+01    2.227836e-04
1.634099e+01    2.134455e-04
1.635320e+01    2.039270e-04
1.636541e+01    1.942482e-04
1.637763e+01    1.843973e-04
1.638984e+01    1.744032e-04
1.640205e+01    1.642408e-04
1.641426e+01    1.539512e-04
1.642648e+01    1.435199e-04
1.643869e+01    1.329628e-04
1.645090e+01    1.222847e-04
1.646312e+01    1.114903e-04
1.647533e+01    1.005902e-04
1.648754e+01    8.959289e-05
1.649976e+01    7.850747e-05
1.651197e+01    6.733635e-05
1.652418e+01    5.608986e-05
1.653639e+01    4.477924e-05
1.654861e+01    3.341310e-05
1.656082e+01    2.199022e-05
1.657303e+01    1.053205e-05
1.658525e+01    -9.601863e-07
1.659746e+01    -1.247147e-05
1.660967e+01    -2.401199e-05
1.662189e+01    -3.554804e-05
1.663410e+01    -4.709091e-05
1.664631e+01    -5.861811e-05
1.665853e+01    -7.013195e-05
1.667074e+01    -8.161972e-05
1.668295e+01    -9.307174e-05
1.669516e+01    -1.044793e-04
1.670738e+01    -1.158392e-04
1.671959e+01    -1.271366e-04
1.673180e+01    -1.383623e-04
1.674402e+01    -1.495142e-04
1.675623e+01    -1.605837e-04
1.676844e+01    -1.715606e-04
1.678065e+01    -1.824379e-04
1.679287e+01    -1.932028e-04
1.680508e+01    -2.038603e-04
1.681729e+01    -2.143788e-04
1.682951e+01    -2.247757e-04
1.684172e+01    -2.350335e-04
1.685393e+01    -2.451454e-04
1.686615e+01    -2.551046e-04
1.687836e+01    -2.649041e-04
1.689057e+01    -2.745365e-04
1.690278e+01    -2.839953e-04
1.691500e+01    -2.932770e-04
1.692721e+01    -3.023727e-04
1.693942e+01    -3.112810e-04
1.695164e+01    -3.199861e-04
1.696385e+01    -3.284875e-04
1.697606e+01    -3.367863e-04
1.698828e+01    -3.448644e-04
1.700049e+01    -3.527254e-04
1.701270e+01    -3.603669e-04
1.702491e+01    -3.677776e-04
1.703713e+01    -3.749540e-04
1.704934e+01    -3.818959e-04
1.706155e+01    -3.885977e-04
1.707377e+01    -3.950518e-04
1.708598e+01    -4.012644e-04
1.709819e+01    -4.072305e-04
1.711040e+01    -4.129152e-04
1.712262e+01    -4.183778e-04
1.713483e+01    -4.235677e-04
1.714705e+01    -4.284994e-04
1.715926e+01    -4.331610e-04
1.717147e+01    -4.375625e-04
1.718368e+01    -4.417002e-04
1.719590e+01    -4.455739e-04
1.720811e+01    -4.491662e-04
1.722032e+01    -4.524934e-04
1.723254e+01    -4.555556e-04
1.724475e+01    -4.583437e-04
1.725696e+01    -4.608656e-04
1.726917e+01    -4.631185e-04
1.728139e+01    -4.650975e-04
1.729360e+01    -4.668155e-04
1.730581e+01    -4.682563e-04
1.731803e+01    -4.694416e-04
1.733024e+01    -4.703569e-04
1.734245e+01    -4.710108e-04
1.735467e+01    -4.714029e-04
1.736688e+01    -4.715380e-04
1.737909e+01    -4.714126e-04
1.739130e+01    -4.710343e-04
1.740352e+01    -4.703978e-04
1.741573e+01    -4.695276e-04
1.742794e+01    -4.684025e-04
1.744016e+01    -4.670366e-04
1.745237e+01    -4.654357e-04
1.746458e+01    -4.635963e-04
1.747680e+01    -4.615271e-04
1.748901e+01    -4.592313e-04
1.750122e+01    -4.567146e-04
1.751343e+01    -4.539792e-04
1.752565e+01    -4.510235e-04
1.753786e+01    -4.478678e-04
1.755007e+01    -4.445017e-04
1.756229e+01    -4.409383e-04
1.757450e+01    -4.371787e-04
1.758671e+01    -4.332323e-04
1.759892e+01    -4.291098e-04
1.761114e+01    -4.247953e-04
1.762335e+01    -4.203150e-04
1.763556e+01    -4.156712e-04
1.764778e+01    -4.108568e-04
1.765999e+01    -4.058928e-04
1.767220e+01    -4.007821e-04
1.768442e+01    -3.955194e-04
1.769663e+01    -3.901155e-04
1.770884e+01    -3.845960e-04
1.772106e+01    -3.789489e-04
1.773327e+01    -3.731644e-04
1.774548e+01    -3.672772e-04
1.775769e+01    -3.612796e-04
1.776991e+01    -3.551841e-04
1.778212e+01    -3.489931e-04
1.779433e+01    -3.427118e-04
1.780655e+01    -3.363539e-04
1.781876e+01    -3.299107e-04
1.783097e+01    -3.234009e-04
1.784319e+01    -3.168265e-04
1.785540e+01    -3.101910e-04
1.786761e+01    -3.035084e-04
1.787982e+01    -2.967722e-04
1.789204e+01    -2.899958e-04
1.790425e+01    -2.831910e-04
1.791646e+01    -2.763595e-04
1.792868e+01    -2.694953e-04
1.794089e+01    -2.626237e-04
1.795310e+01    -2.557316e-04
1.796531e+01    -2.488381e-04
1.797753e+01    -2.419391e-04
1.798974e+01    -2.350492e-04
1.800196e+01    -2.281675e-04
1.801417e+01    -2.212995e-04
1.802638e+01    -2.144500e-04
1.803859e+01    -2.076272e-04
1.805081e+01    -2.008294e-04
1.806302e+01    -1.940727e-04
1.807523e+01    -1.873474e-04
1.808744e+01    -1.806631e-04
1.809966e+01    -1.740285e-04
1.811187e+01    -1.674502e-04
1.812408e+01    -1.609155e-04
1.813630e+01    -1.544414e-04
1.814851e+01    -1.480320e-04
1.816072e+01    -1.416925e-04
1.817294e+01    -1.354183e-04
1.818515e+01    -1.292139e-04
1.819736e+01    -1.230877e-04
1.820958e+01    -1.170380e-04
1.822179e+01    -1.110666e-04
1.823400e+01    -1.051807e-04
1.824621e+01    -9.937899e-05
1.825843e+01    -9.366794e-05
1.827064e+01    -8.803821e-05
1.828285e+01    -8.250837e-05
1.829507e+01    -7.707730e-05
1.830728e+01    -7.173279e-05
1.831949e+01    -6.648374e-05
1.833171e+01    -6.132736e-05
1.834392e+01    -5.627982e-05
1.835613e+01    -5.133264e-05
1.836834e+01    -4.648382e-05
1.838056e+01    -4.172954e-05
1.839277e+01    -3.708107e-05
1.840498e+01    -3.253960e-05
1.841720e+01    -2.809905e-05
1.842941e+01    -2.375722e-05
1.844162e+01    -1.951808e-05
1.845383e+01    -1.538382e-05
1.846605e+01    -1.135154e-05
1.847826e+01    -7.414608e-06
1.849047e+01    -3.585359e-06
1.850269e+01    1.348089e-07
1.851490e+01    3.776164e-06
1.852711e+01    7.312279e-06
1.853933e+01    1.075130e-05
1.855154e+01    1.408847e-05
1.856375e+01    1.733599e-05
1.857596e+01    2.048875e-05
1.858818e+01    2.355326e-05
1.860039e+01    2.651988e-05
1.861260e+01    2.940674e-05
1.862482e+01    3.219768e-05
1.863703e+01    3.491133e-05
1.864924e+01    3.753882e-05
1.866146e+01    4.008308e-05
1.867367e+01    4.255038e-05
1.868588e+01    4.493957e-05
1.869810e+01    4.726124e-05
1.871031e+01    4.950201e-05
1.872252e+01    5.167513e-05
1.873473e+01    5.378586e-05
1.874695e+01    5.582848e-05
1.875916e+01    5.780254e-05
1.877137e+01    5.972129e-05
1.878359e+01    6.157695e-05
1.879580e+01    6.338232e-05
1.880801e+01    6.512995e-05
1.882022e+01    6.682752e-05
1.883244e+01    6.847922e-05
1.884465e+01    7.008156e-05
1.885686e+01    7.164385e-05
1.886908e+01    7.316354e-05
1.888129e+01    7.464318e-05
1.889350e+01    7.609022e-05
1.890572e+01    7.750187e-05
1.891793e+01    7.887953e-05
1.893014e+01    8.023018e-05
1.894235e+01    8.155522e-05
1.895457e+01    8.285278e-05
1.896678e+01    8.413126e-05
1.897899e+01    8.538784e-05
1.899121e+01    8.662581e-05
1.900342e+01    8.784677e-05
1.901563e+01    8.905120e-05
1.902785e+01    9.024539e-05
1.904006e+01    9.143120e-05
1.905227e+01    9.260140e-05
1.906449e+01    9.376951e-05
1.907670e+01    9.493064e-05
1.908891e+01    9.608991e-05
1.910112e+01    9.724358e-05
1.911334e+01    9.840098e-05
1.912555e+01    9.955233e-05
1.913776e+01    1.007065e-04
1.914997e+01    1.018641e-04
1.916219e+01    1.030234e-04
1.917440e+01    1.041892e-04
1.918661e+01    1.053567e-04
1.919883e+01    1.065314e-04
1.921104e+01    1.077112e-04
1.922325e+01    1.088982e-04
1.923547e+01    1.100923e-04
1.924768e+01    1.112917e-04
1.925989e+01    1.125013e-04
1.927211e+01    1.137123e-04
1.928432e+01    1.149379e-04
1.929653e+01    1.161702e-04
1.930874e+01    1.174065e-04
1.932096e+01    1.186484e-04
1.933317e+01    1.198997e-04
1.934538e+01    1.211523e-04
1.935760e+01    1.224129e-04
1.936981e+01    1.236793e-04
1.938202e+01    1.249455e-04
1.939424e+01    1.262120e-04
1.940645e+01    1.274911e-04
1.941866e+01    1.287611e-04
1.943087e+01    1.300356e-04
1.944309e+01    1.313105e-04
1.945530e+01    1.325748e-04
1.946751e+01    1.338352e-04
1.947973e+01    1.350968e-04
1.949194e+01    1.363399e-04
1.950415e+01    1.375835e-04
1.951637e+01    1.388069e-04
1.952858e+01    1.400154e-04
1.954079e+01    1.412175e-04
1.955301e+01    1.424031e-04
1.956522e+01    1.435674e-04
1.957743e+01    1.447009e-04
1.958964e+01    1.458217e-04
1.960186e+01    1.469116e-04
1.961407e+01    1.479727e-04
1.962628e+01    1.490123e-04
1.963849e+01    1.500120e-04
1.965071e+01    1.509826e-04
1.966292e+01    1.519145e-04
1.967513e+01    1.528077e-04
1.968735e+01    1.536554e-04
1.969956e+01    1.544533e-04
1.971177e+01    1.552158e-04
1.972399e+01    1.559289e-04
1.973620e+01    1.565837e-04
1.974841e+01    1.571893e-04
1.976063e+01    1.577347e-04
1.977284e+01    1.582204e-04
1.978505e+01    1.586468e-04
1.979726e+01    1.590137e-04
1.980948e+01    1.593054e-04
1.982169e+01    1.595349e-04
1.983390e+01    1.596914e-04
1.984612e+01    1.597730e-04
1.985833e+01    1.597801e-04
1.987054e+01    1.597129e-04
1.988276e+01    1.595639e-04
1.989497e+01    1.593400e-04
1.990718e+01    1.590124e-04
1.991939e+01    1.586095e-04
1.993161e+01    1.581205e-04
1.994382e+01    1.575385e-04
1.995603e+01    1.568647e-04
1.996825e+01    1.560961e-04
1.998046e+01    1.552377e-04
1.999267e+01    1.542757e-04
2.000488e+01    1.532120e-04
2.001710e+01    1.520582e-04
2.002931e+01    1.508000e-04
2.004152e+01    1.494351e-04
2.005374e+01    1.479691e-04
2.006595e+01    1.463984e-04
2.007816e+01    1.447223e-04
2.009038e+01    1.429324e-04
2.010259e+01    1.410434e-04
2.011480e+01    1.390436e-04
2.012702e+01    1.369334e-04
2.013923e+01    1.347158e-04
2.015144e+01    1.323866e-04
2.016365e+01    1.299451e-04
2.017587e+01    1.274008e-04
2.018808e+01    1.247440e-04
2.020029e+01    1.219731e-04
2.021251e+01    1.190933e-04
2.022472e+01    1.161080e-04
2.023693e+01    1.130120e-04
2.024915e+01    1.098050e-04
2.026136e+01    1.064931e-04
2.027357e+01    1.030768e-04
2.028578e+01    9.956147e-05
2.029800e+01    9.592588e-05
2.031021e+01    9.219110e-05
2.032242e+01    8.836045e-05
2.033464e+01    8.442625e-05
2.034685e+01    8.039066e-05
2.035906e+01    7.625925e-05
2.037127e+01    7.203582e-05
2.038349e+01    6.771466e-05
2.039570e+01    6.329350e-05
2.040791e+01    5.880219e-05
2.042013e+01    5.421095e-05
2.043234e+01    4.953914e-05
2.044455e+01    4.478666e-05
2.045677e+01    3.994774e-05
2.046898e+01    3.503211e-05
2.048119e+01    3.004714e-05
2.049340e+01    2.499230e-05
2.050562e+01    1.985620e-05
2.051783e+01    1.467162e-05
2.053004e+01    9.415933e-06
2.054226e+01    4.107802e-06
2.055447e+01    -1.264387e-06
2.056668e+01    -6.681104e-06
2.057890e+01    -1.215248e-05
2.059111e+01    -1.766186e-05
2.060332e+01    -2.321372e-05
2.061554e+01    -2.881774e-05
2.062775e+01    -3.444351e-05
2.063996e+01    -4.009886e-05
2.065217e+01    -4.578375e-05
2.066439e+01    -5.148892e-05
2.067660e+01    -5.722038e-05
2.068881e+01    -6.295096e-05
2.070103e+01    -6.869854e-05
2.071324e+01    -7.445504e-05
2.072545e+01    -8.020626e-05
2.073767e+01    -8.596381e-05
2.074988e+01    -9.170084e-05
2.076209e+01    -9.743919e-05
2.077430e+01    -1.031551e-04
2.078652e+01    -1.088591e-04
2.079873e+01    -1.145386e-04
2.081094e+01    -1.201876e-04
2.082316e+01    -1.258002e-04
2.083537e+01    -1.313768e-04
2.084758e+01    -1.369171e-04
2.085979e+01    -1.424091e-04
2.087201e+01    -1.478518e-04
2.088422e+01    -1.532420e-04
2.089643e+01    -1.585669e-04
2.090865e+01    -1.638471e-04
2.092086e+01    -1.690540e-04
2.093307e+01    -1.741879e-04
2.094529e+01    -1.792445e-04
2.095750e+01    -1.842310e-04
2.096971e+01    -1.891336e-04
2.098192e+01    -1.939428e-04
2.099414e+01    -1.986702e-04
2.100635e+01    -2.033027e-04
2.101856e+01    -2.078412e-04
2.103078e+01    -2.122712e-04
2.104299e+01    -2.166057e-04
2.105520e+01    -2.208293e-04
2.106742e+01    -2.249427e-04
2.107963e+01    -2.289386e-04
2.109184e+01    -2.328133e-04
2.110406e+01    -2.365775e-04
2.111627e+01    -2.402184e-04
2.112848e+01    -2.437308e-04
2.114069e+01    -2.471061e-04
2.115291e+01    -2.503567e-04
2.116512e+01    -2.534709e-04
2.117733e+01    -2.564535e-04
2.118955e+01    -2.592893e-04
2.120176e+01    -2.619846e-04
2.121397e+01    -2.645426e-04
2.122618e+01    -2.669525e-04
2.123840e+01    -2.692107e-04
2.125061e+01    -2.713233e-04
2.126282e+01    -2.732839e-04
2.127504e+01    -2.750963e-04
2.128725e+01    -2.767523e-04
2.129946e+01    -2.782460e-04
2.131168e+01    -2.795875e-04
2.132389e+01    -2.807729e-04
2.133610e+01    -2.817987e-04
2.134831e+01    -2.826690e-04
2.136053e+01    -2.833764e-04
2.137274e+01    -2.839255e-04
2.138495e+01    -2.843132e-04
2.139717e+01    -2.845395e-04
2.140938e+01    -2.846071e-04
2.142159e+01    -2.845102e-04
2.143381e+01    -2.842547e-04
2.144602e+01    -2.838416e-04
2.145823e+01    -2.832620e-04
2.147044e+01    -2.825242e-04
2.148266e+01    -2.816335e-04
2.149487e+01    -2.805793e-04
2.150708e+01    -2.793637e-04
2.151930e+01    -2.780002e-04
2.153151e+01    -2.764805e-04
2.154372e+01    -2.748014e-04
2.155593e+01    -2.729733e-04
2.156815e+01    -2.709916e-04
2.158036e+01    -2.688644e-04
2.159258e+01    -2.665890e-04
2.160479e+01    -2.641606e-04
2.161700e+01    -2.615924e-04
2.162921e+01    -2.588870e-04
2.164143e+01    -2.560348e-04
2.165364e+01    -2.530491e-04
2.166585e+01    -2.499255e-04
2.167807e+01    -2.466668e-04
2.169028e+01    -2.432824e-04
2.170249e+01    -2.397709e-04
2.171470e+01    -2.361266e-04
2.172692e+01    -2.323533e-04
2.173913e+01    -2.284819e-04
2.175134e+01    -2.244786e-04
2.176356e+01    -2.203674e-04
2.177577e+01    -2.161419e-04
2.178798e+01    -2.118041e-04
2.180020e+01    -2.073673e-04
2.181241e+01    -2.028350e-04
2.182462e+01    -1.981925e-04
2.183683e+01    -1.934594e-04
2.184905e+01    -1.886374e-04
2.186126e+01    -1.837232e-04
2.187347e+01    -1.787239e-04
2.188569e+01    -1.736441e-04
2.189790e+01    -1.684836e-04
2.191011e+01    -1.632534e-04
2.192233e+01    -1.579545e-04
2.193454e+01    -1.525859e-04
2.194675e+01    -1.471517e-04
2.195897e+01    -1.416522e-04
2.197118e+01    -1.361019e-04
2.198339e+01    -1.304998e-04
2.199560e+01    -1.248515e-04
2.200782e+01    -1.191494e-04
2.202003e+01    -1.134060e-04
2.203224e+01    -1.076265e-04
2.204445e+01    -1.018114e-04
2.205667e+01    -9.596627e-05
2.206888e+01    -9.009746e-05
2.208109e+01    -8.419124e-05
2.209331e+01    -7.827768e-05
2.210552e+01    -7.233461e-05
2.211773e+01    -6.638828e-05
2.212995e+01    -6.042064e-05
2.214216e+01    -5.445803e-05
2.215437e+01    -4.847678e-05
2.216659e+01    -4.250654e-05
2.217880e+01    -3.653414e-05
2.219101e+01    -3.056640e-05
2.220322e+01    -2.461500e-05
2.221544e+01    -1.866421e-05
2.222765e+01    -1.273482e-05
2.223986e+01    -6.820646e-06
2.225208e+01    -9.276955e-07
2.226429e+01    4.942198e-06
2.227650e+01    1.078609e-05
2.228872e+01    1.659658e-05
2.230093e+01    2.237375e-05
2.231314e+01    2.813130e-05
2.232535e+01    3.383854e-05
2.233757e+01    3.950832e-05
2.234978e+01    4.514190e-05
2.236199e+01    5.073097e-05
2.237421e+01    5.628417e-05
2.238642e+01    6.176345e-05
2.239863e+01    6.721637e-05
2.241084e+01    7.260378e-05
2.242306e+01    7.794166e-05
2.243527e+01    8.322438e-05
2.244748e+01    8.845268e-05
2.245970e+01    9.361465e-05
2.247191e+01    9.872232e-05
2.248412e+01    1.037708e-04
2.249634e+01    1.087495e-04
2.250855e+01    1.136697e-04
2.252076e+01    1.185199e-04
2.253297e+01    1.233023e-04
2.254519e+01    1.280282e-04
2.255740e+01    1.326695e-04
2.256961e+01    1.372450e-04
2.258183e+01    1.417518e-04
2.259404e+01    1.461815e-04
2.260625e+01    1.505486e-04
2.261847e+01    1.548424e-04
2.263068e+01    1.590582e-04
2.264289e+01    1.632032e-04
2.265511e+01    1.672753e-04
2.266732e+01    1.712730e-04
2.267953e+01    1.751914e-04
2.269174e+01    1.790386e-04
2.270396e+01    1.828158e-04
2.271617e+01    1.865034e-04
2.272838e+01    1.901274e-04
2.274060e+01    1.936764e-04
2.275281e+01    1.971478e-04
2.276502e+01    2.005438e-04
2.277724e+01    2.038701e-04
2.278945e+01    2.071206e-04
2.280166e+01    2.102979e-04
2.281387e+01    2.133996e-04
2.282609e+01    2.164256e-04
2.283830e+01    2.193832e-04
2.285051e+01    2.222678e-04
2.286273e+01    2.250815e-04
2.287494e+01    2.278246e-04
2.288715e+01    2.304980e-04
2.289936e+01    2.331021e-04
2.291158e+01    2.356388e-04
2.292379e+01    2.381053e-04
2.293600e+01    2.405064e-04
2.294822e+01    2.428330e-04
2.296043e+01    2.451075e-04
2.297264e+01    2.473073e-04
2.298486e+01    2.494470e-04
2.299707e+01    2.515229e-04
2.300928e+01    2.535381e-04
2.302150e+01    2.554812e-04
2.303371e+01    2.573682e-04
2.304592e+01    2.591971e-04
2.305813e+01    2.609656e-04
2.307035e+01    2.626786e-04
2.308256e+01    2.643306e-04
2.309477e+01    2.659305e-04
2.310699e+01    2.674661e-04
2.311920e+01    2.689509e-04
2.313141e+01    2.703795e-04
2.314363e+01    2.717550e-04
2.315584e+01    2.730768e-04
2.316805e+01    2.743544e-04
2.318026e+01    2.755701e-04
2.319248e+01    2.767363e-04
2.320469e+01    2.778597e-04
2.321690e+01    2.789249e-04
2.322912e+01    2.799418e-04
2.324133e+01    2.809128e-04
2.325354e+01    2.818355e-04
2.326575e+01    2.827101e-04
2.327797e+01    2.835370e-04
2.329018e+01    2.843241e-04
2.330239e+01    2.850509e-04
2.331461e+01    2.857403e-04
2.332682e+01    2.863825e-04
2.333903e+01    2.869826e-04
2.335125e+01    2.875332e-04
2.336346e+01    2.880400e-04
2.337567e+01    2.885042e-04
2.338788e+01    2.889257e-04
2.340010e+01    2.892935e-04
2.341231e+01    2.896257e-04
2.342452e+01    2.899126e-04
2.343674e+01    2.901475e-04
2.344895e+01    2.903452e-04
2.346116e+01    2.904990e-04
2.347338e+01    2.905985e-04
2.348559e+01    2.906614e-04
2.349780e+01    2.906784e-04
2.351002e+01    2.906399e-04
2.352223e+01    2.905662e-04
2.353444e+01    2.904459e-04
2.354665e+01    2.902751e-04
2.355887e+01    2.900543e-04
2.357108e+01    2.897875e-04
2.358329e+01    2.894749e-04
2.359550e+01    2.891062e-04
2.360772e+01    2.886944e-04
2.361993e+01    2.882280e-04
2.363214e+01    2.877131e-04
2.364436e+01    2.871454e-04
2.365657e+01    2.865222e-04
2.366878e+01    2.858498e-04
2.368100e+01    2.851204e-04
2.369321e+01    2.843369e-04
2.370542e+01    2.834947e-04
2.371764e+01    2.826031e-04
2.372985e+01    2.816423e-04
2.374206e+01    2.806323e-04
2.375427e+01    2.795616e-04
2.376649e+01    2.784339e-04
2.377870e+01    2.772291e-04
2.379091e+01    2.759694e-04
2.380313e+01    2.746483e-04
2.381534e+01    2.732628e-04
2.382755e+01    2.718126e-04
2.383977e+01    2.702935e-04
2.385198e+01    2.687118e-04
2.386419e+01    2.670524e-04
2.387640e+01    2.653299e-04
2.388862e+01    2.635303e-04
2.390083e+01    2.616583e-04
2.391304e+01    2.597208e-04
2.392526e+01    2.577054e-04
2.393747e+01    2.556175e-04
2.394968e+01    2.534506e-04
2.396189e+01    2.512085e-04
2.397411e+01    2.488902e-04
2.398632e+01    2.464999e-04
2.399854e+01    2.440155e-04
2.401075e+01    2.414519e-04
2.402296e+01    2.388198e-04
2.403517e+01    2.361011e-04
2.404739e+01    2.332972e-04
2.405960e+01    2.304109e-04
2.407181e+01    2.274380e-04
2.408403e+01    2.243884e-04
2.409624e+01    2.212514e-04
2.410845e+01    2.180225e-04
2.412066e+01    2.147167e-04
2.413288e+01    2.113132e-04
2.414509e+01    2.078291e-04
2.415730e+01    2.042577e-04
2.416952e+01    2.005960e-04
2.418173e+01    1.968493e-04
2.419394e+01    1.930163e-04
2.420616e+01    1.890943e-04
2.421837e+01    1.850821e-04
2.423058e+01    1.809862e-04
2.424279e+01    1.767893e-04
2.425501e+01    1.725224e-04
2.426722e+01    1.681629e-04
2.427943e+01    1.637094e-04
2.429165e+01    1.591708e-04
2.430386e+01    1.545545e-04
2.431607e+01    1.498467e-04
2.432829e+01    1.450473e-04
2.434050e+01    1.401708e-04
2.435271e+01    1.352051e-04
2.436492e+01    1.301620e-04
2.437714e+01    1.250235e-04
2.438935e+01    1.198194e-04
2.440156e+01    1.145264e-04
2.441378e+01    1.091578e-04
2.442599e+01    1.037051e-04
2.443820e+01    9.818212e-05
2.445041e+01    9.257792e-05
2.446263e+01    8.690161e-05
2.447484e+01    8.115717e-05
2.448705e+01    7.532697e-05
2.449927e+01    6.944039e-05
2.451148e+01    6.346767e-05
2.452369e+01    5.745786e-05
2.453591e+01    5.136685e-05
2.454812e+01    4.521372e-05
2.456033e+01    3.899998e-05
2.457255e+01    3.272944e-05
2.458476e+01    2.639959e-05
2.459697e+01    2.001524e-05
2.460918e+01    1.358375e-05
2.462140e+01    7.099748e-06
2.463361e+01    5.635957e-07
2.464582e+01    -6.008588e-06
2.465804e+01    -1.263342e-05
2.467025e+01    -1.929550e-05
2.468246e+01    -2.599362e-05
2.469468e+01    -3.272362e-05
2.470689e+01    -3.948713e-05
2.471910e+01    -4.628314e-05
2.473131e+01    -5.310480e-05
2.474353e+01    -5.995019e-05
2.475574e+01    -6.681205e-05
2.476795e+01    -7.369666e-05
2.478017e+01    -8.059488e-05
2.479238e+01    -8.750198e-05
2.480459e+01    -9.442143e-05
2.481680e+01    -1.013486e-04
2.482902e+01    -1.082670e-04
2.484123e+01    -1.151959e-04
2.485344e+01    -1.221180e-04
2.486566e+01    -1.290328e-04
2.487787e+01    -1.359391e-04
2.489008e+01    -1.428270e-04
2.490230e+01    -1.497029e-04
2.491451e+01    -1.565552e-04
2.492672e+01    -1.633869e-04
2.493893e+01    -1.701865e-04
2.495115e+01    -1.769620e-04
2.496336e+01    -1.837028e-04
2.497557e+01    -1.904090e-04
2.498779e+01    -1.970657e-04
2.500000e+01    -2.036913e-04
