0.000000e+00    -1.728026e+00
1.221299e-02    -1.726833e+00
2.442599e-02    -1.723258e+00
3.663898e-02    -1.717314e+00
4.885198e-02    -1.709022e+00
6.106497e-02    -1.698412e+00
7.327797e-02    -1.685521e+00
8.549096e-02    -1.670394e+00
9.770396e-02    -1.653085e+00
1.099169e-01    -1.633654e+00
1.221299e-01    -1.612170e+00
1.343429e-01    -1.588706e+00
1.465559e-01    -1.563344e+00
1.587689e-01    -1.536171e+00
1.709819e-01    -1.507280e+00
1.831949e-01    -1.476769e+00
1.954079e-01    -1.444740e+00
2.076209e-01    -1.411300e+00
2.198339e-01    -1.376559e+00
2.320469e-01    -1.340633e+00
2.442599e-01    -1.303636e+00
2.564729e-01    -1.265686e+00
2.686859e-01    -1.226906e+00
2.808989e-01    -1.187414e+00
2.931119e-01    -1.147334e+00
3.053249e-01    -1.106786e+00
3.175378e-01    -1.065892e+00
3.297509e-01    -1.024772e+00
3.419639e-01    -9.835449e-01
3.541768e-01    -9.423267e-01
3.663898e-01    -9.012319e-01
3.786028e-01    -8.603718e-01
3.908158e-01    -8.198545e-01
4.030288e-01    -7.797844e-01
4.152418e-01    -7.402622e-01
4.274548e-01    -7.013837e-01
4.396678e-01    -6.632407e-01
4.518808e-01    -6.259196e-01
4.640938e-01    -5.895020e-01
4.763068e-01    -5.540642e-01
4.885198e-01    -5.196768e-01
5.007328e-01    -4.864050e-01
5.129458e-01    -4.543078e-01
5.251588e-01    -4.234391e-01
5.373718e-01    -3.938463e-01
5.495847e-01    -3.655711e-01
5.617977e-01    -3.386495e-01
5.740107e-01    -3.131115e-01
5.862237e-01    -2.889813e-01
5.984367e-01    -2.662774e-01
6.106497e-01    -2.450129e-01
6.228627e-01    -2.251952e-01
6.350757e-01    -2.068267e-01
6.472887e-01    -1.899045e-01
6.595017e-01    -1.744207e-01
6.717147e-01    -1.603631e-01
6.839277e-01    -1.477147e-01
6.961407e-01    -1.364543e-01
7.083537e-01    -1.265567e-01
7.205667e-01    -1.179932e-01
7.327797e-01    -1.107313e-01
7.449927e-01    -1.047356e-01
7.572057e-01    -9.996748e-02
7.694187e-01    -9.638591e-02
7.816316e-01    -9.394746e-02
7.938446e-01    -9.260648e-02
8.060576e-01    -9.231567e-02
8.182706e-01    -9.302607e-02
8.304836e-01    -9.468742e-02
8.426966e-01    -9.724860e-02
8.549096e-01    -1.006575e-01
8.671226e-01    -1.048617e-01
8.793356e-01    -1.098083e-01
8.915486e-01    -1.154446e-01
9.037616e-01    -1.217178e-01
9.159746e-01    -1.285756e-01
9.281876e-01    -1.359663e-01
9.404006e-01    -1.438387e-01
9.526136e-01    -1.521430e-01
9.648266e-01    -1.608299e-01
9.770396e-01    -1.698518e-01
9.892526e-01    -1.791622e-01
1.001466e+00    -1.887160e-01
1.013679e+00    -1.984700e-01
1.025892e+00    -2.083822e-01
1.038105e+00    -2.184129e-01
1.050318e+00    -2.285237e-01
1.062531e+00    -2.386785e-01
1.074744e+00    -2.488429e-01
1.086957e+00    -2.589844e-01
1.099169e+00    -2.690726e-01
1.111382e+00    -2.790791e-01
1.123595e+00    -2.889775e-01
1.135808e+00    -2.987433e-01
1.148021e+00    -3.083540e-01
1.160234e+00    -3.177891e-01
1.172447e+00    -3.270299e-01
1.184660e+00    -3.360597e-01
1.196873e+00    -3.448636e-01
1.209086e+00    -3.534284e-01
1.221299e+00    -3.617427e-01
1.233512e+00    -3.697967e-01
1.245725e+00    -3.775823e-01
1.257938e+00    -3.850927e-01
1.270151e+00    -3.923228e-01
1.282364e+00    -3.992688e-01
1.294577e+00    -4.059281e-01
1.306790e+00    -4.122995e-01
1.319003e+00    -4.183825e-01
1.331216e+00    -4.241782e-01
1.343429e+00    -4.296884e-01
1.355642e+00    -4.349160e-01
1.367855e+00    -4.398642e-01
1.380068e+00    -4.445376e-01
1.392281e+00    -4.489409e-01
1.404494e+00    -4.530799e-01
1.416707e+00    -4.569606e-01
1.428920e+00    -4.605893e-01
1.441133e+00    -4.639730e-01
1.453346e+00    -4.671189e-01
1.465559e+00    -4.700342e-01
1.477772e+00    -4.727267e-01
1.489985e+00    -4.752042e-01
1.502198e+00    -4.774742e-01
1.514411e+00    -4.795449e-01
1.526624e+00    -4.814238e-01
1.538837e+00    -4.831187e-01
1.551050e+00    -4.846372e-01
1.563263e+00    -4.859869e-01
1.575476e+00    -4.871751e-01
1.587689e+00    -4.882089e-01
1.599902e+00    -4.890951e-01
1.612115e+00    -4.898404e-01
1.624328e+00    -4.904512e-01
1.636541e+00    -4.909336e-01
1.648754e+00    -4.912933e-01
1.660967e+00    -4.915358e-01
1.673180e+00    -4.916663e-01
1.685393e+00    -4.916895e-01
1.697606e+00    -4.916101e-01
1.709819e+00    -4.914321e-01
1.722032e+00    -4.911596e-01
1.734245e+00    -4.907959e-01
1.746458e+00    -4.903443e-01
1.758671e+00    -4.898078e-01
1.770884e+00    -4.891889e-01
1.783097e+00    -4.884900e-01
1.795310e+00    -4.877132e-01
1.807523e+00    -4.868602e-01
1.819736e+00    -4.859326e-01
1.831949e+00    -4.849318e-01
1.844162e+00    -4.838589e-01
1.856375e+00    -4.827146e-01
1.868588e+00    -4.814997e-01
1.880801e+00    -4.802149e-01
1.893014e+00    -4.788604e-01
1.905227e+00    -4.774365e-01
1.917440e+00    -4.759433e-01
1.929653e+00    -4.743810e-01
1.941866e+00    -4.727493e-01
1.954079e+00    -4.710481e-01
1.966292e+00    -4.692773e-01
1.978505e+00    -4.674367e-01
1.990718e+00    -4.655259e-01
2.002931e+00    -4.635448e-01
2.015144e+00    -4.614930e-01
2.027357e+00    -4.593702e-01
2.039570e+00    -4.571762e-01
2.051783e+00    -4.549109e-01
2.063996e+00    -4.525740e-01
2.076209e+00    -4.501655e-01
2.088422e+00    -4.476852e-01
2.100635e+00    -4.451333e-01
2.112848e+00    -4.425099e-01
2.125061e+00    -4.398151e-01
2.137274e+00    -4.370491e-01
2.149487e+00    -4.342124e-01
2.161700e+00    -4.313055e-01
2.173913e+00    -4.283290e-01
2.186126e+00    -4.252834e-01
2.198339e+00    -4.221696e-01
2.210552e+00    -4.189885e-01
2.222765e+00    -4.157409e-01
2.234978e+00    -4.124281e-01
2.247191e+00    -4.090511e-01
2.259404e+00    -4.056115e-01
2.271617e+00    -4.021103e-01
2.283830e+00    -3.985492e-01
2.296043e+00    -3.949299e-01
2.308256e+00    -3.912538e-01
2.320469e+00    -3.875227e-01
2.332682e+00    -3.837386e-01
2.344895e+00    -3.799034e-01
2.357108e+00    -3.760189e-01
2.369321e+00    -3.720872e-01
2.381534e+00    -3.681106e-01
2.393747e+00    -3.640911e-01
2.405960e+00    -3.600308e-01
2.418173e+00    -3.559324e-01
2.430386e+00    -3.517978e-01
2.442599e+00    -3.476294e-01
2.454812e+00    -3.434296e-01
2.467025e+00    -3.392009e-01
2.479238e+00    -3.349457e-01
2.491451e+00    -3.306663e-01
2.503664e+00    -3.263652e-01
2.515877e+00    -3.220448e-01
2.528090e+00    -3.177075e-01
2.540303e+00    -3.133557e-01
2.552516e+00    -3.089919e-01
2.564729e+00    -3.046185e-01
2.576942e+00    -3.002378e-01
2.589155e+00    -2.958521e-01
2.601368e+00    -2.914638e-01
2.613581e+00    -2.870751e-01
2.625794e+00    -2.826883e-01
2.638007e+00    -2.783056e-01
2.650220e+00    -2.739292e-01
2.662433e+00    -2.695611e-01
2.674646e+00    -2.652036e-01
2.686859e+00    -2.608584e-01
2.699072e+00    -2.565276e-01
2.711285e+00    -2.522133e-01
2.723498e+00    -2.479171e-01
2.735711e+00    -2.436409e-01
2.747924e+00    -2.393864e-01
2.760137e+00    -2.351554e-01
2.772350e+00    -2.309495e-01
2.784563e+00    -2.267702e-01
2.796776e+00    -2.226191e-01
2.808989e+00    -2.184976e-01
2.821202e+00    -2.144071e-01
2.833415e+00    -2.103488e-01
2.845628e+00    -2.063243e-01
2.857841e+00    -2.023345e-01
2.870054e+00    -1.983807e-01
2.882267e+00    -1.944640e-01
2.894480e+00    -1.905854e-01
2.906693e+00    -1.867460e-01
2.918906e+00    -1.829466e-01
2.931119e+00    -1.791880e-01
2.943332e+00    -1.754713e-01
2.955545e+00    -1.717971e-01
2.967758e+00    -1.681661e-01
2.979971e+00    -1.645790e-01
2.992184e+00    -1.610365e-01
3.004397e+00    -1.575391e-01
3.016610e+00    -1.540874e-01
3.028823e+00    -1.506818e-01
3.041036e+00    -1.473229e-01
3.053249e+00    -1.440109e-01
3.065462e+00    -1.407463e-01
3.077675e+00    -1.375293e-01
3.089888e+00    -1.343604e-01
3.102101e+00    -1.312397e-01
3.114314e+00    -1.281674e-01
3.126527e+00    -1.251437e-01
3.138740e+00    -1.221689e-01
3.150953e+00    -1.192429e-01
3.163166e+00    -1.163658e-01
3.175379e+00    -1.135378e-01
3.187592e+00    -1.107589e-01
3.199805e+00    -1.080290e-01
3.212018e+00    -1.053481e-01
3.224231e+00    -1.027161e-01
3.236444e+00    -1.001331e-01
3.248657e+00    -9.759880e-02
3.260870e+00    -9.511314e-02
3.273082e+00    -9.267598e-02
3.285295e+00    -9.028711e-02
3.297508e+00    -8.794636e-02
3.309721e+00    -8.565349e-02
3.321934e+00    -8.340827e-02
3.334147e+00    -8.121046e-02
3.346360e+00    -7.905976e-02
3.358573e+00    -7.695586e-02
3.370786e+00    -7.489847e-02
3.382999e+00    -7.288725e-02
3.395212e+00    -7.092185e-02
3.407425e+00    -6.900189e-02
3.419638e+00    -6.712699e-02
3.431851e+00    -6.529677e-02
3.444064e+00    -6.351080e-02
3.456277e+00    -6.176864e-02
3.468490e+00    -6.006985e-02
3.480703e+00    -5.841399e-02
3.492916e+00    -5.680057e-02
3.505129e+00    -5.522911e-02
3.517342e+00    -5.369910e-02
3.529555e+00    -5.221004e-02
3.541768e+00    -5.076141e-02
3.553981e+00    -4.935266e-02
3.566194e+00    -4.798326e-02
3.578407e+00    -4.665263e-02
3.590620e+00    -4.536023e-02
3.602833e+00    -4.410546e-02
3.615046e+00    -4.288773e-02
3.627259e+00    -4.170646e-02
3.639472e+00    -4.056104e-02
3.651685e+00    -3.945082e-02
3.663898e+00    -3.837524e-02
3.676111e+00    -3.733364e-02
3.688324e+00    -3.632540e-02
3.700537e+00    -3.534984e-02
3.712750e+00    -3.440636e-02
3.724963e+00    -3.349428e-02
3.737176e+00    -3.261295e-02
3.749389e+00    -3.176171e-02
3.761602e+00    -3.093990e-02
3.773815e+00    -3.014684e-02
3.786028e+00    -2.938186e-02
3.798241e+00    -2.864430e-02
3.810454e+00    -2.793348e-02
3.822667e+00    -2.724873e-02
3.834880e+00    -2.658937e-02
3.847093e+00    -2.595473e-02
3.859306e+00    -2.534414e-02
3.871519e+00    -2.475691e-02
3.883732e+00    -2.419240e-02
3.895945e+00    -2.364993e-02
3.908158e+00    -2.312883e-02
3.920371e+00    -2.262844e-02
3.932584e+00    -2.214812e-02
3.944797e+00    -2.168720e-02
3.957010e+00    -2.124505e-02
3.969223e+00    -2.082102e-02
3.981436e+00    -2.041448e-02
3.993649e+00    -2.002480e-02
4.005862e+00    -1.965135e-02
4.018075e+00    -1.929354e-02
4.030288e+00    -1.895075e-02
4.042501e+00    -1.862239e-02
4.054714e+00    -1.830786e-02
4.066927e+00    -1.800661e-02
4.079140e+00    -1.771804e-02
4.091353e+00    -1.744162e-02
4.103566e+00    -1.717678e-02
4.115779e+00    -1.692299e-02
4.127992e+00    -1.667972e-02
4.140205e+00    -1.644648e-02
4.152418e+00    -1.622273e-02
4.164631e+00    -1.600801e-02
4.176844e+00    -1.580181e-02
4.189057e+00    -1.560368e-02
4.201270e+00    -1.541319e-02
4.213483e+00    -1.522984e-02
4.225696e+00    -1.505325e-02
4.237909e+00    -1.488298e-02
4.250122e+00    -1.471864e-02
4.262335e+00    -1.455981e-02
4.274548e+00    -1.440615e-02
4.286761e+00    -1.425727e-02
4.298974e+00    -1.411285e-02
4.311187e+00    -1.397250e-02
4.323400e+00    -1.383595e-02
4.335613e+00    -1.370285e-02
4.347826e+00    -1.357293e-02
4.360039e+00    -1.344588e-02
4.372252e+00    -1.332144e-02
4.384465e+00    -1.319936e-02
4.396678e+00    -1.307938e-02
4.408891e+00    -1.296127e-02
4.421104e+00    -1.284482e-02
4.433317e+00    -1.272980e-02
4.445530e+00    -1.261604e-02
4.457743e+00    -1.250334e-02
4.469956e+00    -1.239154e-02
4.482169e+00    -1.228047e-02
4.494382e+00    -1.216999e-02
4.506595e+00    -1.205995e-02
4.518808e+00    -1.195026e-02
4.531021e+00    -1.184076e-02
4.543234e+00    -1.173138e-02
4.555447e+00    -1.162202e-02
4.567660e+00    -1.151259e-02
4.579873e+00    -1.140302e-02
4.592086e+00    -1.129326e-02
4.604299e+00    -1.118324e-02
4.616512e+00    -1.107293e-02
4.628725e+00    -1.096228e-02
4.640938e+00    -1.085129e-02
4.653151e+00    -1.073991e-02
4.665364e+00    -1.062816e-02
4.677577e+00    -1.051601e-02
4.689790e+00    -1.040350e-02
4.702003e+00    -1.029062e-02
4.714216e+00    -1.017739e-02
4.726429e+00    -1.006384e-02
4.738642e+00    -9.950004e-03
4.750855e+00    -9.835924e-03
4.763068e+00    -9.721640e-03
4.775281e+00    -9.607206e-03
4.787494e+00    -9.492672e-03
4.799707e+00    -9.378104e-03
4.811920e+00    -9.263569e-03
4.824133e+00    -9.149124e-03
4.836346e+00    -9.034852e-03
4.848559e+00    -8.920820e-03
4.860772e+00    -8.807118e-03
4.872985e+00    -8.693821e-03
4.885198e+00    -8.581021e-03
4.897411e+00    -8.468799e-03
4.909624e+00    -8.357244e-03
4.921837e+00    -8.246452e-03
4.934050e+00    -8.136523e-03
4.946263e+00    -8.027540e-03
4.958476e+00    -7.919610e-03
4.970689e+00    -7.812819e-03
4.982902e+00    -7.707276e-03
4.995115e+00    -7.603067e-03
5.007328e+00    -7.500302e-03
5.019541e+00    -7.399070e-03
5.031754e+00    -7.299478e-03
5.043967e+00    -7.201611e-03
5.056180e+00    -7.105577e-03
5.068393e+00    -7.011462e-03
5.080606e+00    -6.919366e-03
5.092819e+00    -6.829381e-03
5.105031e+00    -6.741600e-03
5.117245e+00    -6.656105e-03
5.129457e+00    -6.572990e-03
5.141671e+00    -6.492337e-03
5.153883e+00    -6.414232e-03
5.166097e+00    -6.338748e-03
5.178309e+00    -6.265977e-03
5.190523e+00    -6.195983e-03
5.202735e+00    -6.128839e-03
5.214949e+00    -6.064618e-03
5.227162e+00    -6.003378e-03
5.239375e+00    -5.945192e-03
5.251588e+00    -5.890110e-03
5.263801e+00    -5.838194e-03
5.276014e+00    -5.789490e-03
5.288227e+00    -5.744053e-03
5.300440e+00    -5.701923e-03
5.312653e+00    -5.663136e-03
5.324866e+00    -5.627737e-03
5.337079e+00    -5.595752e-03
5.349292e+00    -5.567212e-03
5.361505e+00    -5.542143e-03
5.373718e+00    -5.520560e-03
5.385931e+00    -5.502479e-03
5.398144e+00    -5.487926e-03
5.410357e+00    -5.476876e-03
5.422570e+00    -5.469360e-03
5.434783e+00    -5.465369e-03
5.446996e+00    -5.464893e-03
5.459208e+00    -5.467925e-03
5.471422e+00    -5.474449e-03
5.483634e+00    -5.484445e-03
5.495848e+00    -5.497895e-03
5.508060e+00    -5.514766e-03
5.520274e+00    -5.535027e-03
5.532486e+00    -5.558644e-03
5.544700e+00    -5.585578e-03
5.556912e+00    -5.615782e-03
5.569126e+00    -5.649207e-03
5.581338e+00    -5.685803e-03
5.593552e+00    -5.725516e-03
5.605764e+00    -5.768282e-03
5.617978e+00    -5.814044e-03
5.630190e+00    -5.862724e-03
5.642404e+00    -5.914258e-03
5.654616e+00    -5.968572e-03
5.666830e+00    -6.025585e-03
5.679042e+00    -6.085223e-03
5.691256e+00    -6.147395e-03
5.703468e+00    -6.212007e-03
5.715682e+00    -6.278991e-03
5.727894e+00    -6.348229e-03
5.740108e+00    -6.419643e-03
5.752320e+00    -6.493124e-03
5.764534e+00    -6.568577e-03
5.776746e+00    -6.645894e-03
5.788960e+00    -6.724974e-03
5.801172e+00    -6.805708e-03
5.813385e+00    -6.887980e-03
5.825598e+00    -6.971687e-03
5.837811e+00    -7.056716e-03
5.850024e+00    -7.142947e-03
5.862237e+00    -7.230268e-03
5.874450e+00    -7.318554e-03
5.886663e+00    -7.407699e-03
5.898876e+00    -7.497582e-03
5.911089e+00    -7.588063e-03
5.923302e+00    -7.679041e-03
5.935515e+00    -7.770393e-03
5.947728e+00    -7.861989e-03
5.959941e+00    -7.953716e-03
5.972154e+00    -8.045438e-03
5.984367e+00    -8.137050e-03
5.996580e+00    -8.228416e-03
6.008793e+00    -8.319422e-03
6.021006e+00    -8.409941e-03
6.033219e+00    -8.499856e-03
6.045432e+00    -8.589044e-03
6.057645e+00    -8.677395e-03
6.069858e+00    -8.764776e-03
6.082071e+00    -8.851083e-03
6.094284e+00    -8.936189e-03
6.106497e+00    -9.019989e-03
6.118710e+00    -9.102367e-03
6.130923e+00    -9.183211e-03
6.143136e+00    -9.262409e-03
6.155349e+00    -9.339858e-03
6.167562e+00    -9.415448e-03
6.179775e+00    -9.489083e-03
6.191988e+00    -9.560651e-03
6.204201e+00    -9.630063e-03
6.216414e+00    -9.697214e-03
6.228627e+00    -9.762014e-03
6.240840e+00    -9.824372e-03
6.253053e+00    -9.884200e-03
6.265266e+00    -9.941407e-03
6.277479e+00    -9.995911e-03
6.289692e+00    -1.004764e-02
6.301905e+00    -1.009650e-02
6.314118e+00    -1.014243e-02
6.326331e+00    -1.018536e-02
6.338544e+00    -1.022521e-02
6.350757e+00    -1.026193e-02
6.362970e+00    -1.029545e-02
6.375183e+00    -1.032571e-02
6.387396e+00    -1.035266e-02
6.399609e+00    -1.037624e-02
6.411822e+00    -1.039642e-02
6.424035e+00    -1.041314e-02
6.436248e+00    -1.042637e-02
6.448461e+00    -1.043606e-02
6.460674e+00    -1.044219e-02
6.472887e+00    -1.044472e-02
6.485100e+00    -1.044363e-02
6.497313e+00    -1.043890e-02
6.509526e+00    -1.043050e-02
6.521739e+00    -1.041842e-02
6.533952e+00    -1.040265e-02
6.546165e+00    -1.038318e-02
6.558378e+00    -1.036000e-02
6.570591e+00    -1.033312e-02
6.582804e+00    -1.030254e-02
6.595017e+00    -1.026825e-02
6.607230e+00    -1.023028e-02
6.619443e+00    -1.018864e-02
6.631656e+00    -1.014333e-02
6.643869e+00    -1.009438e-02
6.656082e+00    -1.004182e-02
6.668295e+00    -9.985665e-03
6.680508e+00    -9.925947e-03
6.692721e+00    -9.862699e-03
6.704934e+00    -9.795967e-03
6.717147e+00    -9.725759e-03
6.729360e+00    -9.652144e-03
6.741573e+00    -9.575162e-03
6.753786e+00    -9.494856e-03
6.765999e+00    -9.411280e-03
6.778212e+00    -9.324482e-03
6.790425e+00    -9.234521e-03
6.802638e+00    -9.141446e-03
6.814851e+00    -9.045331e-03
6.827064e+00    -8.946227e-03
6.839277e+00    -8.844211e-03
6.851490e+00    -8.739335e-03
6.863703e+00    -8.631680e-03
6.875916e+00    -8.521316e-03
6.888129e+00    -8.408308e-03
6.900342e+00    -8.292737e-03
6.912555e+00    -8.174681e-03
6.924768e+00    -8.054213e-03
6.936981e+00    -7.931422e-03
6.949194e+00    -7.806375e-03
6.961407e+00    -7.679174e-03
6.973620e+00    -7.549884e-03
6.985833e+00    -7.418602e-03
6.998046e+00    -7.285404e-03
7.010259e+00    -7.150387e-03
7.022472e+00    -7.013632e-03
7.034685e+00    -6.875236e-03
7.046898e+00    -6.735272e-03
7.059111e+00    -6.593851e-03
7.071324e+00    -6.451045e-03
7.083537e+00    -6.306957e-03
7.095750e+00    -6.161683e-03
7.107963e+00    -6.015277e-03
7.120176e+00    -5.867866e-03
7.132389e+00    -5.719540e-03
7.144602e+00    -5.570371e-03
7.156815e+00    -5.420465e-03
7.169028e+00    -5.269906e-03
7.181241e+00    -5.118788e-03
7.193454e+00    -4.967191e-03
7.205667e+00    -4.815215e-03
7.217880e+00    -4.662942e-03
7.230093e+00    -4.510460e-03
7.242306e+00    -4.357854e-03
7.254519e+00    -4.205216e-03
7.266732e+00    -4.052621e-03
7.278944e+00    -3.900163e-03
7.291158e+00    -3.747911e-03
7.303371e+00    -3.595956e-03
7.315584e+00    -3.444380e-03
7.327797e+00    -3.293254e-03
7.340010e+00    -3.142666e-03
7.352223e+00    -2.992672e-03
7.364436e+00    -2.843368e-03
7.376649e+00    -2.694810e-03
7.388862e+00    -2.547078e-03
7.401075e+00    -2.400241e-03
7.413288e+00    -2.254356e-03
7.425501e+00    -2.109494e-03
7.437714e+00    -1.965731e-03
7.449927e+00    -1.823111e-03
7.462140e+00    -1.681705e-03
7.474353e+00    -1.541559e-03
7.486566e+00    -1.402745e-03
7.498779e+00    -1.265302e-03
7.510992e+00    -1.129293e-03
7.523205e+00    -9.947565e-04
7.535418e+00    -8.617514e-04
7.547631e+00    -7.303121e-04
7.559844e+00    -6.004925e-04
7.572057e+00    -4.723192e-04
7.584270e+00    -3.458492e-04
7.596483e+00    -2.211041e-04
7.608696e+00    -9.812586e-05
7.620909e+00    2.305561e-05
7.633121e+00    1.424052e-04
7.645335e+00    2.599079e-04
7.657547e+00    3.755238e-04
7.669761e+00    4.892381e-04
7.681973e+00    6.010258e-04
7.694187e+00    7.108674e-04
7.706399e+00    8.187403e-04
7.718613e+00    9.246522e-04
7.730825e+00    1.028563e-03
7.743039e+00    1.130479e-03
7.755251e+00    1.230382e-03
7.767465e+00    1.328274e-03
7.779677e+00    1.424141e-03
7.791891e+00    1.517992e-03
7.804103e+00    1.609808e-03
7.816317e+00    1.699614e-03
7.828529e+00    1.787391e-03
7.840743e+00    1.873159e-03
7.852955e+00    1.956916e-03
7.865169e+00    2.038677e-03
7.877381e+00    2.118446e-03
7.889595e+00    2.196243e-03
7.901807e+00    2.272076e-03
7.914021e+00    2.345953e-03
7.926233e+00    2.417899e-03
7.938447e+00    2.487934e-03
7.950659e+00    2.556066e-03
7.962873e+00    2.622333e-03
7.975085e+00    2.686746e-03
7.987298e+00    2.749326e-03
7.999511e+00    2.810096e-03
8.011724e+00    2.869095e-03
8.023937e+00    2.926336e-03
8.036150e+00    2.981850e-03
8.048364e+00    3.035671e-03
8.060576e+00    3.087822e-03
8.072789e+00    3.138334e-03
8.085002e+00    3.187241e-03
8.097216e+00    3.234579e-03
8.109428e+00    3.280365e-03
8.121641e+00    3.324646e-03
8.133854e+00    3.367449e-03
8.146068e+00    3.408815e-03
8.158280e+00    3.448770e-03
8.170493e+00    3.487352e-03
8.182706e+00    3.524593e-03
8.194920e+00    3.560539e-03
8.207132e+00    3.595213e-03
8.219345e+00    3.628657e-03
8.231558e+00    3.660905e-03
8.243772e+00    3.691993e-03
8.255984e+00    3.721956e-03
8.268197e+00    3.750829e-03
8.280410e+00    3.778648e-03
8.292624e+00    3.805454e-03
8.304836e+00    3.831268e-03
8.317049e+00    3.856136e-03
8.329262e+00    3.880088e-03
8.341475e+00    3.903160e-03
8.353688e+00    3.925382e-03
8.365901e+00    3.946790e-03
8.378115e+00    3.967416e-03
8.390327e+00    3.987285e-03
8.402540e+00    4.006445e-03
8.414753e+00    4.024896e-03
8.426967e+00    4.042699e-03
8.439179e+00    4.059864e-03
8.451392e+00    4.076427e-03
8.463605e+00    4.092412e-03
8.475819e+00    4.107849e-03
8.488031e+00    4.122760e-03
8.500244e+00    4.137171e-03
8.512457e+00    4.151103e-03
8.524671e+00    4.164580e-03
8.536883e+00    4.177630e-03
8.549096e+00    4.190264e-03
8.561309e+00    4.202506e-03
8.573523e+00    4.214376e-03
8.585735e+00    4.225888e-03
8.597948e+00    4.237073e-03
8.610161e+00    4.247911e-03
8.622375e+00    4.258452e-03
8.634587e+00    4.268693e-03
8.646800e+00    4.278651e-03
8.659013e+00    4.288334e-03
8.671227e+00    4.297756e-03
8.683439e+00    4.306917e-03
8.695652e+00    4.315833e-03
8.707865e+00    4.324505e-03
8.720078e+00    4.332949e-03
8.732291e+00    4.341152e-03
8.744504e+00    4.349129e-03
8.756717e+00    4.356880e-03
8.768930e+00    4.364404e-03
8.781143e+00    4.371698e-03
8.793356e+00    4.378769e-03
8.805569e+00    4.385606e-03
8.817782e+00    4.392210e-03
8.829995e+00    4.398576e-03
8.842208e+00    4.404702e-03
8.854421e+00    4.410575e-03
8.866634e+00    4.416191e-03
8.878847e+00    4.421542e-03
8.891060e+00    4.426621e-03
8.903273e+00    4.431418e-03
8.915486e+00    4.435912e-03
8.927699e+00    4.440104e-03
8.939912e+00    4.443973e-03
8.952125e+00    4.447512e-03
8.964338e+00    4.450707e-03
8.976551e+00    4.453538e-03
8.988764e+00    4.455991e-03
9.000977e+00    4.458061e-03
9.013190e+00    4.459710e-03
9.025403e+00    4.460944e-03
9.037616e+00    4.461729e-03
9.049829e+00    4.462057e-03
9.062042e+00    4.461898e-03
9.074255e+00    4.461247e-03
9.086468e+00    4.460074e-03
9.098680e+00    4.458363e-03
9.110894e+00    4.456100e-03
9.123107e+00    4.453256e-03
9.135320e+00    4.449815e-03
9.147532e+00    4.445755e-03
9.159746e+00    4.441060e-03
9.171959e+00    4.435704e-03
9.184172e+00    4.429666e-03
9.196384e+00    4.422931e-03
9.208598e+00    4.415471e-03
9.220811e+00    4.407268e-03
9.233024e+00    4.398307e-03
9.245236e+00    4.388563e-03
9.257450e+00    4.378017e-03
9.269663e+00    4.366647e-03
9.281876e+00    4.354435e-03
9.294088e+00    4.341362e-03
9.306302e+00    4.327411e-03
9.318515e+00    4.312563e-03
9.330728e+00    4.296798e-03
9.342940e+00    4.280095e-03
9.355154e+00    4.262442e-03
9.367367e+00    4.243826e-03
9.379580e+00    4.224223e-03
9.391793e+00    4.203622e-03
9.404006e+00    4.182006e-03
9.416219e+00    4.159367e-03
9.428432e+00    4.135683e-03
9.440645e+00    4.110944e-03
9.452858e+00    4.085144e-03
9.465071e+00    4.058266e-03
9.477283e+00    4.030300e-03
9.489497e+00    4.001238e-03
9.501710e+00    3.971068e-03
9.513923e+00    3.939789e-03
9.526135e+00    3.907387e-03
9.538349e+00    3.873859e-03
9.550562e+00    3.839204e-03
9.562775e+00    3.803410e-03
9.574987e+00    3.766476e-03
9.587201e+00    3.728405e-03
9.599414e+00    3.689196e-03
9.611627e+00    3.648839e-03
9.623839e+00    3.607344e-03
9.636053e+00    3.564707e-03
9.648266e+00    3.520933e-03
9.660479e+00    3.476033e-03
9.672691e+00    3.430002e-03
9.684905e+00    3.382846e-03
9.697118e+00    3.334580e-03
9.709331e+00    3.285205e-03
9.721543e+00    3.234737e-03
9.733757e+00    3.183175e-03
9.745970e+00    3.130544e-03
9.758183e+00    3.076847e-03
9.770395e+00    3.022102e-03
9.782609e+00    2.966313e-03
9.794822e+00    2.909511e-03
9.807034e+00    2.851704e-03
9.819247e+00    2.792907e-03
9.831461e+00    2.733139e-03
9.843674e+00    2.672425e-03
9.855886e+00    2.610783e-03
9.868099e+00    2.548232e-03
9.880313e+00    2.484792e-03
9.892526e+00    2.420492e-03
9.904738e+00    2.355356e-03
9.916951e+00    2.289398e-03
9.929165e+00    2.222649e-03
9.941378e+00    2.155140e-03
9.953590e+00    2.086899e-03
9.965803e+00    2.017950e-03
9.978017e+00    1.948316e-03
9.990230e+00    1.878037e-03
1.000244e+01    1.807139e-03
1.001466e+01    1.735652e-03
1.002687e+01    1.663602e-03
1.003908e+01    1.591031e-03
1.005129e+01    1.517967e-03
1.006351e+01    1.444445e-03
1.007572e+01    1.370493e-03
1.008793e+01    1.296150e-03
1.010015e+01    1.221434e-03
1.011236e+01    1.146430e-03
1.012457e+01    1.071112e-03
1.013679e+01    9.955547e-04
1.014900e+01    9.197771e-04
1.016121e+01    8.438223e-04
1.017342e+01    7.677170e-04
1.018564e+01    6.915136e-04
1.019785e+01    6.152341e-04
1.021006e+01    5.389329e-04
1.022228e+01    4.626253e-04
1.023449e+01    3.863662e-04
1.024670e+01    3.101848e-04
1.025891e+01    2.341221e-04
1.027113e+01    1.582049e-04
1.028334e+01    8.248958e-05
1.029555e+01    6.990746e-06
1.030777e+01    -6.823297e-05
1.031998e+01    -1.431612e-04
1.033219e+01    -2.177509e-04
1.034441e+01    -2.919605e-04
1.035662e+01    -3.657647e-04
1.036883e+01    -4.391269e-04
1.038105e+01    -5.120019e-04
1.039326e+01    -5.843660e-04
1.040547e+01    -6.561761e-04
1.041768e+01    -7.274055e-04
1.042990e+01    -7.980124e-04
1.044211e+01    -8.679703e-04
1.045432e+01    -9.372471e-04
1.046654e+01    -1.005803e-03
1.047875e+01    -1.073612e-03
1.049096e+01    -1.140650e-03
1.050318e+01    -1.206871e-03
1.051539e+01    -1.272262e-03
1.052760e+01    -1.336779e-03
1.053981e+01    -1.400405e-03
1.055203e+01    -1.463115e-03
1.056424e+01    -1.524871e-03
1.057645e+01    -1.585654e-03
1.058867e+01    -1.645435e-03
1.060088e+01    -1.704195e-03
1.061309e+01    -1.761914e-03
1.062531e+01    -1.818556e-03
1.063752e+01    -1.874113e-03
1.064973e+01    -1.928561e-03
1.066194e+01    -1.981873e-03
1.067416e+01    -2.034036e-03
1.068637e+01    -2.085033e-03
1.069858e+01    -2.134849e-03
1.071080e+01    -2.183458e-03
1.072301e+01    -2.230854e-03
1.073522e+01    -2.277018e-03
1.074744e+01    -2.321943e-03
1.075965e+01    -2.365612e-03
1.077186e+01    -2.408016e-03
1.078407e+01    -2.449141e-03
1.079629e+01    -2.488979e-03
1.080850e+01    -2.527528e-03
1.082071e+01    -2.564772e-03
1.083293e+01    -2.600711e-03
1.084514e+01    -2.635343e-03
1.085735e+01    -2.668654e-03
1.086957e+01    -2.700643e-03
1.088178e+01    -2.731313e-03
1.089399e+01    -2.760662e-03
1.090620e+01    -2.788685e-03
1.091842e+01    -2.815384e-03
1.093063e+01    -2.840764e-03
1.094284e+01    -2.864825e-03
1.095506e+01    -2.887571e-03
1.096727e+01    -2.909010e-03
1.097948e+01    -2.929137e-03
1.099170e+01    -2.947966e-03
1.100391e+01    -2.965509e-03
1.101612e+01    -2.981763e-03
1.102833e+01    -2.996745e-03
1.104055e+01    -3.010462e-03
1.105276e+01    -3.022920e-03
1.106497e+01    -3.034136e-03
1.107719e+01    -3.044121e-03
1.108940e+01    -3.052886e-03
1.110161e+01    -3.060443e-03
1.111382e+01    -3.066812e-03
1.112604e+01    -3.072005e-03
1.113825e+01    -3.076035e-03
1.115046e+01    -3.078921e-03
1.116268e+01    -3.080677e-03
1.117489e+01    -3.081323e-03
1.118710e+01    -3.080880e-03
1.119932e+01    -3.079359e-03
1.121153e+01    -3.076784e-03
1.122374e+01    -3.073175e-03
1.123596e+01    -3.068548e-03
1.124817e+01    -3.062929e-03
1.126038e+01    -3.056335e-03
1.127259e+01    -3.048788e-03
1.128481e+01    -3.040310e-03
1.129702e+01    -3.030922e-03
1.130923e+01    -3.020649e-03
1.132145e+01    -3.009513e-03
1.133366e+01    -2.997534e-03
1.134587e+01    -2.984740e-03
1.135808e+01    -2.971151e-03
1.137030e+01    -2.956793e-03
1.138251e+01    -2.941683e-03
1.139472e+01    -2.925852e-03
1.140694e+01    -2.909324e-03
1.141915e+01    -2.892116e-03
1.143136e+01    -2.874259e-03
1.144358e+01    -2.855775e-03
1.145579e+01    -2.836688e-03
1.146800e+01    -2.817020e-03
1.148022e+01    -2.796798e-03
1.149243e+01    -2.776046e-03
1.150464e+01    -2.754786e-03
1.151685e+01    -2.733042e-03
1.152907e+01    -2.710838e-03
1.154128e+01    -2.688200e-03
1.155349e+01    -2.665146e-03
1.156571e+01    -2.641702e-03
1.157792e+01    -2.617891e-03
1.159013e+01    -2.593733e-03
1.160234e+01    -2.569261e-03
1.161456e+01    -2.544473e-03
1.162677e+01    -2.519412e-03
1.163898e+01    -2.494094e-03
1.165120e+01    -2.468537e-03
1.166341e+01    -2.442766e-03
1.167562e+01    -2.416798e-03
1.168784e+01    -2.390653e-03
1.170005e+01    -2.364349e-03
1.171226e+01    -2.337908e-03
1.172447e+01    -2.311348e-03
1.173669e+01    -2.284688e-03
1.174890e+01    -2.257943e-03
1.176111e+01    -2.231126e-03
1.177333e+01    -2.204264e-03
1.178554e+01    -2.177365e-03
1.179775e+01    -2.150444e-03
1.180997e+01    -2.123529e-03
1.182218e+01    -2.096618e-03
1.183439e+01    -2.069733e-03
1.184660e+01    -2.042887e-03
1.185882e+01    -2.016094e-03
1.187103e+01    -1.989360e-03
1.188324e+01    -1.962703e-03
1.189546e+01    -1.936137e-03
1.190767e+01    -1.909664e-03
1.191988e+01    -1.883302e-03
1.193210e+01    -1.857056e-03
1.194431e+01    -1.830937e-03
1.195652e+01    -1.804951e-03
1.196873e+01    -1.779110e-03
1.198095e+01    -1.753419e-03
1.199316e+01    -1.727886e-03
1.200537e+01    -1.702515e-03
1.201759e+01    -1.677309e-03
1.202980e+01    -1.652286e-03
1.204201e+01    -1.627441e-03
1.205423e+01    -1.602777e-03
1.206644e+01    -1.578301e-03
1.207865e+01    -1.554013e-03
1.209086e+01    -1.529920e-03
1.210308e+01    -1.506010e-03
1.211529e+01    -1.482319e-03
1.212750e+01    -1.458816e-03
1.213972e+01    -1.435510e-03
1.215193e+01    -1.412402e-03
1.216414e+01    -1.389496e-03
1.217636e+01    -1.366787e-03
1.218857e+01    -1.344283e-03
1.220078e+01    -1.321958e-03
1.221299e+01    -1.299839e-03
1.222521e+01    -1.277909e-03
1.223742e+01    -1.256170e-03
1.224963e+01    -1.234616e-03
1.226185e+01    -1.213247e-03
1.227406e+01    -1.192058e-03
1.228627e+01    -1.171044e-03
1.229849e+01    -1.150207e-03
1.231070e+01    -1.129528e-03
1.232291e+01    -1.109020e-03
1.233512e+01    -1.088673e-03
1.234734e+01    -1.068467e-03
1.235955e+01    -1.048419e-03
1.237176e+01    -1.028512e-03
1.238398e+01    -1.008742e-03
1.239619e+01    -9.891022e-04
1.240840e+01    -9.695903e-04
1.242062e+01    -9.501947e-04
1.243283e+01    -9.309115e-04
1.244504e+01    -9.117388e-04
1.245725e+01    -8.926656e-04
1.246947e+01    -8.736873e-04
1.248168e+01    -8.547963e-04
1.249389e+01    -8.359981e-04
1.250611e+01    -8.172536e-04
1.251832e+01    -7.985883e-04
1.253053e+01    -7.799849e-04
1.254275e+01    -7.614402e-04
1.255496e+01    -7.429455e-04
1.256717e+01    -7.244900e-04
1.257938e+01    -7.060765e-04
1.259160e+01    -6.876958e-04
1.260381e+01    -6.693345e-04
1.261602e+01    -6.510035e-04
1.262824e+01    -6.326796e-04
1.264045e+01    -6.143649e-04
1.265266e+01    -5.960570e-04
1.266488e+01    -5.777450e-04
1.267709e+01    -5.594280e-04
1.268930e+01    -5.411027e-04
1.270151e+01    -5.227596e-04
1.271373e+01    -5.043934e-04
1.272594e+01    -4.860068e-04
1.273815e+01    -4.675922e-04
1.275037e+01    -4.491421e-04
1.276258e+01    -4.306645e-04
1.277479e+01    -4.121483e-04
1.278701e+01    -3.935905e-04
1.279922e+01    -3.749852e-04
1.281143e+01    -3.563432e-04
1.282364e+01    -3.376508e-04
1.283586e+01    -3.189126e-04
1.284807e+01    -3.001225e-04
1.286028e+01    -2.812839e-04
1.287250e+01    -2.623917e-04
1.288471e+01    -2.434528e-04
1.289692e+01    -2.244589e-04
1.290914e+01    -2.054115e-04
1.292135e+01    -1.863227e-04
1.293356e+01    -1.671798e-04
1.294577e+01    -1.479907e-04
1.295799e+01    -1.287510e-04
1.297020e+01    -1.094733e-04
1.298241e+01    -9.014996e-05
1.299463e+01    -7.078969e-05
1.300684e+01    -5.139067e-05
1.301905e+01    -3.196142e-05
1.303127e+01    -1.250388e-05
1.304348e+01    6.985860e-06
1.305569e+01    2.648986e-05
1.306790e+01    4.600829e-05
1.308012e+01    6.554415e-05
1.309233e+01    8.508622e-05
1.310454e+01    1.046309e-04
1.311676e+01    1.241673e-04
1.312897e+01    1.436980e-04
1.314118e+01    1.632058e-04
1.315340e+01    1.826955e-04
1.316561e+01    2.021566e-04
1.317782e+01    2.215765e-04
1.319003e+01    2.409516e-04
1.320225e+01    2.602793e-04
1.321446e+01    2.795541e-04
1.322667e+01    2.987568e-04
1.323889e+01    3.178835e-04
1.325110e+01    3.369287e-04
1.326331e+01    3.558839e-04
1.327553e+01    3.747410e-04
1.328774e+01    3.934848e-04
1.329995e+01    4.121141e-04
1.331216e+01    4.306205e-04
1.332438e+01    4.489912e-04
1.333659e+01    4.672155e-04
1.334880e+01    4.852863e-04
1.336102e+01    5.031954e-04
1.337323e+01    5.209315e-04
1.338544e+01    5.384879e-04
1.339766e+01    5.558610e-04
1.340987e+01    5.730217e-04
1.342208e+01    5.899816e-04
1.343429e+01    6.067188e-04
1.344651e+01    6.232297e-04
1.345872e+01    6.395038e-04
1.347093e+01    6.555310e-04
1.348315e+01    6.712995e-04
1.349536e+01    6.868036e-04
1.350757e+01    7.020350e-04
1.351978e+01    7.169849e-04
1.353200e+01    7.316362e-04
1.354421e+01    7.459940e-04
1.355642e+01    7.600352e-04
1.356864e+01    7.737615e-04
1.358085e+01    7.871639e-04
1.359306e+01    8.002251e-04
1.360528e+01    8.129441e-04
1.361749e+01    8.253184e-04
1.362970e+01    8.373305e-04
1.364192e+01    8.489796e-04
1.365413e+01    8.602532e-04
1.366634e+01    8.711482e-04
1.367855e+01    8.816588e-04
1.369077e+01    8.917748e-04
1.370298e+01    9.014937e-04
1.371519e+01    9.108083e-04
1.372741e+01    9.197061e-04
1.373962e+01    9.281896e-04
1.375183e+01    9.362532e-04
1.376404e+01    9.438968e-04
1.377626e+01    9.511039e-04
1.378847e+01    9.578792e-04
1.380068e+01    9.642197e-04
1.381290e+01    9.701134e-04
1.382511e+01    9.755662e-04
1.383732e+01    9.805713e-04
1.384954e+01    9.851265e-04
1.386175e+01    9.892334e-04
1.387396e+01    9.928845e-04
1.388618e+01    9.960812e-04
1.389839e+01    9.988198e-04
1.391060e+01    1.001105e-03
1.392281e+01    1.002934e-03
1.393503e+01    1.004306e-03
1.394724e+01    1.005222e-03
1.395945e+01    1.005684e-03
1.397167e+01    1.005690e-03
1.398388e+01    1.005244e-03
1.399609e+01    1.004354e-03
1.400830e+01    1.003005e-03
1.402052e+01    1.001216e-03
1.403273e+01    9.989821e-04
1.404494e+01    9.963120e-04
1.405716e+01    9.932048e-04
1.406937e+01    9.896660e-04
1.408158e+01    9.857011e-04
1.409380e+01    9.813122e-04
1.410601e+01    9.765145e-04
1.411822e+01    9.712941e-04
1.413043e+01    9.656724e-04
1.414265e+01    9.596502e-04
1.415486e+01    9.532358e-04
1.416707e+01    9.464335e-04
1.417929e+01    9.392515e-04
1.419150e+01    9.317046e-04
1.420371e+01    9.237776e-04
1.421593e+01    9.154994e-04
1.422814e+01    9.068759e-04
1.424035e+01    8.979079e-04
1.425256e+01    8.886115e-04
1.426478e+01    8.789868e-04
1.427699e+01    8.690522e-04
1.428920e+01    8.588135e-04
1.430142e+01    8.482762e-04
1.431363e+01    8.374550e-04
1.432584e+01    8.263581e-04
1.433806e+01    8.149949e-04
1.435027e+01    8.033771e-04
1.436248e+01    7.915138e-04
1.437469e+01    7.794166e-04
1.438691e+01    7.670968e-04
1.439912e+01    7.545616e-04
1.441133e+01    7.418254e-04
1.442355e+01    7.288979e-04
1.443576e+01    7.157914e-04
1.444797e+01    7.025161e-04
1.446019e+01    6.890806e-04
1.447240e+01    6.755001e-04
1.448461e+01    6.617876e-04
1.449682e+01    6.479481e-04
1.450904e+01    6.339996e-04
1.452125e+01    6.199473e-04
1.453346e+01    6.058062e-04
1.454568e+01    5.915907e-04
1.455789e+01    5.773067e-04
1.457010e+01    5.629610e-04
1.458232e+01    5.485781e-04
1.459453e+01    5.341575e-04
1.460674e+01    5.197166e-04
1.461895e+01    5.052657e-04
1.463117e+01    4.908147e-04
1.464338e+01    4.763729e-04
1.465559e+01    4.619508e-04
1.466781e+01    4.475633e-04
1.468002e+01    4.332146e-04
1.469223e+01    4.189225e-04
1.470445e+01    4.046876e-04
1.471666e+01    3.905218e-04
1.472887e+01    3.764462e-04
1.474109e+01    3.624530e-04
1.475330e+01    3.485681e-04
1.476551e+01    3.347887e-04
1.477772e+01    3.211284e-04
1.478994e+01    3.075918e-04
1.480215e+01    2.941909e-04
1.481436e+01    2.809383e-04
1.482658e+01    2.678370e-04
1.483879e+01    2.548887e-04
1.485100e+01    2.421120e-04
1.486321e+01    2.295028e-04
1.487543e+01    2.170796e-04
1.488764e+01    2.048353e-04
1.489985e+01    1.927941e-04
1.491207e+01    1.809479e-04
1.492428e+01    1.693052e-04
1.493649e+01    1.578686e-04
1.494871e+01    1.466533e-04
1.496092e+01    1.356590e-04
1.497313e+01    1.248806e-04
1.498534e+01    1.143329e-04
1.499756e+01    1.040166e-04
1.500977e+01    9.394393e-05
1.502198e+01    8.410618e-05
1.503420e+01    7.450984e-05
1.504641e+01    6.515780e-05
1.505862e+01    5.605239e-05
1.507084e+01    4.719643e-05
1.508305e+01    3.859231e-05
1.509526e+01    3.023820e-05
1.510747e+01    2.213748e-05
1.511969e+01    1.429099e-05
1.513190e+01    6.695691e-06
1.514411e+01    -6.415521e-07
1.515633e+01    -7.726623e-06
1.516854e+01    -1.455711e-05
1.518075e+01    -2.113692e-05
1.519297e+01    -2.746129e-05
1.520518e+01    -3.354016e-05
1.521739e+01    -3.936734e-05
1.522960e+01    -4.494765e-05
1.524182e+01    -5.028299e-05
1.525403e+01    -5.537603e-05
1.526624e+01    -6.022929e-05
1.527846e+01    -6.484632e-05
1.529067e+01    -6.922770e-05
1.530288e+01    -7.337829e-05
1.531509e+01    -7.730720e-05
1.532731e+01    -8.100767e-05
1.533952e+01    -8.449219e-05
1.535173e+01    -8.776149e-05
1.536395e+01    -9.082114e-05
1.537616e+01    -9.367539e-05
1.538837e+01    -9.632763e-05
1.540059e+01    -9.878648e-05
1.541280e+01    -1.010484e-04
1.542501e+01    -1.031347e-04
1.543723e+01    -1.050364e-04
1.544944e+01    -1.067632e-04
1.546165e+01    -1.083245e-04
1.547386e+01    -1.097229e-04
1.548608e+01    -1.109620e-04
1.549829e+01    -1.120512e-04
1.551050e+01    -1.130006e-04
1.552272e+01    -1.138069e-04
1.553493e+01    -1.144813e-04
1.554714e+01    -1.150342e-04
1.555935e+01    -1.154672e-04
1.557157e+01    -1.157871e-04
1.558378e+01    -1.160025e-04
1.559599e+01    -1.161117e-04
1.560821e+01    -1.161358e-04
1.562042e+01    -1.160711e-04
1.563263e+01    -1.159246e-04
1.564485e+01    -1.157070e-04
1.565706e+01    -1.154199e-04
1.566927e+01    -1.150762e-04
1.568149e+01    -1.146768e-04
1.569370e+01    -1.142327e-04
1.570591e+01    -1.137418e-04
1.571812e+01    -1.132074e-04
1.573034e+01    -1.126697e-04
1.574255e+01    -1.120919e-04
1.575476e+01    -1.115001e-04
1.576698e+01    -1.108981e-04
1.577919e+01    -1.102919e-04
1.579140e+01    -1.096855e-04
1.580362e+01    -1.090851e-04
1.581583e+01    -1.084964e-04
1.582804e+01    -1.079250e-04
1.584025e+01    -1.073765e-04
1.585247e+01    -1.068522e-04
1.586468e+01    -1.063608e-04
1.587689e+01    -1.059071e-04
1.588911e+01    -1.055005e-04
1.590132e+01    -1.051249e-04
1.591353e+01    -1.048046e-04
1.592575e+01    -1.045391e-04
1.593796e+01    -1.043287e-04
1.595017e+01    -1.041812e-04
1.596238e+01    -1.040948e-04
1.597460e+01    -1.040761e-04
1.598681e+01    -1.041290e-04
1.599902e+01    -1.042551e-04
1.601124e+01    -1.044560e-04
1.602345e+01    -1.047339e-04
1.603566e+01    -1.050924e-04
1.604787e+01    -1.055333e-04
1.606009e+01    -1.060544e-04
1.607230e+01    -1.066628e-04
1.608451e+01    -1.073587e-04
1.609673e+01    -1.081403e-04
1.610894e+01    -1.090026e-04
1.612115e+01    -1.099660e-04
1.613337e+01    -1.110124e-04
1.614558e+01    -1.121455e-04
1.615779e+01    -1.133707e-04
1.617001e+01    -1.146828e-04
1.618222e+01    -1.160847e-04
1.619443e+01    -1.175704e-04
1.620664e+01    -1.191458e-04
1.621886e+01    -1.208065e-04
1.623107e+01    -1.225494e-04
1.624328e+01    -1.243756e-04
1.625550e+01    -1.262818e-04
1.626771e+01    -1.282644e-04
1.627992e+01    -1.303272e-04
1.629214e+01    -1.324616e-04
1.630435e+01    -1.346710e-04
1.631656e+01    -1.369465e-04
1.632877e+01    -1.392863e-04
1.634099e+01    -1.416967e-04
1.635320e+01    -1.441583e-04
1.636541e+01    -1.466786e-04
1.637763e+01    -1.492540e-04
1.638984e+01    -1.518724e-04
1.640205e+01    -1.545461e-04
1.641426e+01    -1.572551e-04
1.642648e+01    -1.600014e-04
1.643869e+01    -1.627800e-04
1.645090e+01    -1.655917e-04
1.646312e+01    -1.684270e-04
1.647533e+01    -1.712819e-04
1.648754e+01    -1.741513e-04
1.649976e+01    -1.770278e-04
1.651197e+01    -1.799191e-04
1.652418e+01    -1.828069e-04
1.653639e+01    -1.856924e-04
1.654861e+01    -1.885663e-04
1.656082e+01    -1.914316e-04
1.657303e+01    -1.942741e-04
1.658525e+01    -1.970934e-04
1.659746e+01    -1.998830e-04
1.660967e+01    -2.026437e-04
1.662189e+01    -2.053584e-04
1.663410e+01    -2.080352e-04
1.664631e+01    -2.106567e-04
1.665853e+01    -2.132292e-04
1.667074e+01    -2.157417e-04
1.668295e+01    -2.181849e-04
1.669516e+01    -2.205628e-04
1.670738e+01    -2.228627e-04
1.671959e+01    -2.250867e-04
1.673180e+01    -2.272231e-04
1.674402e+01    -2.292720e-04
1.675623e+01    -2.312281e-04
1.676844e+01    -2.330846e-04
1.678065e+01    -2.348391e-04
1.679287e+01    -2.364847e-04
1.680508e+01    -2.380190e-04
1.681729e+01    -2.394374e-04
1.682951e+01    -2.407359e-04
1.684172e+01    -2.419089e-04
1.685393e+01    -2.429549e-04
1.686615e+01    -2.438691e-04
1.687836e+01    -2.446468e-04
1.689057e+01    -2.452799e-04
1.690278e+01    -2.457811e-04
1.691500e+01    -2.461330e-04
1.692721e+01    -2.463363e-04
1.693942e+01    -2.463877e-04
1.695164e+01    -2.462862e-04
1.696385e+01    -2.460276e-04
1.697606e+01    -2.456071e-04
1.698828e+01    -2.450272e-04
1.700049e+01    -2.442841e-04
1.701270e+01    -2.433774e-04
1.702491e+01    -2.423044e-04
1.703713e+01    -2.410603e-04
1.704934e+01    -2.396485e-04
1.706155e+01    -2.380667e-04
1.707377e+01    -2.363112e-04
1.708598e+01    -2.343881e-04
1.709819e+01    -2.322946e-04
1.711040e+01    -2.300180e-04
1.712262e+01    -2.275770e-04
1.713483e+01    -2.249616e-04
1.714705e+01    -2.221752e-04
1.715926e+01    -2.192124e-04
1.717147e+01    -2.160835e-04
1.718368e+01    -2.127842e-04
1.719590e+01    -2.093229e-04
1.720811e+01    -2.056817e-04
1.722032e+01    -2.018783e-04
1.723254e+01    -1.979150e-04
1.724475e+01    -1.937858e-04
1.725696e+01    -1.894975e-04
1.726917e+01    -1.850541e-04
1.728139e+01    -1.804501e-04
1.729360e+01    -1.756993e-04
1.730581e+01    -1.707901e-04
1.731803e+01    -1.657475e-04
1.733024e+01    -1.605541e-04
1.734245e+01    -1.552221e-04
1.735467e+01    -1.497518e-04
1.736688e+01    -1.441522e-04
1.737909e+01    -1.384223e-04
1.739130e+01    -1.325672e-04
1.740352e+01    -1.265904e-04
1.741573e+01    -1.204977e-04
1.742794e+01    -1.142953e-04
1.744016e+01    -1.079847e-04
1.745237e+01    -1.015702e-04
1.746458e+01    -9.506293e-05
1.747680e+01    -8.846070e-05
1.748901e+01    -8.176870e-05
1.750122e+01    -7.499955e-05
1.751343e+01    -6.814808e-05
1.752565e+01    -6.122564e-05
1.753786e+01    -5.424039e-05
1.755007e+01    -4.719428e-05
1.756229e+01    -4.009045e-05
1.757450e+01    -3.293835e-05
1.758671e+01    -2.574016e-05
1.759892e+01    -1.851279e-05
1.761114e+01    -1.124586e-05
1.762335e+01    -3.954996e-06
1.763556e+01    3.351242e-06
1.764778e+01    1.067645e-05
1.765999e+01    1.800687e-05
1.767220e+01    2.533906e-05
1.768442e+01    3.267074e-05
1.769663e+01    3.999165e-05
1.770884e+01    4.729065e-05
1.772106e+01    5.458147e-05
1.773327e+01    6.182278e-05
1.774548e+01    6.903960e-05
1.775769e+01    7.621849e-05
1.776991e+01    8.335130e-05
1.778212e+01    9.043099e-05
1.779433e+01    9.745707e-05
1.780655e+01    1.044107e-04
1.781876e+01    1.113071e-04
1.783097e+01    1.181233e-04
1.784319e+01    1.248601e-04
1.785540e+01    1.315132e-04
1.786761e+01    1.380734e-04
1.787982e+01    1.445403e-04
1.789204e+01    1.509054e-04
1.790425e+01    1.571622e-04
1.791646e+01    1.633078e-04
1.792868e+01    1.693434e-04
1.794089e+01    1.752509e-04
1.795310e+01    1.810399e-04
1.796531e+01    1.866953e-04
1.797753e+01    1.922213e-04
1.798974e+01    1.976075e-04
1.800196e+01    2.028543e-04
1.801417e+01    2.079500e-04
1.802638e+01    2.129038e-04
1.803859e+01    2.176976e-04
1.805081e+01    2.223438e-04
1.806302e+01    2.268246e-04
1.807523e+01    2.311458e-04
1.808744e+01    2.353013e-04
1.809966e+01    2.392920e-04
1.811187e+01    2.431024e-04
1.812408e+01    2.467539e-04
1.813630e+01    2.502233e-04
1.814851e+01    2.535187e-04
1.816072e+01    2.566348e-04
1.817294e+01    2.595686e-04
1.818515e+01    2.623228e-04
1.819736e+01    2.648926e-04
1.820958e+01    2.672800e-04
1.822179e+01    2.694826e-04
1.823400e+01    2.715021e-04
1.824621e+01    2.733317e-04
1.825843e+01    2.749754e-04
1.827064e+01    2.764353e-04
1.828285e+01    2.777072e-04
1.829507e+01    2.787892e-04
1.830728e+01    2.796892e-04
1.831949e+01    2.804074e-04
1.833171e+01    2.809411e-04
1.834392e+01    2.812839e-04
1.835613e+01    2.814485e-04
1.836834e+01    2.814356e-04
1.838056e+01    2.812361e-04
1.839277e+01    2.808563e-04
1.840498e+01    2.803089e-04
1.841720e+01    2.795814e-04
1.842941e+01    2.786863e-04
1.844162e+01    2.776125e-04
1.845383e+01    2.763792e-04
1.846605e+01    2.749754e-04
1.847826e+01    2.734129e-04
1.849047e+01    2.716868e-04
1.850269e+01    2.698052e-04
1.851490e+01    2.677693e-04
1.852711e+01    2.655844e-04
1.853933e+01    2.632496e-04
1.855154e+01    2.607733e-04
1.856375e+01    2.581563e-04
1.857596e+01    2.553995e-04
1.858818e+01    2.525180e-04
1.860039e+01    2.494969e-04
1.861260e+01    2.463567e-04
1.862482e+01    2.430939e-04
1.863703e+01    2.397117e-04
1.864924e+01    2.362189e-04
1.866146e+01    2.326162e-04
1.867367e+01    2.289120e-04
1.868588e+01    2.251022e-04
1.869810e+01    2.212013e-04
1.871031e+01    2.172081e-04
1.872252e+01    2.131255e-04
1.873473e+01    2.089655e-04
1.874695e+01    2.047274e-04
1.875916e+01    2.004119e-04
1.877137e+01    1.960304e-04
1.878359e+01    1.915824e-04
1.879580e+01    1.870802e-04
1.880801e+01    1.825219e-04
1.882022e+01    1.779096e-04
1.883244e+01    1.732557e-04
1.884465e+01    1.685608e-04
1.885686e+01    1.638293e-04
1.886908e+01    1.590627e-04
1.888129e+01    1.542747e-04
1.889350e+01    1.494628e-04
1.890572e+01    1.446287e-04
1.891793e+01    1.397824e-04
1.893014e+01    1.349274e-04
1.894235e+01    1.300704e-04
1.895457e+01    1.252074e-04
1.896678e+01    1.203513e-04
1.897899e+01    1.154976e-04
1.899121e+01    1.106614e-04
1.900342e+01    1.058391e-04
1.901563e+01    1.010340e-04
1.902785e+01    9.625196e-05
1.904006e+01    9.149633e-05
1.905227e+01    8.677301e-05
1.906449e+01    8.208334e-05
1.907670e+01    7.742748e-05
1.908891e+01    7.281604e-05
1.910112e+01    6.824429e-05
1.911334e+01    6.371806e-05
1.912555e+01    5.925051e-05
1.913776e+01    5.483133e-05
1.914997e+01    5.046508e-05
1.916219e+01    4.615789e-05
1.917440e+01    4.191275e-05
1.918661e+01    3.773093e-05
1.919883e+01    3.361050e-05
1.921104e+01    2.955875e-05
1.922325e+01    2.557659e-05
1.923547e+01    2.166771e-05
1.924768e+01    1.783087e-05
1.925989e+01    1.406536e-05
1.927211e+01    1.037651e-05
1.928432e+01    6.775808e-06
1.929653e+01    3.236550e-06
1.930874e+01    -2.132147e-07
1.932096e+01    -3.584661e-06
1.933317e+01    -6.873423e-06
1.934538e+01    -1.008081e-05
1.935760e+01    -1.320566e-05
1.936981e+01    -1.624774e-05
1.938202e+01    -1.920626e-05
1.939424e+01    -2.207811e-05
1.940645e+01    -2.486832e-05
1.941866e+01    -2.757186e-05
1.943087e+01    -3.019374e-05
1.944309e+01    -3.273081e-05
1.945530e+01    -3.518548e-05
1.946751e+01    -3.756283e-05
1.947973e+01    -3.985062e-05
1.949194e+01    -4.206246e-05
1.950415e+01    -4.418966e-05
1.951637e+01    -4.624261e-05
1.952858e+01    -4.821373e-05
1.954079e+01    -5.010780e-05
1.955301e+01    -5.192976e-05
1.956522e+01    -5.366903e-05
1.957743e+01    -5.534384e-05
1.958964e+01    -5.693868e-05
1.960186e+01    -5.847268e-05
1.961407e+01    -5.993573e-05
1.962628e+01    -6.132992e-05
1.963849e+01    -6.265799e-05
1.965071e+01    -6.392429e-05
1.966292e+01    -6.513187e-05
1.967513e+01    -6.627938e-05
1.968735e+01    -6.737007e-05
1.969956e+01    -6.840873e-05
1.971177e+01    -6.938982e-05
1.972399e+01    -7.032719e-05
1.973620e+01    -7.120817e-05
1.974841e+01    -7.204764e-05
1.976063e+01    -7.284264e-05
1.977284e+01    -7.359945e-05
1.978505e+01    -7.431651e-05
1.979726e+01    -7.499364e-05
1.980948e+01    -7.563777e-05
1.982169e+01    -7.625576e-05
1.983390e+01    -7.683871e-05
1.984612e+01    -7.740152e-05
1.985833e+01    -7.793593e-05
1.987054e+01    -7.844815e-05
1.988276e+01    -7.894367e-05
1.989497e+01    -7.942546e-05
1.990718e+01    -7.988594e-05
1.991939e+01    -8.033414e-05
1.993161e+01    -8.077524e-05
1.994382e+01    -8.120836e-05
1.995603e+01    -8.163817e-05
1.996825e+01    -8.206343e-05
1.998046e+01    -8.248660e-05
1.999267e+01    -8.291169e-05
2.000488e+01    -8.334185e-05
2.001710e+01    -8.377392e-05
2.002931e+01    -8.421374e-05
2.004152e+01    -8.466336e-05
2.005374e+01    -8.512897e-05
2.006595e+01    -8.560385e-05
2.007816e+01    -8.609419e-05
2.009038e+01    -8.660380e-05
2.010259e+01    -8.712671e-05
2.011480e+01    -8.766653e-05
2.012702e+01    -8.823066e-05
2.013923e+01    -8.881853e-05
2.015144e+01    -8.943018e-05
2.016365e+01    -9.006314e-05
2.017587e+01    -9.072658e-05
2.018808e+01    -9.141132e-05
2.020029e+01    -9.212721e-05
2.021251e+01    -9.287288e-05
2.022472e+01    -9.364636e-05
2.023693e+01    -9.444813e-05
2.024915e+01    -9.528459e-05
2.026136e+01    -9.615180e-05
2.027357e+01    -9.704652e-05
2.028578e+01    -9.797212e-05
2.029800e+01    -9.893571e-05
2.031021e+01    -9.992950e-05
2.032242e+01    -1.009525e-04
2.033464e+01    -1.020107e-04
2.034685e+01    -1.030969e-04
2.035906e+01    -1.042131e-04
2.037127e+01    -1.053692e-04
2.038349e+01    -1.065463e-04
2.039570e+01    -1.077574e-04
2.040791e+01    -1.089945e-04
2.042013e+01    -1.102648e-04
2.043234e+01    -1.115618e-04
2.044455e+01    -1.128828e-04
2.045677e+01    -1.142301e-04
2.046898e+01    -1.156029e-04
2.048119e+01    -1.169987e-04
2.049340e+01    -1.184157e-04
2.050562e+01    -1.198601e-04
2.051783e+01    -1.213096e-04
2.053004e+01    -1.227860e-04
2.054226e+01    -1.242762e-04
2.055447e+01    -1.257820e-04
2.056668e+01    -1.272973e-04
2.057890e+01    -1.288263e-04
2.059111e+01    -1.303594e-04
2.060332e+01    -1.319033e-04
2.061554e+01    -1.334576e-04
2.062775e+01    -1.350091e-04
2.063996e+01    -1.365614e-04
2.065217e+01    -1.381141e-04
2.066439e+01    -1.396605e-04
2.067660e+01    -1.411948e-04
2.068881e+01    -1.427375e-04
2.070103e+01    -1.442600e-04
2.071324e+01    -1.457720e-04
2.072545e+01    -1.472656e-04
2.073767e+01    -1.487452e-04
2.074988e+01    -1.501985e-04
2.076209e+01    -1.516371e-04
2.077430e+01    -1.530466e-04
2.078652e+01    -1.544293e-04
2.079873e+01    -1.557841e-04
2.081094e+01    -1.571123e-04
2.082316e+01    -1.583897e-04
2.083537e+01    -1.596363e-04
2.084758e+01    -1.608416e-04
2.085979e+01    -1.620127e-04
2.087201e+01    -1.631327e-04
2.088422e+01    -1.642081e-04
2.089643e+01    -1.652288e-04
2.090865e+01    -1.662055e-04
2.092086e+01    -1.671247e-04
2.093307e+01    -1.679866e-04
2.094529e+01    -1.687893e-04
2.095750e+01    -1.695324e-04
2.096971e+01    -1.702094e-04
2.098192e+01    -1.708219e-04
2.099414e+01    -1.713650e-04
2.100635e+01    -1.718425e-04
2.101856e+01    -1.722433e-04
2.103078e+01    -1.725707e-04
2.104299e+01    -1.728294e-04
2.105520e+01    -1.730044e-04
2.106742e+01    -1.731019e-04
2.107963e+01    -1.731196e-04
2.109184e+01    -1.730508e-04
2.110406e+01    -1.729012e-04
2.111627e+01    -1.726738e-04
2.112848e+01    -1.723445e-04
2.114069e+01    -1.719349e-04
2.115291e+01    -1.714338e-04
2.116512e+01    -1.708417e-04
2.117733e+01    -1.701628e-04
2.118955e+01    -1.693887e-04
2.120176e+01    -1.685191e-04
2.121397e+01    -1.675574e-04
2.122618e+01    -1.665030e-04
2.123840e+01    -1.653493e-04
2.125061e+01    -1.641037e-04
2.126282e+01    -1.627571e-04
2.127504e+01    -1.613151e-04
2.128725e+01    -1.597751e-04
2.129946e+01    -1.581451e-04
2.131168e+01    -1.564147e-04
2.132389e+01    -1.545876e-04
2.133610e+01    -1.526639e-04
2.134831e+01    -1.506433e-04
2.136053e+01    -1.485276e-04
2.137274e+01    -1.463164e-04
2.138495e+01    -1.440120e-04
2.139717e+01    -1.416142e-04
2.140938e+01    -1.391187e-04
2.142159e+01    -1.365374e-04
2.143381e+01    -1.338584e-04
2.144602e+01    -1.310942e-04
2.145823e+01    -1.282379e-04
2.147044e+01    -1.252955e-04
2.148266e+01    -1.222699e-04
2.149487e+01    -1.191573e-04
2.150708e+01    -1.159598e-04
2.151930e+01    -1.126875e-04
2.153151e+01    -1.093303e-04
2.154372e+01    -1.058941e-04
2.155593e+01    -1.023857e-04
2.156815e+01    -9.880256e-05
2.158036e+01    -9.514834e-05
2.159258e+01    -9.142398e-05
2.160479e+01    -8.763120e-05
2.161700e+01    -8.377495e-05
2.162921e+01    -7.985777e-05
2.164143e+01    -7.587863e-05
2.165364e+01    -7.184390e-05
2.166585e+01    -6.775121e-05
2.167807e+01    -6.360684e-05
2.169028e+01    -5.941369e-05
2.170249e+01    -5.517618e-05
2.171470e+01    -5.089043e-05
2.172692e+01    -4.657406e-05
2.173913e+01    -4.220264e-05
2.175134e+01    -3.780375e-05
2.176356e+01    -3.337193e-05
2.177577e+01    -2.891161e-05
2.178798e+01    -2.442450e-05
2.180020e+01    -1.991367e-05
2.181241e+01    -1.538759e-05
2.182462e+01    -1.083789e-05
2.183683e+01    -6.277056e-06
2.184905e+01    -1.708970e-06
2.186126e+01    2.876528e-06
2.187347e+01    7.457493e-06
2.188569e+01    1.203935e-05
2.189790e+01    1.662716e-05
2.191011e+01    2.120218e-05
2.192233e+01    2.577085e-05
2.193454e+01    3.033187e-05
2.194675e+01    3.487435e-05
2.195897e+01    3.940485e-05
2.197118e+01    4.390952e-05
2.198339e+01    4.839153e-05
2.199560e+01    5.284497e-05
2.200782e+01    5.727393e-05
2.202003e+01    6.166760e-05
2.203224e+01    6.601928e-05
2.204445e+01    7.034172e-05
2.205667e+01    7.462060e-05
2.206888e+01    7.885868e-05
2.208109e+01    8.304064e-05
2.209331e+01    8.717804e-05
2.210552e+01    9.126100e-05
2.211773e+01    9.528946e-05
2.212995e+01    9.926352e-05
2.214216e+01    1.031732e-04
2.215437e+01    1.070287e-04
2.216659e+01    1.108133e-04
2.217880e+01    1.145315e-04
2.219101e+01    1.181834e-04
2.220322e+01    1.217579e-04
2.221544e+01    1.252666e-04
2.222765e+01    1.286949e-04
2.223986e+01    1.320501e-04
2.225208e+01    1.353243e-04
2.226429e+01    1.385156e-04
2.227650e+01    1.416287e-04
2.228872e+01    1.446575e-04
2.230093e+01    1.475954e-04
2.231314e+01    1.504547e-04
2.232535e+01    1.532196e-04
2.233757e+01    1.559004e-04
2.234978e+01    1.584859e-04
2.236199e+01    1.609821e-04
2.237421e+01    1.633851e-04
2.238642e+01    1.656986e-04
2.239863e+01    1.679216e-04
2.241084e+01    1.700405e-04
2.242306e+01    1.720694e-04
2.243527e+01    1.740019e-04
2.244748e+01    1.758409e-04
2.245970e+01    1.775800e-04
2.247191e+01    1.792267e-04
2.248412e+01    1.807744e-04
2.249634e+01    1.822263e-04
2.250855e+01    1.835813e-04
2.252076e+01    1.848409e-04
2.253297e+01    1.860056e-04
2.254519e+01    1.870659e-04
2.255740e+01    1.880502e-04
2.256961e+01    1.889282e-04
2.258183e+01    1.897137e-04
2.259404e+01    1.904032e-04
2.260625e+01    1.910056e-04
2.261847e+01    1.915160e-04
2.263068e+01    1.919298e-04
2.264289e+01    1.922612e-04
2.265511e+01    1.925008e-04
2.266732e+01    1.926532e-04
2.267953e+01    1.927205e-04
2.269174e+01    1.927005e-04
2.270396e+01    1.926032e-04
2.271617e+01    1.924161e-04
2.272838e+01    1.921539e-04
2.274060e+01    1.918091e-04
2.275281e+01    1.913905e-04
2.276502e+01    1.908945e-04
2.277724e+01    1.903257e-04
2.278945e+01    1.896849e-04
2.280166e+01    1.889728e-04
2.281387e+01    1.881900e-04
2.282609e+01    1.873449e-04
2.283830e+01    1.864317e-04
2.285051e+01    1.854569e-04
2.286273e+01    1.844205e-04
2.287494e+01    1.833275e-04
2.288715e+01    1.821764e-04
2.289936e+01    1.809765e-04
2.291158e+01    1.797171e-04
2.292379e+01    1.784097e-04
2.293600e+01    1.770555e-04
2.294822e+01    1.756522e-04
2.296043e+01    1.742095e-04
2.297264e+01    1.727210e-04
2.298486e+01    1.711994e-04
2.299707e+01    1.696339e-04
2.300928e+01    1.680384e-04
2.302150e+01    1.664022e-04
2.303371e+01    1.647433e-04
2.304592e+01    1.630543e-04
2.305813e+01    1.613373e-04
2.307035e+01    1.595990e-04
2.308256e+01    1.578360e-04
2.309477e+01    1.560543e-04
2.310699e+01    1.542502e-04
2.311920e+01    1.524360e-04
2.313141e+01    1.506028e-04
2.314363e+01    1.487597e-04
2.315584e+01    1.469087e-04
2.316805e+01    1.450475e-04
2.318026e+01    1.431798e-04
2.319248e+01    1.413055e-04
2.320469e+01    1.394338e-04
2.321690e+01    1.375558e-04
2.322912e+01    1.356818e-04
2.324133e+01    1.338110e-04
2.325354e+01    1.319405e-04
2.326575e+01    1.300768e-04
2.327797e+01    1.282233e-04
2.329018e+01    1.263751e-04
2.330239e+01    1.245370e-04
2.331461e+01    1.227094e-04
2.332682e+01    1.208966e-04
2.333903e+01    1.190981e-04
2.335125e+01    1.173111e-04
2.336346e+01    1.155403e-04
2.337567e+01    1.137888e-04
2.338788e+01    1.120521e-04
2.340010e+01    1.103352e-04
2.341231e+01    1.086390e-04
2.342452e+01    1.069667e-04
2.343674e+01    1.053069e-04
2.344895e+01    1.036736e-04
2.346116e+01    1.020588e-04
2.347338e+01    1.004731e-04
2.348559e+01    9.890596e-05
2.349780e+01    9.736276e-05
2.351002e+01    9.583894e-05
2.352223e+01    9.434790e-05
2.353444e+01    9.287722e-05
2.354665e+01    9.142782e-05
2.355887e+01    9.000988e-05
2.357108e+01    8.860638e-05
2.358329e+01    8.722901e-05
2.359550e+01    8.587717e-05
2.360772e+01    8.455254e-05
2.361993e+01    8.324729e-05
2.363214e+01    8.197053e-05
2.364436e+01    8.070745e-05
2.365657e+01    7.947153e-05
2.366878e+01    7.825581e-05
2.368100e+01    7.706127e-05
2.369321e+01    7.588606e-05
2.370542e+01    7.473180e-05
2.371764e+01    7.359881e-05
2.372985e+01    7.247840e-05
2.374206e+01    7.137930e-05
2.375427e+01    7.029579e-05
2.376649e+01    6.922428e-05
2.377870e+01    6.817374e-05
2.379091e+01    6.713049e-05
2.380313e+01    6.610664e-05
2.381534e+01    6.508615e-05
2.382755e+01    6.408156e-05
2.383977e+01    6.308536e-05
2.385198e+01    6.209961e-05
2.386419e+01    6.111572e-05
2.387640e+01    6.014011e-05
2.388862e+01    5.916573e-05
2.390083e+01    5.819675e-05
2.391304e+01    5.722808e-05
2.392526e+01    5.626127e-05
2.393747e+01    5.529416e-05
2.394968e+01    5.432191e-05
2.396189e+01    5.334931e-05
2.397411e+01    5.237163e-05
2.398632e+01    5.139227e-05
2.399854e+01    5.039398e-05
2.401075e+01    4.939208e-05
2.402296e+01    4.838219e-05
2.403517e+01    4.735810e-05
2.404739e+01    4.632435e-05
2.405960e+01    4.527600e-05
2.407181e+01    4.421677e-05
2.408403e+01    4.312889e-05
2.409624e+01    4.203069e-05
2.410845e+01    4.091019e-05
2.412066e+01    3.977299e-05
2.413288e+01    3.861039e-05
2.414509e+01    3.742667e-05
2.415730e+01    3.621994e-05
2.416952e+01    3.499360e-05
2.418173e+01    3.373058e-05
2.419394e+01    3.244572e-05
2.420616e+01    3.113259e-05
2.421837e+01    2.979054e-05
2.423058e+01    2.841880e-05
2.424279e+01    2.702663e-05
2.425501e+01    2.558035e-05
2.426722e+01    2.411372e-05
2.427943e+01    2.261240e-05
2.429165e+01    2.108229e-05
2.430386e+01    1.951228e-05
2.431607e+01    1.790773e-05
2.432829e+01    1.626548e-05
2.434050e+01    1.459196e-05
2.435271e+01    1.288178e-05
2.436492e+01    1.113037e-05
2.437714e+01    9.341980e-06
2.438935e+01    7.517083e-06
2.440156e+01    5.658003e-06
2.441378e+01    3.758352e-06
2.442599e+01    1.817622e-06
2.443820e+01    -1.541339e-07
2.445041e+01    -2.167842e-06
2.446263e+01    -4.221452e-06
2.447484e+01    -6.308765e-06
2.448705e+01    -8.437535e-06
2.449927e+01    -1.059915e-05
2.451148e+01    -1.279953e-05
2.452369e+01    -1.503779e-05
2.453591e+01    -1.731110e-05
2.454812e+01    -1.961926e-05
2.456033e+01    -2.196183e-05
2.457255e+01    -2.434116e-05
2.458476e+01    -2.675266e-05
2.459697e+01    -2.919869e-05
2.460918e+01    -3.167384e-05
2.462140e+01    -3.417805e-05
2.463361e+01    -3.671477e-05
2.464582e+01    -3.928949e-05
2.465804e+01    -4.187861e-05
2.467025e+01    -4.450104e-05
2.468246e+01    -4.714932e-05
2.469468e+01    -4.982196e-05
2.470689e+01    -5.251713e-05
2.471910e+01    -5.523743e-05
2.473131e+01    -5.797701e-05
2.474353e+01    -6.073559e-05
2.475574e+01    -6.351094e-05
2.476795e+01    -6.630515e-05
2.478017e+01    -6.911305e-05
2.479238e+01    -7.193550e-05
2.480459e+01    -7.476898e-05
2.481680e+01    -7.761588e-05
2.482902e+01    -8.046446e-05
2.484123e+01    -8.332430e-05
2.485344e+01    -8.618844e-05
2.486566e+01    -8.905536e-05
2.487787e+01    -9.192706e-05
2.489008e+01    -9.479321e-05
2.490230e+01    -9.766523e-05
2.491451e+01    -1.005260e-04
2.492672e+01    -1.033830e-04
2.493893e+01    -1.062316e-04
2.495115e+01    -1.090721e-04
2.496336e+01    -1.119021e-04
2.497557e+01    -1.147181e-04
2.498779e+01    -1.175140e-04
2.500000e+01    -1.203021e-04
