0.000000e+00    -1.231035e+00
1.221299e-02    -1.230200e+00
2.442599e-02    -1.227702e+00
3.663898e-02    -1.223547e+00
4.885198e-02    -1.217751e+00
6.106497e-02    -1.210334e+00
7.327797e-02    -1.201323e+00
8.549096e-02    -1.190750e+00
9.770396e-02    -1.178653e+00
1.099169e-01    -1.165073e+00
1.221299e-01    -1.150058e+00
1.343429e-01    -1.133662e+00
1.465559e-01    -1.115940e+00
1.587689e-01    -1.096954e+00
1.709819e-01    -1.076770e+00
1.831949e-01    -1.055455e+00
1.954079e-01    -1.033083e+00
2.076209e-01    -1.009728e+00
2.198339e-01    -9.854677e-01
2.320469e-01    -9.603821e-01
2.442599e-01    -9.345527e-01
2.564729e-01    -9.080631e-01
2.686859e-01    -8.809974e-01
2.808989e-01    -8.534406e-01
2.931119e-01    -8.254784e-01
3.053249e-01    -7.971960e-01
3.175378e-01    -7.686787e-01
3.297509e-01    -7.400104e-01
3.419639e-01    -7.112750e-01
3.541768e-01    -6.825539e-01
3.663898e-01    -6.539276e-01
3.786028e-01    -6.254742e-01
3.908158e-01    -5.972694e-01
4.030288e-01    -5.693866e-01
4.152418e-01    -5.418962e-01
4.274548e-01    -5.148659e-01
4.396678e-01    -4.883597e-01
4.518808e-01    -4.624383e-01
4.640938e-01    -4.371589e-01
4.763068e-01    -4.125750e-01
4.885198e-01    -3.887360e-01
5.007328e-01    -3.656876e-01
5.129458e-01    -3.434711e-01
5.251588e-01    -3.221241e-01
5.373718e-01    -3.016798e-01
5.495847e-01    -2.821673e-01
5.617977e-01    -2.636118e-01
5.740107e-01    -2.460339e-01
5.862237e-01    -2.294506e-01
5.984367e-01    -2.138746e-01
6.106497e-01    -1.993148e-01
6.228627e-01    -1.857763e-01
6.350757e-01    -1.732604e-01
6.472887e-01    -1.617648e-01
6.595017e-01    -1.512839e-01
6.717147e-01    -1.418085e-01
6.839277e-01    -1.333267e-01
6.961407e-01    -1.258232e-01
7.083537e-01    -1.192800e-01
7.205667e-01    -1.136765e-01
7.327797e-01    -1.089898e-01
7.449927e-01    -1.051946e-01
7.572057e-01    -1.022636e-01
7.694187e-01    -1.001675e-01
7.816316e-01    -9.887547e-02
7.938446e-01    -9.835525e-02
8.060576e-01    -9.857323e-02
8.182706e-01    -9.949470e-02
8.304836e-01    -1.010841e-01
8.426966e-01    -1.033051e-01
8.549096e-01    -1.061208e-01
8.671226e-01    -1.094941e-01
8.793356e-01    -1.133876e-01
8.915486e-01    -1.177638e-01
9.037616e-01    -1.225854e-01
9.159746e-01    -1.278154e-01
9.281876e-01    -1.334170e-01
9.404006e-01    -1.393541e-01
9.526136e-01    -1.455914e-01
9.648266e-01    -1.520939e-01
9.770396e-01    -1.588279e-01
9.892526e-01    -1.657604e-01
1.001466e+00    -1.728596e-01
1.013679e+00    -1.800946e-01
1.025892e+00    -1.874360e-01
1.038105e+00    -1.948552e-01
1.050318e+00    -2.023254e-01
1.062531e+00    -2.098206e-01
1.074744e+00    -2.173166e-01
1.086957e+00    -2.247904e-01
1.099169e+00    -2.322201e-01
1.111382e+00    -2.395858e-01
1.123595e+00    -2.468686e-01
1.135808e+00    -2.540511e-01
1.148021e+00    -2.611172e-01
1.160234e+00    -2.680523e-01
1.172447e+00    -2.748432e-01
1.184660e+00    -2.814778e-01
1.196873e+00    -2.879456e-01
1.209086e+00    -2.942369e-01
1.221299e+00    -3.003438e-01
1.233512e+00    -3.062591e-01
1.245725e+00    -3.119769e-01
1.257938e+00    -3.174923e-01
1.270151e+00    -3.228016e-01
1.282364e+00    -3.279020e-01
1.294577e+00    -3.327913e-01
1.306790e+00    -3.374689e-01
1.319003e+00    -3.419342e-01
1.331216e+00    -3.461877e-01
1.343429e+00    -3.502306e-01
1.355642e+00    -3.540649e-01
1.367855e+00    -3.576929e-01
1.380068e+00    -3.611174e-01
1.392281e+00    -3.643419e-01
1.404494e+00    -3.673702e-01
1.416707e+00    -3.702065e-01
1.428920e+00    -3.728553e-01
1.441133e+00    -3.753213e-01
1.453346e+00    -3.776096e-01
1.465559e+00    -3.797251e-01
1.477772e+00    -3.816733e-01
1.489985e+00    -3.834597e-01
1.502198e+00    -3.850894e-01
1.514411e+00    -3.865682e-01
1.526624e+00    -3.879014e-01
1.538837e+00    -3.890945e-01
1.551050e+00    -3.901528e-01
1.563263e+00    -3.910815e-01
1.575476e+00    -3.918859e-01
1.587689e+00    -3.925710e-01
1.599902e+00    -3.931415e-01
1.612115e+00    -3.936022e-01
1.624328e+00    -3.939576e-01
1.636541e+00    -3.942119e-01
1.648754e+00    -3.943693e-01
1.660967e+00    -3.944336e-01
1.673180e+00    -3.944086e-01
1.685393e+00    -3.942977e-01
1.697606e+00    -3.941041e-01
1.709819e+00    -3.938308e-01
1.722032e+00    -3.934806e-01
1.734245e+00    -3.930560e-01
1.746458e+00    -3.925594e-01
1.758671e+00    -3.919929e-01
1.770884e+00    -3.913585e-01
1.783097e+00    -3.906578e-01
1.795310e+00    -3.898925e-01
1.807523e+00    -3.890639e-01
1.819736e+00    -3.881732e-01
1.831949e+00    -3.872213e-01
1.844162e+00    -3.862093e-01
1.856375e+00    -3.851379e-01
1.868588e+00    -3.840075e-01
1.880801e+00    -3.828190e-01
1.893014e+00    -3.815724e-01
1.905227e+00    -3.802683e-01
1.917440e+00    -3.789068e-01
1.929653e+00    -3.774880e-01
1.941866e+00    -3.760121e-01
1.954079e+00    -3.744793e-01
1.966292e+00    -3.728893e-01
1.978505e+00    -3.712422e-01
1.990718e+00    -3.695380e-01
2.002931e+00    -3.677768e-01
2.015144e+00    -3.659585e-01
2.027357e+00    -3.640828e-01
2.039570e+00    -3.621501e-01
2.051783e+00    -3.601603e-01
2.063996e+00    -3.581133e-01
2.076209e+00    -3.560095e-01
2.088422e+00    -3.538488e-01
2.100635e+00    -3.516315e-01
2.112848e+00    -3.493578e-01
2.125061e+00    -3.470281e-01
2.137274e+00    -3.446428e-01
2.149487e+00    -3.422023e-01
2.161700e+00    -3.397071e-01
2.173913e+00    -3.371579e-01
2.186126e+00    -3.345553e-01
2.198339e+00    -3.319000e-01
2.210552e+00    -3.291928e-01
2.222765e+00    -3.264347e-01
2.234978e+00    -3.236265e-01
2.247191e+00    -3.207695e-01
2.259404e+00    -3.178645e-01
2.271617e+00    -3.149129e-01
2.283830e+00    -3.119159e-01
2.296043e+00    -3.088747e-01
2.308256e+00    -3.057908e-01
2.320469e+00    -3.026656e-01
2.332682e+00    -2.995006e-01
2.344895e+00    -2.962973e-01
2.357108e+00    -2.930574e-01
2.369321e+00    -2.897823e-01
2.381534e+00    -2.864740e-01
2.393747e+00    -2.831340e-01
2.405960e+00    -2.797641e-01
2.418173e+00    -2.763663e-01
2.430386e+00    -2.729421e-01
2.442599e+00    -2.694935e-01
2.454812e+00    -2.660224e-01
2.467025e+00    -2.625306e-01
2.479238e+00    -2.590199e-01
2.491451e+00    -2.554924e-01
2.503664e+00    -2.519499e-01
2.515877e+00    -2.483942e-01
2.528090e+00    -2.448273e-01
2.540303e+00    -2.412511e-01
2.552516e+00    -2.376674e-01
2.564729e+00    -2.340781e-01
2.576942e+00    -2.304850e-01
2.589155e+00    -2.268900e-01
2.601368e+00    -2.232948e-01
2.613581e+00    -2.197011e-01
2.625794e+00    -2.161109e-01
2.638007e+00    -2.125258e-01
2.650220e+00    -2.089474e-01
2.662433e+00    -2.053774e-01
2.674646e+00    -2.018175e-01
2.686859e+00    -1.982691e-01
2.699072e+00    -1.947338e-01
2.711285e+00    -1.912132e-01
2.723498e+00    -1.877086e-01
2.735711e+00    -1.842215e-01
2.747924e+00    -1.807533e-01
2.760137e+00    -1.773052e-01
2.772350e+00    -1.738785e-01
2.784563e+00    -1.704746e-01
2.796776e+00    -1.670945e-01
2.808989e+00    -1.637394e-01
2.821202e+00    -1.604104e-01
2.833415e+00    -1.571085e-01
2.845628e+00    -1.538349e-01
2.857841e+00    -1.505904e-01
2.870054e+00    -1.473758e-01
2.882267e+00    -1.441922e-01
2.894480e+00    -1.410404e-01
2.906693e+00    -1.379211e-01
2.918906e+00    -1.348351e-01
2.931119e+00    -1.317831e-01
2.943332e+00    -1.287657e-01
2.955545e+00    -1.257836e-01
2.967758e+00    -1.228374e-01
2.979971e+00    -1.199276e-01
2.992184e+00    -1.170546e-01
3.004397e+00    -1.142191e-01
3.016610e+00    -1.114214e-01
3.028823e+00    -1.086619e-01
3.041036e+00    -1.059411e-01
3.053249e+00    -1.032591e-01
3.065462e+00    -1.006164e-01
3.077675e+00    -9.801322e-02
3.089888e+00    -9.544978e-02
3.102101e+00    -9.292629e-02
3.114314e+00    -9.044296e-02
3.126527e+00    -8.799993e-02
3.138740e+00    -8.559733e-02
3.150953e+00    -8.323528e-02
3.163166e+00    -8.091384e-02
3.175379e+00    -7.863311e-02
3.187592e+00    -7.639304e-02
3.199805e+00    -7.419371e-02
3.212018e+00    -7.203509e-02
3.224231e+00    -6.991711e-02
3.236444e+00    -6.783974e-02
3.248657e+00    -6.580292e-02
3.260870e+00    -6.380650e-02
3.273082e+00    -6.185043e-02
3.285295e+00    -5.993453e-02
3.297508e+00    -5.805864e-02
3.309721e+00    -5.622264e-02
3.321934e+00    -5.442629e-02
3.334147e+00    -5.266941e-02
3.346360e+00    -5.095178e-02
3.358573e+00    -4.927316e-02
3.370786e+00    -4.763329e-02
3.382999e+00    -4.603191e-02
3.395212e+00    -4.446875e-02
3.407425e+00    -4.294349e-02
3.419638e+00    -4.145584e-02
3.431851e+00    -4.000548e-02
3.444064e+00    -3.859205e-02
3.456277e+00    -3.721523e-02
3.468490e+00    -3.587464e-02
3.480703e+00    -3.456992e-02
3.492916e+00    -3.330067e-02
3.505129e+00    -3.206651e-02
3.517342e+00    -3.086703e-02
3.529555e+00    -2.970180e-02
3.541768e+00    -2.857042e-02
3.553981e+00    -2.747242e-02
3.566194e+00    -2.640738e-02
3.578407e+00    -2.537483e-02
3.590620e+00    -2.437431e-02
3.602833e+00    -2.340535e-02
3.615046e+00    -2.246746e-02
3.627259e+00    -2.156017e-02
3.639472e+00    -2.068296e-02
3.651685e+00    -1.983533e-02
3.663898e+00    -1.901680e-02
3.676111e+00    -1.822683e-02
3.688324e+00    -1.746491e-02
3.700537e+00    -1.673050e-02
3.712750e+00    -1.602310e-02
3.724963e+00    -1.534214e-02
3.737176e+00    -1.468710e-02
3.749389e+00    -1.405744e-02
3.761602e+00    -1.345260e-02
3.773815e+00    -1.287205e-02
3.786028e+00    -1.231522e-02
3.798241e+00    -1.178158e-02
3.810454e+00    -1.127056e-02
3.822667e+00    -1.078162e-02
3.834880e+00    -1.031419e-02
3.847093e+00    -9.867729e-03
3.859306e+00    -9.441682e-03
3.871519e+00    -9.035492e-03
3.883732e+00    -8.648613e-03
3.895945e+00    -8.280497e-03
3.908158e+00    -7.930588e-03
3.920371e+00    -7.598351e-03
3.932584e+00    -7.283244e-03
3.944797e+00    -6.984726e-03
3.957010e+00    -6.702269e-03
3.969223e+00    -6.435340e-03
3.981436e+00    -6.183418e-03
3.993649e+00    -5.945982e-03
4.005862e+00    -5.722516e-03
4.018075e+00    -5.512521e-03
4.030288e+00    -5.315485e-03
4.042501e+00    -5.130922e-03
4.054714e+00    -4.958337e-03
4.066927e+00    -4.797259e-03
4.079140e+00    -4.647202e-03
4.091353e+00    -4.507712e-03
4.103566e+00    -4.378326e-03
4.115779e+00    -4.258597e-03
4.127992e+00    -4.148082e-03
4.140205e+00    -4.046359e-03
4.152418e+00    -3.952986e-03
4.164631e+00    -3.867564e-03
4.176844e+00    -3.789688e-03
4.189057e+00    -3.718960e-03
4.201270e+00    -3.655001e-03
4.213483e+00    -3.597423e-03
4.225696e+00    -3.545875e-03
4.237909e+00    -3.499993e-03
4.250122e+00    -3.459441e-03
4.262335e+00    -3.423866e-03
4.274548e+00    -3.392963e-03
4.286761e+00    -3.366410e-03
4.298974e+00    -3.343909e-03
4.311187e+00    -3.325153e-03
4.323400e+00    -3.309873e-03
4.335613e+00    -3.297788e-03
4.347826e+00    -3.288641e-03
4.360039e+00    -3.282178e-03
4.372252e+00    -3.278156e-03
4.384465e+00    -3.276346e-03
4.396678e+00    -3.276529e-03
4.408891e+00    -3.278488e-03
4.421104e+00    -3.282028e-03
4.433317e+00    -3.286953e-03
4.445530e+00    -3.293086e-03
4.457743e+00    -3.300255e-03
4.469956e+00    -3.308296e-03
4.482169e+00    -3.317059e-03
4.494382e+00    -3.326397e-03
4.506595e+00    -3.336180e-03
4.518808e+00    -3.346283e-03
4.531021e+00    -3.356589e-03
4.543234e+00    -3.366990e-03
4.555447e+00    -3.377388e-03
4.567660e+00    -3.387689e-03
4.579873e+00    -3.397814e-03
4.592086e+00    -3.407688e-03
4.604299e+00    -3.417242e-03
4.616512e+00    -3.426420e-03
4.628725e+00    -3.435167e-03
4.640938e+00    -3.443437e-03
4.653151e+00    -3.451196e-03
4.665364e+00    -3.458408e-03
4.677577e+00    -3.465048e-03
4.689790e+00    -3.471099e-03
4.702003e+00    -3.476551e-03
4.714216e+00    -3.481389e-03
4.726429e+00    -3.485616e-03
4.738642e+00    -3.489235e-03
4.750855e+00    -3.492256e-03
4.763068e+00    -3.494686e-03
4.775281e+00    -3.496551e-03
4.787494e+00    -3.497865e-03
4.799707e+00    -3.498663e-03
4.811920e+00    -3.498973e-03
4.824133e+00    -3.498823e-03
4.836346e+00    -3.498253e-03
4.848559e+00    -3.497307e-03
4.860772e+00    -3.496025e-03
4.872985e+00    -3.494454e-03
4.885198e+00    -3.492645e-03
4.897411e+00    -3.490645e-03
4.909624e+00    -3.488506e-03
4.921837e+00    -3.486288e-03
4.934050e+00    -3.484050e-03
4.946263e+00    -3.481842e-03
4.958476e+00    -3.479732e-03
4.970689e+00    -3.477772e-03
4.982902e+00    -3.476031e-03
4.995115e+00    -3.474566e-03
5.007328e+00    -3.473442e-03
5.019541e+00    -3.472725e-03
5.031754e+00    -3.472473e-03
5.043967e+00    -3.472750e-03
5.056180e+00    -3.473622e-03
5.068393e+00    -3.475149e-03
5.080606e+00    -3.477391e-03
5.092819e+00    -3.480417e-03
5.105031e+00    -3.484279e-03
5.117245e+00    -3.489041e-03
5.129457e+00    -3.494760e-03
5.141671e+00    -3.501494e-03
5.153883e+00    -3.509296e-03
5.166097e+00    -3.518222e-03
5.178309e+00    -3.528330e-03
5.190523e+00    -3.539662e-03
5.202735e+00    -3.552270e-03
5.214949e+00    -3.566203e-03
5.227162e+00    -3.581502e-03
5.239375e+00    -3.598213e-03
5.251588e+00    -3.616371e-03
5.263801e+00    -3.636021e-03
5.276014e+00    -3.657194e-03
5.288227e+00    -3.679923e-03
5.300440e+00    -3.704242e-03
5.312653e+00    -3.730168e-03
5.324866e+00    -3.757740e-03
5.337079e+00    -3.786969e-03
5.349292e+00    -3.817882e-03
5.361505e+00    -3.850490e-03
5.373718e+00    -3.884810e-03
5.385931e+00    -3.920847e-03
5.398144e+00    -3.958622e-03
5.410357e+00    -3.998115e-03
5.422570e+00    -4.039350e-03
5.434783e+00    -4.082317e-03
5.446996e+00    -4.127012e-03
5.459208e+00    -4.173425e-03
5.471422e+00    -4.221550e-03
5.483634e+00    -4.271368e-03
5.495848e+00    -4.322868e-03
5.508060e+00    -4.376025e-03
5.520274e+00    -4.430818e-03
5.532486e+00    -4.487222e-03
5.544700e+00    -4.545211e-03
5.556912e+00    -4.604747e-03
5.569126e+00    -4.665800e-03
5.581338e+00    -4.728331e-03
5.593552e+00    -4.792303e-03
5.605764e+00    -4.857670e-03
5.617978e+00    -4.924393e-03
5.630190e+00    -4.992413e-03
5.642404e+00    -5.061689e-03
5.654616e+00    -5.132162e-03
5.666830e+00    -5.203786e-03
5.679042e+00    -5.276497e-03
5.691256e+00    -5.350235e-03
5.703468e+00    -5.424936e-03
5.715682e+00    -5.500548e-03
5.727894e+00    -5.576990e-03
5.740108e+00    -5.654205e-03
5.752320e+00    -5.732117e-03
5.764534e+00    -5.810661e-03
5.776746e+00    -5.889758e-03
5.788960e+00    -5.969338e-03
5.801172e+00    -6.049325e-03
5.813385e+00    -6.129636e-03
5.825598e+00    -6.210201e-03
5.837811e+00    -6.290939e-03
5.850024e+00    -6.371765e-03
5.862237e+00    -6.452604e-03
5.874450e+00    -6.533367e-03
5.886663e+00    -6.613979e-03
5.898876e+00    -6.694354e-03
5.911089e+00    -6.774400e-03
5.923302e+00    -6.854041e-03
5.935515e+00    -6.933196e-03
5.947728e+00    -7.011771e-03
5.959941e+00    -7.089692e-03
5.972154e+00    -7.166862e-03
5.984367e+00    -7.243210e-03
5.996580e+00    -7.318638e-03
6.008793e+00    -7.393073e-03
6.021006e+00    -7.466426e-03
6.033219e+00    -7.538617e-03
6.045432e+00    -7.609560e-03
6.057645e+00    -7.679183e-03
6.069858e+00    -7.747394e-03
6.082071e+00    -7.814123e-03
6.094284e+00    -7.879283e-03
6.106497e+00    -7.942805e-03
6.118710e+00    -8.004609e-03
6.130923e+00    -8.064623e-03
6.143136e+00    -8.122768e-03
6.155349e+00    -8.178979e-03
6.167562e+00    -8.233182e-03
6.179775e+00    -8.285312e-03
6.191988e+00    -8.335298e-03
6.204201e+00    -8.383080e-03
6.216414e+00    -8.428594e-03
6.228627e+00    -8.471778e-03
6.240840e+00    -8.512571e-03
6.253053e+00    -8.550923e-03
6.265266e+00    -8.586774e-03
6.277479e+00    -8.620072e-03
6.289692e+00    -8.650772e-03
6.301905e+00    -8.678818e-03
6.314118e+00    -8.704178e-03
6.326331e+00    -8.726796e-03
6.338544e+00    -8.746638e-03
6.350757e+00    -8.763666e-03
6.362970e+00    -8.777846e-03
6.375183e+00    -8.789141e-03
6.387396e+00    -8.797528e-03
6.399609e+00    -8.802969e-03
6.411822e+00    -8.805452e-03
6.424035e+00    -8.804950e-03
6.436248e+00    -8.801441e-03
6.448461e+00    -8.794910e-03
6.460674e+00    -8.785344e-03
6.472887e+00    -8.772738e-03
6.485100e+00    -8.757073e-03
6.497313e+00    -8.738348e-03
6.509526e+00    -8.716564e-03
6.521739e+00    -8.691717e-03
6.533952e+00    -8.663809e-03
6.546165e+00    -8.632851e-03
6.558378e+00    -8.598844e-03
6.570591e+00    -8.561803e-03
6.582804e+00    -8.521739e-03
6.595017e+00    -8.478672e-03
6.607230e+00    -8.432617e-03
6.619443e+00    -8.383600e-03
6.631656e+00    -8.331638e-03
6.643869e+00    -8.276761e-03
6.656082e+00    -8.218996e-03
6.668295e+00    -8.158379e-03
6.680508e+00    -8.094940e-03
6.692721e+00    -8.028715e-03
6.704934e+00    -7.959749e-03
6.717147e+00    -7.888061e-03
6.729360e+00    -7.813714e-03
6.741573e+00    -7.736750e-03
6.753786e+00    -7.657212e-03
6.765999e+00    -7.575152e-03
6.778212e+00    -7.490614e-03
6.790425e+00    -7.403661e-03
6.802638e+00    -7.314334e-03
6.814851e+00    -7.222704e-03
6.827064e+00    -7.128815e-03
6.839277e+00    -7.032739e-03
6.851490e+00    -6.934527e-03
6.863703e+00    -6.834249e-03
6.875916e+00    -6.731967e-03
6.888129e+00    -6.627741e-03
6.900342e+00    -6.521644e-03
6.912555e+00    -6.413742e-03
6.924768e+00    -6.304100e-03
6.936981e+00    -6.192797e-03
6.949194e+00    -6.079888e-03
6.961407e+00    -5.965467e-03
6.973620e+00    -5.849585e-03
6.985833e+00    -5.732330e-03
6.998046e+00    -5.613764e-03
7.010259e+00    -5.493971e-03
7.022472e+00    -5.373019e-03
7.034685e+00    -5.250991e-03
7.046898e+00    -5.127952e-03
7.059111e+00    -5.003991e-03
7.071324e+00    -4.879169e-03
7.083537e+00    -4.753576e-03
7.095750e+00    -4.627286e-03
7.107963e+00    -4.500353e-03
7.120176e+00    -4.372877e-03
7.132389e+00    -4.244934e-03
7.144602e+00    -4.116583e-03
7.156815e+00    -3.987913e-03
7.169028e+00    -3.858992e-03
7.181241e+00    -3.729898e-03
7.193454e+00    -3.600697e-03
7.205667e+00    -3.471470e-03
7.217880e+00    -3.342283e-03
7.230093e+00    -3.213213e-03
7.242306e+00    -3.084323e-03
7.254519e+00    -2.955690e-03
7.266732e+00    -2.827376e-03
7.278944e+00    -2.699455e-03
7.291158e+00    -2.571985e-03
7.303371e+00    -2.445037e-03
7.315584e+00    -2.318679e-03
7.327797e+00    -2.192966e-03
7.340010e+00    -2.067968e-03
7.352223e+00    -1.943731e-03
7.364436e+00    -1.820332e-03
7.376649e+00    -1.697813e-03
7.388862e+00    -1.576239e-03
7.401075e+00    -1.455666e-03
7.413288e+00    -1.336134e-03
7.425501e+00    -1.217703e-03
7.437714e+00    -1.100432e-03
7.449927e+00    -9.843534e-04
7.462140e+00    -8.695219e-04
7.474353e+00    -7.559755e-04
7.486566e+00    -6.437690e-04
7.498779e+00    -5.329315e-04
7.510992e+00    -4.235110e-04
7.523205e+00    -3.155383e-04
7.535418e+00    -2.090562e-04
7.547631e+00    -1.040914e-04
7.559844e+00    -6.842038e-07
7.572057e+00    1.011468e-04
7.584270e+00    2.013581e-04
7.596483e+00    2.999348e-04
7.608696e+00    3.968464e-04
7.620909e+00    4.920721e-04
7.633121e+00    5.855867e-04
7.645335e+00    6.773797e-04
7.657547e+00    7.674243e-04
7.669761e+00    8.557107e-04
7.681973e+00    9.422219e-04
7.694187e+00    1.026946e-03
7.706399e+00    1.109869e-03
7.718613e+00    1.190999e-03
7.730825e+00    1.270309e-03
7.743039e+00    1.347806e-03
7.755251e+00    1.423480e-03
7.767465e+00    1.497336e-03
7.779677e+00    1.569369e-03
7.791891e+00    1.639585e-03
7.804103e+00    1.707976e-03
7.816317e+00    1.774567e-03
7.828529e+00    1.839345e-03
7.840743e+00    1.902330e-03
7.852955e+00    1.963524e-03
7.865169e+00    2.022943e-03
7.877381e+00    2.080597e-03
7.889595e+00    2.136504e-03
7.901807e+00    2.190675e-03
7.914021e+00    2.243120e-03
7.926233e+00    2.293865e-03
7.938447e+00    2.342928e-03
7.950659e+00    2.390321e-03
7.962873e+00    2.436079e-03
7.975085e+00    2.480215e-03
7.987298e+00    2.522750e-03
7.999511e+00    2.563707e-03
8.011724e+00    2.603121e-03
8.023937e+00    2.641009e-03
8.036150e+00    2.677398e-03
8.048364e+00    2.712320e-03
8.060576e+00    2.745799e-03
8.072789e+00    2.777863e-03
8.085002e+00    2.808545e-03
8.097216e+00    2.837875e-03
8.109428e+00    2.865876e-03
8.121641e+00    2.892588e-03
8.133854e+00    2.918036e-03
8.146068e+00    2.942258e-03
8.158280e+00    2.965280e-03
8.170493e+00    2.987136e-03
8.182706e+00    3.007857e-03
8.194920e+00    3.027484e-03
8.207132e+00    3.046039e-03
8.219345e+00    3.063560e-03
8.231558e+00    3.080081e-03
8.243772e+00    3.095633e-03
8.255984e+00    3.110248e-03
8.268197e+00    3.123960e-03
8.280410e+00    3.136802e-03
8.292624e+00    3.148810e-03
8.304836e+00    3.160007e-03
8.317049e+00    3.170433e-03
8.329262e+00    3.180114e-03
8.341475e+00    3.189088e-03
8.353688e+00    3.197380e-03
8.365901e+00    3.205023e-03
8.378115e+00    3.212046e-03
8.390327e+00    3.218477e-03
8.402540e+00    3.224354e-03
8.414753e+00    3.229686e-03
8.426967e+00    3.234520e-03
8.439179e+00    3.238872e-03
8.451392e+00    3.242774e-03
8.463605e+00    3.246249e-03
8.475819e+00    3.249323e-03
8.488031e+00    3.252021e-03
8.500244e+00    3.254365e-03
8.512457e+00    3.256375e-03
8.524671e+00    3.258076e-03
8.536883e+00    3.259493e-03
8.549096e+00    3.260639e-03
8.561309e+00    3.261536e-03
8.573523e+00    3.262203e-03
8.585735e+00    3.262656e-03
8.597948e+00    3.262924e-03
8.610161e+00    3.262990e-03
8.622375e+00    3.262901e-03
8.634587e+00    3.262658e-03
8.646800e+00    3.262277e-03
8.659013e+00    3.261766e-03
8.671227e+00    3.261140e-03
8.683439e+00    3.260404e-03
8.695652e+00    3.259572e-03
8.707865e+00    3.258648e-03
8.720078e+00    3.257645e-03
8.732291e+00    3.256561e-03
8.744504e+00    3.255406e-03
8.756717e+00    3.254185e-03
8.768930e+00    3.252899e-03
8.781143e+00    3.251548e-03
8.793356e+00    3.250140e-03
8.805569e+00    3.248668e-03
8.817782e+00    3.247136e-03
8.829995e+00    3.245543e-03
8.842208e+00    3.243888e-03
8.854421e+00    3.242162e-03
8.866634e+00    3.240367e-03
8.878847e+00    3.238496e-03
8.891060e+00    3.236546e-03
8.903273e+00    3.234510e-03
8.915486e+00    3.232376e-03
8.927699e+00    3.230143e-03
8.939912e+00    3.227798e-03
8.952125e+00    3.225335e-03
8.964338e+00    3.222745e-03
8.976551e+00    3.220015e-03
8.988764e+00    3.217134e-03
9.000977e+00    3.214098e-03
9.013190e+00    3.210879e-03
9.025403e+00    3.207484e-03
9.037616e+00    3.203884e-03
9.049829e+00    3.200076e-03
9.062042e+00    3.196036e-03
9.074255e+00    3.191762e-03
9.086468e+00    3.187229e-03
9.098680e+00    3.182424e-03
9.110894e+00    3.177340e-03
9.123107e+00    3.171952e-03
9.135320e+00    3.166248e-03
9.147532e+00    3.160210e-03
9.159746e+00    3.153825e-03
9.171959e+00    3.147076e-03
9.184172e+00    3.139943e-03
9.196384e+00    3.132415e-03
9.208598e+00    3.124470e-03
9.220811e+00    3.116092e-03
9.233024e+00    3.107271e-03
9.245236e+00    3.097986e-03
9.257450e+00    3.088221e-03
9.269663e+00    3.077958e-03
9.281876e+00    3.067184e-03
9.294088e+00    3.055880e-03
9.306302e+00    3.044035e-03
9.318515e+00    3.031632e-03
9.330728e+00    3.018654e-03
9.342940e+00    3.005085e-03
9.355154e+00    2.990912e-03
9.367367e+00    2.976126e-03
9.379580e+00    2.960705e-03
9.391793e+00    2.944640e-03
9.404006e+00    2.927918e-03
9.416219e+00    2.910529e-03
9.428432e+00    2.892455e-03
9.440645e+00    2.873688e-03
9.452858e+00    2.854220e-03
9.465071e+00    2.834037e-03
9.477283e+00    2.813131e-03
9.489497e+00    2.791491e-03
9.501710e+00    2.769108e-03
9.513923e+00    2.745979e-03
9.526135e+00    2.722092e-03
9.538349e+00    2.697442e-03
9.550562e+00    2.672028e-03
9.562775e+00    2.645836e-03
9.574987e+00    2.618864e-03
9.587201e+00    2.591114e-03
9.599414e+00    2.562584e-03
9.611627e+00    2.533261e-03
9.623839e+00    2.503153e-03
9.636053e+00    2.472254e-03
9.648266e+00    2.440567e-03
9.660479e+00    2.408098e-03
9.672691e+00    2.374840e-03
9.684905e+00    2.340796e-03
9.697118e+00    2.305977e-03
9.709331e+00    2.270380e-03
9.721543e+00    2.234016e-03
9.733757e+00    2.196881e-03
9.745970e+00    2.158996e-03
9.758183e+00    2.120357e-03
9.770395e+00    2.080977e-03
9.782609e+00    2.040858e-03
9.794822e+00    2.000022e-03
9.807034e+00    1.958471e-03
9.819247e+00    1.916217e-03
9.831461e+00    1.873271e-03
9.843674e+00    1.829651e-03
9.855886e+00    1.785370e-03
9.868099e+00    1.740438e-03
9.880313e+00    1.694871e-03
9.892526e+00    1.648689e-03
9.904738e+00    1.601907e-03
9.916951e+00    1.554534e-03
9.929165e+00    1.506594e-03
9.941378e+00    1.458107e-03
9.953590e+00    1.409094e-03
9.965803e+00    1.359572e-03
9.978017e+00    1.309555e-03
9.990230e+00    1.259074e-03
1.000244e+01    1.208146e-03
1.001466e+01    1.156792e-03
1.002687e+01    1.105033e-03
1.003908e+01    1.052896e-03
1.005129e+01    1.000405e-03
1.006351e+01    9.475812e-04
1.007572e+01    8.944466e-04
1.008793e+01    8.410300e-04
1.010015e+01    7.873427e-04
1.011236e+01    7.334497e-04
1.012457e+01    6.793282e-04
1.013679e+01    6.250347e-04
1.014900e+01    5.705821e-04
1.016121e+01    5.160035e-04
1.017342e+01    4.613173e-04
1.018564e+01    4.065617e-04
1.019785e+01    3.517531e-04
1.021006e+01    2.969324e-04
1.022228e+01    2.421092e-04
1.023449e+01    1.873254e-04
1.024670e+01    1.326014e-04
1.025891e+01    7.796785e-05
1.027113e+01    2.344428e-05
1.028334e+01    -3.092683e-05
1.029555e+01    -8.513576e-05
1.030777e+01    -1.391388e-04
1.031998e+01    -1.929194e-04
1.033219e+01    -2.464480e-04
1.034441e+01    -2.996919e-04
1.035662e+01    -3.526337e-04
1.036883e+01    -4.052453e-04
1.038105e+01    -4.574936e-04
1.039326e+01    -5.093606e-04
1.040547e+01    -5.608143e-04
1.041768e+01    -6.118343e-04
1.042990e+01    -6.623908e-04
1.044211e+01    -7.124629e-04
1.045432e+01    -7.620270e-04
1.046654e+01    -8.110533e-04
1.047875e+01    -8.595228e-04
1.049096e+01    -9.074166e-04
1.050318e+01    -9.547012e-04
1.051539e+01    -1.001366e-03
1.052760e+01    -1.047381e-03
1.053981e+01    -1.092728e-03
1.055203e+01    -1.137393e-03
1.056424e+01    -1.181345e-03
1.057645e+01    -1.224571e-03
1.058867e+01    -1.267050e-03
1.060088e+01    -1.308766e-03
1.061309e+01    -1.349705e-03
1.062531e+01    -1.389840e-03
1.063752e+01    -1.429165e-03
1.064973e+01    -1.467662e-03
1.066194e+01    -1.505309e-03
1.067416e+01    -1.542100e-03
1.068637e+01    -1.578019e-03
1.069858e+01    -1.613056e-03
1.071080e+01    -1.647191e-03
1.072301e+01    -1.680421e-03
1.073522e+01    -1.712730e-03
1.074744e+01    -1.744114e-03
1.075965e+01    -1.774560e-03
1.077186e+01    -1.804061e-03
1.078407e+01    -1.832607e-03
1.079629e+01    -1.860192e-03
1.080850e+01    -1.886814e-03
1.082071e+01    -1.912463e-03
1.083293e+01    -1.937137e-03
1.084514e+01    -1.960834e-03
1.085735e+01    -1.983545e-03
1.086957e+01    -2.005270e-03
1.088178e+01    -2.026011e-03
1.089399e+01    -2.045766e-03
1.090620e+01    -2.064531e-03
1.091842e+01    -2.082310e-03
1.093063e+01    -2.099105e-03
1.094284e+01    -2.114915e-03
1.095506e+01    -2.129746e-03
1.096727e+01    -2.143603e-03
1.097948e+01    -2.156482e-03
1.099170e+01    -2.168394e-03
1.100391e+01    -2.179350e-03
1.101612e+01    -2.189345e-03
1.102833e+01    -2.198393e-03
1.104055e+01    -2.206501e-03
1.105276e+01    -2.213672e-03
1.106497e+01    -2.219921e-03
1.107719e+01    -2.225255e-03
1.108940e+01    -2.229681e-03
1.110161e+01    -2.233214e-03
1.111382e+01    -2.235863e-03
1.112604e+01    -2.237641e-03
1.113825e+01    -2.238557e-03
1.115046e+01    -2.238626e-03
1.116268e+01    -2.237859e-03
1.117489e+01    -2.236271e-03
1.118710e+01    -2.233879e-03
1.119932e+01    -2.230690e-03
1.121153e+01    -2.226725e-03
1.122374e+01    -2.221996e-03
1.123596e+01    -2.216518e-03
1.124817e+01    -2.210310e-03
1.126038e+01    -2.203387e-03
1.127259e+01    -2.195764e-03
1.128481e+01    -2.187457e-03
1.129702e+01    -2.178486e-03
1.130923e+01    -2.168867e-03
1.132145e+01    -2.158619e-03
1.133366e+01    -2.147755e-03
1.134587e+01    -2.136298e-03
1.135808e+01    -2.124265e-03
1.137030e+01    -2.111674e-03
1.138251e+01    -2.098539e-03
1.139472e+01    -2.084883e-03
1.140694e+01    -2.070726e-03
1.141915e+01    -2.056081e-03
1.143136e+01    -2.040970e-03
1.144358e+01    -2.025412e-03
1.145579e+01    -2.009425e-03
1.146800e+01    -1.993026e-03
1.148022e+01    -1.976236e-03
1.149243e+01    -1.959073e-03
1.150464e+01    -1.941553e-03
1.151685e+01    -1.923696e-03
1.152907e+01    -1.905522e-03
1.154128e+01    -1.887048e-03
1.155349e+01    -1.868290e-03
1.156571e+01    -1.849267e-03
1.157792e+01    -1.829997e-03
1.159013e+01    -1.810495e-03
1.160234e+01    -1.790788e-03
1.161456e+01    -1.770873e-03
1.162677e+01    -1.750784e-03
1.163898e+01    -1.730533e-03
1.165120e+01    -1.710133e-03
1.166341e+01    -1.689605e-03
1.167562e+01    -1.668961e-03
1.168784e+01    -1.648217e-03
1.170005e+01    -1.627386e-03
1.171226e+01    -1.606486e-03
1.172447e+01    -1.585530e-03
1.173669e+01    -1.564534e-03
1.174890e+01    -1.543507e-03
1.176111e+01    -1.522462e-03
1.177333e+01    -1.501418e-03
1.178554e+01    -1.480381e-03
1.179775e+01    -1.459364e-03
1.180997e+01    -1.438388e-03
1.182218e+01    -1.417449e-03
1.183439e+01    -1.396569e-03
1.184660e+01    -1.375754e-03
1.185882e+01    -1.355015e-03
1.187103e+01    -1.334358e-03
1.188324e+01    -1.313797e-03
1.189546e+01    -1.293342e-03
1.190767e+01    -1.272994e-03
1.191988e+01    -1.252767e-03
1.193210e+01    -1.232666e-03
1.194431e+01    -1.212698e-03
1.195652e+01    -1.192868e-03
1.196873e+01    -1.173186e-03
1.198095e+01    -1.153655e-03
1.199316e+01    -1.134281e-03
1.200537e+01    -1.115068e-03
1.201759e+01    -1.096017e-03
1.202980e+01    -1.077142e-03
1.204201e+01    -1.058440e-03
1.205423e+01    -1.039912e-03
1.206644e+01    -1.021563e-03
1.207865e+01    -1.003395e-03
1.209086e+01    -9.854113e-04
1.210308e+01    -9.676036e-04
1.211529e+01    -9.499985e-04
1.212750e+01    -9.325732e-04
1.213972e+01    -9.153336e-04
1.215193e+01    -8.982798e-04
1.216414e+01    -8.814165e-04
1.217636e+01    -8.647384e-04
1.218857e+01    -8.482509e-04
1.220078e+01    -8.319360e-04
1.221299e+01    -8.158121e-04
1.222521e+01    -7.998669e-04
1.223742e+01    -7.841014e-04
1.224963e+01    -7.685115e-04
1.226185e+01    -7.530959e-04
1.227406e+01    -7.378504e-04
1.228627e+01    -7.227728e-04
1.229849e+01    -7.078624e-04
1.231070e+01    -6.931050e-04
1.232291e+01    -6.785108e-04
1.233512e+01    -6.640712e-04
1.234734e+01    -6.497710e-04
1.235955e+01    -6.356222e-04
1.237176e+01    -6.216129e-04
1.238398e+01    -6.077381e-04
1.239619e+01    -5.939929e-04
1.240840e+01    -5.803753e-04
1.242062e+01    -5.668760e-04
1.243283e+01    -5.534922e-04
1.244504e+01    -5.402219e-04
1.245725e+01    -5.270554e-04
1.246947e+01    -5.139895e-04
1.248168e+01    -5.010180e-04
1.249389e+01    -4.881450e-04
1.250611e+01    -4.753396e-04
1.251832e+01    -4.626212e-04
1.253053e+01    -4.499761e-04
1.254275e+01    -4.374014e-04
1.255496e+01    -4.248896e-04
1.256717e+01    -4.124333e-04
1.257938e+01    -4.000329e-04
1.259160e+01    -3.876814e-04
1.260381e+01    -3.753684e-04
1.261602e+01    -3.631008e-04
1.262824e+01    -3.508618e-04
1.264045e+01    -3.386512e-04
1.265266e+01    -3.264675e-04
1.266488e+01    -3.143017e-04
1.267709e+01    -3.021525e-04
1.268930e+01    -2.900173e-04
1.270151e+01    -2.778881e-04
1.271373e+01    -2.657592e-04
1.272594e+01    -2.536344e-04
1.273815e+01    -2.415054e-04
1.275037e+01    -2.293674e-04
1.276258e+01    -2.172249e-04
1.277479e+01    -2.050695e-04
1.278701e+01    -1.928985e-04
1.279922e+01    -1.807064e-04
1.281143e+01    -1.685008e-04
1.282364e+01    -1.562712e-04
1.283586e+01    -1.440200e-04
1.284807e+01    -1.317423e-04
1.286028e+01    -1.194411e-04
1.287250e+01    -1.071103e-04
1.288471e+01    -9.475525e-05
1.289692e+01    -8.236904e-05
1.290914e+01    -6.995314e-05
1.292135e+01    -5.751544e-05
1.293356e+01    -4.504487e-05
1.294577e+01    -3.254811e-05
1.295799e+01    -2.002136e-05
1.297020e+01    -7.472470e-06
1.298241e+01    5.103559e-06
1.299463e+01    1.770152e-05
1.300684e+01    3.032268e-05
1.301905e+01    4.296226e-05
1.303127e+01    5.561818e-05
1.304348e+01    6.829431e-05
1.305569e+01    8.097808e-05
1.306790e+01    9.366978e-05
1.308012e+01    1.063726e-04
1.309233e+01    1.190772e-04
1.310454e+01    1.317829e-04
1.311676e+01    1.444813e-04
1.312897e+01    1.571749e-04
1.314118e+01    1.698517e-04
1.315340e+01    1.825151e-04
1.316561e+01    1.951583e-04
1.317782e+01    2.077718e-04
1.319003e+01    2.203540e-04
1.320225e+01    2.329020e-04
1.321446e+01    2.454145e-04
1.322667e+01    2.578755e-04
1.323889e+01    2.702838e-04
1.325110e+01    2.826339e-04
1.326331e+01    2.949223e-04
1.327553e+01    3.071421e-04
1.328774e+01    3.192822e-04
1.329995e+01    3.313423e-04
1.331216e+01    3.433172e-04
1.332438e+01    3.551966e-04
1.333659e+01    3.669733e-04
1.334880e+01    3.786430e-04
1.336102e+01    3.901991e-04
1.337323e+01    4.016349e-04
1.338544e+01    4.129436e-04
1.339766e+01    4.241248e-04
1.340987e+01    4.351567e-04
1.342208e+01    4.460473e-04
1.343429e+01    4.567818e-04
1.344651e+01    4.673576e-04
1.345872e+01    4.777671e-04
1.347093e+01    4.880029e-04
1.348315e+01    4.980575e-04
1.349536e+01    5.079258e-04
1.350757e+01    5.176028e-04
1.351978e+01    5.270818e-04
1.353200e+01    5.363504e-04
1.354421e+01    5.454136e-04
1.355642e+01    5.542533e-04
1.356864e+01    5.628719e-04
1.358085e+01    5.712620e-04
1.359306e+01    5.794127e-04
1.360528e+01    5.873222e-04
1.361749e+01    5.949902e-04
1.362970e+01    6.024026e-04
1.364192e+01    6.095602e-04
1.365413e+01    6.164533e-04
1.366634e+01    6.230806e-04
1.367855e+01    6.294376e-04
1.369077e+01    6.355180e-04
1.370298e+01    6.413188e-04
1.371519e+01    6.468352e-04
1.372741e+01    6.520594e-04
1.373962e+01    6.569930e-04
1.375183e+01    6.616316e-04
1.376404e+01    6.659768e-04
1.377626e+01    6.700149e-04
1.378847e+01    6.737508e-04
1.380068e+01    6.771832e-04
1.381290e+01    6.803020e-04
1.382511e+01    6.831129e-04
1.383732e+01    6.856110e-04
1.384954e+01    6.877953e-04
1.386175e+01    6.896666e-04
1.387396e+01    6.912199e-04
1.388618e+01    6.924570e-04
1.389839e+01    6.933754e-04
1.391060e+01    6.939787e-04
1.392281e+01    6.942648e-04
1.393503e+01    6.942354e-04
1.394724e+01    6.938883e-04
1.395945e+01    6.932274e-04
1.397167e+01    6.922521e-04
1.398388e+01    6.909644e-04
1.399609e+01    6.893708e-04
1.400830e+01    6.874610e-04
1.402052e+01    6.852490e-04
1.403273e+01    6.827323e-04
1.404494e+01    6.799169e-04
1.405716e+01    6.768026e-04
1.406937e+01    6.733936e-04
1.408158e+01    6.696950e-04
1.409380e+01    6.657075e-04
1.410601e+01    6.614446e-04
1.411822e+01    6.568942e-04
1.413043e+01    6.520735e-04
1.414265e+01    6.469841e-04
1.415486e+01    6.416309e-04
1.416707e+01    6.360192e-04
1.417929e+01    6.301535e-04
1.419150e+01    6.240465e-04
1.420371e+01    6.176862e-04
1.421593e+01    6.110954e-04
1.422814e+01    6.042779e-04
1.424035e+01    5.972346e-04
1.425256e+01    5.899784e-04
1.426478e+01    5.825087e-04
1.427699e+01    5.748404e-04
1.428920e+01    5.669775e-04
1.430142e+01    5.589246e-04
1.431363e+01    5.506915e-04
1.432584e+01    5.422867e-04
1.433806e+01    5.337155e-04
1.435027e+01    5.249885e-04
1.436248e+01    5.161100e-04
1.437469e+01    5.070923e-04
1.438691e+01    4.979410e-04
1.439912e+01    4.886633e-04
1.441133e+01    4.792690e-04
1.442355e+01    4.697663e-04
1.443576e+01    4.601637e-04
1.444797e+01    4.504694e-04
1.446019e+01    4.406889e-04
1.447240e+01    4.308353e-04
1.448461e+01    4.209173e-04
1.449682e+01    4.109388e-04
1.450904e+01    4.009125e-04
1.452125e+01    3.908427e-04
1.453346e+01    3.807411e-04
1.454568e+01    3.706180e-04
1.455789e+01    3.604779e-04
1.457010e+01    3.503256e-04
1.458232e+01    3.401790e-04
1.459453e+01    3.300382e-04
1.460674e+01    3.199159e-04
1.461895e+01    3.098192e-04
1.463117e+01    2.997556e-04
1.464338e+01    2.897319e-04
1.465559e+01    2.797556e-04
1.466781e+01    2.698380e-04
1.468002e+01    2.599813e-04
1.469223e+01    2.501993e-04
1.470445e+01    2.404914e-04
1.471666e+01    2.308666e-04
1.472887e+01    2.213402e-04
1.474109e+01    2.119067e-04
1.475330e+01    2.025840e-04
1.476551e+01    1.933700e-04
1.477772e+01    1.842751e-04
1.478994e+01    1.753019e-04
1.480215e+01    1.664592e-04
1.481436e+01    1.577551e-04
1.482658e+01    1.491917e-04
1.483879e+01    1.407705e-04
1.485100e+01    1.325039e-04
1.486321e+01    1.243894e-04
1.487543e+01    1.164402e-04
1.488764e+01    1.086492e-04
1.489985e+01    1.010353e-04
1.491207e+01    9.359088e-05
1.492428e+01    8.632264e-05
1.493649e+01    7.923138e-05
1.494871e+01    7.232737e-05
1.496092e+01    6.561055e-05
1.497313e+01    5.907616e-05
1.498534e+01    5.273449e-05
1.499756e+01    4.658512e-05
1.500977e+01    4.063723e-05
1.502198e+01    3.488268e-05
1.503420e+01    2.932691e-05
1.504641e+01    2.396983e-05
1.505862e+01    1.881326e-05
1.507084e+01    1.385867e-05
1.508305e+01    9.106884e-06
1.509526e+01    4.555031e-06
1.510747e+01    2.057777e-07
1.511969e+01    -3.941654e-06
1.513190e+01    -7.890642e-06
1.514411e+01    -1.163543e-05
1.515633e+01    -1.518264e-05
1.516854e+01    -1.853043e-05
1.518075e+01    -2.168333e-05
1.519297e+01    -2.463881e-05
1.520518e+01    -2.740461e-05
1.521739e+01    -2.997753e-05
1.522960e+01    -3.236090e-05
1.524182e+01    -3.455842e-05
1.525403e+01    -3.657270e-05
1.526624e+01    -3.840585e-05
1.527846e+01    -4.006226e-05
1.529067e+01    -4.154257e-05
1.530288e+01    -4.285234e-05
1.531509e+01    -4.399818e-05
1.532731e+01    -4.497631e-05
1.533952e+01    -4.579797e-05
1.535173e+01    -4.646295e-05
1.536395e+01    -4.697813e-05
1.537616e+01    -4.734626e-05
1.538837e+01    -4.757140e-05
1.540059e+01    -4.766091e-05
1.541280e+01    -4.761236e-05
1.542501e+01    -4.744504e-05
1.543723e+01    -4.715056e-05
1.544944e+01    -4.673769e-05
1.546165e+01    -4.621529e-05
1.547386e+01    -4.558479e-05
1.548608e+01    -4.485131e-05
1.549829e+01    -4.402196e-05
1.551050e+01    -4.310533e-05
1.552272e+01    -4.210017e-05
1.553493e+01    -4.101427e-05
1.554714e+01    -3.985830e-05
1.555935e+01    -3.863337e-05
1.557157e+01    -3.734609e-05
1.558378e+01    -3.600253e-05
1.559599e+01    -3.460320e-05
1.560821e+01    -3.316405e-05
1.562042e+01    -3.168336e-05
1.563263e+01    -3.016832e-05
1.564485e+01    -2.862531e-05
1.565706e+01    -2.705872e-05
1.566927e+01    -2.547747e-05
1.568149e+01    -2.388443e-05
1.569370e+01    -2.228700e-05
1.570591e+01    -2.068399e-05
1.571812e+01    -1.908056e-05
1.573034e+01    -1.750565e-05
1.574255e+01    -1.593380e-05
1.575476e+01    -1.438453e-05
1.576698e+01    -1.286121e-05
1.577919e+01    -1.136860e-05
1.579140e+01    -9.911162e-06
1.580362e+01    -8.493926e-06
1.581583e+01    -7.120991e-06
1.582804e+01    -5.797892e-06
1.584025e+01    -4.528712e-06
1.585247e+01    -3.315676e-06
1.586468e+01    -2.165194e-06
1.587689e+01    -1.081635e-06
1.588911e+01    -7.195013e-08
1.590132e+01    8.759598e-07
1.591353e+01    1.741768e-06
1.592575e+01    2.526722e-06
1.593796e+01    3.229614e-06
1.595017e+01    3.845129e-06
1.596238e+01    4.373636e-06
1.597460e+01    4.810383e-06
1.598681e+01    5.151222e-06
1.599902e+01    5.395679e-06
1.601124e+01    5.543225e-06
1.602345e+01    5.590155e-06
1.603566e+01    5.533897e-06
1.604787e+01    5.374848e-06
1.606009e+01    5.112961e-06
1.607230e+01    4.742282e-06
1.608451e+01    4.263804e-06
1.609673e+01    3.678468e-06
1.610894e+01    2.989458e-06
1.612115e+01    2.183207e-06
1.613337e+01    1.271590e-06
1.614558e+01    2.525430e-07
1.615779e+01    -8.785337e-07
1.617001e+01    -2.116232e-06
1.618222e+01    -3.464480e-06
1.619443e+01    -4.916008e-06
1.620664e+01    -6.477523e-06
1.621886e+01    -8.144714e-06
1.623107e+01    -9.913862e-06
1.624328e+01    -1.178752e-05
1.625550e+01    -1.376240e-05
1.626771e+01    -1.583375e-05
1.627992e+01    -1.800559e-05
1.629214e+01    -2.027184e-05
1.630435e+01    -2.263473e-05
1.631656e+01    -2.508398e-05
1.632877e+01    -2.762198e-05
1.634099e+01    -3.025033e-05
1.635320e+01    -3.295532e-05
1.636541e+01    -3.574132e-05
1.637763e+01    -3.860639e-05
1.638984e+01    -4.153926e-05
1.640205e+01    -4.454948e-05
1.641426e+01    -4.762185e-05
1.642648e+01    -5.075652e-05
1.643869e+01    -5.394992e-05
1.645090e+01    -5.720212e-05
1.646312e+01    -6.050449e-05
1.647533e+01    -6.385467e-05
1.648754e+01    -6.724657e-05
1.649976e+01    -7.067515e-05
1.651197e+01    -7.414468e-05
1.652418e+01    -7.764225e-05
1.653639e+01    -8.116687e-05
1.654861e+01    -8.471037e-05
1.656082e+01    -8.827515e-05
1.657303e+01    -9.184972e-05
1.658525e+01    -9.543236e-05
1.659746e+01    -9.901846e-05
1.660967e+01    -1.026066e-04
1.662189e+01    -1.061842e-04
1.663410e+01    -1.097574e-04
1.664631e+01    -1.133096e-04
1.665853e+01    -1.168469e-04
1.667074e+01    -1.203597e-04
1.668295e+01    -1.238405e-04
1.669516e+01    -1.272888e-04
1.670738e+01    -1.306989e-04
1.671959e+01    -1.340679e-04
1.673180e+01    -1.373879e-04
1.674402e+01    -1.406569e-04
1.675623e+01    -1.438702e-04
1.676844e+01    -1.470224e-04
1.678065e+01    -1.501118e-04
1.679287e+01    -1.531294e-04
1.680508e+01    -1.560756e-04
1.681729e+01    -1.589444e-04
1.682951e+01    -1.617315e-04
1.684172e+01    -1.644328e-04
1.685393e+01    -1.670463e-04
1.686615e+01    -1.695672e-04
1.687836e+01    -1.719908e-04
1.689057e+01    -1.743096e-04
1.690278e+01    -1.765341e-04
1.691500e+01    -1.786489e-04
1.692721e+01    -1.806541e-04
1.693942e+01    -1.825460e-04
1.695164e+01    -1.843233e-04
1.696385e+01    -1.859811e-04
1.697606e+01    -1.875176e-04
1.698828e+01    -1.889291e-04
1.700049e+01    -1.902160e-04
1.701270e+01    -1.913763e-04
1.702491e+01    -1.924057e-04
1.703713e+01    -1.933003e-04
1.704934e+01    -1.940623e-04
1.706155e+01    -1.946888e-04
1.707377e+01    -1.951765e-04
1.708598e+01    -1.955298e-04
1.709819e+01    -1.957439e-04
1.711040e+01    -1.958108e-04
1.712262e+01    -1.957411e-04
1.713483e+01    -1.955283e-04
1.714705e+01    -1.951716e-04
1.715926e+01    -1.946716e-04
1.717147e+01    -1.940295e-04
1.718368e+01    -1.932453e-04
1.719590e+01    -1.923217e-04
1.720811e+01    -1.912470e-04
1.722032e+01    -1.900324e-04
1.723254e+01    -1.886774e-04
1.724475e+01    -1.871788e-04
1.725696e+01    -1.855424e-04
1.726917e+01    -1.837684e-04
1.728139e+01    -1.818528e-04
1.729360e+01    -1.798045e-04
1.730581e+01    -1.776126e-04
1.731803e+01    -1.752996e-04
1.733024e+01    -1.728489e-04
1.734245e+01    -1.702713e-04
1.735467e+01    -1.675636e-04
1.736688e+01    -1.647310e-04
1.737909e+01    -1.617774e-04
1.739130e+01    -1.587024e-04
1.740352e+01    -1.555071e-04
1.741573e+01    -1.522001e-04
1.742794e+01    -1.487810e-04
1.744016e+01    -1.452514e-04
1.745237e+01    -1.416163e-04
1.746458e+01    -1.378798e-04
1.747680e+01    -1.340434e-04
1.748901e+01    -1.301091e-04
1.750122e+01    -1.260861e-04
1.751343e+01    -1.219699e-04
1.752565e+01    -1.177682e-04
1.753786e+01    -1.134908e-04
1.755007e+01    -1.091309e-04
1.756229e+01    -1.046978e-04
1.757450e+01    -1.001967e-04
1.758671e+01    -9.562558e-05
1.759892e+01    -9.100053e-05
1.761114e+01    -8.631069e-05
1.762335e+01    -8.157182e-05
1.763556e+01    -7.678474e-05
1.764778e+01    -7.195036e-05
1.765999e+01    -6.707735e-05
1.767220e+01    -6.216716e-05
1.768442e+01    -5.722482e-05
1.769663e+01    -5.225299e-05
1.770884e+01    -4.726382e-05
1.772106e+01    -4.224688e-05
1.773327e+01    -3.722993e-05
1.774548e+01    -3.219512e-05
1.775769e+01    -2.715489e-05
1.776991e+01    -2.211347e-05
1.778212e+01    -1.707745e-05
1.779433e+01    -1.204625e-05
1.780655e+01    -7.032817e-06
1.781876e+01    -2.026754e-06
1.783097e+01    2.954235e-06
1.784319e+01    7.911773e-06
1.785540e+01    1.284114e-05
1.786761e+01    1.773645e-05
1.787982e+01    2.259747e-05
1.789204e+01    2.741673e-05
1.790425e+01    3.218981e-05
1.791646e+01    3.691528e-05
1.792868e+01    4.159160e-05
1.794089e+01    4.620762e-05
1.795310e+01    5.076800e-05
1.796531e+01    5.526404e-05
1.797753e+01    5.969580e-05
1.798974e+01    6.405765e-05
1.800196e+01    6.834754e-05
1.801417e+01    7.255950e-05
1.802638e+01    7.669760e-05
1.803859e+01    8.074606e-05
1.805081e+01    8.471886e-05
1.806302e+01    8.860047e-05
1.807523e+01    9.239360e-05
1.808744e+01    9.609383e-05
1.809966e+01    9.970166e-05
1.811187e+01    1.032072e-04
1.812408e+01    1.066245e-04
1.813630e+01    1.099342e-04
1.814851e+01    1.131451e-04
1.816072e+01    1.162496e-04
1.817294e+01    1.192507e-04
1.818515e+01    1.221418e-04
1.819736e+01    1.249249e-04
1.820958e+01    1.275995e-04
1.822179e+01    1.301635e-04
1.823400e+01    1.326181e-04
1.824621e+01    1.349567e-04
1.825843e+01    1.371830e-04
1.827064e+01    1.392988e-04
1.828285e+01    1.412986e-04
1.829507e+01    1.431794e-04
1.830728e+01    1.449526e-04
1.831949e+01    1.466103e-04
1.833171e+01    1.481563e-04
1.834392e+01    1.495807e-04
1.835613e+01    1.508941e-04
1.836834e+01    1.520981e-04
1.838056e+01    1.531852e-04
1.839277e+01    1.541573e-04
1.840498e+01    1.550241e-04
1.841720e+01    1.557773e-04
1.842941e+01    1.564237e-04
1.844162e+01    1.569571e-04
1.845383e+01    1.573858e-04
1.846605e+01    1.577095e-04
1.847826e+01    1.579304e-04
1.849047e+01    1.580469e-04
1.850269e+01    1.580607e-04
1.851490e+01    1.579769e-04
1.852711e+01    1.577962e-04
1.853933e+01    1.575186e-04
1.855154e+01    1.571477e-04
1.856375e+01    1.566872e-04
1.857596e+01    1.561330e-04
1.858818e+01    1.554995e-04
1.860039e+01    1.547729e-04
1.861260e+01    1.539676e-04
1.862482e+01    1.530829e-04
1.863703e+01    1.521162e-04
1.864924e+01    1.510783e-04
1.866146e+01    1.499670e-04
1.867367e+01    1.487861e-04
1.868588e+01    1.475360e-04
1.869810e+01    1.462246e-04
1.871031e+01    1.448484e-04
1.872252e+01    1.434133e-04
1.873473e+01    1.419249e-04
1.874695e+01    1.403820e-04
1.875916e+01    1.387844e-04
1.877137e+01    1.371444e-04
1.878359e+01    1.354559e-04
1.879580e+01    1.337252e-04
1.880801e+01    1.319575e-04
1.882022e+01    1.301495e-04
1.883244e+01    1.283123e-04
1.884465e+01    1.264414e-04
1.885686e+01    1.245442e-04
1.886908e+01    1.226183e-04
1.888129e+01    1.206742e-04
1.889350e+01    1.187105e-04
1.890572e+01    1.167257e-04
1.891793e+01    1.147280e-04
1.893014e+01    1.127201e-04
1.894235e+01    1.107021e-04
1.895457e+01    1.086785e-04
1.896678e+01    1.066529e-04
1.897899e+01    1.046198e-04
1.899121e+01    1.025940e-04
1.900342e+01    1.005672e-04
1.901563e+01    9.854825e-05
1.902785e+01    9.653618e-05
1.904006e+01    9.453506e-05
1.905227e+01    9.254488e-05
1.906449e+01    9.057048e-05
1.907670e+01    8.860923e-05
1.908891e+01    8.666987e-05
1.910112e+01    8.474631e-05
1.911334e+01    8.284283e-05
1.912555e+01    8.097172e-05
1.913776e+01    7.912063e-05
1.914997e+01    7.729427e-05
1.916219e+01    7.549778e-05
1.917440e+01    7.372905e-05
1.918661e+01    7.199345e-05
1.919883e+01    7.028563e-05
1.921104e+01    6.861152e-05
1.922325e+01    6.697356e-05
1.923547e+01    6.536854e-05
1.924768e+01    6.379976e-05
1.925989e+01    6.226372e-05
1.927211e+01    6.076641e-05
1.928432e+01    5.931419e-05
1.929653e+01    5.788601e-05
1.930874e+01    5.650285e-05
1.932096e+01    5.515575e-05
1.933317e+01    5.385003e-05
1.934538e+01    5.258076e-05
1.935760e+01    5.135109e-05
1.936981e+01    5.015903e-05
1.938202e+01    4.900648e-05
1.939424e+01    4.789126e-05
1.940645e+01    4.681613e-05
1.941866e+01    4.577692e-05
1.943087e+01    4.477560e-05
1.944309e+01    4.381163e-05
1.945530e+01    4.288182e-05
1.946751e+01    4.198329e-05
1.947973e+01    4.112525e-05
1.949194e+01    4.029562e-05
1.950415e+01    3.950237e-05
1.951637e+01    3.873769e-05
1.952858e+01    3.800337e-05
1.954079e+01    3.729976e-05
1.955301e+01    3.662088e-05
1.956522e+01    3.597519e-05
1.957743e+01    3.534969e-05
1.958964e+01    3.475317e-05
1.960186e+01    3.417252e-05
1.961407e+01    3.361385e-05
1.962628e+01    3.307810e-05
1.963849e+01    3.256008e-05
1.965071e+01    3.205967e-05
1.966292e+01    3.157108e-05
1.967513e+01    3.109826e-05
1.968735e+01    3.063580e-05
1.969956e+01    3.018096e-05
1.971177e+01    2.973794e-05
1.972399e+01    2.929667e-05
1.973620e+01    2.886646e-05
1.974841e+01    2.843625e-05
1.976063e+01    2.800813e-05
1.977284e+01    2.757664e-05
1.978505e+01    2.714427e-05
1.979726e+01    2.670859e-05
1.980948e+01    2.626737e-05
1.982169e+01    2.581242e-05
1.983390e+01    2.535514e-05
1.984612e+01    2.488028e-05
1.985833e+01    2.439547e-05
1.987054e+01    2.389605e-05
1.988276e+01    2.337823e-05
1.989497e+01    2.283929e-05
1.990718e+01    2.228603e-05
1.991939e+01    2.170942e-05
1.993161e+01    2.110982e-05
1.994382e+01    2.048365e-05
1.995603e+01    1.983216e-05
1.996825e+01    1.915125e-05
1.998046e+01    1.844455e-05
1.999267e+01    1.770546e-05
2.000488e+01    1.693252e-05
2.001710e+01    1.612934e-05
2.002931e+01    1.529232e-05
2.004152e+01    1.441780e-05
2.005374e+01    1.350458e-05
2.006595e+01    1.255420e-05
2.007816e+01    1.156665e-05
2.009038e+01    1.053723e-05
2.010259e+01    9.469528e-06
2.011480e+01    8.363961e-06
2.012702e+01    7.211303e-06
2.013923e+01    6.015674e-06
2.015144e+01    4.779053e-06
2.016365e+01    3.497378e-06
2.017587e+01    2.169851e-06
2.018808e+01    8.010611e-07
2.020029e+01    -6.122737e-07
2.021251e+01    -2.074725e-06
2.022472e+01    -3.579494e-06
2.023693e+01    -5.129015e-06
2.024915e+01    -6.726692e-06
2.026136e+01    -8.367540e-06
2.027357e+01    -1.005165e-05
2.028578e+01    -1.177922e-05
2.029800e+01    -1.355716e-05
2.031021e+01    -1.537421e-05
2.032242e+01    -1.723478e-05
2.033464e+01    -1.913887e-05
2.034685e+01    -2.108289e-05
2.035906e+01    -2.306862e-05
2.037127e+01    -2.509832e-05
2.038349e+01    -2.716037e-05
2.039570e+01    -2.926654e-05
2.040791e+01    -3.140583e-05
2.042013e+01    -3.358334e-05
2.043234e+01    -3.579671e-05
2.044455e+01    -3.804019e-05
2.045677e+01    -4.031838e-05
2.046898e+01    -4.262657e-05
2.048119e+01    -4.496339e-05
2.049340e+01    -4.732883e-05
2.050562e+01    -4.972510e-05
2.051783e+01    -5.213363e-05
2.053004e+01    -5.457318e-05
2.054226e+01    -5.702988e-05
2.055447e+01    -5.950773e-05
2.056668e+01    -6.199981e-05
2.057890e+01    -6.450847e-05
2.059111e+01    -6.702634e-05
2.060332e+01    -6.955924e-05
2.061554e+01    -7.210286e-05
2.062775e+01    -7.464901e-05
2.063996e+01    -7.720019e-05
2.065217e+01    -7.975428e-05
2.066439e+01    -8.230525e-05
2.067660e+01    -8.484924e-05
2.068881e+01    -8.740245e-05
2.070103e+01    -8.993874e-05
2.071324e+01    -9.246842e-05
2.072545e+01    -9.498255e-05
2.073767e+01    -9.748451e-05
2.074988e+01    -9.996576e-05
2.076209e+01    -1.024325e-04
2.077430e+01    -1.048746e-04
2.078652e+01    -1.072926e-04
2.079873e+01    -1.096855e-04
2.081094e+01    -1.120534e-04
2.082316e+01    -1.143776e-04
2.083537e+01    -1.166721e-04
2.084758e+01    -1.189302e-04
2.085979e+01    -1.211545e-04
2.087201e+01    -1.233333e-04
2.088422e+01    -1.254693e-04
2.089643e+01    -1.275554e-04
2.090865e+01    -1.295985e-04
2.092086e+01    -1.315913e-04
2.093307e+01    -1.335279e-04
2.094529e+01    -1.354082e-04
2.095750e+01    -1.372351e-04
2.096971e+01    -1.389982e-04
2.098192e+01    -1.407012e-04
2.099414e+01    -1.423400e-04
2.100635e+01    -1.439152e-04
2.101856e+01    -1.454182e-04
2.103078e+01    -1.468543e-04
2.104299e+01    -1.482218e-04
2.105520e+01    -1.495111e-04
2.106742e+01    -1.507281e-04
2.107963e+01    -1.518668e-04
2.109184e+01    -1.529269e-04
2.110406e+01    -1.539079e-04
2.111627e+01    -1.548145e-04
2.112848e+01    -1.556264e-04
2.114069e+01    -1.563589e-04
2.115291e+01    -1.570074e-04
2.116512e+01    -1.575659e-04
2.117733e+01    -1.580422e-04
2.118955e+01    -1.584275e-04
2.120176e+01    -1.587215e-04
2.121397e+01    -1.589275e-04
2.122618e+01    -1.590417e-04
2.123840e+01    -1.590630e-04
2.125061e+01    -1.589948e-04
2.126282e+01    -1.588277e-04
2.127504e+01    -1.585728e-04
2.128725e+01    -1.582197e-04
2.129946e+01    -1.577782e-04
2.131168e+01    -1.572393e-04
2.132389e+01    -1.566072e-04
2.133610e+01    -1.558801e-04
2.134831e+01    -1.550592e-04
2.136053e+01    -1.541448e-04
2.137274e+01    -1.531351e-04
2.138495e+01    -1.520344e-04
2.139717e+01    -1.508409e-04
2.140938e+01    -1.495512e-04
2.142159e+01    -1.481758e-04
2.143381e+01    -1.467038e-04
2.144602e+01    -1.451456e-04
2.145823e+01    -1.434958e-04
2.147044e+01    -1.417574e-04
2.148266e+01    -1.399342e-04
2.149487e+01    -1.380238e-04
2.150708e+01    -1.360260e-04
2.151930e+01    -1.339497e-04
2.153151e+01    -1.317891e-04
2.154372e+01    -1.295450e-04
2.155593e+01    -1.272247e-04
2.156815e+01    -1.248254e-04
2.158036e+01    -1.223503e-04
2.159258e+01    -1.198028e-04
2.160479e+01    -1.171800e-04
2.161700e+01    -1.144864e-04
2.162921e+01    -1.117272e-04
2.164143e+01    -1.088995e-04
2.165364e+01    -1.060079e-04
2.166585e+01    -1.030520e-04
2.167807e+01    -1.000354e-04
2.169028e+01    -9.696327e-05
2.170249e+01    -9.383456e-05
2.171470e+01    -9.064895e-05
2.172692e+01    -8.742062e-05
2.173913e+01    -8.413268e-05
2.175134e+01    -8.080192e-05
2.176356e+01    -7.742700e-05
2.177577e+01    -7.401191e-05
2.178798e+01    -7.055586e-05
2.180020e+01    -6.706467e-05
2.181241e+01    -6.354274e-05
2.182462e+01    -5.998433e-05
2.183683e+01    -5.639920e-05
2.184905e+01    -5.279006e-05
2.186126e+01    -4.914979e-05
2.187347e+01    -4.549824e-05
2.188569e+01    -4.182717e-05
2.189790e+01    -3.813423e-05
2.191011e+01    -3.443613e-05
2.192233e+01    -3.072451e-05
2.193454e+01    -2.700521e-05
2.194675e+01    -2.328123e-05
2.195897e+01    -1.955376e-05
2.197118e+01    -1.582794e-05
2.198339e+01    -1.210773e-05
2.199560e+01    -8.391835e-06
2.200782e+01    -4.682719e-06
2.202003e+01    -9.851428e-07
2.203224e+01    2.693487e-06
2.204445e+01    6.364578e-06
2.205667e+01    1.001566e-05
2.206888e+01    1.364664e-05
2.208109e+01    1.724868e-05
2.209331e+01    2.082704e-05
2.210552e+01    2.437962e-05
2.211773e+01    2.789839e-05
2.212995e+01    3.138788e-05
2.214216e+01    3.484064e-05
2.215437e+01    3.826105e-05
2.216659e+01    4.163742e-05
2.217880e+01    4.497595e-05
2.219101e+01    4.826950e-05
2.220322e+01    5.151558e-05
2.221544e+01    5.472195e-05
2.222765e+01    5.787350e-05
2.223986e+01    6.097816e-05
2.225208e+01    6.403032e-05
2.226429e+01    6.702637e-05
2.227650e+01    6.996948e-05
2.228872e+01    7.285622e-05
2.230093e+01    7.568010e-05
2.231314e+01    7.845044e-05
2.232535e+01    8.115665e-05
2.233757e+01    8.380294e-05
2.234978e+01    8.638220e-05
2.236199e+01    8.889934e-05
2.237421e+01    9.135078e-05
2.238642e+01    9.373830e-05
2.239863e+01    9.605991e-05
2.241084e+01    9.830957e-05
2.242306e+01    1.004928e-04
2.243527e+01    1.026046e-04
2.244748e+01    1.046498e-04
2.245970e+01    1.066225e-04
2.247191e+01    1.085269e-04
2.248412e+01    1.103579e-04
2.249634e+01    1.121179e-04
2.250855e+01    1.138056e-04
2.252076e+01    1.154244e-04
2.253297e+01    1.169715e-04
2.254519e+01    1.184382e-04
2.255740e+01    1.198489e-04
2.256961e+01    1.211806e-04
2.258183e+01    1.224403e-04
2.259404e+01    1.236287e-04
2.260625e+01    1.247495e-04
2.261847e+01    1.257999e-04
2.263068e+01    1.267779e-04
2.264289e+01    1.276906e-04
2.265511e+01    1.285326e-04
2.266732e+01    1.293076e-04
2.267953e+01    1.300157e-04
2.269174e+01    1.306568e-04
2.270396e+01    1.312362e-04
2.271617e+01    1.317452e-04
2.272838e+01    1.321944e-04
2.274060e+01    1.325802e-04
2.275281e+01    1.329061e-04
2.276502e+01    1.331701e-04
2.277724e+01    1.333755e-04
2.278945e+01    1.335241e-04
2.280166e+01    1.336148e-04
2.281387e+01    1.336477e-04
2.282609e+01    1.336292e-04
2.283830e+01    1.335570e-04
2.285051e+01    1.334322e-04
2.286273e+01    1.332577e-04
2.287494e+01    1.330333e-04
2.288715e+01    1.327640e-04
2.289936e+01    1.324510e-04
2.291158e+01    1.320892e-04
2.292379e+01    1.316858e-04
2.293600e+01    1.312414e-04
2.294822e+01    1.307559e-04
2.296043e+01    1.302350e-04
2.297264e+01    1.296737e-04
2.298486e+01    1.290818e-04
2.299707e+01    1.284513e-04
2.300928e+01    1.277938e-04
2.302150e+01    1.270994e-04
2.303371e+01    1.263805e-04
2.304592e+01    1.256343e-04
2.305813e+01    1.248599e-04
2.307035e+01    1.240652e-04
2.308256e+01    1.232448e-04
2.309477e+01    1.224043e-04
2.310699e+01    1.215403e-04
2.311920e+01    1.206633e-04
2.313141e+01    1.197651e-04
2.314363e+01    1.188537e-04
2.315584e+01    1.179292e-04
2.316805e+01    1.169918e-04
2.318026e+01    1.160413e-04
2.319248e+01    1.150810e-04
2.320469e+01    1.141160e-04
2.321690e+01    1.131390e-04
2.322912e+01    1.121583e-04
2.324133e+01    1.111740e-04
2.325354e+01    1.101831e-04
2.326575e+01    1.091911e-04
2.327797e+01    1.081988e-04
2.329018e+01    1.072053e-04
2.330239e+01    1.062119e-04
2.331461e+01    1.052209e-04
2.332682e+01    1.042327e-04
2.333903e+01    1.032489e-04
2.335125e+01    1.022678e-04
2.336346e+01    1.012917e-04
2.337567e+01    1.003238e-04
2.338788e+01    9.936027e-05
2.340010e+01    9.840459e-05
2.341231e+01    9.745784e-05
2.342452e+01    9.652207e-05
2.343674e+01    9.558909e-05
2.344895e+01    9.466990e-05
2.346116e+01    9.375750e-05
2.347338e+01    9.285976e-05
2.348559e+01    9.197084e-05
2.349780e+01    9.109228e-05
2.351002e+01    9.022135e-05
2.352223e+01    8.936826e-05
2.353444e+01    8.852445e-05
2.354665e+01    8.768981e-05
2.355887e+01    8.687221e-05
2.357108e+01    8.605846e-05
2.358329e+01    8.525775e-05
2.359550e+01    8.446928e-05
2.360772e+01    8.369541e-05
2.361993e+01    8.292928e-05
2.363214e+01    8.217813e-05
2.364436e+01    8.142996e-05
2.365657e+01    8.069581e-05
2.366878e+01    7.997028e-05
2.368100e+01    7.925452e-05
2.369321e+01    7.854705e-05
2.370542e+01    7.784762e-05
2.371764e+01    7.715826e-05
2.372985e+01    7.647151e-05
2.374206e+01    7.579493e-05
2.375427e+01    7.512320e-05
2.376649e+01    7.445412e-05
2.377870e+01    7.379369e-05
2.379091e+01    7.313311e-05
2.380313e+01    7.248088e-05
2.381534e+01    7.182435e-05
2.382755e+01    7.117342e-05
2.383977e+01    7.052271e-05
2.385198e+01    6.987287e-05
2.386419e+01    6.921831e-05
2.387640e+01    6.856350e-05
2.388862e+01    6.790401e-05
2.390083e+01    6.724069e-05
2.391304e+01    6.657268e-05
2.392526e+01    6.589934e-05
2.393747e+01    6.521988e-05
2.394968e+01    6.453091e-05
2.396189e+01    6.383445e-05
2.397411e+01    6.312770e-05
2.398632e+01    6.241479e-05
2.399854e+01    6.168063e-05
2.401075e+01    6.093745e-05
2.402296e+01    6.018306e-05
2.403517e+01    5.941172e-05
2.404739e+01    5.862692e-05
2.405960e+01    5.782528e-05
2.407181e+01    5.700908e-05
2.408403e+01    5.616579e-05
2.409624e+01    5.530943e-05
2.410845e+01    5.442974e-05
2.412066e+01    5.353196e-05
2.413288e+01    5.260902e-05
2.414509e+01    5.166412e-05
2.415730e+01    5.069668e-05
2.416952e+01    4.970870e-05
2.418173e+01    4.868773e-05
2.419394e+01    4.764482e-05
2.420616e+01    4.657473e-05
2.421837e+01    4.547778e-05
2.423058e+01    4.435252e-05
2.424279e+01    4.320694e-05
2.425501e+01    4.201542e-05
2.426722e+01    4.080337e-05
2.427943e+01    3.955930e-05
2.429165e+01    3.828844e-05
2.430386e+01    3.698331e-05
2.431607e+01    3.564669e-05
2.432829e+01    3.427632e-05
2.434050e+01    3.287781e-05
2.435271e+01    3.144654e-05
2.436492e+01    2.997958e-05
2.437714e+01    2.847963e-05
2.438935e+01    2.694864e-05
2.440156e+01    2.538636e-05
2.441378e+01    2.378878e-05
2.442599e+01    2.215620e-05
2.443820e+01    2.049612e-05
2.445041e+01    1.879972e-05
2.446263e+01    1.706903e-05
2.447484e+01    1.530879e-05
2.448705e+01    1.351277e-05
2.449927e+01    1.168889e-05
2.451148e+01    9.830645e-06
2.452369e+01    7.941489e-06
2.453591e+01    6.021433e-06
2.454812e+01    4.071408e-06
2.456033e+01    2.091827e-06
2.457255e+01    8.127972e-08
2.458476e+01    -1.957549e-06
2.459697e+01    -4.025202e-06
2.460918e+01    -6.118014e-06
2.462140e+01    -8.236231e-06
2.463361e+01    -1.038207e-05
2.464582e+01    -1.255848e-05
2.465804e+01    -1.474984e-05
2.467025e+01    -1.696856e-05
2.468246e+01    -1.921006e-05
2.469468e+01    -2.147178e-05
2.470689e+01    -2.375315e-05
2.471910e+01    -2.605597e-05
2.473131e+01    -2.837586e-05
2.474353e+01    -3.071194e-05
2.475574e+01    -3.306253e-05
2.476795e+01    -3.542988e-05
2.478017e+01    -3.780915e-05
2.479238e+01    -4.020116e-05
2.480459e+01    -4.260342e-05
2.481680e+01    -4.501726e-05
2.482902e+01    -4.743344e-05
2.484123e+01    -4.986016e-05
2.485344e+01    -5.229099e-05
2.486566e+01    -5.472544e-05
2.487787e+01    -5.716457e-05
2.489008e+01    -5.960003e-05
2.490230e+01    -6.204104e-05
2.491451e+01    -6.447443e-05
2.492672e+01    -6.690521e-05
2.493893e+01    -6.933023e-05
2.495115e+01    -7.175005e-05
2.496336e+01    -7.416161e-05
2.497557e+01    -7.656348e-05
2.498779e+01    -7.895005e-05
2.500000e+01    -8.133086e-05
