0.000000e+00    -2.488977e+00
1.221299e-02    -2.487749e+00
2.442599e-02    -2.484070e+00
3.663898e-02    -2.477952e+00
4.885198e-02    -2.469418e+00
6.106497e-02    -2.458496e+00
7.327797e-02    -2.445225e+00
8.549096e-02    -2.429650e+00
9.770396e-02    -2.411827e+00
1.099169e-01    -2.391814e+00
1.221299e-01    -2.369683e+00
1.343429e-01    -2.345508e+00
1.465559e-01    -2.319370e+00
1.587689e-01    -2.291359e+00
1.709819e-01    -2.261568e+00
1.831949e-01    -2.230095e+00
1.954079e-01    -2.197047e+00
2.076209e-01    -2.162529e+00
2.198339e-01    -2.126653e+00
2.320469e-01    -2.089536e+00
2.442599e-01    -2.051294e+00
2.564729e-01    -2.012048e+00
2.686859e-01    -1.971919e+00
2.808989e-01    -1.931030e+00
2.931119e-01    -1.889503e+00
3.053249e-01    -1.847463e+00
3.175378e-01    -1.805031e+00
3.297509e-01    -1.762328e+00
3.419639e-01    -1.719476e+00
3.541768e-01    -1.676593e+00
3.663898e-01    -1.633793e+00
3.786028e-01    -1.591190e+00
3.908158e-01    -1.548892e+00
4.030288e-01    -1.507007e+00
4.152418e-01    -1.465635e+00
4.274548e-01    -1.424875e+00
4.396678e-01    -1.384818e+00
4.518808e-01    -1.345552e+00
4.640938e-01    -1.307161e+00
4.763068e-01    -1.269722e+00
4.885198e-01    -1.233305e+00
5.007328e-01    -1.197978e+00
5.129458e-01    -1.163800e+00
5.251588e-01    -1.130826e+00
5.373718e-01    -1.099105e+00
5.495847e-01    -1.068677e+00
5.617977e-01    -1.039582e+00
5.740107e-01    -1.011848e+00
5.862237e-01    -9.855006e-01
5.984367e-01    -9.605593e-01
6.106497e-01    -9.370372e-01
6.228627e-01    -9.149423e-01
6.350757e-01    -8.942769e-01
6.472887e-01    -8.750389e-01
6.595017e-01    -8.572205e-01
6.717147e-01    -8.408098e-01
6.839277e-01    -8.257898e-01
6.961407e-01    -8.121396e-01
7.083537e-01    -7.998340e-01
7.205667e-01    -7.888443e-01
7.327797e-01    -7.791381e-01
7.449927e-01    -7.706800e-01
7.572057e-01    -7.634312e-01
7.694187e-01    -7.573507e-01
7.816316e-01    -7.523951e-01
7.938446e-01    -7.485186e-01
8.060576e-01    -7.456736e-01
8.182706e-01    -7.438112e-01
8.304836e-01    -7.428809e-01
8.426966e-01    -7.428315e-01
8.549096e-01    -7.436109e-01
8.671226e-01    -7.451662e-01
8.793356e-01    -7.474445e-01
8.915486e-01    -7.503929e-01
9.037616e-01    -7.539586e-01
9.159746e-01    -7.580891e-01
9.281876e-01    -7.627324e-01
9.404006e-01    -7.678373e-01
9.526136e-01    -7.733540e-01
9.648266e-01    -7.792330e-01
9.770396e-01    -7.854265e-01
9.892526e-01    -7.918881e-01
1.001466e+00    -7.985727e-01
1.013679e+00    -8.054368e-01
1.025892e+00    -8.124390e-01
1.038105e+00    -8.195389e-01
1.050318e+00    -8.266987e-01
1.062531e+00    -8.338820e-01
1.074744e+00    -8.410543e-01
1.086957e+00    -8.481840e-01
1.099169e+00    -8.552400e-01
1.111382e+00    -8.621945e-01
1.123595e+00    -8.690214e-01
1.135808e+00    -8.756959e-01
1.148021e+00    -8.821961e-01
1.160234e+00    -8.885016e-01
1.172447e+00    -8.945940e-01
1.184660e+00    -9.004568e-01
1.196873e+00    -9.060756e-01
1.209086e+00    -9.114375e-01
1.221299e+00    -9.165312e-01
1.233512e+00    -9.213475e-01
1.245725e+00    -9.258786e-01
1.257938e+00    -9.301181e-01
1.270151e+00    -9.340615e-01
1.282364e+00    -9.377050e-01
1.294577e+00    -9.410468e-01
1.306790e+00    -9.440859e-01
1.319003e+00    -9.468226e-01
1.331216e+00    -9.492583e-01
1.343429e+00    -9.513951e-01
1.355642e+00    -9.532367e-01
1.367855e+00    -9.547867e-01
1.380068e+00    -9.560500e-01
1.392281e+00    -9.570323e-01
1.404494e+00    -9.577394e-01
1.416707e+00    -9.581780e-01
1.428920e+00    -9.583552e-01
1.441133e+00    -9.582782e-01
1.453346e+00    -9.579547e-01
1.465559e+00    -9.573928e-01
1.477772e+00    -9.566005e-01
1.489985e+00    -9.555864e-01
1.502198e+00    -9.543582e-01
1.514411e+00    -9.529250e-01
1.526624e+00    -9.512942e-01
1.538837e+00    -9.494751e-01
1.551050e+00    -9.474750e-01
1.563263e+00    -9.453025e-01
1.575476e+00    -9.429651e-01
1.587689e+00    -9.404706e-01
1.599902e+00    -9.378263e-01
1.612115e+00    -9.350393e-01
1.624328e+00    -9.321167e-01
1.636541e+00    -9.290648e-01
1.648754e+00    -9.258897e-01
1.660967e+00    -9.225979e-01
1.673180e+00    -9.191949e-01
1.685393e+00    -9.156855e-01
1.697606e+00    -9.120752e-01
1.709819e+00    -9.083683e-01
1.722032e+00    -9.045695e-01
1.734245e+00    -9.006822e-01
1.746458e+00    -8.967107e-01
1.758671e+00    -8.926579e-01
1.770884e+00    -8.885270e-01
1.783097e+00    -8.843207e-01
1.795310e+00    -8.800415e-01
1.807523e+00    -8.756915e-01
1.819736e+00    -8.712727e-01
1.831949e+00    -8.667870e-01
1.844162e+00    -8.622358e-01
1.856375e+00    -8.576201e-01
1.868588e+00    -8.529411e-01
1.880801e+00    -8.481999e-01
1.893014e+00    -8.433971e-01
1.905227e+00    -8.385333e-01
1.917440e+00    -8.336089e-01
1.929653e+00    -8.286244e-01
1.941866e+00    -8.235798e-01
1.954079e+00    -8.184758e-01
1.966292e+00    -8.133120e-01
1.978505e+00    -8.080888e-01
1.990718e+00    -8.028061e-01
2.002931e+00    -7.974642e-01
2.015144e+00    -7.920626e-01
2.027357e+00    -7.866017e-01
2.039570e+00    -7.810817e-01
2.051783e+00    -7.755024e-01
2.063996e+00    -7.698639e-01
2.076209e+00    -7.641667e-01
2.088422e+00    -7.584106e-01
2.100635e+00    -7.525963e-01
2.112848e+00    -7.467239e-01
2.125061e+00    -7.407940e-01
2.137274e+00    -7.348071e-01
2.149487e+00    -7.287638e-01
2.161700e+00    -7.226648e-01
2.173913e+00    -7.165111e-01
2.186126e+00    -7.103034e-01
2.198339e+00    -7.040428e-01
2.210552e+00    -6.977305e-01
2.222765e+00    -6.913674e-01
2.234978e+00    -6.849554e-01
2.247191e+00    -6.784953e-01
2.259404e+00    -6.719890e-01
2.271617e+00    -6.654378e-01
2.283830e+00    -6.588439e-01
2.296043e+00    -6.522086e-01
2.308256e+00    -6.455339e-01
2.320469e+00    -6.388219e-01
2.332682e+00    -6.320745e-01
2.344895e+00    -6.252939e-01
2.357108e+00    -6.184822e-01
2.369321e+00    -6.116416e-01
2.381534e+00    -6.047745e-01
2.393747e+00    -5.978832e-01
2.405960e+00    -5.909700e-01
2.418173e+00    -5.840375e-01
2.430386e+00    -5.770881e-01
2.442599e+00    -5.701243e-01
2.454812e+00    -5.631484e-01
2.467025e+00    -5.561633e-01
2.479238e+00    -5.491714e-01
2.491451e+00    -5.421754e-01
2.503664e+00    -5.351774e-01
2.515877e+00    -5.281804e-01
2.528090e+00    -5.211868e-01
2.540303e+00    -5.141993e-01
2.552516e+00    -5.072201e-01
2.564729e+00    -5.002519e-01
2.576942e+00    -4.932972e-01
2.589155e+00    -4.863584e-01
2.601368e+00    -4.794379e-01
2.613581e+00    -4.725379e-01
2.625794e+00    -4.656611e-01
2.638007e+00    -4.588095e-01
2.650220e+00    -4.519854e-01
2.662433e+00    -4.451911e-01
2.674646e+00    -4.384286e-01
2.686859e+00    -4.316999e-01
2.699072e+00    -4.250073e-01
2.711285e+00    -4.183525e-01
2.723498e+00    -4.117376e-01
2.735711e+00    -4.051642e-01
2.747924e+00    -3.986344e-01
2.760137e+00    -3.921497e-01
2.772350e+00    -3.857118e-01
2.784563e+00    -3.793223e-01
2.796776e+00    -3.729829e-01
2.808989e+00    -3.666947e-01
2.821202e+00    -3.604594e-01
2.833415e+00    -3.542782e-01
2.845628e+00    -3.481525e-01
2.857841e+00    -3.420834e-01
2.870054e+00    -3.360720e-01
2.882267e+00    -3.301196e-01
2.894480e+00    -3.242271e-01
2.906693e+00    -3.183953e-01
2.918906e+00    -3.126254e-01
2.931119e+00    -3.069181e-01
2.943332e+00    -3.012742e-01
2.955545e+00    -2.956943e-01
2.967758e+00    -2.901794e-01
2.979971e+00    -2.847299e-01
2.992184e+00    -2.793465e-01
3.004397e+00    -2.740296e-01
3.016610e+00    -2.687797e-01
3.028823e+00    -2.635973e-01
3.041036e+00    -2.584828e-01
3.053249e+00    -2.534364e-01
3.065462e+00    -2.484585e-01
3.077675e+00    -2.435495e-01
3.089888e+00    -2.387092e-01
3.102101e+00    -2.339382e-01
3.114314e+00    -2.292364e-01
3.126527e+00    -2.246040e-01
3.138740e+00    -2.200409e-01
3.150953e+00    -2.155473e-01
3.163166e+00    -2.111231e-01
3.175379e+00    -2.067683e-01
3.187592e+00    -2.024828e-01
3.199805e+00    -1.982665e-01
3.212018e+00    -1.941193e-01
3.224231e+00    -1.900410e-01
3.236444e+00    -1.860314e-01
3.248657e+00    -1.820904e-01
3.260870e+00    -1.782176e-01
3.273082e+00    -1.744128e-01
3.285295e+00    -1.706756e-01
3.297508e+00    -1.670058e-01
3.309721e+00    -1.634032e-01
3.321934e+00    -1.598671e-01
3.334147e+00    -1.563974e-01
3.346360e+00    -1.529936e-01
3.358573e+00    -1.496552e-01
3.370786e+00    -1.463819e-01
3.382999e+00    -1.431731e-01
3.395212e+00    -1.400284e-01
3.407425e+00    -1.369473e-01
3.419638e+00    -1.339293e-01
3.431851e+00    -1.309737e-01
3.444064e+00    -1.280801e-01
3.456277e+00    -1.252480e-01
3.468490e+00    -1.224766e-01
3.480703e+00    -1.197654e-01
3.492916e+00    -1.171139e-01
3.505129e+00    -1.145213e-01
3.517342e+00    -1.119870e-01
3.529555e+00    -1.095104e-01
3.541768e+00    -1.070908e-01
3.553981e+00    -1.047275e-01
3.566194e+00    -1.024198e-01
3.578407e+00    -1.001670e-01
3.590620e+00    -9.796843e-02
3.602833e+00    -9.582329e-02
3.615046e+00    -9.373087e-02
3.627259e+00    -9.169045e-02
3.639472e+00    -8.970123e-02
3.651685e+00    -8.776244e-02
3.663898e+00    -8.587334e-02
3.676111e+00    -8.403312e-02
3.688324e+00    -8.224102e-02
3.700537e+00    -8.049622e-02
3.712750e+00    -7.879794e-02
3.724963e+00    -7.714532e-02
3.737176e+00    -7.553761e-02
3.749389e+00    -7.397397e-02
3.761602e+00    -7.245357e-02
3.773815e+00    -7.097560e-02
3.786028e+00    -6.953922e-02
3.798241e+00    -6.814361e-02
3.810454e+00    -6.678794e-02
3.822667e+00    -6.547139e-02
3.834880e+00    -6.419311e-02
3.847093e+00    -6.295229e-02
3.859306e+00    -6.174809e-02
3.871519e+00    -6.057969e-02
3.883732e+00    -5.944626e-02
3.895945e+00    -5.834699e-02
3.908158e+00    -5.728106e-02
3.920371e+00    -5.624763e-02
3.932584e+00    -5.524592e-02
3.944797e+00    -5.427512e-02
3.957010e+00    -5.333442e-02
3.969223e+00    -5.242304e-02
3.981436e+00    -5.154018e-02
3.993649e+00    -5.068507e-02
4.005862e+00    -4.985695e-02
4.018075e+00    -4.905504e-02
4.030288e+00    -4.827857e-02
4.042501e+00    -4.752685e-02
4.054714e+00    -4.679907e-02
4.066927e+00    -4.609457e-02
4.079140e+00    -4.541259e-02
4.091353e+00    -4.475245e-02
4.103566e+00    -4.411343e-02
4.115779e+00    -4.349489e-02
4.127992e+00    -4.289610e-02
4.140205e+00    -4.231647e-02
4.152418e+00    -4.175529e-02
4.164631e+00    -4.121196e-02
4.176844e+00    -4.068585e-02
4.189057e+00    -4.017634e-02
4.201270e+00    -3.968288e-02
4.213483e+00    -3.920482e-02
4.225696e+00    -3.874166e-02
4.237909e+00    -3.829278e-02
4.250122e+00    -3.785771e-02
4.262335e+00    -3.743584e-02
4.274548e+00    -3.702673e-02
4.286761e+00    -3.662985e-02
4.298974e+00    -3.624472e-02
4.311187e+00    -3.587085e-02
4.323400e+00    -3.550784e-02
4.335613e+00    -3.515517e-02
4.347826e+00    -3.481247e-02
4.360039e+00    -3.447930e-02
4.372252e+00    -3.415528e-02
4.384465e+00    -3.384000e-02
4.396678e+00    -3.353311e-02
4.408891e+00    -3.323424e-02
4.421104e+00    -3.294305e-02
4.433317e+00    -3.265920e-02
4.445530e+00    -3.238238e-02
4.457743e+00    -3.211229e-02
4.469956e+00    -3.184863e-02
4.482169e+00    -3.159112e-02
4.494382e+00    -3.133950e-02
4.506595e+00    -3.109352e-02
4.518808e+00    -3.085293e-02
4.531021e+00    -3.061750e-02
4.543234e+00    -3.038703e-02
4.555447e+00    -3.016130e-02
4.567660e+00    -2.994011e-02
4.579873e+00    -2.972328e-02
4.592086e+00    -2.951065e-02
4.604299e+00    -2.930204e-02
4.616512e+00    -2.909731e-02
4.628725e+00    -2.889631e-02
4.640938e+00    -2.869892e-02
4.653151e+00    -2.850500e-02
4.665364e+00    -2.831445e-02
4.677577e+00    -2.812715e-02
4.689790e+00    -2.794303e-02
4.702003e+00    -2.776198e-02
4.714216e+00    -2.758392e-02
4.726429e+00    -2.740878e-02
4.738642e+00    -2.723650e-02
4.750855e+00    -2.706701e-02
4.763068e+00    -2.690027e-02
4.775281e+00    -2.673623e-02
4.787494e+00    -2.657485e-02
4.799707e+00    -2.641609e-02
4.811920e+00    -2.625994e-02
4.824133e+00    -2.610636e-02
4.836346e+00    -2.595534e-02
4.848559e+00    -2.580686e-02
4.860772e+00    -2.566092e-02
4.872985e+00    -2.551750e-02
4.885198e+00    -2.537662e-02
4.897411e+00    -2.523826e-02
4.909624e+00    -2.510245e-02
4.921837e+00    -2.496917e-02
4.934050e+00    -2.483845e-02
4.946263e+00    -2.471030e-02
4.958476e+00    -2.458473e-02
4.970689e+00    -2.446176e-02
4.982902e+00    -2.434142e-02
4.995115e+00    -2.422371e-02
5.007328e+00    -2.410866e-02
5.019541e+00    -2.399629e-02
5.031754e+00    -2.388664e-02
5.043967e+00    -2.377971e-02
5.056180e+00    -2.367554e-02
5.068393e+00    -2.357414e-02
5.080606e+00    -2.347554e-02
5.092819e+00    -2.337976e-02
5.105031e+00    -2.328684e-02
5.117245e+00    -2.319677e-02
5.129457e+00    -2.310959e-02
5.141671e+00    -2.302532e-02
5.153883e+00    -2.294397e-02
5.166097e+00    -2.286556e-02
5.178309e+00    -2.279011e-02
5.190523e+00    -2.271763e-02
5.202735e+00    -2.264812e-02
5.214949e+00    -2.258161e-02
5.227162e+00    -2.251809e-02
5.239375e+00    -2.245757e-02
5.251588e+00    -2.240005e-02
5.263801e+00    -2.234554e-02
5.276014e+00    -2.229401e-02
5.288227e+00    -2.224549e-02
5.300440e+00    -2.219995e-02
5.312653e+00    -2.215739e-02
5.324866e+00    -2.211778e-02
5.337079e+00    -2.208111e-02
5.349292e+00    -2.204736e-02
5.361505e+00    -2.201651e-02
5.373718e+00    -2.198853e-02
5.385931e+00    -2.196338e-02
5.398144e+00    -2.194106e-02
5.410357e+00    -2.192148e-02
5.422570e+00    -2.190465e-02
5.434783e+00    -2.189049e-02
5.446996e+00    -2.187899e-02
5.459208e+00    -2.187007e-02
5.471422e+00    -2.186369e-02
5.483634e+00    -2.185979e-02
5.495848e+00    -2.185831e-02
5.508060e+00    -2.185918e-02
5.520274e+00    -2.186236e-02
5.532486e+00    -2.186775e-02
5.544700e+00    -2.187530e-02
5.556912e+00    -2.188493e-02
5.569126e+00    -2.189655e-02
5.581338e+00    -2.191009e-02
5.593552e+00    -2.192546e-02
5.605764e+00    -2.194258e-02
5.617978e+00    -2.196136e-02
5.630190e+00    -2.198170e-02
5.642404e+00    -2.200351e-02
5.654616e+00    -2.202669e-02
5.666830e+00    -2.205114e-02
5.679042e+00    -2.207677e-02
5.691256e+00    -2.210347e-02
5.703468e+00    -2.213112e-02
5.715682e+00    -2.215965e-02
5.727894e+00    -2.218889e-02
5.740108e+00    -2.221878e-02
5.752320e+00    -2.224919e-02
5.764534e+00    -2.228001e-02
5.776746e+00    -2.231111e-02
5.788960e+00    -2.234239e-02
5.801172e+00    -2.237373e-02
5.813385e+00    -2.240499e-02
5.825598e+00    -2.243608e-02
5.837811e+00    -2.246686e-02
5.850024e+00    -2.249721e-02
5.862237e+00    -2.252702e-02
5.874450e+00    -2.255616e-02
5.886663e+00    -2.258451e-02
5.898876e+00    -2.261196e-02
5.911089e+00    -2.263835e-02
5.923302e+00    -2.266360e-02
5.935515e+00    -2.268757e-02
5.947728e+00    -2.271015e-02
5.959941e+00    -2.273121e-02
5.972154e+00    -2.275063e-02
5.984367e+00    -2.276830e-02
5.996580e+00    -2.278409e-02
6.008793e+00    -2.279790e-02
6.021006e+00    -2.280961e-02
6.033219e+00    -2.281911e-02
6.045432e+00    -2.282627e-02
6.057645e+00    -2.283101e-02
6.069858e+00    -2.283321e-02
6.082071e+00    -2.283275e-02
6.094284e+00    -2.282954e-02
6.106497e+00    -2.282348e-02
6.118710e+00    -2.281447e-02
6.130923e+00    -2.280241e-02
6.143136e+00    -2.278721e-02
6.155349e+00    -2.276877e-02
6.167562e+00    -2.274702e-02
6.179775e+00    -2.272185e-02
6.191988e+00    -2.269319e-02
6.204201e+00    -2.266097e-02
6.216414e+00    -2.262509e-02
6.228627e+00    -2.258550e-02
6.240840e+00    -2.254212e-02
6.253053e+00    -2.249487e-02
6.265266e+00    -2.244371e-02
6.277479e+00    -2.238857e-02
6.289692e+00    -2.232939e-02
6.301905e+00    -2.226612e-02
6.314118e+00    -2.219872e-02
6.326331e+00    -2.212712e-02
6.338544e+00    -2.205131e-02
6.350757e+00    -2.197124e-02
6.362970e+00    -2.188687e-02
6.375183e+00    -2.179817e-02
6.387396e+00    -2.170513e-02
6.399609e+00    -2.160770e-02
6.411822e+00    -2.150589e-02
6.424035e+00    -2.139967e-02
6.436248e+00    -2.128904e-02
6.448461e+00    -2.117398e-02
6.460674e+00    -2.105450e-02
6.472887e+00    -2.093060e-02
6.485100e+00    -2.080229e-02
6.497313e+00    -2.066956e-02
6.509526e+00    -2.053244e-02
6.521739e+00    -2.039096e-02
6.533952e+00    -2.024511e-02
6.546165e+00    -2.009494e-02
6.558378e+00    -1.994047e-02
6.570591e+00    -1.978174e-02
6.582804e+00    -1.961877e-02
6.595017e+00    -1.945163e-02
6.607230e+00    -1.928033e-02
6.619443e+00    -1.910495e-02
6.631656e+00    -1.892551e-02
6.643869e+00    -1.874209e-02
6.656082e+00    -1.855474e-02
6.668295e+00    -1.836352e-02
6.680508e+00    -1.816850e-02
6.692721e+00    -1.796974e-02
6.704934e+00    -1.776733e-02
6.717147e+00    -1.756131e-02
6.729360e+00    -1.735178e-02
6.741573e+00    -1.713882e-02
6.753786e+00    -1.692251e-02
6.765999e+00    -1.670295e-02
6.778212e+00    -1.648020e-02
6.790425e+00    -1.625437e-02
6.802638e+00    -1.602555e-02
6.814851e+00    -1.579385e-02
6.827064e+00    -1.555933e-02
6.839277e+00    -1.532213e-02
6.851490e+00    -1.508232e-02
6.863703e+00    -1.484004e-02
6.875916e+00    -1.459536e-02
6.888129e+00    -1.434841e-02
6.900342e+00    -1.409929e-02
6.912555e+00    -1.384812e-02
6.924768e+00    -1.359499e-02
6.936981e+00    -1.334005e-02
6.949194e+00    -1.308337e-02
6.961407e+00    -1.282511e-02
6.973620e+00    -1.256534e-02
6.985833e+00    -1.230422e-02
6.998046e+00    -1.204184e-02
7.010259e+00    -1.177833e-02
7.022472e+00    -1.151381e-02
7.034685e+00    -1.124839e-02
7.046898e+00    -1.098219e-02
7.059111e+00    -1.071536e-02
7.071324e+00    -1.044796e-02
7.083537e+00    -1.018017e-02
7.095750e+00    -9.912083e-03
7.107963e+00    -9.643795e-03
7.120176e+00    -9.375456e-03
7.132389e+00    -9.107186e-03
7.144602e+00    -8.839075e-03
7.156815e+00    -8.571270e-03
7.169028e+00    -8.303863e-03
7.181241e+00    -8.036987e-03
7.193454e+00    -7.770738e-03
7.205667e+00    -7.505248e-03
7.217880e+00    -7.240611e-03
7.230093e+00    -6.976948e-03
7.242306e+00    -6.714362e-03
7.254519e+00    -6.452967e-03
7.266732e+00    -6.192859e-03
7.278944e+00    -5.934151e-03
7.291158e+00    -5.676931e-03
7.303371e+00    -5.421312e-03
7.315584e+00    -5.167396e-03
7.327797e+00    -4.915269e-03
7.340010e+00    -4.665039e-03
7.352223e+00    -4.416770e-03
7.364436e+00    -4.170588e-03
7.376649e+00    -3.926553e-03
7.388862e+00    -3.684767e-03
7.401075e+00    -3.445314e-03
7.413288e+00    -3.208249e-03
7.425501e+00    -2.973672e-03
7.437714e+00    -2.741672e-03
7.449927e+00    -2.512296e-03
7.462140e+00    -2.285628e-03
7.474353e+00    -2.061723e-03
7.486566e+00    -1.840674e-03
7.498779e+00    -1.622517e-03
7.510992e+00    -1.407320e-03
7.523205e+00    -1.195139e-03
7.535418e+00    -9.860392e-04
7.547631e+00    -7.800558e-04
7.559844e+00    -5.772537e-04
7.572057e+00    -3.776586e-04
7.584270e+00    -1.813384e-04
7.596483e+00    1.168590e-05
7.608696e+00    2.013656e-04
7.620909e+00    3.876716e-04
7.633121e+00    5.705634e-04
7.645335e+00    7.500324e-04
7.657547e+00    9.260264e-04
7.669761e+00    1.098540e-03
7.681973e+00    1.267543e-03
7.694187e+00    1.433021e-03
7.706399e+00    1.594950e-03
7.718613e+00    1.753342e-03
7.730825e+00    1.908157e-03
7.743039e+00    2.059410e-03
7.755251e+00    2.207080e-03
7.767465e+00    2.351183e-03
7.779677e+00    2.491700e-03
7.791891e+00    2.628650e-03
7.804103e+00    2.762021e-03
7.816317e+00    2.891847e-03
7.828529e+00    3.018110e-03
7.840743e+00    3.140841e-03
7.852955e+00    3.260048e-03
7.865169e+00    3.375752e-03
7.877381e+00    3.487969e-03
7.889595e+00    3.596727e-03
7.901807e+00    3.702048e-03
7.914021e+00    3.803943e-03
7.926233e+00    3.902452e-03
7.938447e+00    3.997609e-03
7.950659e+00    4.089427e-03
7.962873e+00    4.177970e-03
7.975085e+00    4.263252e-03
7.987298e+00    4.345306e-03
7.999511e+00    4.424168e-03
8.011724e+00    4.499902e-03
8.023937e+00    4.572525e-03
8.036150e+00    4.642087e-03
8.048364e+00    4.708633e-03
8.060576e+00    4.772205e-03
8.072789e+00    4.832851e-03
8.085002e+00    4.890620e-03
8.097216e+00    4.945562e-03
8.109428e+00    4.997712e-03
8.121641e+00    5.047135e-03
8.133854e+00    5.093874e-03
8.146068e+00    5.137991e-03
8.158280e+00    5.179524e-03
8.170493e+00    5.218534e-03
8.182706e+00    5.255069e-03
8.194920e+00    5.289195e-03
8.207132e+00    5.320950e-03
8.219345e+00    5.350400e-03
8.231558e+00    5.377595e-03
8.243772e+00    5.402590e-03
8.255984e+00    5.425441e-03
8.268197e+00    5.446201e-03
8.280410e+00    5.464927e-03
8.292624e+00    5.481678e-03
8.304836e+00    5.496499e-03
8.317049e+00    5.509452e-03
8.329262e+00    5.520589e-03
8.341475e+00    5.529966e-03
8.353688e+00    5.537632e-03
8.365901e+00    5.543645e-03
8.378115e+00    5.548059e-03
8.390327e+00    5.550916e-03
8.402540e+00    5.552289e-03
8.414753e+00    5.552193e-03
8.426967e+00    5.550713e-03
8.439179e+00    5.547880e-03
8.451392e+00    5.543750e-03
8.463605e+00    5.538367e-03
8.475819e+00    5.531780e-03
8.488031e+00    5.524037e-03
8.500244e+00    5.515182e-03
8.512457e+00    5.505254e-03
8.524671e+00    5.494296e-03
8.536883e+00    5.482364e-03
8.549096e+00    5.469482e-03
8.561309e+00    5.455703e-03
8.573523e+00    5.441057e-03
8.585735e+00    5.425586e-03
8.597948e+00    5.409338e-03
8.610161e+00    5.392309e-03
8.622375e+00    5.374573e-03
8.634587e+00    5.356148e-03
8.646800e+00    5.337068e-03
8.659013e+00    5.317364e-03
8.671227e+00    5.297063e-03
8.683439e+00    5.276190e-03
8.695652e+00    5.254775e-03
8.707865e+00    5.232847e-03
8.720078e+00    5.210431e-03
8.732291e+00    5.187537e-03
8.744504e+00    5.164195e-03
8.756717e+00    5.140431e-03
8.768930e+00    5.116250e-03
8.781143e+00    5.091678e-03
8.793356e+00    5.066735e-03
8.805569e+00    5.041427e-03
8.817782e+00    5.015769e-03
8.829995e+00    4.989780e-03
8.842208e+00    4.963474e-03
8.854421e+00    4.936850e-03
8.866634e+00    4.909921e-03
8.878847e+00    4.882701e-03
8.891060e+00    4.855194e-03
8.903273e+00    4.827409e-03
8.915486e+00    4.799331e-03
8.927699e+00    4.770988e-03
8.939912e+00    4.742370e-03
8.952125e+00    4.713482e-03
8.964338e+00    4.684329e-03
8.976551e+00    4.654905e-03
8.988764e+00    4.625207e-03
9.000977e+00    4.595249e-03
9.013190e+00    4.564994e-03
9.025403e+00    4.534479e-03
9.037616e+00    4.503671e-03
9.049829e+00    4.472583e-03
9.062042e+00    4.441186e-03
9.074255e+00    4.409497e-03
9.086468e+00    4.377497e-03
9.098680e+00    4.345176e-03
9.110894e+00    4.312540e-03
9.123107e+00    4.279568e-03
9.135320e+00    4.246256e-03
9.147532e+00    4.212591e-03
9.159746e+00    4.178562e-03
9.171959e+00    4.144167e-03
9.184172e+00    4.109386e-03
9.196384e+00    4.074215e-03
9.208598e+00    4.038632e-03
9.220811e+00    4.002636e-03
9.233024e+00    3.966217e-03
9.245236e+00    3.929362e-03
9.257450e+00    3.892053e-03
9.269663e+00    3.854284e-03
9.281876e+00    3.816043e-03
9.294088e+00    3.777315e-03
9.306302e+00    3.738094e-03
9.318515e+00    3.698374e-03
9.330728e+00    3.658132e-03
9.342940e+00    3.617358e-03
9.355154e+00    3.576046e-03
9.367367e+00    3.534192e-03
9.379580e+00    3.491774e-03
9.391793e+00    3.448787e-03
9.404006e+00    3.405226e-03
9.416219e+00    3.361084e-03
9.428432e+00    3.316342e-03
9.440645e+00    3.270998e-03
9.452858e+00    3.225049e-03
9.465071e+00    3.178485e-03
9.477283e+00    3.131299e-03
9.489497e+00    3.083483e-03
9.501710e+00    3.035036e-03
9.513923e+00    2.985953e-03
9.526135e+00    2.936231e-03
9.538349e+00    2.885864e-03
9.550562e+00    2.834859e-03
9.562775e+00    2.783201e-03
9.574987e+00    2.730893e-03
9.587201e+00    2.677945e-03
9.599414e+00    2.624356e-03
9.611627e+00    2.570114e-03
9.623839e+00    2.515237e-03
9.636053e+00    2.459713e-03
9.648266e+00    2.403556e-03
9.660479e+00    2.346779e-03
9.672691e+00    2.289372e-03
9.684905e+00    2.231344e-03
9.697118e+00    2.172713e-03
9.709331e+00    2.113477e-03
9.721543e+00    2.053655e-03
9.733757e+00    1.993241e-03
9.745970e+00    1.932268e-03
9.758183e+00    1.870730e-03
9.770395e+00    1.808650e-03
9.782609e+00    1.746027e-03
9.794822e+00    1.682894e-03
9.807034e+00    1.619257e-03
9.819247e+00    1.555128e-03
9.831461e+00    1.490526e-03
9.843674e+00    1.425475e-03
9.855886e+00    1.359992e-03
9.868099e+00    1.294091e-03
9.880313e+00    1.227793e-03
9.892526e+00    1.161123e-03
9.904738e+00    1.094102e-03
9.916951e+00    1.026739e-03
9.929165e+00    9.590678e-04
9.941378e+00    8.911127e-04
9.953590e+00    8.228999e-04
9.965803e+00    7.544517e-04
9.978017e+00    6.857832e-04
9.990230e+00    6.169341e-04
1.000244e+01    5.479259e-04
1.001466e+01    4.787874e-04
1.002687e+01    4.095382e-04
1.003908e+01    3.402156e-04
1.005129e+01    2.708429e-04
1.006351e+01    2.014527e-04
1.007572e+01    1.320701e-04
1.008793e+01    6.272483e-05
1.010015e+01    -6.574410e-06
1.011236e+01    -7.572246e-05
1.012457e+01    -1.447797e-04
1.013679e+01    -2.136618e-04
1.014900e+01    -2.823611e-04
1.016121e+01    -3.508333e-04
1.017342e+01    -4.190617e-04
1.018564e+01    -4.869995e-04
1.019785e+01    -5.546307e-04
1.021006e+01    -6.218983e-04
1.022228e+01    -6.888026e-04
1.023449e+01    -7.552920e-04
1.024670e+01    -8.213427e-04
1.025891e+01    -8.869190e-04
1.027113e+01    -9.520021e-04
1.028334e+01    -1.016539e-03
1.029555e+01    -1.080525e-03
1.030777e+01    -1.143910e-03
1.031998e+01    -1.206667e-03
1.033219e+01    -1.268776e-03
1.034441e+01    -1.330195e-03
1.035662e+01    -1.390904e-03
1.036883e+01    -1.450875e-03
1.038105e+01    -1.510069e-03
1.039326e+01    -1.568473e-03
1.040547e+01    -1.626042e-03
1.041768e+01    -1.682766e-03
1.042990e+01    -1.738607e-03
1.044211e+01    -1.793544e-03
1.045432e+01    -1.847553e-03
1.046654e+01    -1.900604e-03
1.047875e+01    -1.952677e-03
1.049096e+01    -2.003753e-03
1.050318e+01    -2.053794e-03
1.051539e+01    -2.102799e-03
1.052760e+01    -2.150731e-03
1.053981e+01    -2.197572e-03
1.055203e+01    -2.243314e-03
1.056424e+01    -2.287926e-03
1.057645e+01    -2.331390e-03
1.058867e+01    -2.373691e-03
1.060088e+01    -2.414812e-03
1.061309e+01    -2.454755e-03
1.062531e+01    -2.493475e-03
1.063752e+01    -2.530982e-03
1.064973e+01    -2.567252e-03
1.066194e+01    -2.602272e-03
1.067416e+01    -2.636036e-03
1.068637e+01    -2.668535e-03
1.069858e+01    -2.699760e-03
1.071080e+01    -2.729692e-03
1.072301e+01    -2.758338e-03
1.073522e+01    -2.785683e-03
1.074744e+01    -2.811727e-03
1.075965e+01    -2.836467e-03
1.077186e+01    -2.859894e-03
1.078407e+01    -2.882008e-03
1.079629e+01    -2.902804e-03
1.080850e+01    -2.922291e-03
1.082071e+01    -2.940462e-03
1.083293e+01    -2.957322e-03
1.084514e+01    -2.972877e-03
1.085735e+01    -2.987121e-03
1.086957e+01    -3.000063e-03
1.088178e+01    -3.011711e-03
1.089399e+01    -3.022070e-03
1.090620e+01    -3.031145e-03
1.091842e+01    -3.038946e-03
1.093063e+01    -3.045483e-03
1.094284e+01    -3.050764e-03
1.095506e+01    -3.054802e-03
1.096727e+01    -3.057613e-03
1.097948e+01    -3.059193e-03
1.099170e+01    -3.059570e-03
1.100391e+01    -3.058764e-03
1.101612e+01    -3.056771e-03
1.102833e+01    -3.053622e-03
1.104055e+01    -3.049328e-03
1.105276e+01    -3.043904e-03
1.106497e+01    -3.037373e-03
1.107719e+01    -3.029753e-03
1.108940e+01    -3.021057e-03
1.110161e+01    -3.011313e-03
1.111382e+01    -3.000535e-03
1.112604e+01    -2.988753e-03
1.113825e+01    -2.975978e-03
1.115046e+01    -2.962242e-03
1.116268e+01    -2.947562e-03
1.117489e+01    -2.931959e-03
1.118710e+01    -2.915467e-03
1.119932e+01    -2.898099e-03
1.121153e+01    -2.879890e-03
1.122374e+01    -2.860857e-03
1.123596e+01    -2.841025e-03
1.124817e+01    -2.820428e-03
1.126038e+01    -2.799087e-03
1.127259e+01    -2.777025e-03
1.128481e+01    -2.754271e-03
1.129702e+01    -2.730859e-03
1.130923e+01    -2.706802e-03
1.132145e+01    -2.682143e-03
1.133366e+01    -2.656893e-03
1.134587e+01    -2.631094e-03
1.135808e+01    -2.604768e-03
1.137030e+01    -2.577943e-03
1.138251e+01    -2.550640e-03
1.139472e+01    -2.522892e-03
1.140694e+01    -2.494732e-03
1.141915e+01    -2.466177e-03
1.143136e+01    -2.437260e-03
1.144358e+01    -2.408008e-03
1.145579e+01    -2.378447e-03
1.146800e+01    -2.348603e-03
1.148022e+01    -2.318505e-03
1.149243e+01    -2.288182e-03
1.150464e+01    -2.257654e-03
1.151685e+01    -2.226948e-03
1.152907e+01    -2.196095e-03
1.154128e+01    -2.165118e-03
1.155349e+01    -2.134039e-03
1.156571e+01    -2.102883e-03
1.157792e+01    -2.071679e-03
1.159013e+01    -2.040442e-03
1.160234e+01    -2.009211e-03
1.161456e+01    -1.977986e-03
1.162677e+01    -1.946809e-03
1.163898e+01    -1.915694e-03
1.165120e+01    -1.884662e-03
1.166341e+01    -1.853741e-03
1.167562e+01    -1.822946e-03
1.168784e+01    -1.792297e-03
1.170005e+01    -1.761808e-03
1.171226e+01    -1.731509e-03
1.172447e+01    -1.701411e-03
1.173669e+01    -1.671538e-03
1.174890e+01    -1.641898e-03
1.176111e+01    -1.612507e-03
1.177333e+01    -1.583392e-03
1.178554e+01    -1.554556e-03
1.179775e+01    -1.526014e-03
1.180997e+01    -1.497801e-03
1.182218e+01    -1.469897e-03
1.183439e+01    -1.442337e-03
1.184660e+01    -1.415126e-03
1.185882e+01    -1.388276e-03
1.187103e+01    -1.361792e-03
1.188324e+01    -1.335690e-03
1.189546e+01    -1.309981e-03
1.190767e+01    -1.284664e-03
1.191988e+01    -1.259756e-03
1.193210e+01    -1.235256e-03
1.194431e+01    -1.211176e-03
1.195652e+01    -1.187517e-03
1.196873e+01    -1.164288e-03
1.198095e+01    -1.141492e-03
1.199316e+01    -1.119130e-03
1.200537e+01    -1.097209e-03
1.201759e+01    -1.075722e-03
1.202980e+01    -1.054684e-03
1.204201e+01    -1.034092e-03
1.205423e+01    -1.013940e-03
1.206644e+01    -9.942303e-04
1.207865e+01    -9.749598e-04
1.209086e+01    -9.561318e-04
1.210308e+01    -9.377270e-04
1.211529e+01    -9.197892e-04
1.212750e+01    -9.022699e-04
1.213972e+01    -8.851755e-04
1.215193e+01    -8.685039e-04
1.216414e+01    -8.522571e-04
1.217636e+01    -8.364198e-04
1.218857e+01    -8.209990e-04
1.220078e+01    -8.059641e-04
1.221299e+01    -7.913341e-04
1.222521e+01    -7.770860e-04
1.223742e+01    -7.632218e-04
1.224963e+01    -7.497295e-04
1.226185e+01    -7.365984e-04
1.227406e+01    -7.238202e-04
1.228627e+01    -7.113879e-04
1.229849e+01    -6.992983e-04
1.231070e+01    -6.875189e-04
1.232291e+01    -6.760660e-04
1.233512e+01    -6.649207e-04
1.234734e+01    -6.540553e-04
1.235955e+01    -6.434858e-04
1.237176e+01    -6.331867e-04
1.238398e+01    -6.231469e-04
1.239619e+01    -6.133565e-04
1.240840e+01    -6.038065e-04
1.242062e+01    -5.944782e-04
1.243283e+01    -5.853596e-04
1.244504e+01    -5.764558e-04
1.245725e+01    -5.677352e-04
1.246947e+01    -5.591933e-04
1.248168e+01    -5.508165e-04
1.249389e+01    -5.426083e-04
1.250611e+01    -5.345137e-04
1.251832e+01    -5.265625e-04
1.253053e+01    -5.187269e-04
1.254275e+01    -5.110000e-04
1.255496e+01    -5.033644e-04
1.256717e+01    -4.958069e-04
1.257938e+01    -4.883233e-04
1.259160e+01    -4.808989e-04
1.260381e+01    -4.735158e-04
1.261602e+01    -4.661748e-04
1.262824e+01    -4.588514e-04
1.264045e+01    -4.515399e-04
1.265266e+01    -4.442371e-04
1.266488e+01    -4.369222e-04
1.267709e+01    -4.295899e-04
1.268930e+01    -4.222327e-04
1.270151e+01    -4.148360e-04
1.271373e+01    -4.073843e-04
1.272594e+01    -3.998824e-04
1.273815e+01    -3.923129e-04
1.275037e+01    -3.846639e-04
1.276258e+01    -3.769422e-04
1.277479e+01    -3.691295e-04
1.278701e+01    -3.612162e-04
1.279922e+01    -3.531896e-04
1.281143e+01    -3.450670e-04
1.282364e+01    -3.368160e-04
1.283586e+01    -3.284467e-04
1.284807e+01    -3.199407e-04
1.286028e+01    -3.113059e-04
1.287250e+01    -3.025256e-04
1.288471e+01    -2.936056e-04
1.289692e+01    -2.845332e-04
1.290914e+01    -2.753048e-04
1.292135e+01    -2.659331e-04
1.293356e+01    -2.563950e-04
1.294577e+01    -2.467005e-04
1.295799e+01    -2.368376e-04
1.297020e+01    -2.268165e-04
1.298241e+01    -2.166258e-04
1.299463e+01    -2.062690e-04
1.300684e+01    -1.957490e-04
1.301905e+01    -1.850630e-04
1.303127e+01    -1.742116e-04
1.304348e+01    -1.631890e-04
1.305569e+01    -1.520117e-04
1.306790e+01    -1.406741e-04
1.308012e+01    -1.291698e-04
1.309233e+01    -1.175106e-04
1.310454e+01    -1.056949e-04
1.311676e+01    -9.373597e-05
1.312897e+01    -8.162138e-05
1.314118e+01    -6.937386e-05
1.315340e+01    -5.698201e-05
1.316561e+01    -4.445628e-05
1.317782e+01    -3.180543e-05
1.319003e+01    -1.903358e-05
1.320225e+01    -6.144605e-06
1.321446e+01    6.871518e-06
1.322667e+01    1.998045e-05
1.323889e+01    3.318783e-05
1.325110e+01    4.648295e-05
1.326331e+01    5.986824e-05
1.327553e+01    7.333184e-05
1.328774e+01    8.685701e-05
1.329995e+01    1.004423e-04
1.331216e+01    1.140909e-04
1.332438e+01    1.277782e-04
1.333659e+01    1.414993e-04
1.334880e+01    1.552456e-04
1.336102e+01    1.690130e-04
1.337323e+01    1.827880e-04
1.338544e+01    1.965636e-04
1.339766e+01    2.103359e-04
1.340987e+01    2.240787e-04
1.342208e+01    2.377994e-04
1.343429e+01    2.514800e-04
1.344651e+01    2.651115e-04
1.345872e+01    2.786883e-04
1.347093e+01    2.921964e-04
1.348315e+01    3.056265e-04
1.349536e+01    3.189707e-04
1.350757e+01    3.322160e-04
1.351978e+01    3.453607e-04
1.353200e+01    3.583798e-04
1.354421e+01    3.712832e-04
1.355642e+01    3.840407e-04
1.356864e+01    3.966573e-04
1.358085e+01    4.091216e-04
1.359306e+01    4.214150e-04
1.360528e+01    4.335371e-04
1.361749e+01    4.454795e-04
1.362970e+01    4.572272e-04
1.364192e+01    4.687766e-04
1.365413e+01    4.801137e-04
1.366634e+01    4.912353e-04
1.367855e+01    5.021302e-04
1.369077e+01    5.127914e-04
1.370298e+01    5.232130e-04
1.371519e+01    5.333799e-04
1.372741e+01    5.432839e-04
1.373962e+01    5.529259e-04
1.375183e+01    5.622954e-04
1.376404e+01    5.713938e-04
1.377626e+01    5.802000e-04
1.378847e+01    5.887159e-04
1.380068e+01    5.969397e-04
1.381290e+01    6.048519e-04
1.382511e+01    6.124608e-04
1.383732e+01    6.197558e-04
1.384954e+01    6.267322e-04
1.386175e+01    6.333908e-04
1.387396e+01    6.397181e-04
1.388618e+01    6.457163e-04
1.389839e+01    6.513789e-04
1.391060e+01    6.567070e-04
1.392281e+01    6.616967e-04
1.393503e+01    6.663440e-04
1.394724e+01    6.706457e-04
1.395945e+01    6.746042e-04
1.397167e+01    6.782146e-04
1.398388e+01    6.814758e-04
1.399609e+01    6.843935e-04
1.400830e+01    6.869559e-04
1.402052e+01    6.891730e-04
1.403273e+01    6.910386e-04
1.404494e+01    6.925602e-04
1.405716e+01    6.937333e-04
1.406937e+01    6.945620e-04
1.408158e+01    6.950489e-04
1.409380e+01    6.951899e-04
1.410601e+01    6.950023e-04
1.411822e+01    6.944686e-04
1.413043e+01    6.936078e-04
1.414265e+01    6.924148e-04
1.415486e+01    6.908984e-04
1.416707e+01    6.890617e-04
1.417929e+01    6.869059e-04
1.419150e+01    6.844452e-04
1.420371e+01    6.816610e-04
1.421593e+01    6.785832e-04
1.422814e+01    6.752136e-04
1.424035e+01    6.715468e-04
1.425256e+01    6.675995e-04
1.426478e+01    6.633681e-04
1.427699e+01    6.588730e-04
1.428920e+01    6.541114e-04
1.430142e+01    6.490856e-04
1.431363e+01    6.438185e-04
1.432584e+01    6.383047e-04
1.433806e+01    6.325543e-04
1.435027e+01    6.265775e-04
1.436248e+01    6.203818e-04
1.437469e+01    6.139755e-04
1.438691e+01    6.073660e-04
1.439912e+01    6.005602e-04
1.441133e+01    5.935713e-04
1.442355e+01    5.864024e-04
1.443576e+01    5.790695e-04
1.444797e+01    5.715757e-04
1.446019e+01    5.639290e-04
1.447240e+01    5.561428e-04
1.448461e+01    5.482287e-04
1.449682e+01    5.401926e-04
1.450904e+01    5.320382e-04
1.452125e+01    5.237809e-04
1.453346e+01    5.154294e-04
1.454568e+01    5.069986e-04
1.455789e+01    4.984895e-04
1.457010e+01    4.899066e-04
1.458232e+01    4.812760e-04
1.459453e+01    4.725923e-04
1.460674e+01    4.638718e-04
1.461895e+01    4.551233e-04
1.463117e+01    4.463540e-04
1.464338e+01    4.375738e-04
1.465559e+01    4.287876e-04
1.466781e+01    4.200131e-04
1.468002e+01    4.112483e-04
1.469223e+01    4.025153e-04
1.470445e+01    3.938066e-04
1.471666e+01    3.851351e-04
1.472887e+01    3.765223e-04
1.474109e+01    3.679569e-04
1.475330e+01    3.594631e-04
1.476551e+01    3.510389e-04
1.477772e+01    3.426941e-04
1.478994e+01    3.344307e-04
1.480215e+01    3.262646e-04
1.481436e+01    3.182012e-04
1.482658e+01    3.102474e-04
1.483879e+01    3.023986e-04
1.485100e+01    2.946752e-04
1.486321e+01    2.870698e-04
1.487543e+01    2.796044e-04
1.488764e+01    2.722650e-04
1.489985e+01    2.650782e-04
1.491207e+01    2.580332e-04
1.492428e+01    2.511386e-04
1.493649e+01    2.443934e-04
1.494871e+01    2.378163e-04
1.496092e+01    2.314010e-04
1.497313e+01    2.251448e-04
1.498534e+01    2.190596e-04
1.499756e+01    2.131477e-04
1.500977e+01    2.074161e-04
1.502198e+01    2.018604e-04
1.503420e+01    1.964834e-04
1.504641e+01    1.912864e-04
1.505862e+01    1.862731e-04
1.507084e+01    1.814444e-04
1.508305e+01    1.768028e-04
1.509526e+01    1.723424e-04
1.510747e+01    1.680688e-04
1.511969e+01    1.639840e-04
1.513190e+01    1.600797e-04
1.514411e+01    1.563664e-04
1.515633e+01    1.528331e-04
1.516854e+01    1.494877e-04
1.518075e+01    1.463200e-04
1.519297e+01    1.433366e-04
1.520518e+01    1.405247e-04
1.521739e+01    1.378936e-04
1.522960e+01    1.354382e-04
1.524182e+01    1.331526e-04
1.525403e+01    1.310354e-04
1.526624e+01    1.290830e-04
1.527846e+01    1.272950e-04
1.529067e+01    1.256658e-04
1.530288e+01    1.241916e-04
1.531509e+01    1.228616e-04
1.532731e+01    1.216879e-04
1.533952e+01    1.206504e-04
1.535173e+01    1.197546e-04
1.536395e+01    1.189876e-04
1.537616e+01    1.183489e-04
1.538837e+01    1.178368e-04
1.540059e+01    1.174382e-04
1.541280e+01    1.171606e-04
1.542501e+01    1.169785e-04
1.543723e+01    1.169032e-04
1.544944e+01    1.169249e-04
1.546165e+01    1.170301e-04
1.547386e+01    1.172218e-04
1.548608e+01    1.174941e-04
1.549829e+01    1.178418e-04
1.551050e+01    1.182396e-04
1.552272e+01    1.187074e-04
1.553493e+01    1.192278e-04
1.554714e+01    1.197896e-04
1.555935e+01    1.203917e-04
1.557157e+01    1.210267e-04
1.558378e+01    1.216882e-04
1.559599e+01    1.223788e-04
1.560821e+01    1.230701e-04
1.562042e+01    1.237745e-04
1.563263e+01    1.244839e-04
1.564485e+01    1.251837e-04
1.565706e+01    1.258723e-04
1.566927e+01    1.265389e-04
1.568149e+01    1.271820e-04
1.569370e+01    1.277907e-04
1.570591e+01    1.283729e-04
1.571812e+01    1.289182e-04
1.573034e+01    1.293886e-04
1.574255e+01    1.298194e-04
1.575476e+01    1.301902e-04
1.576698e+01    1.304935e-04
1.577919e+01    1.307231e-04
1.579140e+01    1.308774e-04
1.580362e+01    1.309495e-04
1.581583e+01    1.309325e-04
1.582804e+01    1.308241e-04
1.584025e+01    1.306180e-04
1.585247e+01    1.303115e-04
1.586468e+01    1.298992e-04
1.587689e+01    1.293737e-04
1.588911e+01    1.287287e-04
1.590132e+01    1.279791e-04
1.591353e+01    1.271022e-04
1.592575e+01    1.260968e-04
1.593796e+01    1.249662e-04
1.595017e+01    1.236998e-04
1.596238e+01    1.223043e-04
1.597460e+01    1.207704e-04
1.598681e+01    1.190935e-04
1.599902e+01    1.172762e-04
1.601124e+01    1.153142e-04
1.602345e+01    1.132090e-04
1.603566e+01    1.109533e-04
1.604787e+01    1.085521e-04
1.606009e+01    1.060032e-04
1.607230e+01    1.033017e-04
1.608451e+01    1.004475e-04
1.609673e+01    9.744294e-05
1.610894e+01    9.429874e-05
1.612115e+01    9.098621e-05
1.613337e+01    8.753146e-05
1.614558e+01    8.392754e-05
1.615779e+01    8.017299e-05
1.617001e+01    7.627169e-05
1.618222e+01    7.222101e-05
1.619443e+01    6.802882e-05
1.620664e+01    6.369094e-05
1.621886e+01    5.921288e-05
1.623107e+01    5.459521e-05
1.624328e+01    4.983999e-05
1.625550e+01    4.495205e-05
1.626771e+01    3.993417e-05
1.627992e+01    3.478638e-05
1.629214e+01    2.951718e-05
1.630435e+01    2.411411e-05
1.631656e+01    1.860761e-05
1.632877e+01    1.298424e-05
1.634099e+01    7.243230e-06
1.635320e+01    1.405948e-06
1.636541e+01    -4.533707e-06
1.637763e+01    -1.057599e-05
1.638984e+01    -1.670070e-05
1.640205e+01    -2.292618e-05
1.641426e+01    -2.922431e-05
1.642648e+01    -3.559900e-05
1.643869e+01    -4.204632e-05
1.645090e+01    -4.856406e-05
1.646312e+01    -5.514160e-05
1.647533e+01    -6.177498e-05
1.648754e+01    -6.845477e-05
1.649976e+01    -7.517723e-05
1.651197e+01    -8.194523e-05
1.652418e+01    -8.874140e-05
1.653639e+01    -9.556377e-05
1.654861e+01    -1.024034e-04
1.656082e+01    -1.092610e-04
1.657303e+01    -1.161245e-04
1.658525e+01    -1.229846e-04
1.659746e+01    -1.298395e-04
1.660967e+01    -1.366944e-04
1.662189e+01    -1.435168e-04
1.663410e+01    -1.503273e-04
1.664631e+01    -1.570983e-04
1.665853e+01    -1.638378e-04
1.667074e+01    -1.705377e-04
1.668295e+01    -1.771791e-04
1.669516e+01    -1.837678e-04
1.670738e+01    -1.902964e-04
1.671959e+01    -1.967596e-04
1.673180e+01    -2.031428e-04
1.674402e+01    -2.094459e-04
1.675623e+01    -2.156670e-04
1.676844e+01    -2.217967e-04
1.678065e+01    -2.278278e-04
1.679287e+01    -2.337540e-04
1.680508e+01    -2.395716e-04
1.681729e+01    -2.452736e-04
1.682951e+01    -2.508569e-04
1.684172e+01    -2.563132e-04
1.685393e+01    -2.616418e-04
1.686615e+01    -2.668347e-04
1.687836e+01    -2.718863e-04
1.689057e+01    -2.767885e-04
1.690278e+01    -2.815484e-04
1.691500e+01    -2.861524e-04
1.692721e+01    -2.905986e-04
1.693942e+01    -2.948831e-04
1.695164e+01    -2.989996e-04
1.696385e+01    -3.029486e-04
1.697606e+01    -3.067189e-04
1.698828e+01    -3.103163e-04
1.700049e+01    -3.137285e-04
1.701270e+01    -3.169646e-04
1.702491e+01    -3.200124e-04
1.703713e+01    -3.228709e-04
1.704934e+01    -3.255393e-04
1.706155e+01    -3.280127e-04
1.707377e+01    -3.302897e-04
1.708598e+01    -3.323747e-04
1.709819e+01    -3.342656e-04
1.711040e+01    -3.359405e-04
1.712262e+01    -3.374262e-04
1.713483e+01    -3.387088e-04
1.714705e+01    -3.397876e-04
1.715926e+01    -3.406586e-04
1.717147e+01    -3.413310e-04
1.718368e+01    -3.417989e-04
1.719590e+01    -3.420755e-04
1.720811e+01    -3.421290e-04
1.722032e+01    -3.419851e-04
1.723254e+01    -3.416448e-04
1.724475e+01    -3.410975e-04
1.725696e+01    -3.403534e-04
1.726917e+01    -3.394138e-04
1.728139e+01    -3.382716e-04
1.729360e+01    -3.369415e-04
1.730581e+01    -3.354039e-04
1.731803e+01    -3.336924e-04
1.733024e+01    -3.317855e-04
1.734245e+01    -3.296927e-04
1.735467e+01    -3.274178e-04
1.736688e+01    -3.249632e-04
1.737909e+01    -3.223277e-04
1.739130e+01    -3.195190e-04
1.740352e+01    -3.165361e-04
1.741573e+01    -3.133924e-04
1.742794e+01    -3.100834e-04
1.744016e+01    -3.066157e-04
1.745237e+01    -3.029907e-04
1.746458e+01    -2.992167e-04
1.747680e+01    -2.952944e-04
1.748901e+01    -2.912277e-04
1.750122e+01    -2.870281e-04
1.751343e+01    -2.826881e-04
1.752565e+01    -2.782224e-04
1.753786e+01    -2.736357e-04
1.755007e+01    -2.689318e-04
1.756229e+01    -2.641051e-04
1.757450e+01    -2.591775e-04
1.758671e+01    -2.541427e-04
1.759892e+01    -2.490210e-04
1.761114e+01    -2.437924e-04
1.762335e+01    -2.384846e-04
1.763556e+01    -2.330985e-04
1.764778e+01    -2.276300e-04
1.765999e+01    -2.220962e-04
1.767220e+01    -2.164971e-04
1.768442e+01    -2.108353e-04
1.769663e+01    -2.051204e-04
1.770884e+01    -1.993675e-04
1.772106e+01    -1.935552e-04
1.773327e+01    -1.877311e-04
1.774548e+01    -1.818645e-04
1.775769e+01    -1.759714e-04
1.776991e+01    -1.700665e-04
1.778212e+01    -1.641454e-04
1.779433e+01    -1.582093e-04
1.780655e+01    -1.522852e-04
1.781876e+01    -1.463535e-04
1.783097e+01    -1.404315e-04
1.784319e+01    -1.345290e-04
1.785540e+01    -1.286409e-04
1.786761e+01    -1.227843e-04
1.787982e+01    -1.169514e-04
1.789204e+01    -1.111593e-04
1.790425e+01    -1.054043e-04
1.791646e+01    -9.969963e-05
1.792868e+01    -9.403698e-05
1.794089e+01    -8.843758e-05
1.795310e+01    -8.289207e-05
1.796531e+01    -7.741987e-05
1.797753e+01    -7.200206e-05
1.798974e+01    -6.666809e-05
1.800196e+01    -6.140702e-05
1.801417e+01    -5.623532e-05
1.802638e+01    -5.113441e-05
1.803859e+01    -4.613560e-05
1.805081e+01    -4.121862e-05
1.806302e+01    -3.640409e-05
1.807523e+01    -3.168458e-05
1.808744e+01    -2.706907e-05
1.809966e+01    -2.255698e-05
1.811187e+01    -1.816318e-05
1.812408e+01    -1.386553e-05
1.813630e+01    -9.689888e-06
1.814851e+01    -5.626003e-06
1.816072e+01    -1.685228e-06
1.817294e+01    2.136629e-06
1.818515e+01    5.840557e-06
1.819736e+01    9.420153e-06
1.820958e+01    1.286855e-05
1.822179e+01    1.619692e-05
1.823400e+01    1.939794e-05
1.824621e+01    2.246146e-05
1.825843e+01    2.540549e-05
1.827064e+01    2.821459e-05
1.828285e+01    3.089081e-05
1.829507e+01    3.343215e-05
1.830728e+01    3.585045e-05
1.831949e+01    3.813556e-05
1.833171e+01    4.029239e-05
1.834392e+01    4.230929e-05
1.835613e+01    4.419638e-05
1.836834e+01    4.595960e-05
1.838056e+01    4.759023e-05
1.839277e+01    4.908442e-05
1.840498e+01    5.046092e-05
1.841720e+01    5.170610e-05
1.842941e+01    5.283160e-05
1.844162e+01    5.382812e-05
1.845383e+01    5.470729e-05
1.846605e+01    5.545851e-05
1.847826e+01    5.609973e-05
1.849047e+01    5.662069e-05
1.850269e+01    5.702127e-05
1.851490e+01    5.732023e-05
1.852711e+01    5.750929e-05
1.853933e+01    5.758367e-05
1.855154e+01    5.756167e-05
1.856375e+01    5.743082e-05
1.857596e+01    5.719974e-05
1.858818e+01    5.688437e-05
1.860039e+01    5.646388e-05
1.861260e+01    5.595631e-05
1.862482e+01    5.536724e-05
1.863703e+01    5.468342e-05
1.864924e+01    5.392078e-05
1.866146e+01    5.308492e-05
1.867367e+01    5.217653e-05
1.868588e+01    5.119015e-05
1.869810e+01    5.014543e-05
1.871031e+01    4.902994e-05
1.872252e+01    4.785787e-05
1.873473e+01    4.663062e-05
1.874695e+01    4.534749e-05
1.875916e+01    4.401430e-05
1.877137e+01    4.263548e-05
1.878359e+01    4.121382e-05
1.879580e+01    3.976049e-05
1.880801e+01    3.826316e-05
1.882022e+01    3.673555e-05
1.883244e+01    3.518793e-05
1.884465e+01    3.360794e-05
1.885686e+01    3.201095e-05
1.886908e+01    3.039604e-05
1.888129e+01    2.876739e-05
1.889350e+01    2.713338e-05
1.890572e+01    2.548401e-05
1.891793e+01    2.383394e-05
1.893014e+01    2.218690e-05
1.894235e+01    2.054335e-05
1.895457e+01    1.890189e-05
1.896678e+01    1.727464e-05
1.897899e+01    1.565414e-05
1.899121e+01    1.406157e-05
1.900342e+01    1.248182e-05
1.901563e+01    1.091836e-05
1.902785e+01    9.379350e-06
1.904006e+01    7.871655e-06
1.905227e+01    6.387709e-06
1.906449e+01    4.942412e-06
1.907670e+01    3.527151e-06
1.908891e+01    2.150657e-06
1.910112e+01    8.125789e-07
1.911334e+01    -4.923204e-07
1.912555e+01    -1.738779e-06
1.913776e+01    -2.948218e-06
1.914997e+01    -4.111207e-06
1.916219e+01    -5.225418e-06
1.917440e+01    -6.291200e-06
1.918661e+01    -7.305294e-06
1.919883e+01    -8.269912e-06
1.921104e+01    -9.177718e-06
1.922325e+01    -1.003069e-05
1.923547e+01    -1.082977e-05
1.924768e+01    -1.156970e-05
1.925989e+01    -1.225842e-05
1.927211e+01    -1.288834e-05
1.928432e+01    -1.344865e-05
1.929653e+01    -1.396856e-05
1.930874e+01    -1.442025e-05
1.932096e+01    -1.481909e-05
1.933317e+01    -1.515343e-05
1.934538e+01    -1.543376e-05
1.935760e+01    -1.565728e-05
1.936981e+01    -1.581979e-05
1.938202e+01    -1.593132e-05
1.939424e+01    -1.597789e-05
1.940645e+01    -1.597381e-05
1.941866e+01    -1.591409e-05
1.943087e+01    -1.580047e-05
1.944309e+01    -1.563213e-05
1.945530e+01    -1.541409e-05
1.946751e+01    -1.515367e-05
1.947973e+01    -1.483178e-05
1.949194e+01    -1.447008e-05
1.950415e+01    -1.405668e-05
1.951637e+01    -1.360814e-05
1.952858e+01    -1.311523e-05
1.954079e+01    -1.257856e-05
1.955301e+01    -1.200510e-05
1.956522e+01    -1.139205e-05
1.957743e+01    -1.074874e-05
1.958964e+01    -1.007097e-05
1.960186e+01    -9.369454e-06
1.961407e+01    -8.638250e-06
1.962628e+01    -7.878407e-06
1.963849e+01    -7.096329e-06
1.965071e+01    -6.290851e-06
1.966292e+01    -5.475362e-06
1.967513e+01    -4.640082e-06
1.968735e+01    -3.792811e-06
1.969956e+01    -2.939370e-06
1.971177e+01    -2.073823e-06
1.972399e+01    -1.210370e-06
1.973620e+01    -3.353925e-07
1.974841e+01    5.362090e-07
1.976063e+01    1.401640e-06
1.977284e+01    2.259971e-06
1.978505e+01    3.109570e-06
1.979726e+01    3.951369e-06
1.980948e+01    4.777452e-06
1.982169e+01    5.579903e-06
1.983390e+01    6.367918e-06
1.984612e+01    7.127761e-06
1.985833e+01    7.865368e-06
1.987054e+01    8.577364e-06
1.988276e+01    9.254785e-06
1.989497e+01    9.898096e-06
1.990718e+01    1.050555e-05
1.991939e+01    1.107890e-05
1.993161e+01    1.160719e-05
1.994382e+01    1.209299e-05
1.995603e+01    1.252873e-05
1.996825e+01    1.292105e-05
1.998046e+01    1.326320e-05
1.999267e+01    1.355045e-05
2.000488e+01    1.377705e-05
2.001710e+01    1.395843e-05
2.002931e+01    1.407968e-05
2.004152e+01    1.413585e-05
2.005374e+01    1.412543e-05
2.006595e+01    1.405529e-05
2.007816e+01    1.391867e-05
2.009038e+01    1.370680e-05
2.010259e+01    1.343491e-05
2.011480e+01    1.309888e-05
2.012702e+01    1.267740e-05
2.013923e+01    1.218694e-05
2.015144e+01    1.162291e-05
2.016365e+01    1.098454e-05
2.017587e+01    1.026710e-05
2.018808e+01    9.478288e-06
2.020029e+01    8.612071e-06
2.021251e+01    7.663839e-06
2.022472e+01    6.639144e-06
2.023693e+01    5.535978e-06
2.024915e+01    4.353711e-06
2.026136e+01    3.090641e-06
2.027357e+01    1.753222e-06
2.028578e+01    3.346286e-07
2.029800e+01    -1.169130e-06
2.031021e+01    -2.745786e-06
2.032242e+01    -4.397705e-06
2.033464e+01    -6.129514e-06
2.034685e+01    -7.934257e-06
2.035906e+01    -9.814350e-06
2.037127e+01    -1.177998e-05
2.038349e+01    -1.380562e-05
2.039570e+01    -1.591447e-05
2.040791e+01    -1.808516e-05
2.042013e+01    -2.032960e-05
2.043234e+01    -2.264735e-05
2.044455e+01    -2.502573e-05
2.045677e+01    -2.747421e-05
2.046898e+01    -2.998674e-05
2.048119e+01    -3.255569e-05
2.049340e+01    -3.518206e-05
2.050562e+01    -3.788388e-05
2.051783e+01    -4.061687e-05
2.053004e+01    -4.341620e-05
2.054226e+01    -4.626502e-05
2.055447e+01    -4.916168e-05
2.056668e+01    -5.210181e-05
2.057890e+01    -5.508982e-05
2.059111e+01    -5.810999e-05
2.060332e+01    -6.117260e-05
2.061554e+01    -6.427979e-05
2.062775e+01    -6.741038e-05
2.063996e+01    -7.057130e-05
2.065217e+01    -7.376142e-05
2.066439e+01    -7.696707e-05
2.067660e+01    -8.019082e-05
2.068881e+01    -8.345289e-05
2.070103e+01    -8.670973e-05
2.071324e+01    -8.998712e-05
2.072545e+01    -9.326386e-05
2.073767e+01    -9.654804e-05
2.074988e+01    -9.982883e-05
2.076209e+01    -1.031132e-04
2.077430e+01    -1.063880e-04
2.078652e+01    -1.096541e-04
2.079873e+01    -1.129110e-04
2.081094e+01    -1.161532e-04
2.082316e+01    -1.193622e-04
2.083537e+01    -1.225520e-04
2.084758e+01    -1.257154e-04
2.085979e+01    -1.288588e-04
2.087201e+01    -1.319616e-04
2.088422e+01    -1.350285e-04
2.089643e+01    -1.380462e-04
2.090865e+01    -1.410381e-04
2.092086e+01    -1.439785e-04
2.093307e+01    -1.468623e-04
2.094529e+01    -1.496930e-04
2.095750e+01    -1.524692e-04
2.096971e+01    -1.551838e-04
2.098192e+01    -1.578375e-04
2.099414e+01    -1.604223e-04
2.100635e+01    -1.629406e-04
2.101856e+01    -1.653866e-04
2.103078e+01    -1.677536e-04
2.104299e+01    -1.700525e-04
2.105520e+01    -1.722612e-04
2.106742e+01    -1.743889e-04
2.107963e+01    -1.764318e-04
2.109184e+01    -1.783819e-04
2.110406e+01    -1.802456e-04
2.111627e+01    -1.820239e-04
2.112848e+01    -1.836914e-04
2.114069e+01    -1.852662e-04
2.115291e+01    -1.867405e-04
2.116512e+01    -1.881099e-04
2.117733e+01    -1.893834e-04
2.118955e+01    -1.905477e-04
2.120176e+01    -1.915942e-04
2.121397e+01    -1.925457e-04
2.122618e+01    -1.933808e-04
2.123840e+01    -1.941009e-04
2.125061e+01    -1.947099e-04
2.126282e+01    -1.952005e-04
2.127504e+01    -1.955793e-04
2.128725e+01    -1.958333e-04
2.129946e+01    -1.959768e-04
2.131168e+01    -1.960006e-04
2.132389e+01    -1.959018e-04
2.133610e+01    -1.956862e-04
2.134831e+01    -1.953449e-04
2.136053e+01    -1.948849e-04
2.137274e+01    -1.943022e-04
2.138495e+01    -1.935996e-04
2.139717e+01    -1.927809e-04
2.140938e+01    -1.918285e-04
2.142159e+01    -1.907679e-04
2.143381e+01    -1.895728e-04
2.144602e+01    -1.882651e-04
2.145823e+01    -1.868349e-04
2.147044e+01    -1.852834e-04
2.148266e+01    -1.836212e-04
2.149487e+01    -1.818316e-04
2.150708e+01    -1.799266e-04
2.151930e+01    -1.779126e-04
2.153151e+01    -1.757801e-04
2.154372e+01    -1.735314e-04
2.155593e+01    -1.711772e-04
2.156815e+01    -1.687055e-04
2.158036e+01    -1.661292e-04
2.159258e+01    -1.634476e-04
2.160479e+01    -1.606523e-04
2.161700e+01    -1.577555e-04
2.162921e+01    -1.547638e-04
2.164143e+01    -1.516661e-04
2.165364e+01    -1.484744e-04
2.166585e+01    -1.451826e-04
2.167807e+01    -1.417955e-04
2.169028e+01    -1.383229e-04
2.170249e+01    -1.347616e-04
2.171470e+01    -1.311097e-04
2.172692e+01    -1.273860e-04
2.173913e+01    -1.235605e-04
2.175134e+01    -1.196683e-04
2.176356e+01    -1.156985e-04
2.177577e+01    -1.116561e-04
2.178798e+01    -1.075414e-04
2.180020e+01    -1.033593e-04
2.181241e+01    -9.911649e-05
2.182462e+01    -9.480877e-05
2.183683e+01    -9.044400e-05
2.184905e+01    -8.602515e-05
2.186126e+01    -8.154059e-05
2.187347e+01    -7.702321e-05
2.188569e+01    -7.245295e-05
2.189790e+01    -6.783037e-05
2.191011e+01    -6.317831e-05
2.192233e+01    -5.848773e-05
2.193454e+01    -5.375722e-05
2.194675e+01    -4.899807e-05
2.195897e+01    -4.420661e-05
2.197118e+01    -3.939487e-05
2.198339e+01    -3.456396e-05
2.199560e+01    -2.970744e-05
2.200782e+01    -2.483661e-05
2.202003e+01    -1.995084e-05
2.203224e+01    -1.506902e-05
2.204445e+01    -1.016044e-05
2.205667e+01    -5.257192e-06
2.206888e+01    -3.476162e-07
2.208109e+01    4.549500e-06
2.209331e+01    9.445248e-06
2.210552e+01    1.433618e-05
2.211773e+01    1.921363e-05
2.212995e+01    2.408049e-05
2.214216e+01    2.892517e-05
2.215437e+01    3.376209e-05
2.216659e+01    3.856749e-05
2.217880e+01    4.335208e-05
2.219101e+01    4.811198e-05
2.220322e+01    5.283546e-05
2.221544e+01    5.753672e-05
2.222765e+01    6.219522e-05
2.223986e+01    6.682443e-05
2.225208e+01    7.141371e-05
2.226429e+01    7.595854e-05
2.227650e+01    8.046550e-05
2.228872e+01    8.492425e-05
2.230093e+01    8.933121e-05
2.231314e+01    9.370439e-05
2.232535e+01    9.801386e-05
2.233757e+01    1.022780e-04
2.234978e+01    1.064812e-04
2.236199e+01    1.106351e-04
2.237421e+01    1.147278e-04
2.238642e+01    1.187663e-04
2.239863e+01    1.227503e-04
2.241084e+01    1.266573e-04
2.242306e+01    1.305136e-04
2.243527e+01    1.343017e-04
2.244748e+01    1.380306e-04
2.245970e+01    1.416860e-04
2.247191e+01    1.452829e-04
2.248412e+01    1.488104e-04
2.249634e+01    1.522645e-04
2.250855e+01    1.556553e-04
2.252076e+01    1.589739e-04
2.253297e+01    1.622271e-04
2.254519e+01    1.653972e-04
2.255740e+01    1.685183e-04
2.256961e+01    1.715573e-04
2.258183e+01    1.745239e-04
2.259404e+01    1.774180e-04
2.260625e+01    1.802470e-04
2.261847e+01    1.830062e-04
2.263068e+01    1.856847e-04
2.264289e+01    1.883009e-04
2.265511e+01    1.908430e-04
2.266732e+01    1.933163e-04
2.267953e+01    1.957173e-04
2.269174e+01    1.980451e-04
2.270396e+01    2.003159e-04
2.271617e+01    2.025024e-04
2.272838e+01    2.046284e-04
2.274060e+01    2.066864e-04
2.275281e+01    2.086765e-04
2.276502e+01    2.106000e-04
2.277724e+01    2.124593e-04
2.278945e+01    2.142544e-04
2.280166e+01    2.159827e-04
2.281387e+01    2.176476e-04
2.282609e+01    2.192520e-04
2.283830e+01    2.207950e-04
2.285051e+01    2.222756e-04
2.286273e+01    2.236951e-04
2.287494e+01    2.250579e-04
2.288715e+01    2.263665e-04
2.289936e+01    2.276201e-04
2.291158e+01    2.288143e-04
2.292379e+01    2.299543e-04
2.293600e+01    2.310445e-04
2.294822e+01    2.320760e-04
2.296043e+01    2.330669e-04
2.297264e+01    2.340014e-04
2.298486e+01    2.348918e-04
2.299707e+01    2.357310e-04
2.300928e+01    2.365271e-04
2.302150e+01    2.372699e-04
2.303371e+01    2.379753e-04
2.304592e+01    2.386398e-04
2.305813e+01    2.392571e-04
2.307035e+01    2.398393e-04
2.308256e+01    2.403804e-04
2.309477e+01    2.408829e-04
2.310699e+01    2.413419e-04
2.311920e+01    2.417743e-04
2.313141e+01    2.421612e-04
2.314363e+01    2.425189e-04
2.315584e+01    2.428445e-04
2.316805e+01    2.431381e-04
2.318026e+01    2.433941e-04
2.319248e+01    2.436196e-04
2.320469e+01    2.438215e-04
2.321690e+01    2.439867e-04
2.322912e+01    2.441276e-04
2.324133e+01    2.442406e-04
2.325354e+01    2.443221e-04
2.326575e+01    2.443788e-04
2.327797e+01    2.444114e-04
2.329018e+01    2.444131e-04
2.330239e+01    2.443963e-04
2.331461e+01    2.443505e-04
2.332682e+01    2.442824e-04
2.333903e+01    2.441923e-04
2.335125e+01    2.440728e-04
2.336346e+01    2.439288e-04
2.337567e+01    2.437668e-04
2.338788e+01    2.435791e-04
2.340010e+01    2.433664e-04
2.341231e+01    2.431327e-04
2.342452e+01    2.428797e-04
2.343674e+01    2.425953e-04
2.344895e+01    2.422911e-04
2.346116e+01    2.419588e-04
2.347338e+01    2.416103e-04
2.348559e+01    2.412345e-04
2.349780e+01    2.408337e-04
2.351002e+01    2.404029e-04
2.352223e+01    2.399540e-04
2.353444e+01    2.394792e-04
2.354665e+01    2.389732e-04
2.355887e+01    2.384463e-04
2.357108e+01    2.378833e-04
2.358329e+01    2.372945e-04
2.359550e+01    2.366760e-04
2.360772e+01    2.360359e-04
2.361993e+01    2.353571e-04
2.363214e+01    2.346548e-04
2.364436e+01    2.339094e-04
2.365657e+01    2.331373e-04
2.366878e+01    2.323297e-04
2.368100e+01    2.314860e-04
2.369321e+01    2.306062e-04
2.370542e+01    2.296897e-04
2.371764e+01    2.287406e-04
2.372985e+01    2.277404e-04
2.374206e+01    2.267087e-04
2.375427e+01    2.256333e-04
2.376649e+01    2.245128e-04
2.377870e+01    2.233513e-04
2.379091e+01    2.221412e-04
2.380313e+01    2.208899e-04
2.381534e+01    2.195867e-04
2.382755e+01    2.182378e-04
2.383977e+01    2.168372e-04
2.385198e+01    2.153901e-04
2.386419e+01    2.138836e-04
2.387640e+01    2.123271e-04
2.388862e+01    2.107111e-04
2.390083e+01    2.090402e-04
2.391304e+01    2.073128e-04
2.392526e+01    2.055268e-04
2.393747e+01    2.036828e-04
2.394968e+01    2.017737e-04
2.396189e+01    1.998049e-04
2.397411e+01    1.977732e-04
2.398632e+01    1.956822e-04
2.399854e+01    1.935120e-04
2.401075e+01    1.912786e-04
2.402296e+01    1.889874e-04
2.403517e+01    1.866191e-04
2.404739e+01    1.841844e-04
2.405960e+01    1.816789e-04
2.407181e+01    1.791062e-04
2.408403e+01    1.764492e-04
2.409624e+01    1.737282e-04
2.410845e+01    1.709253e-04
2.412066e+01    1.680562e-04
2.413288e+01    1.651035e-04
2.414509e+01    1.620784e-04
2.415730e+01    1.589775e-04
2.416952e+01    1.558042e-04
2.418173e+01    1.525413e-04
2.419394e+01    1.492082e-04
2.420616e+01    1.457958e-04
2.421837e+01    1.423030e-04
2.423058e+01    1.387333e-04
2.424279e+01    1.350936e-04
2.425501e+01    1.313519e-04
2.426722e+01    1.275450e-04
2.427943e+01    1.236542e-04
2.429165e+01    1.196934e-04
2.430386e+01    1.156463e-04
2.431607e+01    1.115204e-04
2.432829e+01    1.073127e-04
2.434050e+01    1.030350e-04
2.435271e+01    9.867837e-05
2.436492e+01    9.424091e-05
2.437714e+01    8.972472e-05
2.438935e+01    8.513714e-05
2.440156e+01    8.047803e-05
2.441378e+01    7.574199e-05
2.442599e+01    7.092778e-05
2.443820e+01    6.605173e-05
2.445041e+01    6.109950e-05
2.446263e+01    5.607551e-05
2.447484e+01    5.098805e-05
2.448705e+01    4.582363e-05
2.449927e+01    4.060406e-05
2.451148e+01    3.531366e-05
2.452369e+01    2.996463e-05
2.453591e+01    2.455257e-05
2.454812e+01    1.908097e-05
2.456033e+01    1.355287e-05
2.457255e+01    7.966359e-06
2.458476e+01    2.326327e-06
2.459697e+01    -3.369059e-06
2.460918e+01    -9.107054e-06
2.462140e+01    -1.489182e-05
2.463361e+01    -2.072836e-05
2.464582e+01    -2.661397e-05
2.465804e+01    -3.252950e-05
2.467025e+01    -3.848859e-05
2.468246e+01    -4.448462e-05
2.469468e+01    -5.051275e-05
2.470689e+01    -5.657336e-05
2.471910e+01    -6.266512e-05
2.473131e+01    -6.878219e-05
2.474353e+01    -7.492205e-05
2.475574e+01    -8.107992e-05
2.476795e+01    -8.726201e-05
2.478017e+01    -9.345575e-05
2.479238e+01    -9.966022e-05
2.480459e+01    -1.058781e-04
2.481680e+01    -1.121057e-04
2.482902e+01    -1.183258e-04
2.484123e+01    -1.245532e-04
2.485344e+01    -1.307777e-04
2.486566e+01    -1.369957e-04
2.487787e+01    -1.432108e-04
2.489008e+01    -1.494045e-04
2.490230e+01    -1.555955e-04
2.491451e+01    -1.617593e-04
2.492672e+01    -1.679040e-04
2.493893e+01    -1.740233e-04
2.495115e+01    -1.801178e-04
2.496336e+01    -1.861834e-04
2.497557e+01    -1.922144e-04
2.498779e+01    -1.982048e-04
2.500000e+01    -2.041631e-04
