0.0000  -17.5178  -17.5178  -11.7578  -11.7578  -6.8143  -6.8143  -6.8143  -6.8143  -3.1924  -3.1924  -0.2587  -0.2587  -0.2587  -0.2587  3.8955  3.8955
0.0264  -17.5305  -17.5305  -11.7300  -11.7300  -6.8102  -6.8102  -6.8102  -6.8102  -3.1798  -3.1798  -0.2515  -0.2515  -0.2515  -0.2515  3.9062  3.9062
0.0528  -17.5679  -17.5679  -11.6475  -11.6475  -6.7978  -6.7978  -6.7978  -6.7978  -3.1420  -3.1420  -0.2301  -0.2301  -0.2301  -0.2301  3.9379  3.9379
0.0793  -17.6275  -17.6275  -11.5128  -11.5128  -6.7773  -6.7773  -6.7773  -6.7773  -3.0796  -3.0796  -0.1954  -0.1954  -0.1954  -0.1954  3.9892  3.9892
0.1057  -17.7056  -17.7056  -11.3299  -11.3299  -6.7489  -6.7489  -6.7489  -6.7489  -2.9926  -2.9926  -0.1488  -0.1488  -0.1488  -0.1488  4.0558  4.0558
0.1321  -17.7982  -17.7982  -11.1031  -11.1031  -6.7127  -6.7127  -6.7127  -6.7127  -2.9342  -2.9342  -0.0927  -0.0927  -0.0927  -0.0927  4.1181  4.1181
0.1585  -17.9009  -17.9009  -10.8373  -10.8373  -6.6692  -6.6692  -6.6692  -6.6692  -2.8678  -2.8678  -0.0303  -0.0303  -0.0303  -0.0303  4.0264  4.0264
0.1849  -18.0097  -18.0097  -10.5369  -10.5369  -6.6189  -6.6189  -6.6189  -6.6189  -2.7911  -2.7911  0.0337  0.0337  0.0337  0.0337  3.5815  3.5815
0.2114  -18.1210  -18.1210  -10.2065  -10.2065  -6.5623  -6.5623  -6.5623  -6.5623  -2.7054  -2.7054  0.0928  0.0928  0.0928  0.0928  3.0548  3.0548
0.2378  -18.2317  -18.2317  -9.8499  -9.8499  -6.5003  -6.5003  -6.5003  -6.5003  -2.6127  -2.6127  0.1388  0.1388  0.1388  0.1388  2.5252  2.5252
0.2642  -18.3393  -18.3393  -9.4710  -9.4710  -6.4339  -6.4339  -6.4339  -6.4339  -2.5159  -2.5159  0.1622  0.1622  0.1622  0.1622  2.0061  2.0061
0.2906  -18.4415  -18.4415  -9.0735  -9.0735  -6.3642  -6.3642  -6.3642  -6.3642  -2.4196  -2.4196  0.1543  0.1543  0.1543  0.1543  1.5040  1.5040
0.3170  -18.5366  -18.5366  -8.6612  -8.6612  -6.2927  -6.2927  -6.2927  -6.2927  -2.3313  -2.3313  0.1108  0.1108  0.1108  0.1108  1.0260  1.0260
0.3434  -18.6233  -18.6233  -8.2382  -8.2382  -6.2213  -6.2213  -6.2213  -6.2213  -2.2625  -2.2625  0.0342  0.0342  0.0342  0.0342  0.5833  0.5833
0.3699  -18.7003  -18.7003  -7.8098  -7.8098  -6.1519  -6.1519  -6.1519  -6.1519  -2.2314  -2.2314  -0.0659  -0.0659  -0.0659  -0.0659  0.1932  0.1932
0.3963  -18.7669  -18.7669  -7.3826  -7.3826  -6.0869  -6.0869  -6.0869  -6.0869  -2.2620  -2.2620  -0.1767  -0.1767  -0.1767  -0.1767  -0.1204  -0.1204
0.4227  -18.8222  -18.8222  -6.9666  -6.9666  -6.0288  -6.0288  -6.0288  -6.0288  -2.3739  -2.3739  -0.3362  -0.3362  -0.2854  -0.2854  -0.2854  -0.2854
0.4491  -18.8657  -18.8657  -6.5773  -6.5773  -5.9801  -5.9801  -5.9801  -5.9801  -2.5598  -2.5598  -0.4547  -0.4547  -0.3810  -0.3810  -0.3810  -0.3810
0.4755  -18.8971  -18.8971  -6.2414  -6.2414  -5.9433  -5.9433  -5.9433  -5.9433  -2.7762  -2.7762  -0.5033  -0.5033  -0.4551  -0.4551  -0.4551  -0.4551
0.5020  -18.9160  -18.9160  -6.0018  -6.0018  -5.9203  -5.9203  -5.9203  -5.9203  -2.9554  -2.9554  -0.5163  -0.5163  -0.5019  -0.5019  -0.5019  -0.5019
0.5284  -18.9223  -18.9223  -5.9124  -5.9124  -5.9124  -5.9124  -5.9124  -5.9124  -3.0264  -3.0264  -0.5179  -0.5179  -0.5179  -0.5179  -0.5179  -0.5179
0.5589  -18.9139  -18.9139  -6.0015  -6.0015  -5.9380  -5.9380  -5.9380  -5.9380  -2.9307  -2.9307  -0.5572  -0.5572  -0.4761  -0.4761  -0.4761  -0.4761
0.5894  -18.8886  -18.8886  -6.2373  -6.2373  -6.0119  -6.0119  -6.0119  -6.0119  -2.6771  -2.6771  -0.6671  -0.6671  -0.3536  -0.3536  -0.3536  -0.3536
0.6199  -18.8468  -18.8468  -6.5619  -6.5619  -6.1269  -6.1269  -6.1269  -6.1269  -2.3312  -2.3312  -0.8263  -0.8263  -0.1577  -0.1577  -0.1577  -0.1577
0.6504  -18.7886  -18.7886  -6.9324  -6.9324  -6.2736  -6.2736  -6.2736  -6.2736  -1.9607  -1.9607  -0.9986  -0.9986  0.1017  0.1017  0.1017  0.1017
0.6809  -18.7146  -18.7146  -7.3242  -7.3242  -6.4420  -6.4420  -6.4420  -6.4420  -1.6893  -1.6893  -1.0841  -1.0841  0.4143  0.4143  0.4143  0.4143
0.7114  -18.6255  -18.6255  -7.7240  -7.7240  -6.6233  -6.6233  -6.6233  -6.6233  -1.7170  -1.7170  -0.9191  -0.9191  0.7705  0.7705  0.7705  0.7705
0.7419  -18.5221  -18.5221  -8.1240  -8.1240  -6.8102  -6.8102  -6.8102  -6.8102  -1.9044  -1.9044  -0.7157  -0.7157  1.1626  1.1626  1.1626  1.1626
0.7724  -18.4054  -18.4054  -8.5196  -8.5196  -6.9968  -6.9968  -6.9968  -6.9968  -2.1210  -2.1210  -0.6924  -0.6924  1.5611  1.5611  1.5839  1.5839
0.8030  -18.2768  -18.2768  -8.9072  -8.9072  -7.1785  -7.1785  -7.1785  -7.1785  -2.3369  -2.3369  -0.8682  -0.8682  1.8657  1.8657  2.0294  2.0294
0.8335  -18.1381  -18.1381  -9.2840  -9.2840  -7.3520  -7.3520  -7.3520  -7.3520  -2.5421  -2.5421  -1.1516  -1.1516  2.3226  2.3226  2.4949  2.4949
0.8640  -17.9914  -17.9914  -9.6473  -9.6473  -7.5145  -7.5145  -7.5145  -7.5145  -2.7320  -2.7320  -1.4698  -1.4698  2.8590  2.8590  2.9772  2.9772
0.8945  -17.8394  -17.8394  -9.9940  -9.9940  -7.6638  -7.6638  -7.6638  -7.6638  -2.9037  -2.9037  -1.7866  -1.7866  3.4384  3.4384  3.4737  3.4737
0.9250  -17.6854  -17.6854  -10.3204  -10.3204  -7.7985  -7.7985  -7.7985  -7.7985  -3.0552  -3.0552  -2.0846  -2.0846  3.9826  3.9826  3.9826  3.9826
0.9555  -17.5335  -17.5335  -10.6224  -10.6224  -7.9173  -7.9173  -7.9173  -7.9173  -3.1852  -3.1852  -2.3547  -2.3547  4.5022  4.5022  4.5022  4.5022
0.9860  -17.3887  -17.3887  -10.8947  -10.8947  -8.0192  -8.0192  -8.0192  -8.0192  -3.2928  -3.2928  -2.5919  -2.5919  5.0310  5.0310  5.0310  5.0310
1.0165  -17.2566  -17.2566  -11.1315  -11.1315  -8.1034  -8.1034  -8.1034  -8.1034  -3.3772  -3.3772  -2.7929  -2.7929  5.5669  5.5669  5.5669  5.5669
1.0470  -17.1439  -17.1439  -11.3259  -11.3259  -8.1694  -8.1694  -8.1694  -8.1694  -3.4389  -3.4389  -2.9552  -2.9552  6.1060  6.1060  6.1060  6.1060
1.0775  -17.0570  -17.0570  -11.4712  -11.4712  -8.2169  -8.2169  -8.2169  -8.2169  -3.5072  -3.5072  -3.0761  -3.0761  6.6385  6.6385  6.6385  6.6385
1.1080  -17.0020  -17.0020  -11.5614  -11.5614  -8.2455  -8.2455  -8.2455  -8.2455  -3.5496  -3.5496  -3.1517  -3.1517  7.1266  7.1266  7.1266  7.1266
1.1385  -16.9832  -16.9832  -11.5919  -11.5919  -8.2550  -8.2550  -8.2550  -8.2550  -3.5624  -3.5624  -3.1776  -3.1776  7.2242  7.2242  7.3849  7.3849
1.7189  -16.9819  -16.9819  -11.5766  -11.5766  -8.3663  -8.3663  -8.2385  -8.2385  -3.4280  -3.4280  -3.0479  -3.0479  6.6895  6.6895  6.9194  6.9194
1.7621  -16.9793  -16.9793  -11.5319  -11.5319  -8.6482  -8.6482  -8.1891  -8.1891  -3.3116  -3.3116  -2.5909  -2.5909  5.9721  5.9721  6.1588  6.1588
1.8052  -16.9794  -16.9794  -11.4621  -11.4621  -8.9988  -8.9988  -8.1080  -8.1080  -3.1903  -3.1903  -1.8710  -1.8710  5.2563  5.2563  5.3901  5.3901
1.8484  -16.9882  -16.9882  -11.3752  -11.3752  -9.3311  -9.3311  -7.9966  -7.9966  -3.0407  -3.0407  -0.9935  -0.9935  4.5718  4.5718  4.6599  4.6599
1.8915  -17.0137  -17.0137  -11.2838  -11.2838  -9.5821  -9.5821  -7.8572  -7.8572  -2.8574  -2.8574  -0.0290  -0.0290  3.9301  3.9301  3.9953  3.9953
1.9347  -17.0641  -17.0641  -11.2002  -11.2002  -9.7077  -9.7077  -7.6933  -7.6933  -2.6415  -2.6415  0.9273  0.9273  3.3378  3.3378  3.4493  3.4493
1.9778  -17.1461  -17.1461  -11.1228  -11.1228  -9.6902  -9.6902  -7.5089  -7.5089  -2.3969  -2.3969  1.5778  1.5778  2.7988  2.7988  3.1166  3.1166
2.0210  -17.2627  -17.2627  -11.0266  -11.0266  -9.5454  -9.5454  -7.3094  -7.3094  -2.1311  -2.1311  1.5318  1.5318  2.3147  2.3147  2.7104  2.7104
2.0641  -17.4118  -17.4118  -10.8795  -10.8795  -9.3049  -9.3049  -7.1014  -7.1014  -1.8565  -1.8565  1.1668  1.1668  1.8835  1.8835  2.2559  2.2559
2.1072  -17.5870  -17.5870  -10.6605  -10.6605  -8.9969  -8.9969  -6.8925  -6.8925  -1.5937  -1.5937  0.7654  0.7654  1.4985  1.4985  1.8568  1.8568
2.1504  -17.7789  -17.7789  -10.3626  -10.3626  -8.6412  -8.6412  -6.6910  -6.6910  -1.3762  -1.3762  0.3985  0.3985  1.1492  1.1492  1.5460  1.5460
2.1935  -17.9771  -17.9771  -9.9872  -9.9872  -8.2531  -8.2531  -6.5053  -6.5053  -1.2492  -1.2492  0.0910  0.0910  0.8270  0.8270  1.3503  1.3503
2.2367  -18.1718  -18.1718  -9.5402  -9.5402  -7.8461  -7.8461  -6.3425  -6.3425  -1.2470  -1.2470  -0.1505  -0.1505  0.5302  0.5302  1.2742  1.2742
2.2798  -18.3548  -18.3548  -9.0294  -9.0294  -7.4347  -7.4347  -6.2074  -6.2074  -1.3579  -1.3579  -0.3346  -0.3346  0.2628  0.2628  1.2531  1.2531
2.3230  -18.5191  -18.5191  -8.4648  -8.4648  -7.0357  -7.0357  -6.1016  -6.1016  -1.5429  -1.5429  -0.4695  -0.4695  0.0299  0.0299  1.1301  1.1301
2.3661  -18.6598  -18.6598  -7.8591  -7.8591  -6.6687  -6.6687  -6.0238  -6.0238  -1.7827  -1.7827  -0.5530  -0.5530  -0.1647  -0.1647  0.7669  0.7669
2.4092  -18.7727  -18.7727  -7.2329  -7.2329  -6.3548  -6.3548  -5.9703  -5.9703  -2.0878  -2.0878  -0.5825  -0.5825  -0.3182  -0.3182  0.2654  0.2654
2.4524  -18.8552  -18.8552  -6.6254  -6.6254  -6.1144  -6.1144  -5.9365  -5.9365  -2.4667  -2.4667  -0.5674  -0.5674  -0.4289  -0.4289  -0.1687  -0.1687
2.4955  -18.9055  -18.9055  -6.1251  -6.1251  -5.9637  -5.9637  -5.9182  -5.9182  -2.8478  -2.8478  -0.5345  -0.5345  -0.4956  -0.4956  -0.4328  -0.4328
2.5387  -18.9223  -18.9223  -5.9124  -5.9124  -5.9124  -5.9124  -5.9124  -5.9124  -3.0264  -3.0264  -0.5179  -0.5179  -0.5179  -0.5179  -0.5179  -0.5179
