0.000000e+00    -5.851465e-01
1.221299e-02    -5.849850e-01
2.442599e-02    -5.845040e-01
3.663898e-02    -5.837142e-01
4.885198e-02    -5.826334e-01
6.106497e-02    -5.812858e-01
7.327797e-02    -5.797028e-01
8.549096e-02    -5.779217e-01
9.770396e-02    -5.759860e-01
1.099169e-01    -5.739442e-01
1.221299e-01    -5.718506e-01
1.343429e-01    -5.697634e-01
1.465559e-01    -5.677453e-01
1.587689e-01    -5.658618e-01
1.709819e-01    -5.641819e-01
1.831949e-01    -5.627760e-01
1.954079e-01    -5.617166e-01
2.076209e-01    -5.610763e-01
2.198339e-01    -5.609283e-01
2.320469e-01    -5.613451e-01
2.442599e-01    -5.623980e-01
2.564729e-01    -5.641558e-01
2.686859e-01    -5.666855e-01
2.808989e-01    -5.700504e-01
2.931119e-01    -5.743103e-01
3.053249e-01    -5.795206e-01
3.175378e-01    -5.857317e-01
3.297509e-01    -5.929889e-01
3.419639e-01    -6.013315e-01
3.541768e-01    -6.107932e-01
3.663898e-01    -6.214007e-01
3.786028e-01    -6.331747e-01
3.908158e-01    -6.461282e-01
4.030288e-01    -6.602681e-01
4.152418e-01    -6.755937e-01
4.274548e-01    -6.920971e-01
4.396678e-01    -7.097635e-01
4.518808e-01    -7.285711e-01
4.640938e-01    -7.484913e-01
4.763068e-01    -7.694886e-01
4.885198e-01    -7.915208e-01
5.007328e-01    -8.145403e-01
5.129458e-01    -8.384928e-01
5.251588e-01    -8.633191e-01
5.373718e-01    -8.889546e-01
5.495847e-01    -9.153302e-01
5.617977e-01    -9.423723e-01
5.740107e-01    -9.700035e-01
5.862237e-01    -9.981437e-01
5.984367e-01    -1.026710e+00
6.106497e-01    -1.055615e+00
6.228627e-01    -1.084774e+00
6.350757e-01    -1.114097e+00
6.472887e-01    -1.143494e+00
6.595017e-01    -1.172879e+00
6.717147e-01    -1.202159e+00
6.839277e-01    -1.231248e+00
6.961407e-01    -1.260058e+00
7.083537e-01    -1.288505e+00
7.205667e-01    -1.316504e+00
7.327797e-01    -1.343976e+00
7.449927e-01    -1.370842e+00
7.572057e-01    -1.397028e+00
7.694187e-01    -1.422464e+00
7.816316e-01    -1.447082e+00
7.938446e-01    -1.470819e+00
8.060576e-01    -1.493616e+00
8.182706e-01    -1.515421e+00
8.304836e-01    -1.536183e+00
8.426966e-01    -1.555857e+00
8.549096e-01    -1.574405e+00
8.671226e-01    -1.591792e+00
8.793356e-01    -1.607988e+00
8.915486e-01    -1.622968e+00
9.037616e-01    -1.636713e+00
9.159746e-01    -1.649209e+00
9.281876e-01    -1.660444e+00
9.404006e-01    -1.670415e+00
9.526136e-01    -1.679120e+00
9.648266e-01    -1.686564e+00
9.770396e-01    -1.692754e+00
9.892526e-01    -1.697704e+00
1.001466e+00    -1.701430e+00
1.013679e+00    -1.703950e+00
1.025892e+00    -1.705290e+00
1.038105e+00    -1.705476e+00
1.050318e+00    -1.704537e+00
1.062531e+00    -1.702505e+00
1.074744e+00    -1.699417e+00
1.086957e+00    -1.695308e+00
1.099169e+00    -1.690219e+00
1.111382e+00    -1.684190e+00
1.123595e+00    -1.677264e+00
1.135808e+00    -1.669484e+00
1.148021e+00    -1.660895e+00
1.160234e+00    -1.651542e+00
1.172447e+00    -1.641471e+00
1.184660e+00    -1.630729e+00
1.196873e+00    -1.619361e+00
1.209086e+00    -1.607414e+00
1.221299e+00    -1.594934e+00
1.233512e+00    -1.581966e+00
1.245725e+00    -1.568554e+00
1.257938e+00    -1.554743e+00
1.270151e+00    -1.540575e+00
1.282364e+00    -1.526092e+00
1.294577e+00    -1.511334e+00
1.306790e+00    -1.496340e+00
1.319003e+00    -1.481148e+00
1.331216e+00    -1.465794e+00
1.343429e+00    -1.450313e+00
1.355642e+00    -1.434737e+00
1.367855e+00    -1.419096e+00
1.380068e+00    -1.403421e+00
1.392281e+00    -1.387739e+00
1.404494e+00    -1.372075e+00
1.416707e+00    -1.356453e+00
1.428920e+00    -1.340896e+00
1.441133e+00    -1.325422e+00
1.453346e+00    -1.310051e+00
1.465559e+00    -1.294799e+00
1.477772e+00    -1.279681e+00
1.489985e+00    -1.264709e+00
1.502198e+00    -1.249897e+00
1.514411e+00    -1.235252e+00
1.526624e+00    -1.220785e+00
1.538837e+00    -1.206501e+00
1.551050e+00    -1.192406e+00
1.563263e+00    -1.178505e+00
1.575476e+00    -1.164800e+00
1.587689e+00    -1.151293e+00
1.599902e+00    -1.137985e+00
1.612115e+00    -1.124875e+00
1.624328e+00    -1.111962e+00
1.636541e+00    -1.099243e+00
1.648754e+00    -1.086717e+00
1.660967e+00    -1.074378e+00
1.673180e+00    -1.062223e+00
1.685393e+00    -1.050247e+00
1.697606e+00    -1.038444e+00
1.709819e+00    -1.026809e+00
1.722032e+00    -1.015335e+00
1.734245e+00    -1.004015e+00
1.746458e+00    -9.928448e-01
1.758671e+00    -9.818152e-01
1.770884e+00    -9.709201e-01
1.783097e+00    -9.601525e-01
1.795310e+00    -9.495055e-01
1.807523e+00    -9.389719e-01
1.819736e+00    -9.285453e-01
1.831949e+00    -9.182186e-01
1.844162e+00    -9.079856e-01
1.856375e+00    -8.978398e-01
1.868588e+00    -8.877751e-01
1.880801e+00    -8.777861e-01
1.893014e+00    -8.678667e-01
1.905227e+00    -8.580124e-01
1.917440e+00    -8.482176e-01
1.929653e+00    -8.384784e-01
1.941866e+00    -8.287901e-01
1.954079e+00    -8.191494e-01
1.966292e+00    -8.095523e-01
1.978505e+00    -7.999962e-01
1.990718e+00    -7.904781e-01
2.002931e+00    -7.809957e-01
2.015144e+00    -7.715470e-01
2.027357e+00    -7.621303e-01
2.039570e+00    -7.527446e-01
2.051783e+00    -7.433885e-01
2.063996e+00    -7.340618e-01
2.076209e+00    -7.247638e-01
2.088422e+00    -7.154946e-01
2.100635e+00    -7.062545e-01
2.112848e+00    -6.970441e-01
2.125061e+00    -6.878640e-01
2.137274e+00    -6.787152e-01
2.149487e+00    -6.695992e-01
2.161700e+00    -6.605171e-01
2.173913e+00    -6.514707e-01
2.186126e+00    -6.424615e-01
2.198339e+00    -6.334918e-01
2.210552e+00    -6.245633e-01
2.222765e+00    -6.156782e-01
2.234978e+00    -6.068388e-01
2.247191e+00    -5.980473e-01
2.259404e+00    -5.893062e-01
2.271617e+00    -5.806175e-01
2.283830e+00    -5.719841e-01
2.296043e+00    -5.634081e-01
2.308256e+00    -5.548921e-01
2.320469e+00    -5.464382e-01
2.332682e+00    -5.380491e-01
2.344895e+00    -5.297269e-01
2.357108e+00    -5.214740e-01
2.369321e+00    -5.132923e-01
2.381534e+00    -5.051843e-01
2.393747e+00    -4.971518e-01
2.405960e+00    -4.891968e-01
2.418173e+00    -4.813212e-01
2.430386e+00    -4.735267e-01
2.442599e+00    -4.658149e-01
2.454812e+00    -4.581875e-01
2.467025e+00    -4.506458e-01
2.479238e+00    -4.431911e-01
2.491451e+00    -4.358245e-01
2.503664e+00    -4.285472e-01
2.515877e+00    -4.213601e-01
2.528090e+00    -4.142641e-01
2.540303e+00    -4.072597e-01
2.552516e+00    -4.003477e-01
2.564729e+00    -3.935283e-01
2.576942e+00    -3.868022e-01
2.589155e+00    -3.801693e-01
2.601368e+00    -3.736299e-01
2.613581e+00    -3.671840e-01
2.625794e+00    -3.608316e-01
2.638007e+00    -3.545724e-01
2.650220e+00    -3.484063e-01
2.662433e+00    -3.423328e-01
2.674646e+00    -3.363516e-01
2.686859e+00    -3.304620e-01
2.699072e+00    -3.246636e-01
2.711285e+00    -3.189557e-01
2.723498e+00    -3.133375e-01
2.735711e+00    -3.078083e-01
2.747924e+00    -3.023673e-01
2.760137e+00    -2.970136e-01
2.772350e+00    -2.917463e-01
2.784563e+00    -2.865644e-01
2.796776e+00    -2.814670e-01
2.808989e+00    -2.764530e-01
2.821202e+00    -2.715214e-01
2.833415e+00    -2.666712e-01
2.845628e+00    -2.619013e-01
2.857841e+00    -2.572105e-01
2.870054e+00    -2.525977e-01
2.882267e+00    -2.480621e-01
2.894480e+00    -2.436023e-01
2.906693e+00    -2.392173e-01
2.918906e+00    -2.349061e-01
2.931119e+00    -2.306674e-01
2.943332e+00    -2.265003e-01
2.955545e+00    -2.224037e-01
2.967758e+00    -2.183765e-01
2.979971e+00    -2.144178e-01
2.992184e+00    -2.105263e-01
3.004397e+00    -2.067013e-01
3.016610e+00    -2.029416e-01
3.028823e+00    -1.992464e-01
3.041036e+00    -1.956147e-01
3.053249e+00    -1.920454e-01
3.065462e+00    -1.885379e-01
3.077675e+00    -1.850911e-01
3.089888e+00    -1.817042e-01
3.102101e+00    -1.783763e-01
3.114314e+00    -1.751067e-01
3.126527e+00    -1.718946e-01
3.138740e+00    -1.687391e-01
3.150953e+00    -1.656395e-01
3.163166e+00    -1.625951e-01
3.175379e+00    -1.596051e-01
3.187592e+00    -1.566688e-01
3.199805e+00    -1.537855e-01
3.212018e+00    -1.509547e-01
3.224231e+00    -1.481755e-01
3.236444e+00    -1.454473e-01
3.248657e+00    -1.427696e-01
3.260870e+00    -1.401416e-01
3.273082e+00    -1.375628e-01
3.285295e+00    -1.350325e-01
3.297508e+00    -1.325502e-01
3.309721e+00    -1.301153e-01
3.321934e+00    -1.277271e-01
3.334147e+00    -1.253852e-01
3.346360e+00    -1.230888e-01
3.358573e+00    -1.208375e-01
3.370786e+00    -1.186307e-01
3.382999e+00    -1.164678e-01
3.395212e+00    -1.143482e-01
3.407425e+00    -1.122713e-01
3.419638e+00    -1.102367e-01
3.431851e+00    -1.082437e-01
3.444064e+00    -1.062918e-01
3.456277e+00    -1.043804e-01
3.468490e+00    -1.025089e-01
3.480703e+00    -1.006767e-01
3.492916e+00    -9.888338e-02
3.505129e+00    -9.712821e-02
3.517342e+00    -9.541067e-02
3.529555e+00    -9.373017e-02
3.541768e+00    -9.208611e-02
3.553981e+00    -9.047791e-02
3.566194e+00    -8.890497e-02
3.578407e+00    -8.736673e-02
3.590620e+00    -8.586257e-02
3.602833e+00    -8.439188e-02
3.615046e+00    -8.295408e-02
3.627259e+00    -8.154857e-02
3.639472e+00    -8.017476e-02
3.651685e+00    -7.883196e-02
3.663898e+00    -7.751968e-02
3.676111e+00    -7.623725e-02
3.688324e+00    -7.498410e-02
3.700537e+00    -7.375959e-02
3.712750e+00    -7.256313e-02
3.724963e+00    -7.139412e-02
3.737176e+00    -7.025196e-02
3.749389e+00    -6.913606e-02
3.761602e+00    -6.804579e-02
3.773815e+00    -6.698061e-02
3.786028e+00    -6.593987e-02
3.798241e+00    -6.492303e-02
3.810454e+00    -6.392950e-02
3.822667e+00    -6.295868e-02
3.834880e+00    -6.201003e-02
3.847093e+00    -6.108297e-02
3.859306e+00    -6.017695e-02
3.871519e+00    -5.929141e-02
3.883732e+00    -5.842580e-02
3.895945e+00    -5.757960e-02
3.908158e+00    -5.675227e-02
3.920371e+00    -5.594327e-02
3.932584e+00    -5.515212e-02
3.944797e+00    -5.437827e-02
3.957010e+00    -5.362128e-02
3.969223e+00    -5.288062e-02
3.981436e+00    -5.215583e-02
3.993649e+00    -5.144641e-02
4.005862e+00    -5.075194e-02
4.018075e+00    -5.007195e-02
4.030288e+00    -4.940597e-02
4.042501e+00    -4.875363e-02
4.054714e+00    -4.811444e-02
4.066927e+00    -4.748805e-02
4.079140e+00    -4.687402e-02
4.091353e+00    -4.627197e-02
4.103566e+00    -4.568150e-02
4.115779e+00    -4.510227e-02
4.127992e+00    -4.453389e-02
4.140205e+00    -4.397603e-02
4.152418e+00    -4.342831e-02
4.164631e+00    -4.289045e-02
4.176844e+00    -4.236207e-02
4.189057e+00    -4.184290e-02
4.201270e+00    -4.133262e-02
4.213483e+00    -4.083094e-02
4.225696e+00    -4.033758e-02
4.237909e+00    -3.985223e-02
4.250122e+00    -3.937467e-02
4.262335e+00    -3.890459e-02
4.274548e+00    -3.844178e-02
4.286761e+00    -3.798598e-02
4.298974e+00    -3.753696e-02
4.311187e+00    -3.709448e-02
4.323400e+00    -3.665836e-02
4.335613e+00    -3.622833e-02
4.347826e+00    -3.580426e-02
4.360039e+00    -3.538588e-02
4.372252e+00    -3.497306e-02
4.384465e+00    -3.456556e-02
4.396678e+00    -3.416327e-02
4.408891e+00    -3.376596e-02
4.421104e+00    -3.337352e-02
4.433317e+00    -3.298575e-02
4.445530e+00    -3.260252e-02
4.457743e+00    -3.222369e-02
4.469956e+00    -3.184911e-02
4.482169e+00    -3.147865e-02
4.494382e+00    -3.111218e-02
4.506595e+00    -3.074958e-02
4.518808e+00    -3.039074e-02
4.531021e+00    -3.003552e-02
4.543234e+00    -2.968384e-02
4.555447e+00    -2.933557e-02
4.567660e+00    -2.899064e-02
4.579873e+00    -2.864894e-02
4.592086e+00    -2.831038e-02
4.604299e+00    -2.797487e-02
4.616512e+00    -2.764234e-02
4.628725e+00    -2.731269e-02
4.640938e+00    -2.698587e-02
4.653151e+00    -2.666180e-02
4.665364e+00    -2.634042e-02
4.677577e+00    -2.602163e-02
4.689790e+00    -2.570543e-02
4.702003e+00    -2.539171e-02
4.714216e+00    -2.508045e-02
4.726429e+00    -2.477157e-02
4.738642e+00    -2.446505e-02
4.750855e+00    -2.416083e-02
4.763068e+00    -2.385888e-02
4.775281e+00    -2.355914e-02
4.787494e+00    -2.326161e-02
4.799707e+00    -2.296621e-02
4.811920e+00    -2.267295e-02
4.824133e+00    -2.238178e-02
4.836346e+00    -2.209268e-02
4.848559e+00    -2.180561e-02
4.860772e+00    -2.152057e-02
4.872985e+00    -2.123753e-02
4.885198e+00    -2.095649e-02
4.897411e+00    -2.067740e-02
4.909624e+00    -2.040028e-02
4.921837e+00    -2.012510e-02
4.934050e+00    -1.985187e-02
4.946263e+00    -1.958056e-02
4.958476e+00    -1.931118e-02
4.970689e+00    -1.904371e-02
4.982902e+00    -1.877818e-02
4.995115e+00    -1.851454e-02
5.007328e+00    -1.825285e-02
5.019541e+00    -1.799306e-02
5.031754e+00    -1.773521e-02
5.043967e+00    -1.747928e-02
5.056180e+00    -1.722529e-02
5.068393e+00    -1.697325e-02
5.080606e+00    -1.672317e-02
5.092819e+00    -1.647504e-02
5.105031e+00    -1.622889e-02
5.117245e+00    -1.598472e-02
5.129457e+00    -1.574256e-02
5.141671e+00    -1.550239e-02
5.153883e+00    -1.526426e-02
5.166097e+00    -1.502816e-02
5.178309e+00    -1.479412e-02
5.190523e+00    -1.456214e-02
5.202735e+00    -1.433225e-02
5.214949e+00    -1.410445e-02
5.227162e+00    -1.387877e-02
5.239375e+00    -1.365522e-02
5.251588e+00    -1.343382e-02
5.263801e+00    -1.321459e-02
5.276014e+00    -1.299754e-02
5.288227e+00    -1.278269e-02
5.300440e+00    -1.257004e-02
5.312653e+00    -1.235964e-02
5.324866e+00    -1.215149e-02
5.337079e+00    -1.194560e-02
5.349292e+00    -1.174199e-02
5.361505e+00    -1.154068e-02
5.373718e+00    -1.134168e-02
5.385931e+00    -1.114502e-02
5.398144e+00    -1.095067e-02
5.410357e+00    -1.075871e-02
5.422570e+00    -1.056911e-02
5.434783e+00    -1.038189e-02
5.446996e+00    -1.019707e-02
5.459208e+00    -1.001465e-02
5.471422e+00    -9.834649e-03
5.483634e+00    -9.657084e-03
5.495848e+00    -9.481945e-03
5.508060e+00    -9.309260e-03
5.520274e+00    -9.139027e-03
5.532486e+00    -8.971250e-03
5.544700e+00    -8.805938e-03
5.556912e+00    -8.643102e-03
5.569126e+00    -8.482730e-03
5.581338e+00    -8.324847e-03
5.593552e+00    -8.169439e-03
5.605764e+00    -8.016511e-03
5.617978e+00    -7.866060e-03
5.630190e+00    -7.718102e-03
5.642404e+00    -7.572608e-03
5.654616e+00    -7.429597e-03
5.666830e+00    -7.289052e-03
5.679042e+00    -7.150985e-03
5.691256e+00    -7.015375e-03
5.703468e+00    -6.882221e-03
5.715682e+00    -6.751514e-03
5.727894e+00    -6.623248e-03
5.740108e+00    -6.497408e-03
5.752320e+00    -6.373998e-03
5.764534e+00    -6.252987e-03
5.776746e+00    -6.134381e-03
5.788960e+00    -6.018151e-03
5.801172e+00    -5.904305e-03
5.813385e+00    -5.792796e-03
5.825598e+00    -5.683637e-03
5.837811e+00    -5.576796e-03
5.850024e+00    -5.472265e-03
5.862237e+00    -5.370019e-03
5.874450e+00    -5.270039e-03
5.886663e+00    -5.172302e-03
5.898876e+00    -5.076782e-03
5.911089e+00    -4.983492e-03
5.923302e+00    -4.892373e-03
5.935515e+00    -4.803410e-03
5.947728e+00    -4.716587e-03
5.959941e+00    -4.631867e-03
5.972154e+00    -4.549237e-03
5.984367e+00    -4.468662e-03
5.996580e+00    -4.390122e-03
6.008793e+00    -4.313584e-03
6.021006e+00    -4.239023e-03
6.033219e+00    -4.166415e-03
6.045432e+00    -4.095714e-03
6.057645e+00    -4.026914e-03
6.069858e+00    -3.959974e-03
6.082071e+00    -3.894860e-03
6.094284e+00    -3.831553e-03
6.106497e+00    -3.770011e-03
6.118710e+00    -3.710209e-03
6.130923e+00    -3.652118e-03
6.143136e+00    -3.595694e-03
6.155349e+00    -3.540915e-03
6.167562e+00    -3.487751e-03
6.179775e+00    -3.436158e-03
6.191988e+00    -3.386112e-03
6.204201e+00    -3.337578e-03
6.216414e+00    -3.290516e-03
6.228627e+00    -3.244904e-03
6.240840e+00    -3.200704e-03
6.253053e+00    -3.157878e-03
6.265266e+00    -3.116391e-03
6.277479e+00    -3.076220e-03
6.289692e+00    -3.037323e-03
6.301905e+00    -2.999669e-03
6.314118e+00    -2.963219e-03
6.326331e+00    -2.927944e-03
6.338544e+00    -2.893810e-03
6.350757e+00    -2.860782e-03
6.362970e+00    -2.828823e-03
6.375183e+00    -2.797899e-03
6.387396e+00    -2.768000e-03
6.399609e+00    -2.739059e-03
6.411822e+00    -2.711059e-03
6.424035e+00    -2.683970e-03
6.436248e+00    -2.657753e-03
6.448461e+00    -2.632381e-03
6.460674e+00    -2.607824e-03
6.472887e+00    -2.584049e-03
6.485100e+00    -2.561018e-03
6.497313e+00    -2.538707e-03
6.509526e+00    -2.517089e-03
6.521739e+00    -2.496131e-03
6.533952e+00    -2.475802e-03
6.546165e+00    -2.456069e-03
6.558378e+00    -2.436910e-03
6.570591e+00    -2.418295e-03
6.582804e+00    -2.400197e-03
6.595017e+00    -2.382592e-03
6.607230e+00    -2.365439e-03
6.619443e+00    -2.348729e-03
6.631656e+00    -2.332422e-03
6.643869e+00    -2.316501e-03
6.656082e+00    -2.300938e-03
6.668295e+00    -2.285710e-03
6.680508e+00    -2.270793e-03
6.692721e+00    -2.256161e-03
6.704934e+00    -2.241794e-03
6.717147e+00    -2.227667e-03
6.729360e+00    -2.213762e-03
6.741573e+00    -2.200054e-03
6.753786e+00    -2.186525e-03
6.765999e+00    -2.173155e-03
6.778212e+00    -2.159921e-03
6.790425e+00    -2.146810e-03
6.802638e+00    -2.133804e-03
6.814851e+00    -2.120877e-03
6.827064e+00    -2.108017e-03
6.839277e+00    -2.095219e-03
6.851490e+00    -2.082448e-03
6.863703e+00    -2.069710e-03
6.875916e+00    -2.056976e-03
6.888129e+00    -2.044231e-03
6.900342e+00    -2.031478e-03
6.912555e+00    -2.018689e-03
6.924768e+00    -2.005862e-03
6.936981e+00    -1.992981e-03
6.949194e+00    -1.980031e-03
6.961407e+00    -1.967018e-03
6.973620e+00    -1.953922e-03
6.985833e+00    -1.940733e-03
6.998046e+00    -1.927442e-03
7.010259e+00    -1.914056e-03
7.022472e+00    -1.900547e-03
7.034685e+00    -1.886927e-03
7.046898e+00    -1.873177e-03
7.059111e+00    -1.859302e-03
7.071324e+00    -1.845293e-03
7.083537e+00    -1.831140e-03
7.095750e+00    -1.816851e-03
7.107963e+00    -1.802421e-03
7.120176e+00    -1.787844e-03
7.132389e+00    -1.773118e-03
7.144602e+00    -1.758238e-03
7.156815e+00    -1.743216e-03
7.169028e+00    -1.728041e-03
7.181241e+00    -1.712716e-03
7.193454e+00    -1.697243e-03
7.205667e+00    -1.681628e-03
7.217880e+00    -1.665861e-03
7.230093e+00    -1.649952e-03
7.242306e+00    -1.633906e-03
7.254519e+00    -1.617723e-03
7.266732e+00    -1.601410e-03
7.278944e+00    -1.584958e-03
7.291158e+00    -1.568387e-03
7.303371e+00    -1.551699e-03
7.315584e+00    -1.534894e-03
7.327797e+00    -1.517978e-03
7.340010e+00    -1.500962e-03
7.352223e+00    -1.483836e-03
7.364436e+00    -1.466633e-03
7.376649e+00    -1.449339e-03
7.388862e+00    -1.431964e-03
7.401075e+00    -1.414549e-03
7.413288e+00    -1.397012e-03
7.425501e+00    -1.379443e-03
7.437714e+00    -1.361837e-03
7.449927e+00    -1.344188e-03
7.462140e+00    -1.326492e-03
7.474353e+00    -1.308777e-03
7.486566e+00    -1.291049e-03
7.498779e+00    -1.273333e-03
7.510992e+00    -1.255577e-03
7.523205e+00    -1.237852e-03
7.535418e+00    -1.220147e-03
7.547631e+00    -1.202468e-03
7.559844e+00    -1.184828e-03
7.572057e+00    -1.167228e-03
7.584270e+00    -1.149690e-03
7.596483e+00    -1.132211e-03
7.608696e+00    -1.114818e-03
7.620909e+00    -1.097502e-03
7.633121e+00    -1.080282e-03
7.645335e+00    -1.063159e-03
7.657547e+00    -1.046155e-03
7.669761e+00    -1.029267e-03
7.681973e+00    -1.012511e-03
7.694187e+00    -9.958990e-04
7.706399e+00    -9.794231e-04
7.718613e+00    -9.631222e-04
7.730825e+00    -9.469793e-04
7.743039e+00    -9.310099e-04
7.755251e+00    -9.152278e-04
7.767465e+00    -8.996291e-04
7.779677e+00    -8.842417e-04
7.791891e+00    -8.690569e-04
7.804103e+00    -8.540832e-04
7.816317e+00    -8.393303e-04
7.828529e+00    -8.248165e-04
7.840743e+00    -8.105328e-04
7.852955e+00    -7.964972e-04
7.865169e+00    -7.827145e-04
7.877381e+00    -7.691837e-04
7.889595e+00    -7.559153e-04
7.901807e+00    -7.429171e-04
7.914021e+00    -7.302006e-04
7.926233e+00    -7.177630e-04
7.938447e+00    -7.056133e-04
7.950659e+00    -6.937648e-04
7.962873e+00    -6.821916e-04
7.975085e+00    -6.709257e-04
7.987298e+00    -6.599710e-04
7.999511e+00    -6.493335e-04
8.011724e+00    -6.389962e-04
8.023937e+00    -6.289789e-04
8.036150e+00    -6.192806e-04
8.048364e+00    -6.099134e-04
8.060576e+00    -6.008646e-04
8.072789e+00    -5.921430e-04
8.085002e+00    -5.837538e-04
8.097216e+00    -5.756883e-04
8.109428e+00    -5.679667e-04
8.121641e+00    -5.605731e-04
8.133854e+00    -5.535130e-04
8.146068e+00    -5.467845e-04
8.158280e+00    -5.403910e-04
8.170493e+00    -5.343357e-04
8.182706e+00    -5.286073e-04
8.194920e+00    -5.232078e-04
8.207132e+00    -5.181421e-04
8.219345e+00    -5.134035e-04
8.231558e+00    -5.089939e-04
8.243772e+00    -5.049072e-04
8.255984e+00    -5.011418e-04
8.268197e+00    -4.976967e-04
8.280410e+00    -4.945631e-04
8.292624e+00    -4.917465e-04
8.304836e+00    -4.892353e-04
8.317049e+00    -4.870286e-04
8.329262e+00    -4.851194e-04
8.341475e+00    -4.835075e-04
8.353688e+00    -4.821863e-04
8.365901e+00    -4.811517e-04
8.378115e+00    -4.803944e-04
8.390327e+00    -4.799177e-04
8.402540e+00    -4.797004e-04
8.414753e+00    -4.797581e-04
8.426967e+00    -4.800644e-04
8.439179e+00    -4.806214e-04
8.451392e+00    -4.814215e-04
8.463605e+00    -4.824582e-04
8.475819e+00    -4.837262e-04
8.488031e+00    -4.852135e-04
8.500244e+00    -4.869118e-04
8.512457e+00    -4.888155e-04
8.524671e+00    -4.909230e-04
8.536883e+00    -4.932092e-04
8.549096e+00    -4.956862e-04
8.561309e+00    -4.983261e-04
8.573523e+00    -5.011328e-04
8.585735e+00    -5.040903e-04
8.597948e+00    -5.071911e-04
8.610161e+00    -5.104361e-04
8.622375e+00    -5.138014e-04
8.634587e+00    -5.172930e-04
8.646800e+00    -5.208829e-04
8.659013e+00    -5.245715e-04
8.671227e+00    -5.283522e-04
8.683439e+00    -5.322116e-04
8.695652e+00    -5.361441e-04
8.707865e+00    -5.401266e-04
8.720078e+00    -5.441647e-04
8.732291e+00    -5.482450e-04
8.744504e+00    -5.523522e-04
8.756717e+00    -5.564808e-04
8.768930e+00    -5.606232e-04
8.781143e+00    -5.647632e-04
8.793356e+00    -5.688890e-04
8.805569e+00    -5.730108e-04
8.817782e+00    -5.771031e-04
8.829995e+00    -5.811499e-04
8.842208e+00    -5.851493e-04
8.854421e+00    -5.890953e-04
8.866634e+00    -5.929691e-04
8.878847e+00    -5.967694e-04
8.891060e+00    -6.004829e-04
8.903273e+00    -6.041093e-04
8.915486e+00    -6.076172e-04
8.927699e+00    -6.110154e-04
8.939912e+00    -6.142915e-04
8.952125e+00    -6.174411e-04
8.964338e+00    -6.204410e-04
8.976551e+00    -6.232963e-04
8.988764e+00    -6.259919e-04
9.000977e+00    -6.285162e-04
9.013190e+00    -6.308748e-04
9.025403e+00    -6.330450e-04
9.037616e+00    -6.350298e-04
9.049829e+00    -6.368056e-04
9.062042e+00    -6.383895e-04
9.074255e+00    -6.397539e-04
9.086468e+00    -6.409007e-04
9.098680e+00    -6.418383e-04
9.110894e+00    -6.425139e-04
9.123107e+00    -6.429637e-04
9.135320e+00    -6.431693e-04
9.147532e+00    -6.431220e-04
9.159746e+00    -6.428279e-04
9.171959e+00    -6.422597e-04
9.184172e+00    -6.414277e-04
9.196384e+00    -6.403262e-04
9.208598e+00    -6.389538e-04
9.220811e+00    -6.372976e-04
9.233024e+00    -6.353579e-04
9.245236e+00    -6.331254e-04
9.257450e+00    -6.306047e-04
9.269663e+00    -6.277868e-04
9.281876e+00    -6.246670e-04
9.294088e+00    -6.212543e-04
9.306302e+00    -6.175298e-04
9.318515e+00    -6.134965e-04
9.330728e+00    -6.091609e-04
9.342940e+00    -6.045167e-04
9.355154e+00    -5.995591e-04
9.367367e+00    -5.942849e-04
9.379580e+00    -5.887002e-04
9.391793e+00    -5.828062e-04
9.404006e+00    -5.765883e-04
9.416219e+00    -5.700618e-04
9.428432e+00    -5.632236e-04
9.440645e+00    -5.560698e-04
9.452858e+00    -5.486055e-04
9.465071e+00    -5.408253e-04
9.477283e+00    -5.327424e-04
9.489497e+00    -5.243440e-04
9.501710e+00    -5.156504e-04
9.513923e+00    -5.066532e-04
9.526135e+00    -4.973544e-04
9.538349e+00    -4.877567e-04
9.550562e+00    -4.778643e-04
9.562775e+00    -4.676822e-04
9.574987e+00    -4.572220e-04
9.587201e+00    -4.464648e-04
9.599414e+00    -4.354237e-04
9.611627e+00    -4.241331e-04
9.623839e+00    -4.125533e-04
9.636053e+00    -4.007188e-04
9.648266e+00    -3.886202e-04
9.660479e+00    -3.762647e-04
9.672691e+00    -3.636643e-04
9.684905e+00    -3.508214e-04
9.697118e+00    -3.377419e-04
9.709331e+00    -3.244394e-04
9.721543e+00    -3.108925e-04
9.733757e+00    -2.971412e-04
9.745970e+00    -2.831729e-04
9.758183e+00    -2.690085e-04
9.770395e+00    -2.546420e-04
9.782609e+00    -2.400896e-04
9.794822e+00    -2.253490e-04
9.807034e+00    -2.104496e-04
9.819247e+00    -1.953836e-04
9.831461e+00    -1.801552e-04
9.843674e+00    -1.647817e-04
9.855886e+00    -1.492674e-04
9.868099e+00    -1.336192e-04
9.880313e+00    -1.178506e-04
9.892526e+00    -1.019651e-04
9.904738e+00    -8.598146e-05
9.916951e+00    -6.990011e-05
9.929165e+00    -5.373309e-05
9.941378e+00    -3.749122e-05
9.953590e+00    -2.117704e-05
9.965803e+00    -4.807458e-06
9.978017e+00    1.160970e-05
9.990230e+00    2.806394e-05
1.000244e+01    4.455251e-05
1.001466e+01    6.105966e-05
1.002687e+01    7.757674e-05
1.003908e+01    9.409725e-05
1.005129e+01    1.105997e-04
1.006351e+01    1.270896e-04
1.007572e+01    1.435543e-04
1.008793e+01    1.599746e-04
1.010015e+01    1.763369e-04
1.011236e+01    1.926702e-04
1.012457e+01    2.089185e-04
1.013679e+01    2.250940e-04
1.014900e+01    2.411768e-04
1.016121e+01    2.571723e-04
1.017342e+01    2.730578e-04
1.018564e+01    2.888228e-04
1.019785e+01    3.044635e-04
1.021006e+01    3.199833e-04
1.022228e+01    3.353506e-04
1.023449e+01    3.505653e-04
1.024670e+01    3.656175e-04
1.025891e+01    3.804989e-04
1.027113e+01    3.952002e-04
1.028334e+01    4.097164e-04
1.029555e+01    4.240387e-04
1.030777e+01    4.381303e-04
1.031998e+01    4.520383e-04
1.033219e+01    4.657028e-04
1.034441e+01    4.791448e-04
1.035662e+01    4.923468e-04
1.036883e+01    5.053015e-04
1.038105e+01    5.180048e-04
1.039326e+01    5.304392e-04
1.040547e+01    5.426111e-04
1.041768e+01    5.545086e-04
1.042990e+01    5.661190e-04
1.044211e+01    5.774403e-04
1.045432e+01    5.884683e-04
1.046654e+01    5.991904e-04
1.047875e+01    6.096050e-04
1.049096e+01    6.197041e-04
1.050318e+01    6.294920e-04
1.051539e+01    6.389398e-04
1.052760e+01    6.480610e-04
1.053981e+01    6.568441e-04
1.055203e+01    6.652888e-04
1.056424e+01    6.733832e-04
1.057645e+01    6.811365e-04
1.058867e+01    6.885297e-04
1.060088e+01    6.955633e-04
1.061309e+01    7.022277e-04
1.062531e+01    7.085343e-04
1.063752e+01    7.144668e-04
1.064973e+01    7.200282e-04
1.066194e+01    7.252170e-04
1.067416e+01    7.300269e-04
1.068637e+01    7.344531e-04
1.069858e+01    7.384936e-04
1.071080e+01    7.421619e-04
1.072301e+01    7.454373e-04
1.073522e+01    7.483297e-04
1.074744e+01    7.508320e-04
1.075965e+01    7.529423e-04
1.077186e+01    7.546694e-04
1.078407e+01    7.560025e-04
1.079629e+01    7.569518e-04
1.080850e+01    7.575040e-04
1.082071e+01    7.576748e-04
1.083293e+01    7.574513e-04
1.084514e+01    7.568421e-04
1.085735e+01    7.558527e-04
1.086957e+01    7.544745e-04
1.088178e+01    7.527143e-04
1.089399e+01    7.505754e-04
1.090620e+01    7.480565e-04
1.091842e+01    7.451599e-04
1.093063e+01    7.418906e-04
1.094284e+01    7.382458e-04
1.095506e+01    7.342387e-04
1.096727e+01    7.298602e-04
1.097948e+01    7.251325e-04
1.099170e+01    7.200373e-04
1.100391e+01    7.145857e-04
1.101612e+01    7.087956e-04
1.102833e+01    7.026514e-04
1.104055e+01    6.961658e-04
1.105276e+01    6.893494e-04
1.106497e+01    6.821967e-04
1.107719e+01    6.747200e-04
1.108940e+01    6.669220e-04
1.110161e+01    6.588042e-04
1.111382e+01    6.503879e-04
1.112604e+01    6.416592e-04
1.113825e+01    6.326384e-04
1.115046e+01    6.233201e-04
1.116268e+01    6.137170e-04
1.117489e+01    6.038428e-04
1.118710e+01    5.936939e-04
1.119932e+01    5.832758e-04
1.121153e+01    5.725909e-04
1.122374e+01    5.616714e-04
1.123596e+01    5.505013e-04
1.124817e+01    5.390962e-04
1.126038e+01    5.274559e-04
1.127259e+01    5.156050e-04
1.128481e+01    5.035324e-04
1.129702e+01    4.912520e-04
1.130923e+01    4.787794e-04
1.132145e+01    4.661087e-04
1.133366e+01    4.532608e-04
1.134587e+01    4.402389e-04
1.135808e+01    4.270480e-04
1.137030e+01    4.136955e-04
1.138251e+01    4.001950e-04
1.139472e+01    3.865569e-04
1.140694e+01    3.727818e-04
1.141915e+01    3.588791e-04
1.143136e+01    3.448570e-04
1.144358e+01    3.307294e-04
1.145579e+01    3.165040e-04
1.146800e+01    3.021864e-04
1.148022e+01    2.877860e-04
1.149243e+01    2.733131e-04
1.150464e+01    2.587668e-04
1.151685e+01    2.441686e-04
1.152907e+01    2.295158e-04
1.154128e+01    2.148274e-04
1.155349e+01    2.001054e-04
1.156571e+01    1.853569e-04
1.157792e+01    1.705983e-04
1.159013e+01    1.558321e-04
1.160234e+01    1.410748e-04
1.161456e+01    1.263114e-04
1.162677e+01    1.115768e-04
1.163898e+01    9.686358e-05
1.165120e+01    8.219229e-05
1.166341e+01    6.755385e-05
1.167562e+01    5.296901e-05
1.168784e+01    3.843745e-05
1.170005e+01    2.398606e-05
1.171226e+01    9.597701e-06
1.172447e+01    -4.710790e-06
1.173669e+01    -1.893361e-05
1.174890e+01    -3.305447e-05
1.176111e+01    -4.707365e-05
1.177333e+01    -6.098681e-05
1.178554e+01    -7.477892e-05
1.179775e+01    -8.844624e-05
1.180997e+01    -1.019916e-04
1.182218e+01    -1.153863e-04
1.183439e+01    -1.286466e-04
1.184660e+01    -1.417531e-04
1.185882e+01    -1.547042e-04
1.187103e+01    -1.674902e-04
1.188324e+01    -1.801105e-04
1.189546e+01    -1.925566e-04
1.190767e+01    -2.048225e-04
1.191988e+01    -2.169011e-04
1.193210e+01    -2.287908e-04
1.194431e+01    -2.404809e-04
1.195652e+01    -2.519707e-04
1.196873e+01    -2.632531e-04
1.198095e+01    -2.743300e-04
1.199316e+01    -2.851805e-04
1.200537e+01    -2.958256e-04
1.201759e+01    -3.062371e-04
1.202980e+01    -3.164225e-04
1.204201e+01    -3.263806e-04
1.205423e+01    -3.361007e-04
1.206644e+01    -3.455823e-04
1.207865e+01    -3.548159e-04
1.209086e+01    -3.638060e-04
1.210308e+01    -3.725404e-04
1.211529e+01    -3.810431e-04
1.212750e+01    -3.892848e-04
1.213972e+01    -3.972672e-04
1.215193e+01    -4.049895e-04
1.216414e+01    -4.124562e-04
1.217636e+01    -4.196554e-04
1.218857e+01    -4.265976e-04
1.220078e+01    -4.332734e-04
1.221299e+01    -4.396769e-04
1.222521e+01    -4.458109e-04
1.223742e+01    -4.516798e-04
1.224963e+01    -4.572832e-04
1.226185e+01    -4.626094e-04
1.227406e+01    -4.676659e-04
1.228627e+01    -4.724515e-04
1.229849e+01    -4.769702e-04
1.231070e+01    -4.812099e-04
1.232291e+01    -4.851859e-04
1.233512e+01    -4.888847e-04
1.234734e+01    -4.923143e-04
1.235955e+01    -4.954805e-04
1.237176e+01    -4.983743e-04
1.238398e+01    -5.010000e-04
1.239619e+01    -5.033620e-04
1.240840e+01    -5.054560e-04
1.242062e+01    -5.072856e-04
1.243283e+01    -5.088488e-04
1.244504e+01    -5.101676e-04
1.245725e+01    -5.112187e-04
1.246947e+01    -5.120151e-04
1.248168e+01    -5.125600e-04
1.249389e+01    -5.128426e-04
1.250611e+01    -5.128956e-04
1.251832e+01    -5.126923e-04
1.253053e+01    -5.122478e-04
1.254275e+01    -5.115666e-04
1.255496e+01    -5.106441e-04
1.256717e+01    -5.094908e-04
1.257938e+01    -5.081011e-04
1.259160e+01    -5.064912e-04
1.260381e+01    -5.046668e-04
1.261602e+01    -5.025985e-04
1.262824e+01    -5.003244e-04
1.264045e+01    -4.978378e-04
1.265266e+01    -4.951437e-04
1.266488e+01    -4.922448e-04
1.267709e+01    -4.891442e-04
1.268930e+01    -4.858529e-04
1.270151e+01    -4.823683e-04
1.271373e+01    -4.786843e-04
1.272594e+01    -4.748264e-04
1.273815e+01    -4.707875e-04
1.275037e+01    -4.665678e-04
1.276258e+01    -4.621895e-04
1.277479e+01    -4.576434e-04
1.278701e+01    -4.529320e-04
1.279922e+01    -4.480627e-04
1.281143e+01    -4.430520e-04
1.282364e+01    -4.378865e-04
1.283586e+01    -4.325880e-04
1.284807e+01    -4.271425e-04
1.286028e+01    -4.215713e-04
1.287250e+01    -4.158719e-04
1.288471e+01    -4.100504e-04
1.289692e+01    -4.041156e-04
1.290914e+01    -3.980589e-04
1.292135e+01    -3.919153e-04
1.293356e+01    -3.856558e-04
1.294577e+01    -3.793084e-04
1.295799e+01    -3.728570e-04
1.297020e+01    -3.663246e-04
1.298241e+01    -3.597157e-04
1.299463e+01    -3.530231e-04
1.300684e+01    -3.462636e-04
1.301905e+01    -3.394377e-04
1.303127e+01    -3.325501e-04
1.304348e+01    -3.256029e-04
1.305569e+01    -3.186085e-04
1.306790e+01    -3.115633e-04
1.308012e+01    -3.044781e-04
1.309233e+01    -2.973540e-04
1.310454e+01    -2.901952e-04
1.311676e+01    -2.830140e-04
1.312897e+01    -2.758022e-04
1.314118e+01    -2.685808e-04
1.315340e+01    -2.613380e-04
1.316561e+01    -2.540861e-04
1.317782e+01    -2.468356e-04
1.319003e+01    -2.395793e-04
1.320225e+01    -2.323348e-04
1.321446e+01    -2.250790e-04
1.322667e+01    -2.178480e-04
1.323889e+01    -2.106334e-04
1.325110e+01    -2.034412e-04
1.326331e+01    -1.962646e-04
1.327553e+01    -1.891205e-04
1.328774e+01    -1.820090e-04
1.329995e+01    -1.749415e-04
1.331216e+01    -1.678937e-04
1.332438e+01    -1.608999e-04
1.333659e+01    -1.539524e-04
1.334880e+01    -1.470522e-04
1.336102e+01    -1.402076e-04
1.337323e+01    -1.334174e-04
1.338544e+01    -1.266880e-04
1.339766e+01    -1.200195e-04
1.340987e+01    -1.134017e-04
1.342208e+01    -1.068770e-04
1.343429e+01    -1.004108e-04
1.344651e+01    -9.402385e-05
1.345872e+01    -8.770764e-05
1.347093e+01    -8.146916e-05
1.348315e+01    -7.531657e-05
1.349536e+01    -6.924073e-05
1.350757e+01    -6.325356e-05
1.351978e+01    -5.734598e-05
1.353200e+01    -5.153942e-05
1.354421e+01    -4.581140e-05
1.355642e+01    -4.018906e-05
1.356864e+01    -3.464973e-05
1.358085e+01    -2.921892e-05
1.359306e+01    -2.387795e-05
1.360528e+01    -1.863483e-05
1.361749e+01    -1.349264e-05
1.362970e+01    -8.453764e-06
1.364192e+01    -3.517340e-06
1.365413e+01    1.322267e-06
1.366634e+01    6.053142e-06
1.367855e+01    1.067555e-05
1.369077e+01    1.520087e-05
1.370298e+01    1.961612e-05
1.371519e+01    2.391515e-05
1.372741e+01    2.811667e-05
1.373962e+01    3.221309e-05
1.375183e+01    3.619508e-05
1.376404e+01    4.007648e-05
1.377626e+01    4.384700e-05
1.378847e+01    4.750875e-05
1.380068e+01    5.106418e-05
1.381290e+01    5.451093e-05
1.382511e+01    5.785223e-05
1.383732e+01    6.108989e-05
1.384954e+01    6.421398e-05
1.386175e+01    6.724329e-05
1.387396e+01    7.015935e-05
1.388618e+01    7.297062e-05
1.389839e+01    7.568196e-05
1.391060e+01    7.829153e-05
1.392281e+01    8.080140e-05
1.393503e+01    8.320533e-05
1.394724e+01    8.551011e-05
1.395945e+01    8.772004e-05
1.397167e+01    8.983095e-05
1.398388e+01    9.184307e-05
1.399609e+01    9.375004e-05
1.400830e+01    9.559018e-05
1.402052e+01    9.732610e-05
1.403273e+01    9.896840e-05
1.404494e+01    1.005218e-04
1.405716e+01    1.019858e-04
1.406937e+01    1.033708e-04
1.408158e+01    1.046689e-04
1.409380e+01    1.058790e-04
1.410601e+01    1.070185e-04
1.411822e+01    1.080691e-04
1.413043e+01    1.090501e-04
1.414265e+01    1.099509e-04
1.415486e+01    1.107792e-04
1.416707e+01    1.115383e-04
1.417929e+01    1.122275e-04
1.419150e+01    1.128567e-04
1.420371e+01    1.133952e-04
1.421593e+01    1.138863e-04
1.422814e+01    1.143181e-04
1.424035e+01    1.146823e-04
1.425256e+01    1.149925e-04
1.426478e+01    1.152422e-04
1.427699e+01    1.154484e-04
1.428920e+01    1.155955e-04
1.430142e+01    1.156829e-04
1.431363e+01    1.157453e-04
1.432584e+01    1.157545e-04
1.433806e+01    1.157146e-04
1.435027e+01    1.156309e-04
1.436248e+01    1.155126e-04
1.437469e+01    1.153594e-04
1.438691e+01    1.151678e-04
1.439912e+01    1.149445e-04
1.441133e+01    1.146855e-04
1.442355e+01    1.144007e-04
1.443576e+01    1.140866e-04
1.444797e+01    1.137492e-04
1.446019e+01    1.133857e-04
1.447240e+01    1.130038e-04
1.448461e+01    1.126003e-04
1.449682e+01    1.121885e-04
1.450904e+01    1.117456e-04
1.452125e+01    1.112928e-04
1.453346e+01    1.108284e-04
1.454568e+01    1.103597e-04
1.455789e+01    1.098739e-04
1.457010e+01    1.093788e-04
1.458232e+01    1.088900e-04
1.459453e+01    1.083878e-04
1.460674e+01    1.078853e-04
1.461895e+01    1.073856e-04
1.463117e+01    1.068809e-04
1.464338e+01    1.063814e-04
1.465559e+01    1.058832e-04
1.466781e+01    1.053938e-04
1.468002e+01    1.049036e-04
1.469223e+01    1.044317e-04
1.470445e+01    1.039599e-04
1.471666e+01    1.034966e-04
1.472887e+01    1.030486e-04
1.474109e+01    1.026151e-04
1.475330e+01    1.021898e-04
1.476551e+01    1.017869e-04
1.477772e+01    1.013921e-04
1.478994e+01    1.010116e-04
1.480215e+01    1.006578e-04
1.481436e+01    1.003141e-04
1.482658e+01    9.999339e-05
1.483879e+01    9.969052e-05
1.485100e+01    9.941058e-05
1.486321e+01    9.914754e-05
1.487543e+01    9.890999e-05
1.488764e+01    9.869083e-05
1.489985e+01    9.849797e-05
1.491207e+01    9.832957e-05
1.492428e+01    9.817767e-05
1.493649e+01    9.804693e-05
1.494871e+01    9.795144e-05
1.496092e+01    9.786988e-05
1.497313e+01    9.781855e-05
1.498534e+01    9.778987e-05
1.499756e+01    9.778893e-05
1.500977e+01    9.780342e-05
1.502198e+01    9.785217e-05
1.503420e+01    9.791992e-05
1.504641e+01    9.801103e-05
1.505862e+01    9.812917e-05
1.507084e+01    9.827263e-05
1.508305e+01    9.843798e-05
1.509526e+01    9.862727e-05
1.510747e+01    9.884399e-05
1.511969e+01    9.907730e-05
1.513190e+01    9.933220e-05
1.514411e+01    9.961126e-05
1.515633e+01    9.991190e-05
1.516854e+01    1.002419e-04
1.518075e+01    1.005861e-04
1.519297e+01    1.009473e-04
1.520518e+01    1.013300e-04
1.521739e+01    1.017344e-04
1.522960e+01    1.021580e-04
1.524182e+01    1.025974e-04
1.525403e+01    1.030522e-04
1.526624e+01    1.035227e-04
1.527846e+01    1.040153e-04
1.529067e+01    1.045158e-04
1.530288e+01    1.050300e-04
1.531509e+01    1.055575e-04
1.532731e+01    1.061018e-04
1.533952e+01    1.066523e-04
1.535173e+01    1.072180e-04
1.536395e+01    1.077849e-04
1.537616e+01    1.083620e-04
1.538837e+01    1.089501e-04
1.540059e+01    1.095401e-04
1.541280e+01    1.101419e-04
1.542501e+01    1.107380e-04
1.543723e+01    1.113422e-04
1.544944e+01    1.119515e-04
1.546165e+01    1.125541e-04
1.547386e+01    1.131591e-04
1.548608e+01    1.137670e-04
1.549829e+01    1.143872e-04
1.551050e+01    1.149690e-04
1.552272e+01    1.155678e-04
1.553493e+01    1.161550e-04
1.554714e+01    1.167433e-04
1.555935e+01    1.173198e-04
1.557157e+01    1.178865e-04
1.558378e+01    1.184451e-04
1.559599e+01    1.189957e-04
1.560821e+01    1.195276e-04
1.562042e+01    1.200487e-04
1.563263e+01    1.205655e-04
1.564485e+01    1.210584e-04
1.565706e+01    1.215375e-04
1.566927e+01    1.219978e-04
1.568149e+01    1.224427e-04
1.569370e+01    1.228586e-04
1.570591e+01    1.232719e-04
1.571812e+01    1.236428e-04
1.573034e+01    1.240156e-04
1.574255e+01    1.243518e-04
1.575476e+01    1.246683e-04
1.576698e+01    1.249629e-04
1.577919e+01    1.252230e-04
1.579140e+01    1.254608e-04
1.580362e+01    1.256725e-04
1.581583e+01    1.258543e-04
1.582804e+01    1.260077e-04
1.584025e+01    1.261352e-04
1.585247e+01    1.262264e-04
1.586468e+01    1.262900e-04
1.587689e+01    1.263209e-04
1.588911e+01    1.263229e-04
1.590132e+01    1.262841e-04
1.591353e+01    1.262184e-04
1.592575e+01    1.261159e-04
1.593796e+01    1.259812e-04
1.595017e+01    1.258072e-04
1.596238e+01    1.256040e-04
1.597460e+01    1.253631e-04
1.598681e+01    1.250833e-04
1.599902e+01    1.247720e-04
1.601124e+01    1.244171e-04
1.602345e+01    1.240293e-04
1.603566e+01    1.235970e-04
1.604787e+01    1.231363e-04
1.606009e+01    1.226320e-04
1.607230e+01    1.220871e-04
1.608451e+01    1.215064e-04
1.609673e+01    1.208817e-04
1.610894e+01    1.202176e-04
1.612115e+01    1.195245e-04
1.613337e+01    1.187883e-04
1.614558e+01    1.180123e-04
1.615779e+01    1.171954e-04
1.617001e+01    1.163393e-04
1.618222e+01    1.154441e-04
1.619443e+01    1.145068e-04
1.620664e+01    1.135408e-04
1.621886e+01    1.125279e-04
1.623107e+01    1.114788e-04
1.624328e+01    1.103915e-04
1.625550e+01    1.092661e-04
1.626771e+01    1.080988e-04
1.627992e+01    1.069055e-04
1.629214e+01    1.056683e-04
1.630435e+01    1.043867e-04
1.631656e+01    1.030887e-04
1.632877e+01    1.017467e-04
1.634099e+01    1.003706e-04
1.635320e+01    9.895528e-05
1.636541e+01    9.751435e-05
1.637763e+01    9.603511e-05
1.638984e+01    9.452780e-05
1.640205e+01    9.297839e-05
1.641426e+01    9.140596e-05
1.642648e+01    8.979956e-05
1.643869e+01    8.816305e-05
1.645090e+01    8.650024e-05
1.646312e+01    8.480583e-05
1.647533e+01    8.308290e-05
1.648754e+01    8.133342e-05
1.649976e+01    7.955798e-05
1.651197e+01    7.775713e-05
1.652418e+01    7.592816e-05
1.653639e+01    7.407661e-05
1.654861e+01    7.220330e-05
1.656082e+01    7.030544e-05
1.657303e+01    6.838635e-05
1.658525e+01    6.644549e-05
1.659746e+01    6.449754e-05
1.660967e+01    6.250876e-05
1.662189e+01    6.051561e-05
1.663410e+01    5.850104e-05
1.664631e+01    5.647639e-05
1.665853e+01    5.443663e-05
1.667074e+01    5.237602e-05
1.668295e+01    5.030307e-05
1.669516e+01    4.822361e-05
1.670738e+01    4.612604e-05
1.671959e+01    4.402030e-05
1.673180e+01    4.190853e-05
1.674402e+01    3.978920e-05
1.675623e+01    3.766206e-05
1.676844e+01    3.552498e-05
1.678065e+01    3.338459e-05
1.679287e+01    3.124052e-05
1.680508e+01    2.908487e-05
1.681729e+01    2.694429e-05
1.682951e+01    2.479332e-05
1.684172e+01    2.263945e-05
1.685393e+01    2.048612e-05
1.686615e+01    1.833659e-05
1.687836e+01    1.618625e-05
1.689057e+01    1.403353e-05
1.690278e+01    1.189957e-05
1.691500e+01    9.763840e-06
1.692721e+01    7.632247e-06
1.693942e+01    5.503563e-06
1.695164e+01    3.390698e-06
1.696385e+01    1.285262e-06
1.697606e+01    -8.077186e-07
1.698828e+01    -2.904628e-06
1.700049e+01    -4.976711e-06
1.701270e+01    -7.047682e-06
1.702491e+01    -9.097399e-06
1.703713e+01    -1.113797e-05
1.704934e+01    -1.316016e-05
1.706155e+01    -1.517315e-05
1.707377e+01    -1.716286e-05
1.708598e+01    -1.914224e-05
1.709819e+01    -2.110898e-05
1.711040e+01    -2.303952e-05
1.712262e+01    -2.496451e-05
1.713483e+01    -2.686946e-05
1.714705e+01    -2.875533e-05
1.715926e+01    -3.061457e-05
1.717147e+01    -3.245732e-05
1.718368e+01    -3.428194e-05
1.719590e+01    -3.608823e-05
1.720811e+01    -3.785989e-05
1.722032e+01    -3.961111e-05
1.723254e+01    -4.134235e-05
1.724475e+01    -4.304936e-05
1.725696e+01    -4.473090e-05
1.726917e+01    -4.638775e-05
1.728139e+01    -4.802489e-05
1.729360e+01    -4.963456e-05
1.730581e+01    -5.120262e-05
1.731803e+01    -5.277153e-05
1.733024e+01    -5.430328e-05
1.734245e+01    -5.580488e-05
1.735467e+01    -5.728312e-05
1.736688e+01    -5.873600e-05
1.737909e+01    -6.015702e-05
1.739130e+01    -6.155106e-05
1.740352e+01    -6.291388e-05
1.741573e+01    -6.426220e-05
1.742794e+01    -6.557339e-05
1.744016e+01    -6.685521e-05
1.745237e+01    -6.811420e-05
1.746458e+01    -6.934630e-05
1.747680e+01    -7.054501e-05
1.748901e+01    -7.171631e-05
1.750122e+01    -7.286313e-05
1.751343e+01    -7.397855e-05
1.752565e+01    -7.506533e-05
1.753786e+01    -7.612682e-05
1.755007e+01    -7.716558e-05
1.756229e+01    -7.816301e-05
1.757450e+01    -7.914232e-05
1.758671e+01    -8.009770e-05
1.759892e+01    -8.102400e-05
1.761114e+01    -8.192126e-05
1.762335e+01    -8.279146e-05
1.763556e+01    -8.364086e-05
1.764778e+01    -8.446004e-05
1.765999e+01    -8.525590e-05
1.767220e+01    -8.602511e-05
1.768442e+01    -8.676545e-05
1.769663e+01    -8.748163e-05
1.770884e+01    -8.818529e-05
1.772106e+01    -8.886608e-05
1.773327e+01    -8.949856e-05
1.774548e+01    -9.012762e-05
1.775769e+01    -9.072445e-05
1.776991e+01    -9.130556e-05
1.778212e+01    -9.186314e-05
1.779433e+01    -9.239394e-05
1.780655e+01    -9.291164e-05
1.781876e+01    -9.340260e-05
1.783097e+01    -9.387064e-05
1.784319e+01    -9.432426e-05
1.785540e+01    -9.474940e-05
1.786761e+01    -9.516648e-05
1.787982e+01    -9.555195e-05
1.789204e+01    -9.592433e-05
1.790425e+01    -9.628294e-05
1.791646e+01    -9.662322e-05
1.792868e+01    -9.694272e-05
1.794089e+01    -9.724842e-05
1.795310e+01    -9.753361e-05
1.796531e+01    -9.780892e-05
1.797753e+01    -9.806349e-05
1.798974e+01    -9.830689e-05
1.800196e+01    -9.853495e-05
1.801417e+01    -9.875585e-05
1.802638e+01    -9.895489e-05
1.803859e+01    -9.914248e-05
1.805081e+01    -9.932146e-05
1.806302e+01    -9.949841e-05
1.807523e+01    -9.964439e-05
1.808744e+01    -9.978568e-05
1.809966e+01    -9.991352e-05
1.811187e+01    -1.000433e-04
1.812408e+01    -1.001522e-04
1.813630e+01    -1.002541e-04
1.814851e+01    -1.003448e-04
1.816072e+01    -1.004366e-04
1.817294e+01    -1.005148e-04
1.818515e+01    -1.005778e-04
1.819736e+01    -1.006375e-04
1.820958e+01    -1.006959e-04
1.822179e+01    -1.007382e-04
1.823400e+01    -1.007760e-04
1.824621e+01    -1.008138e-04
1.825843e+01    -1.008419e-04
1.827064e+01    -1.008556e-04
1.828285e+01    -1.008778e-04
1.829507e+01    -1.008949e-04
1.830728e+01    -1.008957e-04
1.831949e+01    -1.008961e-04
1.833171e+01    -1.008912e-04
1.834392e+01    -1.008848e-04
1.835613e+01    -1.008730e-04
1.836834e+01    -1.008664e-04
1.838056e+01    -1.008367e-04
1.839277e+01    -1.008145e-04
1.840498e+01    -1.007908e-04
1.841720e+01    -1.007652e-04
1.842941e+01    -1.007344e-04
1.844162e+01    -1.006997e-04
1.845383e+01    -1.006636e-04
1.846605e+01    -1.006229e-04
1.847826e+01    -1.005780e-04
1.849047e+01    -1.005318e-04
1.850269e+01    -1.005028e-04
1.851490e+01    -1.004324e-04
1.852711e+01    -1.003758e-04
1.853933e+01    -1.003152e-04
1.855154e+01    -1.002554e-04
1.856375e+01    -1.001916e-04
1.857596e+01    -1.001229e-04
1.858818e+01    -1.000527e-04
1.860039e+01    -9.997567e-05
1.861260e+01    -9.989610e-05
1.862482e+01    -9.981100e-05
1.863703e+01    -9.971409e-05
1.864924e+01    -9.962474e-05
1.866146e+01    -9.952800e-05
1.867367e+01    -9.942555e-05
1.868588e+01    -9.932125e-05
1.869810e+01    -9.920367e-05
1.871031e+01    -9.908515e-05
1.872252e+01    -9.896012e-05
1.873473e+01    -9.882322e-05
1.874695e+01    -9.868888e-05
1.875916e+01    -9.854604e-05
1.877137e+01    -9.839097e-05
1.878359e+01    -9.823474e-05
1.879580e+01    -9.806827e-05
1.880801e+01    -9.789679e-05
1.882022e+01    -9.771343e-05
1.883244e+01    -9.751599e-05
1.884465e+01    -9.731890e-05
1.885686e+01    -9.710714e-05
1.886908e+01    -9.688409e-05
1.888129e+01    -9.665638e-05
1.889350e+01    -9.640458e-05
1.890572e+01    -9.615347e-05
1.891793e+01    -9.589014e-05
1.893014e+01    -9.561260e-05
1.894235e+01    -9.531667e-05
1.895457e+01    -9.501306e-05
1.896678e+01    -9.468896e-05
1.897899e+01    -9.435904e-05
1.899121e+01    -9.401049e-05
1.900342e+01    -9.363820e-05
1.901563e+01    -9.326637e-05
1.902785e+01    -9.287242e-05
1.904006e+01    -9.245472e-05
1.905227e+01    -9.202561e-05
1.906449e+01    -9.157998e-05
1.907670e+01    -9.111920e-05
1.908891e+01    -9.063422e-05
1.910112e+01    -9.012804e-05
1.911334e+01    -8.959766e-05
1.912555e+01    -8.906564e-05
1.913776e+01    -8.850195e-05
1.914997e+01    -8.791825e-05
1.916219e+01    -8.731405e-05
1.917440e+01    -8.668611e-05
1.918661e+01    -8.603954e-05
1.919883e+01    -8.537341e-05
1.921104e+01    -8.467608e-05
1.922325e+01    -8.395617e-05
1.923547e+01    -8.321577e-05
1.924768e+01    -8.245464e-05
1.925989e+01    -8.166698e-05
1.927211e+01    -8.085021e-05
1.928432e+01    -8.001761e-05
1.929653e+01    -7.914822e-05
1.930874e+01    -7.825787e-05
1.932096e+01    -7.734168e-05
1.933317e+01    -7.639942e-05
1.934538e+01    -7.543270e-05
1.935760e+01    -7.443316e-05
1.936981e+01    -7.341197e-05
1.938202e+01    -7.236213e-05
1.939424e+01    -7.128762e-05
1.940645e+01    -7.017655e-05
1.941866e+01    -6.903731e-05
1.943087e+01    -6.788119e-05
1.944309e+01    -6.668980e-05
1.945530e+01    -6.547605e-05
1.946751e+01    -6.422773e-05
1.947973e+01    -6.294786e-05
1.949194e+01    -6.165088e-05
1.950415e+01    -6.031047e-05
1.951637e+01    -5.895691e-05
1.952858e+01    -5.757425e-05
1.954079e+01    -5.615281e-05
1.955301e+01    -5.470775e-05
1.956522e+01    -5.323440e-05
1.957743e+01    -5.173974e-05
1.958964e+01    -5.020900e-05
1.960186e+01    -4.865520e-05
1.961407e+01    -4.706893e-05
1.962628e+01    -4.546111e-05
1.963849e+01    -4.382443e-05
1.965071e+01    -4.215259e-05
1.966292e+01    -4.046364e-05
1.967513e+01    -3.874523e-05
1.968735e+01    -3.700086e-05
1.969956e+01    -3.523729e-05
1.971177e+01    -3.344100e-05
1.972399e+01    -3.160961e-05
1.973620e+01    -2.978020e-05
1.974841e+01    -2.790650e-05
1.976063e+01    -2.601178e-05
1.977284e+01    -2.410519e-05
1.978505e+01    -2.216763e-05
1.979726e+01    -2.020330e-05
1.980948e+01    -1.823268e-05
1.982169e+01    -1.623179e-05
1.983390e+01    -1.420919e-05
1.984612e+01    -1.217175e-05
1.985833e+01    -1.011073e-05
1.987054e+01    -8.033530e-06
1.988276e+01    -5.942071e-06
1.989497e+01    -3.816036e-06
1.990718e+01    -1.706474e-06
1.991939e+01    4.317844e-07
1.993161e+01    2.587272e-06
1.994382e+01    4.755566e-06
1.995603e+01    6.932649e-06
1.996825e+01    9.118579e-06
1.998046e+01    1.132640e-05
1.999267e+01    1.353148e-05
2.000488e+01    1.574075e-05
2.001710e+01    1.797767e-05
2.002931e+01    2.021791e-05
2.004152e+01    2.244563e-05
2.005374e+01    2.469047e-05
2.006595e+01    2.694939e-05
2.007816e+01    2.919126e-05
2.009038e+01    3.144081e-05
2.010259e+01    3.368646e-05
2.011480e+01    3.594841e-05
2.012702e+01    3.819563e-05
2.013923e+01    4.043896e-05
2.015144e+01    4.268257e-05
2.016365e+01    4.492115e-05
2.017587e+01    4.715167e-05
2.018808e+01    4.937584e-05
2.020029e+01    5.158561e-05
2.021251e+01    5.379581e-05
2.022472e+01    5.599219e-05
2.023693e+01    5.817032e-05
2.024915e+01    6.033614e-05
2.026136e+01    6.249512e-05
2.027357e+01    6.462881e-05
2.028578e+01    6.675586e-05
2.029800e+01    6.885358e-05
2.031021e+01    7.093567e-05
2.032242e+01    7.300050e-05
2.033464e+01    7.504187e-05
2.034685e+01    7.705289e-05
2.035906e+01    7.904932e-05
2.037127e+01    8.101747e-05
2.038349e+01    8.295235e-05
2.039570e+01    8.485478e-05
2.040791e+01    8.674857e-05
2.042013e+01    8.859579e-05
2.043234e+01    9.041664e-05
2.044455e+01    9.220533e-05
2.045677e+01    9.395275e-05
2.046898e+01    9.566276e-05
2.048119e+01    9.734636e-05
2.049340e+01    9.898991e-05
2.050562e+01    1.005776e-04
2.051783e+01    1.021557e-04
2.053004e+01    1.036760e-04
2.054226e+01    1.051574e-04
2.055447e+01    1.065876e-04
2.056668e+01    1.079827e-04
2.057890e+01    1.093256e-04
2.059111e+01    1.106281e-04
2.060332e+01    1.118868e-04
2.061554e+01    1.130787e-04
2.062775e+01    1.142328e-04
2.063996e+01    1.153318e-04
2.065217e+01    1.163831e-04
2.066439e+01    1.173903e-04
2.067660e+01    1.183214e-04
2.068881e+01    1.192130e-04
2.070103e+01    1.200526e-04
2.071324e+01    1.208239e-04
2.072545e+01    1.215462e-04
2.073767e+01    1.222101e-04
2.074988e+01    1.228218e-04
2.076209e+01    1.233641e-04
2.077430e+01    1.238505e-04
2.078652e+01    1.242736e-04
2.079873e+01    1.246286e-04
2.081094e+01    1.249347e-04
2.082316e+01    1.251758e-04
2.083537e+01    1.253511e-04
2.084758e+01    1.254703e-04
2.085979e+01    1.255113e-04
2.087201e+01    1.254974e-04
2.088422e+01    1.254146e-04
2.089643e+01    1.252819e-04
2.090865e+01    1.250568e-04
2.092086e+01    1.247721e-04
2.093307e+01    1.244267e-04
2.094529e+01    1.240200e-04
2.095750e+01    1.235329e-04
2.096971e+01    1.229930e-04
2.098192e+01    1.223859e-04
2.099414e+01    1.216980e-04
2.100635e+01    1.209519e-04
2.101856e+01    1.201311e-04
2.103078e+01    1.192491e-04
2.104299e+01    1.182966e-04
2.105520e+01    1.172765e-04
2.106742e+01    1.161908e-04
2.107963e+01    1.150373e-04
2.109184e+01    1.138282e-04
2.110406e+01    1.125355e-04
2.111627e+01    1.111778e-04
2.112848e+01    1.097553e-04
2.114069e+01    1.082707e-04
2.115291e+01    1.067188e-04
2.116512e+01    1.051022e-04
2.117733e+01    1.034149e-04
2.118955e+01    1.016679e-04
2.120176e+01    9.986546e-05
2.121397e+01    9.798378e-05
2.122618e+01    9.604742e-05
2.123840e+01    9.404939e-05
2.125061e+01    9.198387e-05
2.126282e+01    8.986946e-05
2.127504e+01    8.768704e-05
2.128725e+01    8.544866e-05
2.129946e+01    8.314723e-05
2.131168e+01    8.079200e-05
2.132389e+01    7.837787e-05
2.133610e+01    7.590928e-05
2.134831e+01    7.338569e-05
2.136053e+01    7.080633e-05
2.137274e+01    6.817617e-05
2.138495e+01    6.549784e-05
2.139717e+01    6.276349e-05
2.140938e+01    5.997838e-05
2.142159e+01    5.715292e-05
2.143381e+01    5.426962e-05
2.144602e+01    5.134363e-05
2.145823e+01    4.837492e-05
2.147044e+01    4.536874e-05
2.148266e+01    4.230634e-05
2.149487e+01    3.921648e-05
2.150708e+01    3.608044e-05
2.151930e+01    3.290037e-05
2.153151e+01    2.969166e-05
2.154372e+01    2.644025e-05
2.155593e+01    2.316272e-05
2.156815e+01    1.984519e-05
2.158036e+01    1.649675e-05
2.159258e+01    1.311192e-05
2.160479e+01    9.719108e-06
2.161700e+01    6.292161e-06
2.162921e+01    2.833083e-06
2.164143e+01    -6.492410e-07
2.165364e+01    -4.147903e-06
2.166585e+01    -7.672053e-06
2.167807e+01    -1.120812e-05
2.169028e+01    -1.476785e-05
2.170249e+01    -1.834638e-05
2.171470e+01    -2.192589e-05
2.172692e+01    -2.552410e-05
2.173913e+01    -2.913668e-05
2.175134e+01    -3.275613e-05
2.176356e+01    -3.638302e-05
2.177577e+01    -4.000838e-05
2.178798e+01    -4.364429e-05
2.180020e+01    -4.727725e-05
2.181241e+01    -5.091520e-05
2.182462e+01    -5.455142e-05
2.183683e+01    -5.818027e-05
2.184905e+01    -6.180942e-05
2.186126e+01    -6.541992e-05
2.187347e+01    -6.903916e-05
2.188569e+01    -7.263701e-05
2.189790e+01    -7.622225e-05
2.191011e+01    -7.979586e-05
2.192233e+01    -8.335838e-05
2.193454e+01    -8.690183e-05
2.194675e+01    -9.041977e-05
2.195897e+01    -9.392131e-05
2.197118e+01    -9.739805e-05
2.198339e+01    -1.008580e-04
2.199560e+01    -1.042876e-04
2.200782e+01    -1.076975e-04
2.202003e+01    -1.110604e-04
2.203224e+01    -1.143959e-04
2.204445e+01    -1.177099e-04
2.205667e+01    -1.209853e-04
2.206888e+01    -1.242308e-04
2.208109e+01    -1.274235e-04
2.209331e+01    -1.305948e-04
2.210552e+01    -1.337139e-04
2.211773e+01    -1.367916e-04
2.212995e+01    -1.398255e-04
2.214216e+01    -1.428264e-04
2.215437e+01    -1.457666e-04
2.216659e+01    -1.486687e-04
2.217880e+01    -1.515158e-04
2.219101e+01    -1.543087e-04
2.220322e+01    -1.570569e-04
2.221544e+01    -1.597454e-04
2.222765e+01    -1.623811e-04
2.223986e+01    -1.649621e-04
2.225208e+01    -1.674802e-04
2.226429e+01    -1.699484e-04
2.227650e+01    -1.723468e-04
2.228872e+01    -1.746973e-04
2.230093e+01    -1.769786e-04
2.231314e+01    -1.791840e-04
2.232535e+01    -1.813406e-04
2.233757e+01    -1.834299e-04
2.234978e+01    -1.854480e-04
2.236199e+01    -1.873978e-04
2.237421e+01    -1.892640e-04
2.238642e+01    -1.910979e-04
2.239863e+01    -1.928313e-04
2.241084e+01    -1.945090e-04
2.242306e+01    -1.961088e-04
2.243527e+01    -1.976377e-04
2.244748e+01    -1.990889e-04
2.245970e+01    -2.004700e-04
2.247191e+01    -2.017693e-04
2.248412e+01    -2.029944e-04
2.249634e+01    -2.041486e-04
2.250855e+01    -2.052102e-04
2.252076e+01    -2.062167e-04
2.253297e+01    -2.071356e-04
2.254519e+01    -2.079781e-04
2.255740e+01    -2.087333e-04
2.256961e+01    -2.094150e-04
2.258183e+01    -2.100176e-04
2.259404e+01    -2.105455e-04
2.260625e+01    -2.109807e-04
2.261847e+01    -2.113373e-04
2.263068e+01    -2.116207e-04
2.264289e+01    -2.118193e-04
2.265511e+01    -2.119365e-04
2.266732e+01    -2.119709e-04
2.267953e+01    -2.119347e-04
2.269174e+01    -2.118132e-04
2.270396e+01    -2.116018e-04
2.271617e+01    -2.113245e-04
2.272838e+01    -2.109621e-04
2.274060e+01    -2.105160e-04
2.275281e+01    -2.099917e-04
2.276502e+01    -2.093856e-04
2.277724e+01    -2.087032e-04
2.278945e+01    -2.079378e-04
2.280166e+01    -2.070970e-04
2.281387e+01    -2.061758e-04
2.282609e+01    -2.051883e-04
2.283830e+01    -2.041116e-04
2.285051e+01    -2.029662e-04
2.286273e+01    -2.017388e-04
2.287494e+01    -2.004378e-04
2.288715e+01    -1.990598e-04
2.289936e+01    -1.976129e-04
2.291158e+01    -1.960844e-04
2.292379e+01    -1.944883e-04
2.293600e+01    -1.928182e-04
2.294822e+01    -1.910804e-04
2.296043e+01    -1.892698e-04
2.297264e+01    -1.873909e-04
2.298486e+01    -1.854411e-04
2.299707e+01    -1.834254e-04
2.300928e+01    -1.813419e-04
2.302150e+01    -1.792022e-04
2.303371e+01    -1.769902e-04
2.304592e+01    -1.747179e-04
2.305813e+01    -1.723817e-04
2.307035e+01    -1.699833e-04
2.308256e+01    -1.675303e-04
2.309477e+01    -1.650102e-04
2.310699e+01    -1.624454e-04
2.311920e+01    -1.598165e-04
2.313141e+01    -1.571352e-04
2.314363e+01    -1.544012e-04
2.315584e+01    -1.516158e-04
2.316805e+01    -1.487685e-04
2.318026e+01    -1.458873e-04
2.319248e+01    -1.429542e-04
2.320469e+01    -1.399709e-04
2.321690e+01    -1.369441e-04
2.322912e+01    -1.338738e-04
2.324133e+01    -1.307620e-04
2.325354e+01    -1.276101e-04
2.326575e+01    -1.244183e-04
2.327797e+01    -1.211875e-04
2.329018e+01    -1.179188e-04
2.330239e+01    -1.146254e-04
2.331461e+01    -1.112909e-04
2.332682e+01    -1.079241e-04
2.333903e+01    -1.045280e-04
2.335125e+01    -1.011073e-04
2.336346e+01    -9.766256e-05
2.337567e+01    -9.418576e-05
2.338788e+01    -9.068107e-05
2.340010e+01    -8.716673e-05
2.341231e+01    -8.362683e-05
2.342452e+01    -8.007011e-05
2.343674e+01    -7.649511e-05
2.344895e+01    -7.290475e-05
2.346116e+01    -6.929378e-05
2.347338e+01    -6.568991e-05
2.348559e+01    -6.205792e-05
2.349780e+01    -5.842332e-05
2.351002e+01    -5.478592e-05
2.352223e+01    -5.114125e-05
2.353444e+01    -4.749006e-05
2.354665e+01    -4.383537e-05
2.355887e+01    -4.018855e-05
2.357108e+01    -3.653939e-05
2.358329e+01    -3.289030e-05
2.359550e+01    -2.924731e-05
2.360772e+01    -2.561009e-05
2.361993e+01    -2.198498e-05
2.363214e+01    -1.836207e-05
2.364436e+01    -1.475617e-05
2.365657e+01    -1.116120e-05
2.366878e+01    -7.577823e-06
2.368100e+01    -4.016445e-06
2.369321e+01    -4.639733e-07
2.370542e+01    3.065041e-06
2.371764e+01    6.580958e-06
2.372985e+01    1.005741e-05
2.374206e+01    1.353148e-05
2.375427e+01    1.697394e-05
2.376649e+01    2.039404e-05
2.377870e+01    2.377492e-05
2.379091e+01    2.713379e-05
2.380313e+01    3.045955e-05
2.381534e+01    3.376530e-05
2.382755e+01    3.702598e-05
2.383977e+01    4.025371e-05
2.385198e+01    4.345435e-05
2.386419e+01    4.660760e-05
2.387640e+01    4.972849e-05
2.388862e+01    5.280535e-05
2.390083e+01    5.583951e-05
2.391304e+01    5.883959e-05
2.392526e+01    6.179255e-05
2.393747e+01    6.470361e-05
2.394968e+01    6.756981e-05
2.396189e+01    7.038628e-05
2.397411e+01    7.315990e-05
2.398632e+01    7.588635e-05
2.399854e+01    7.855793e-05
2.401075e+01    8.117344e-05
2.402296e+01    8.375861e-05
2.403517e+01    8.627589e-05
2.404739e+01    8.874768e-05
2.405960e+01    9.116382e-05
2.407181e+01    9.351922e-05
2.408403e+01    9.583207e-05
2.409624e+01    9.808756e-05
2.410845e+01    1.002754e-04
2.412066e+01    1.024150e-04
2.413288e+01    1.044906e-04
2.414509e+01    1.065077e-04
2.415730e+01    1.084691e-04
2.416952e+01    1.103677e-04
2.418173e+01    1.122069e-04
2.419394e+01    1.139914e-04
2.420616e+01    1.157092e-04
2.421837e+01    1.173640e-04
2.423058e+01    1.189596e-04
2.424279e+01    1.204943e-04
2.425501e+01    1.219576e-04
2.426722e+01    1.233656e-04
2.427943e+01    1.247045e-04
2.429165e+01    1.259837e-04
2.430386e+01    1.272008e-04
2.431607e+01    1.283552e-04
2.432829e+01    1.294343e-04
2.434050e+01    1.304606e-04
2.435271e+01    1.314181e-04
2.436492e+01    1.323131e-04
2.437714e+01    1.331289e-04
2.438935e+01    1.339047e-04
2.440156e+01    1.346043e-04
2.441378e+01    1.352435e-04
2.442599e+01    1.358129e-04
2.443820e+01    1.363246e-04
2.445041e+01    1.367670e-04
2.446263e+01    1.371511e-04
2.447484e+01    1.374747e-04
2.448705e+01    1.377190e-04
2.449927e+01    1.379177e-04
2.451148e+01    1.380378e-04
2.452369e+01    1.381196e-04
2.453591e+01    1.381261e-04
2.454812e+01    1.380713e-04
2.456033e+01    1.379558e-04
2.457255e+01    1.377824e-04
2.458476e+01    1.375486e-04
2.459697e+01    1.372536e-04
2.460918e+01    1.369034e-04
2.462140e+01    1.364939e-04
2.463361e+01    1.360202e-04
2.464582e+01    1.355000e-04
2.465804e+01    1.349129e-04
2.467025e+01    1.342785e-04
2.468246e+01    1.335830e-04
2.469468e+01    1.328396e-04
2.470689e+01    1.320386e-04
2.471910e+01    1.311854e-04
2.473131e+01    1.302788e-04
2.474353e+01    1.293221e-04
2.475574e+01    1.283169e-04
2.476795e+01    1.272601e-04
2.478017e+01    1.261577e-04
2.479238e+01    1.250111e-04
2.480459e+01    1.238069e-04
2.481680e+01    1.225588e-04
2.482902e+01    1.212762e-04
2.484123e+01    1.199426e-04
2.485344e+01    1.185640e-04
2.486566e+01    1.171505e-04
2.487787e+01    1.156879e-04
2.489008e+01    1.141935e-04
2.490230e+01    1.126549e-04
2.491451e+01    1.110788e-04
2.492672e+01    1.094664e-04
2.493893e+01    1.078222e-04
2.495115e+01    1.061377e-04
2.496336e+01    1.044221e-04
2.497557e+01    1.026715e-04
2.498779e+01    1.008911e-04
2.500000e+01    9.908374e-05
