0.000000e+00    -1.273694e+00
1.221299e-02    -1.273006e+00
2.442599e-02    -1.270945e+00
3.663898e-02    -1.267530e+00
4.885198e-02    -1.262787e+00
6.106497e-02    -1.256754e+00
7.327797e-02    -1.249480e+00
8.549096e-02    -1.241023e+00
9.770396e-02    -1.231451e+00
1.099169e-01    -1.220841e+00
1.221299e-01    -1.209278e+00
1.343429e-01    -1.196854e+00
1.465559e-01    -1.183670e+00
1.587689e-01    -1.169831e+00
1.709819e-01    -1.155447e+00
1.831949e-01    -1.140635e+00
1.954079e-01    -1.125513e+00
2.076209e-01    -1.110203e+00
2.198339e-01    -1.094827e+00
2.320469e-01    -1.079510e+00
2.442599e-01    -1.064375e+00
2.564729e-01    -1.049544e+00
2.686859e-01    -1.035138e+00
2.808989e-01    -1.021275e+00
2.931119e-01    -1.008067e+00
3.053249e-01    -9.956243e-01
3.175378e-01    -9.840506e-01
3.297509e-01    -9.734436e-01
3.419639e-01    -9.638947e-01
3.541768e-01    -9.554877e-01
3.663898e-01    -9.482991e-01
3.786028e-01    -9.423969e-01
3.908158e-01    -9.378404e-01
4.030288e-01    -9.346805e-01
4.152418e-01    -9.329586e-01
4.274548e-01    -9.327070e-01
4.396678e-01    -9.339484e-01
4.518808e-01    -9.366966e-01
4.640938e-01    -9.409555e-01
4.763068e-01    -9.467199e-01
4.885198e-01    -9.539757e-01
5.007328e-01    -9.627001e-01
5.129458e-01    -9.728612e-01
5.251588e-01    -9.844196e-01
5.373718e-01    -9.973276e-01
5.495847e-01    -1.011530e+00
5.617977e-01    -1.026966e+00
5.740107e-01    -1.043567e+00
5.862237e-01    -1.061259e+00
5.984367e-01    -1.079962e+00
6.106497e-01    -1.099594e+00
6.228627e-01    -1.120066e+00
6.350757e-01    -1.141286e+00
6.472887e-01    -1.163161e+00
6.595017e-01    -1.185595e+00
6.717147e-01    -1.208489e+00
6.839277e-01    -1.231744e+00
6.961407e-01    -1.255261e+00
7.083537e-01    -1.278941e+00
7.205667e-01    -1.302685e+00
7.327797e-01    -1.326397e+00
7.449927e-01    -1.349980e+00
7.572057e-01    -1.373342e+00
7.694187e-01    -1.396392e+00
7.816316e-01    -1.419043e+00
7.938446e-01    -1.441210e+00
8.060576e-01    -1.462815e+00
8.182706e-01    -1.483780e+00
8.304836e-01    -1.504035e+00
8.426966e-01    -1.523513e+00
8.549096e-01    -1.542152e+00
8.671226e-01    -1.559895e+00
8.793356e-01    -1.576690e+00
8.915486e-01    -1.592492e+00
9.037616e-01    -1.607258e+00
9.159746e-01    -1.620954e+00
9.281876e-01    -1.633548e+00
9.404006e-01    -1.645016e+00
9.526136e-01    -1.655339e+00
9.648266e-01    -1.664500e+00
9.770396e-01    -1.672490e+00
9.892526e-01    -1.679306e+00
1.001466e+00    -1.684946e+00
1.013679e+00    -1.689415e+00
1.025892e+00    -1.692722e+00
1.038105e+00    -1.694881e+00
1.050318e+00    -1.695907e+00
1.062531e+00    -1.695822e+00
1.074744e+00    -1.694649e+00
1.086957e+00    -1.692415e+00
1.099169e+00    -1.689151e+00
1.111382e+00    -1.684890e+00
1.123595e+00    -1.679665e+00
1.135808e+00    -1.673515e+00
1.148021e+00    -1.666478e+00
1.160234e+00    -1.658595e+00
1.172447e+00    -1.649907e+00
1.184660e+00    -1.640458e+00
1.196873e+00    -1.630291e+00
1.209086e+00    -1.619451e+00
1.221299e+00    -1.607981e+00
1.233512e+00    -1.595927e+00
1.245725e+00    -1.583334e+00
1.257938e+00    -1.570245e+00
1.270151e+00    -1.556705e+00
1.282364e+00    -1.542757e+00
1.294577e+00    -1.528442e+00
1.306790e+00    -1.513803e+00
1.319003e+00    -1.498880e+00
1.331216e+00    -1.483713e+00
1.343429e+00    -1.468337e+00
1.355642e+00    -1.452791e+00
1.367855e+00    -1.437108e+00
1.380068e+00    -1.421322e+00
1.392281e+00    -1.405465e+00
1.404494e+00    -1.389565e+00
1.416707e+00    -1.373652e+00
1.428920e+00    -1.357752e+00
1.441133e+00    -1.341888e+00
1.453346e+00    -1.326084e+00
1.465559e+00    -1.310360e+00
1.477772e+00    -1.294736e+00
1.489985e+00    -1.279229e+00
1.502198e+00    -1.263855e+00
1.514411e+00    -1.248626e+00
1.526624e+00    -1.233556e+00
1.538837e+00    -1.218656e+00
1.551050e+00    -1.203934e+00
1.563263e+00    -1.189398e+00
1.575476e+00    -1.175053e+00
1.587689e+00    -1.160906e+00
1.599902e+00    -1.146959e+00
1.612115e+00    -1.133215e+00
1.624328e+00    -1.119674e+00
1.636541e+00    -1.106338e+00
1.648754e+00    -1.093204e+00
1.660967e+00    -1.080272e+00
1.673180e+00    -1.067538e+00
1.685393e+00    -1.055000e+00
1.697606e+00    -1.042653e+00
1.709819e+00    -1.030493e+00
1.722032e+00    -1.018514e+00
1.734245e+00    -1.006710e+00
1.746458e+00    -9.950764e-01
1.758671e+00    -9.836059e-01
1.770884e+00    -9.722923e-01
1.783097e+00    -9.611287e-01
1.795310e+00    -9.501079e-01
1.807523e+00    -9.392234e-01
1.819736e+00    -9.284680e-01
1.831949e+00    -9.178346e-01
1.844162e+00    -9.073164e-01
1.856375e+00    -8.969066e-01
1.868588e+00    -8.865986e-01
1.880801e+00    -8.763860e-01
1.893014e+00    -8.662625e-01
1.905227e+00    -8.562223e-01
1.917440e+00    -8.462594e-01
1.929653e+00    -8.363686e-01
1.941866e+00    -8.265446e-01
1.954079e+00    -8.167832e-01
1.966292e+00    -8.070795e-01
1.978505e+00    -7.974297e-01
1.990718e+00    -7.878301e-01
2.002931e+00    -7.782773e-01
2.015144e+00    -7.687683e-01
2.027357e+00    -7.593007e-01
2.039570e+00    -7.498723e-01
2.051783e+00    -7.404810e-01
2.063996e+00    -7.311255e-01
2.076209e+00    -7.218045e-01
2.088422e+00    -7.125171e-01
2.100635e+00    -7.032632e-01
2.112848e+00    -6.940420e-01
2.125061e+00    -6.848539e-01
2.137274e+00    -6.756991e-01
2.149487e+00    -6.665782e-01
2.161700e+00    -6.574923e-01
2.173913e+00    -6.484423e-01
2.186126e+00    -6.394293e-01
2.198339e+00    -6.304549e-01
2.210552e+00    -6.215208e-01
2.222765e+00    -6.126285e-01
2.234978e+00    -6.037803e-01
2.247191e+00    -5.949780e-01
2.259404e+00    -5.862238e-01
2.271617e+00    -5.775197e-01
2.283830e+00    -5.688683e-01
2.296043e+00    -5.602716e-01
2.308256e+00    -5.517321e-01
2.320469e+00    -5.432520e-01
2.332682e+00    -5.348339e-01
2.344895e+00    -5.264800e-01
2.357108e+00    -5.181925e-01
2.369321e+00    -5.099738e-01
2.381534e+00    -5.018262e-01
2.393747e+00    -4.937518e-01
2.405960e+00    -4.857525e-01
2.418173e+00    -4.778305e-01
2.430386e+00    -4.699878e-01
2.442599e+00    -4.622262e-01
2.454812e+00    -4.545472e-01
2.467025e+00    -4.469528e-01
2.479238e+00    -4.394443e-01
2.491451e+00    -4.320230e-01
2.503664e+00    -4.246905e-01
2.515877e+00    -4.174477e-01
2.528090e+00    -4.102958e-01
2.540303e+00    -4.032357e-01
2.552516e+00    -3.962681e-01
2.564729e+00    -3.893938e-01
2.576942e+00    -3.826134e-01
2.589155e+00    -3.759272e-01
2.601368e+00    -3.693357e-01
2.613581e+00    -3.628390e-01
2.625794e+00    -3.564374e-01
2.638007e+00    -3.501307e-01
2.650220e+00    -3.439189e-01
2.662433e+00    -3.378018e-01
2.674646e+00    -3.317792e-01
2.686859e+00    -3.258506e-01
2.699072e+00    -3.200155e-01
2.711285e+00    -3.142735e-01
2.723498e+00    -3.086239e-01
2.735711e+00    -3.030660e-01
2.747924e+00    -2.975991e-01
2.760137e+00    -2.922223e-01
2.772350e+00    -2.869349e-01
2.784563e+00    -2.817358e-01
2.796776e+00    -2.766242e-01
2.808989e+00    -2.715991e-01
2.821202e+00    -2.666592e-01
2.833415e+00    -2.618038e-01
2.845628e+00    -2.570316e-01
2.857841e+00    -2.523415e-01
2.870054e+00    -2.477324e-01
2.882267e+00    -2.432033e-01
2.894480e+00    -2.387528e-01
2.906693e+00    -2.343800e-01
2.918906e+00    -2.300835e-01
2.931119e+00    -2.258623e-01
2.943332e+00    -2.217153e-01
2.955545e+00    -2.176412e-01
2.967758e+00    -2.136389e-01
2.979971e+00    -2.097074e-01
2.992184e+00    -2.058455e-01
3.004397e+00    -2.020520e-01
3.016610e+00    -1.983261e-01
3.028823e+00    -1.946665e-01
3.041036e+00    -1.910722e-01
3.053249e+00    -1.875422e-01
3.065462e+00    -1.840755e-01
3.077675e+00    -1.806712e-01
3.089888e+00    -1.773283e-01
3.102101e+00    -1.740458e-01
3.114314e+00    -1.708228e-01
3.126527e+00    -1.676585e-01
3.138740e+00    -1.645519e-01
3.150953e+00    -1.615022e-01
3.163166e+00    -1.585087e-01
3.175379e+00    -1.555705e-01
3.187592e+00    -1.526867e-01
3.199805e+00    -1.498567e-01
3.212018e+00    -1.470797e-01
3.224231e+00    -1.443550e-01
3.236444e+00    -1.416818e-01
3.248657e+00    -1.390594e-01
3.260870e+00    -1.364872e-01
3.273082e+00    -1.339645e-01
3.285295e+00    -1.314906e-01
3.297508e+00    -1.290649e-01
3.309721e+00    -1.266867e-01
3.321934e+00    -1.243555e-01
3.334147e+00    -1.220705e-01
3.346360e+00    -1.198313e-01
3.358573e+00    -1.176371e-01
3.370786e+00    -1.154873e-01
3.382999e+00    -1.133815e-01
3.395212e+00    -1.113190e-01
3.407425e+00    -1.092991e-01
3.419638e+00    -1.073214e-01
3.431851e+00    -1.053852e-01
3.444064e+00    -1.034899e-01
3.456277e+00    -1.016350e-01
3.468490e+00    -9.981988e-02
3.480703e+00    -9.804397e-02
3.492916e+00    -9.630666e-02
3.505129e+00    -9.460739e-02
3.517342e+00    -9.294555e-02
3.529555e+00    -9.132057e-02
3.541768e+00    -8.973186e-02
3.553981e+00    -8.817882e-02
3.566194e+00    -8.666085e-02
3.578407e+00    -8.517738e-02
3.590620e+00    -8.372779e-02
3.602833e+00    -8.231147e-02
3.615046e+00    -8.092786e-02
3.627259e+00    -7.957633e-02
3.639472e+00    -7.825626e-02
3.651685e+00    -7.696706e-02
3.663898e+00    -7.570814e-02
3.676111e+00    -7.447887e-02
3.688324e+00    -7.327866e-02
3.700537e+00    -7.210689e-02
3.712750e+00    -7.096296e-02
3.724963e+00    -6.984624e-02
3.737176e+00    -6.875616e-02
3.749389e+00    -6.769210e-02
3.761602e+00    -6.665345e-02
3.773815e+00    -6.563963e-02
3.786028e+00    -6.465002e-02
3.798241e+00    -6.368405e-02
3.810454e+00    -6.274113e-02
3.822667e+00    -6.182065e-02
3.834880e+00    -6.092207e-02
3.847093e+00    -6.004478e-02
3.859306e+00    -5.918824e-02
3.871519e+00    -5.835187e-02
3.883732e+00    -5.753511e-02
3.895945e+00    -5.673744e-02
3.908158e+00    -5.595829e-02
3.920371e+00    -5.519713e-02
3.932584e+00    -5.445344e-02
3.944797e+00    -5.372670e-02
3.957010e+00    -5.301640e-02
3.969223e+00    -5.232204e-02
3.981436e+00    -5.164313e-02
3.993649e+00    -5.097917e-02
4.005862e+00    -5.032972e-02
4.018075e+00    -4.969430e-02
4.030288e+00    -4.907242e-02
4.042501e+00    -4.846369e-02
4.054714e+00    -4.786764e-02
4.066927e+00    -4.728388e-02
4.079140e+00    -4.671194e-02
4.091353e+00    -4.615148e-02
4.103566e+00    -4.560204e-02
4.115779e+00    -4.506329e-02
4.127992e+00    -4.453483e-02
4.140205e+00    -4.401631e-02
4.152418e+00    -4.350736e-02
4.164631e+00    -4.300766e-02
4.176844e+00    -4.251684e-02
4.189057e+00    -4.203460e-02
4.201270e+00    -4.156065e-02
4.213483e+00    -4.109465e-02
4.225696e+00    -4.063633e-02
4.237909e+00    -4.018539e-02
4.250122e+00    -3.974158e-02
4.262335e+00    -3.930458e-02
4.274548e+00    -3.887419e-02
4.286761e+00    -3.845015e-02
4.298974e+00    -3.803220e-02
4.311187e+00    -3.762012e-02
4.323400e+00    -3.721371e-02
4.335613e+00    -3.681272e-02
4.347826e+00    -3.641698e-02
4.360039e+00    -3.602625e-02
4.372252e+00    -3.564038e-02
4.384465e+00    -3.525916e-02
4.396678e+00    -3.488243e-02
4.408891e+00    -3.451001e-02
4.421104e+00    -3.414175e-02
4.433317e+00    -3.377747e-02
4.445530e+00    -3.341704e-02
4.457743e+00    -3.306032e-02
4.469956e+00    -3.270716e-02
4.482169e+00    -3.235744e-02
4.494382e+00    -3.201103e-02
4.506595e+00    -3.166781e-02
4.518808e+00    -3.132766e-02
4.531021e+00    -3.099046e-02
4.543234e+00    -3.065614e-02
4.555447e+00    -3.032458e-02
4.567660e+00    -2.999569e-02
4.579873e+00    -2.966936e-02
4.592086e+00    -2.934553e-02
4.604299e+00    -2.902411e-02
4.616512e+00    -2.870503e-02
4.628725e+00    -2.838820e-02
4.640938e+00    -2.807357e-02
4.653151e+00    -2.776106e-02
4.665364e+00    -2.745062e-02
4.677577e+00    -2.714219e-02
4.689790e+00    -2.683572e-02
4.702003e+00    -2.653115e-02
4.714216e+00    -2.622844e-02
4.726429e+00    -2.592753e-02
4.738642e+00    -2.562841e-02
4.750855e+00    -2.533101e-02
4.763068e+00    -2.503532e-02
4.775281e+00    -2.474129e-02
4.787494e+00    -2.444891e-02
4.799707e+00    -2.415813e-02
4.811920e+00    -2.386894e-02
4.824133e+00    -2.358132e-02
4.836346e+00    -2.329524e-02
4.848559e+00    -2.301069e-02
4.860772e+00    -2.272766e-02
4.872985e+00    -2.244613e-02
4.885198e+00    -2.216610e-02
4.897411e+00    -2.188753e-02
4.909624e+00    -2.161046e-02
4.921837e+00    -2.133485e-02
4.934050e+00    -2.106073e-02
4.946263e+00    -2.078807e-02
4.958476e+00    -2.051689e-02
4.970689e+00    -2.024718e-02
4.982902e+00    -1.997896e-02
4.995115e+00    -1.971222e-02
5.007328e+00    -1.944698e-02
5.019541e+00    -1.918325e-02
5.031754e+00    -1.892103e-02
5.043967e+00    -1.866034e-02
5.056180e+00    -1.840120e-02
5.068393e+00    -1.814361e-02
5.080606e+00    -1.788760e-02
5.092819e+00    -1.763317e-02
5.105031e+00    -1.738035e-02
5.117245e+00    -1.712915e-02
5.129457e+00    -1.687961e-02
5.141671e+00    -1.663172e-02
5.153883e+00    -1.638553e-02
5.166097e+00    -1.614103e-02
5.178309e+00    -1.589827e-02
5.190523e+00    -1.565725e-02
5.202735e+00    -1.541802e-02
5.214949e+00    -1.518058e-02
5.227162e+00    -1.494494e-02
5.239375e+00    -1.471117e-02
5.251588e+00    -1.447925e-02
5.263801e+00    -1.424924e-02
5.276014e+00    -1.402112e-02
5.288227e+00    -1.379496e-02
5.300440e+00    -1.357074e-02
5.312653e+00    -1.334853e-02
5.324866e+00    -1.312833e-02
5.337079e+00    -1.291015e-02
5.349292e+00    -1.269404e-02
5.361505e+00    -1.248000e-02
5.373718e+00    -1.226807e-02
5.385931e+00    -1.205827e-02
5.398144e+00    -1.185060e-02
5.410357e+00    -1.164512e-02
5.422570e+00    -1.144182e-02
5.434783e+00    -1.124073e-02
5.446996e+00    -1.104188e-02
5.459208e+00    -1.084527e-02
5.471422e+00    -1.065091e-02
5.483634e+00    -1.045886e-02
5.495848e+00    -1.026909e-02
5.508060e+00    -1.008165e-02
5.520274e+00    -9.896525e-03
5.532486e+00    -9.713751e-03
5.544700e+00    -9.533328e-03
5.556912e+00    -9.355279e-03
5.569126e+00    -9.179600e-03
5.581338e+00    -9.006316e-03
5.593552e+00    -8.835429e-03
5.605764e+00    -8.666946e-03
5.617978e+00    -8.500871e-03
5.630190e+00    -8.337225e-03
5.642404e+00    -8.175987e-03
5.654616e+00    -8.017183e-03
5.666830e+00    -7.860803e-03
5.679042e+00    -7.706868e-03
5.691256e+00    -7.555352e-03
5.703468e+00    -7.406271e-03
5.715682e+00    -7.259624e-03
5.727894e+00    -7.115400e-03
5.740108e+00    -6.973600e-03
5.752320e+00    -6.834231e-03
5.764534e+00    -6.697265e-03
5.776746e+00    -6.562719e-03
5.788960e+00    -6.430567e-03
5.801172e+00    -6.300822e-03
5.813385e+00    -6.173443e-03
5.825598e+00    -6.048450e-03
5.837811e+00    -5.925816e-03
5.850024e+00    -5.805536e-03
5.862237e+00    -5.687592e-03
5.874450e+00    -5.571973e-03
5.886663e+00    -5.458659e-03
5.898876e+00    -5.347628e-03
5.911089e+00    -5.238896e-03
5.923302e+00    -5.132413e-03
5.935515e+00    -5.028170e-03
5.947728e+00    -4.926150e-03
5.959941e+00    -4.826325e-03
5.972154e+00    -4.728686e-03
5.984367e+00    -4.633198e-03
5.996580e+00    -4.539850e-03
6.008793e+00    -4.448618e-03
6.021006e+00    -4.359469e-03
6.033219e+00    -4.272393e-03
6.045432e+00    -4.187345e-03
6.057645e+00    -4.104319e-03
6.069858e+00    -4.023283e-03
6.082071e+00    -3.944208e-03
6.094284e+00    -3.867071e-03
6.106497e+00    -3.791844e-03
6.118710e+00    -3.718498e-03
6.130923e+00    -3.647006e-03
6.143136e+00    -3.577334e-03
6.155349e+00    -3.509458e-03
6.167562e+00    -3.443356e-03
6.179775e+00    -3.378984e-03
6.191988e+00    -3.316319e-03
6.204201e+00    -3.255332e-03
6.216414e+00    -3.195985e-03
6.228627e+00    -3.138258e-03
6.240840e+00    -3.082119e-03
6.253053e+00    -3.027526e-03
6.265266e+00    -2.974453e-03
6.277479e+00    -2.922874e-03
6.289692e+00    -2.872753e-03
6.301905e+00    -2.824062e-03
6.314118e+00    -2.776759e-03
6.326331e+00    -2.730824e-03
6.338544e+00    -2.686218e-03
6.350757e+00    -2.642912e-03
6.362970e+00    -2.600872e-03
6.375183e+00    -2.560062e-03
6.387396e+00    -2.520473e-03
6.399609e+00    -2.482041e-03
6.411822e+00    -2.444756e-03
6.424035e+00    -2.408582e-03
6.436248e+00    -2.373483e-03
6.448461e+00    -2.339436e-03
6.460674e+00    -2.306406e-03
6.472887e+00    -2.274370e-03
6.485100e+00    -2.243282e-03
6.497313e+00    -2.213123e-03
6.509526e+00    -2.183869e-03
6.521739e+00    -2.155483e-03
6.533952e+00    -2.127938e-03
6.546165e+00    -2.101202e-03
6.558378e+00    -2.075250e-03
6.570591e+00    -2.050057e-03
6.582804e+00    -2.025590e-03
6.595017e+00    -2.001831e-03
6.607230e+00    -1.978736e-03
6.619443e+00    -1.956297e-03
6.631656e+00    -1.934475e-03
6.643869e+00    -1.913252e-03
6.656082e+00    -1.892599e-03
6.668295e+00    -1.872493e-03
6.680508e+00    -1.852913e-03
6.692721e+00    -1.833826e-03
6.704934e+00    -1.815221e-03
6.717147e+00    -1.797058e-03
6.729360e+00    -1.779330e-03
6.741573e+00    -1.762009e-03
6.753786e+00    -1.745075e-03
6.765999e+00    -1.728507e-03
6.778212e+00    -1.712284e-03
6.790425e+00    -1.696387e-03
6.802638e+00    -1.680799e-03
6.814851e+00    -1.665495e-03
6.827064e+00    -1.650461e-03
6.839277e+00    -1.635687e-03
6.851490e+00    -1.621142e-03
6.863703e+00    -1.606825e-03
6.875916e+00    -1.592711e-03
6.888129e+00    -1.578779e-03
6.900342e+00    -1.565034e-03
6.912555e+00    -1.551443e-03
6.924768e+00    -1.538005e-03
6.936981e+00    -1.524701e-03
6.949194e+00    -1.511515e-03
6.961407e+00    -1.498448e-03
6.973620e+00    -1.485483e-03
6.985833e+00    -1.472604e-03
6.998046e+00    -1.459802e-03
7.010259e+00    -1.447078e-03
7.022472e+00    -1.434409e-03
7.034685e+00    -1.421798e-03
7.046898e+00    -1.409227e-03
7.059111e+00    -1.396697e-03
7.071324e+00    -1.384197e-03
7.083537e+00    -1.371716e-03
7.095750e+00    -1.359267e-03
7.107963e+00    -1.346817e-03
7.120176e+00    -1.334382e-03
7.132389e+00    -1.321949e-03
7.144602e+00    -1.309512e-03
7.156815e+00    -1.297077e-03
7.169028e+00    -1.284636e-03
7.181241e+00    -1.272184e-03
7.193454e+00    -1.259722e-03
7.205667e+00    -1.247251e-03
7.217880e+00    -1.234760e-03
7.230093e+00    -1.222260e-03
7.242306e+00    -1.209746e-03
7.254519e+00    -1.197221e-03
7.266732e+00    -1.184683e-03
7.278944e+00    -1.172126e-03
7.291158e+00    -1.159563e-03
7.303371e+00    -1.146993e-03
7.315584e+00    -1.134414e-03
7.327797e+00    -1.121831e-03
7.340010e+00    -1.109247e-03
7.352223e+00    -1.096654e-03
7.364436e+00    -1.084075e-03
7.376649e+00    -1.071501e-03
7.388862e+00    -1.058936e-03
7.401075e+00    -1.046415e-03
7.413288e+00    -1.033854e-03
7.425501e+00    -1.021343e-03
7.437714e+00    -1.008866e-03
7.449927e+00    -9.964241e-04
7.462140e+00    -9.840027e-04
7.474353e+00    -9.716291e-04
7.486566e+00    -9.593056e-04
7.498779e+00    -9.470539e-04
7.510992e+00    -9.348179e-04
7.523205e+00    -9.226686e-04
7.535418e+00    -9.105876e-04
7.547631e+00    -8.985794e-04
7.559844e+00    -8.866556e-04
7.572057e+00    -8.748124e-04
7.584270e+00    -8.630689e-04
7.596483e+00    -8.514173e-04
7.608696e+00    -8.398830e-04
7.620909e+00    -8.284542e-04
7.633121e+00    -8.171466e-04
7.645335e+00    -8.059577e-04
7.657547e+00    -7.949085e-04
7.669761e+00    -7.839880e-04
7.681973e+00    -7.732132e-04
7.694187e+00    -7.625914e-04
7.706399e+00    -7.521155e-04
7.718613e+00    -7.418160e-04
7.730825e+00    -7.316769e-04
7.743039e+00    -7.217090e-04
7.755251e+00    -7.119226e-04
7.767465e+00    -7.023128e-04
7.779677e+00    -6.929022e-04
7.791891e+00    -6.836827e-04
7.804103e+00    -6.746578e-04
7.816317e+00    -6.658347e-04
7.828529e+00    -6.572285e-04
7.840743e+00    -6.488308e-04
7.852955e+00    -6.406529e-04
7.865169e+00    -6.327003e-04
7.877381e+00    -6.249650e-04
7.889595e+00    -6.174595e-04
7.901807e+00    -6.101880e-04
7.914021e+00    -6.031583e-04
7.926233e+00    -5.963684e-04
7.938447e+00    -5.898221e-04
7.950659e+00    -5.835316e-04
7.962873e+00    -5.774671e-04
7.975085e+00    -5.716597e-04
7.987298e+00    -5.661127e-04
7.999511e+00    -5.608302e-04
8.011724e+00    -5.557895e-04
8.023937e+00    -5.510126e-04
8.036150e+00    -5.464928e-04
8.048364e+00    -5.422449e-04
8.060576e+00    -5.382514e-04
8.072789e+00    -5.345189e-04
8.085002e+00    -5.310532e-04
8.097216e+00    -5.278445e-04
8.109428e+00    -5.249080e-04
8.121641e+00    -5.222265e-04
8.133854e+00    -5.198084e-04
8.146068e+00    -5.176456e-04
8.158280e+00    -5.157466e-04
8.170493e+00    -5.141046e-04
8.182706e+00    -5.127133e-04
8.194920e+00    -5.115721e-04
8.207132e+00    -5.106856e-04
8.219345e+00    -5.100446e-04
8.231558e+00    -5.096504e-04
8.243772e+00    -5.094967e-04
8.255984e+00    -5.095796e-04
8.268197e+00    -5.098981e-04
8.280410e+00    -5.104437e-04
8.292624e+00    -5.112200e-04
8.304836e+00    -5.122158e-04
8.317049e+00    -5.134290e-04
8.329262e+00    -5.148518e-04
8.341475e+00    -5.164850e-04
8.353688e+00    -5.183193e-04
8.365901e+00    -5.203522e-04
8.378115e+00    -5.225737e-04
8.390327e+00    -5.249857e-04
8.402540e+00    -5.275684e-04
8.414753e+00    -5.303398e-04
8.426967e+00    -5.332697e-04
8.439179e+00    -5.363603e-04
8.451392e+00    -5.396041e-04
8.463605e+00    -5.429981e-04
8.475819e+00    -5.465340e-04
8.488031e+00    -5.502009e-04
8.500244e+00    -5.539883e-04
8.512457e+00    -5.578974e-04
8.524671e+00    -5.619211e-04
8.536883e+00    -5.660365e-04
8.549096e+00    -5.702577e-04
8.561309e+00    -5.745547e-04
8.573523e+00    -5.789337e-04
8.585735e+00    -5.833797e-04
8.597948e+00    -5.878845e-04
8.610161e+00    -5.924518e-04
8.622375e+00    -5.970572e-04
8.634587e+00    -6.017069e-04
8.646800e+00    -6.063732e-04
8.659013e+00    -6.110612e-04
8.671227e+00    -6.157616e-04
8.683439e+00    -6.204635e-04
8.695652e+00    -6.251628e-04
8.707865e+00    -6.298380e-04
8.720078e+00    -6.344913e-04
8.732291e+00    -6.391175e-04
8.744504e+00    -6.436972e-04
8.756717e+00    -6.482276e-04
8.768930e+00    -6.527019e-04
8.781143e+00    -6.571079e-04
8.793356e+00    -6.614320e-04
8.805569e+00    -6.656875e-04
8.817782e+00    -6.698499e-04
8.829995e+00    -6.739051e-04
8.842208e+00    -6.778510e-04
8.854421e+00    -6.816844e-04
8.866634e+00    -6.853882e-04
8.878847e+00    -6.889617e-04
8.891060e+00    -6.923935e-04
8.903273e+00    -6.956832e-04
8.915486e+00    -6.988068e-04
8.927699e+00    -7.017680e-04
8.939912e+00    -7.045604e-04
8.952125e+00    -7.071787e-04
8.964338e+00    -7.096017e-04
8.976551e+00    -7.118355e-04
8.988764e+00    -7.138678e-04
9.000977e+00    -7.156905e-04
9.013190e+00    -7.173083e-04
9.025403e+00    -7.187004e-04
9.037616e+00    -7.198718e-04
9.049829e+00    -7.208002e-04
9.062042e+00    -7.215067e-04
9.074255e+00    -7.219631e-04
9.086468e+00    -7.221728e-04
9.098680e+00    -7.221468e-04
9.110894e+00    -7.218348e-04
9.123107e+00    -7.212731e-04
9.135320e+00    -7.204463e-04
9.147532e+00    -7.193463e-04
9.159746e+00    -7.179811e-04
9.171959e+00    -7.163259e-04
9.184172e+00    -7.143930e-04
9.196384e+00    -7.121754e-04
9.208598e+00    -7.096775e-04
9.220811e+00    -7.068854e-04
9.233024e+00    -7.037999e-04
9.245236e+00    -7.004166e-04
9.257450e+00    -6.967399e-04
9.269663e+00    -6.927635e-04
9.281876e+00    -6.884815e-04
9.294088e+00    -6.839074e-04
9.306302e+00    -6.790211e-04
9.318515e+00    -6.738286e-04
9.330728e+00    -6.683391e-04
9.342940e+00    -6.625468e-04
9.355154e+00    -6.564464e-04
9.367367e+00    -6.500372e-04
9.379580e+00    -6.433291e-04
9.391793e+00    -6.363218e-04
9.404006e+00    -6.290017e-04
9.416219e+00    -6.213879e-04
9.428432e+00    -6.134759e-04
9.440645e+00    -6.052653e-04
9.452858e+00    -5.967601e-04
9.465071e+00    -5.879583e-04
9.477283e+00    -5.788727e-04
9.489497e+00    -5.694920e-04
9.501710e+00    -5.598391e-04
9.513923e+00    -5.499040e-04
9.526135e+00    -5.396901e-04
9.538349e+00    -5.292023e-04
9.550562e+00    -5.184445e-04
9.562775e+00    -5.074253e-04
9.574987e+00    -4.961534e-04
9.587201e+00    -4.846123e-04
9.599414e+00    -4.728176e-04
9.611627e+00    -4.608007e-04
9.623839e+00    -4.485265e-04
9.636053e+00    -4.360261e-04
9.648266e+00    -4.232951e-04
9.660479e+00    -4.103383e-04
9.672691e+00    -3.971684e-04
9.684905e+00    -3.837892e-04
9.697118e+00    -3.702067e-04
9.709331e+00    -3.564355e-04
9.721543e+00    -3.424521e-04
9.733757e+00    -3.283009e-04
9.745970e+00    -3.139651e-04
9.758183e+00    -2.994687e-04
9.770395e+00    -2.848072e-04
9.782609e+00    -2.699935e-04
9.794822e+00    -2.550262e-04
9.807034e+00    -2.399372e-04
9.819247e+00    -2.247147e-04
9.831461e+00    -2.093689e-04
9.843674e+00    -1.939105e-04
9.855886e+00    -1.783466e-04
9.868099e+00    -1.626863e-04
9.880313e+00    -1.469382e-04
9.892526e+00    -1.311097e-04
9.904738e+00    -1.152182e-04
9.916951e+00    -9.926251e-05
9.929165e+00    -8.325457e-05
9.941378e+00    -6.720737e-05
9.953590e+00    -5.112133e-05
9.965803e+00    -3.501153e-05
9.978017e+00    -1.888748e-05
9.990230e+00    -2.757981e-06
1.000244e+01    1.337287e-05
1.001466e+01    2.949274e-05
1.002687e+01    4.559217e-05
1.003908e+01    6.166425e-05
1.005129e+01    7.768998e-05
1.006351e+01    9.367340e-05
1.007572e+01    1.096050e-04
1.008793e+01    1.254644e-04
1.010015e+01    1.412387e-04
1.011236e+01    1.569608e-04
1.012457e+01    1.725716e-04
1.013679e+01    1.880861e-04
1.014900e+01    2.034855e-04
1.016121e+01    2.187752e-04
1.017342e+01    2.339341e-04
1.018564e+01    2.489507e-04
1.019785e+01    2.638244e-04
1.021006e+01    2.785609e-04
1.022228e+01    2.931252e-04
1.023449e+01    3.075214e-04
1.024670e+01    3.217408e-04
1.025891e+01    3.357731e-04
1.027113e+01    3.496130e-04
1.028334e+01    3.632564e-04
1.029555e+01    3.766944e-04
1.030777e+01    3.898928e-04
1.031998e+01    4.028984e-04
1.033219e+01    4.156517e-04
1.034441e+01    4.281771e-04
1.035662e+01    4.404571e-04
1.036883e+01    4.524846e-04
1.038105e+01    4.642592e-04
1.039326e+01    4.757624e-04
1.040547e+01    4.870018e-04
1.041768e+01    4.979686e-04
1.042990e+01    5.086502e-04
1.044211e+01    5.190446e-04
1.045432e+01    5.291506e-04
1.046654e+01    5.389563e-04
1.047875e+01    5.484603e-04
1.049096e+01    5.576544e-04
1.050318e+01    5.665503e-04
1.051539e+01    5.751147e-04
1.052760e+01    5.833635e-04
1.053981e+01    5.912872e-04
1.055203e+01    5.988850e-04
1.056424e+01    6.061477e-04
1.057645e+01    6.130845e-04
1.058867e+01    6.196789e-04
1.060088e+01    6.259321e-04
1.061309e+01    6.318333e-04
1.062531e+01    6.373991e-04
1.063752e+01    6.426132e-04
1.064973e+01    6.474758e-04
1.066194e+01    6.519906e-04
1.067416e+01    6.561491e-04
1.068637e+01    6.599505e-04
1.069858e+01    6.633921e-04
1.071080e+01    6.664898e-04
1.072301e+01    6.692248e-04
1.073522e+01    6.716033e-04
1.074744e+01    6.736230e-04
1.075965e+01    6.752810e-04
1.077186e+01    6.765891e-04
1.078407e+01    6.775361e-04
1.079629e+01    6.781313e-04
1.080850e+01    6.783655e-04
1.082071e+01    6.782534e-04
1.083293e+01    6.777818e-04
1.084514e+01    6.769625e-04
1.085735e+01    6.757989e-04
1.086957e+01    6.742858e-04
1.088178e+01    6.724302e-04
1.089399e+01    6.702339e-04
1.090620e+01    6.676973e-04
1.091842e+01    6.648238e-04
1.093063e+01    6.616187e-04
1.094284e+01    6.580789e-04
1.095506e+01    6.542188e-04
1.096727e+01    6.500293e-04
1.097948e+01    6.455333e-04
1.099170e+01    6.407130e-04
1.100391e+01    6.355794e-04
1.101612e+01    6.301507e-04
1.102833e+01    6.244138e-04
1.104055e+01    6.183770e-04
1.105276e+01    6.120533e-04
1.106497e+01    6.054412e-04
1.107719e+01    5.985465e-04
1.108940e+01    5.913751e-04
1.110161e+01    5.839306e-04
1.111382e+01    5.762303e-04
1.112604e+01    5.682622e-04
1.113825e+01    5.600476e-04
1.115046e+01    5.515795e-04
1.116268e+01    5.428721e-04
1.117489e+01    5.339374e-04
1.118710e+01    5.247716e-04
1.119932e+01    5.153804e-04
1.121153e+01    5.057679e-04
1.122374e+01    4.959618e-04
1.123596e+01    4.859510e-04
1.124817e+01    4.757454e-04
1.126038e+01    4.653482e-04
1.127259e+01    4.547818e-04
1.128481e+01    4.440366e-04
1.129702e+01    4.331261e-04
1.130923e+01    4.220598e-04
1.132145e+01    4.108365e-04
1.133366e+01    3.994767e-04
1.134587e+01    3.879818e-04
1.135808e+01    3.763548e-04
1.137030e+01    3.646062e-04
1.138251e+01    3.527451e-04
1.139472e+01    3.407823e-04
1.140694e+01    3.287178e-04
1.141915e+01    3.165627e-04
1.143136e+01    3.043200e-04
1.144358e+01    2.920052e-04
1.145579e+01    2.796258e-04
1.146800e+01    2.671848e-04
1.148022e+01    2.546919e-04
1.149243e+01    2.421558e-04
1.150464e+01    2.295747e-04
1.151685e+01    2.169704e-04
1.152907e+01    2.043391e-04
1.154128e+01    1.916968e-04
1.155349e+01    1.790453e-04
1.156571e+01    1.663922e-04
1.157792e+01    1.537509e-04
1.159013e+01    1.411260e-04
1.160234e+01    1.285266e-04
1.161456e+01    1.159443e-04
1.162677e+01    1.034071e-04
1.163898e+01    9.091093e-05
1.165120e+01    7.847064e-05
1.166341e+01    6.607865e-05
1.167562e+01    5.375380e-05
1.168784e+01    4.149650e-05
1.170005e+01    2.932878e-05
1.171226e+01    1.723614e-05
1.172447e+01    5.230471e-06
1.173669e+01    -6.679682e-06
1.174890e+01    -1.848298e-05
1.176111e+01    -3.017739e-05
1.177333e+01    -4.176306e-05
1.178554e+01    -5.322375e-05
1.179775e+01    -6.455974e-05
1.180997e+01    -7.577082e-05
1.182218e+01    -8.683236e-05
1.183439e+01    -9.776223e-05
1.184660e+01    -1.085411e-04
1.185882e+01    -1.191689e-04
1.187103e+01    -1.296368e-04
1.188324e+01    -1.399468e-04
1.189546e+01    -1.500919e-04
1.190767e+01    -1.600635e-04
1.191988e+01    -1.698614e-04
1.193210e+01    -1.794796e-04
1.194431e+01    -1.889119e-04
1.195652e+01    -1.981583e-04
1.196873e+01    -2.072134e-04
1.198095e+01    -2.160781e-04
1.199316e+01    -2.247348e-04
1.200537e+01    -2.332047e-04
1.201759e+01    -2.414586e-04
1.202980e+01    -2.495123e-04
1.204201e+01    -2.573601e-04
1.205423e+01    -2.649912e-04
1.206644e+01    -2.724093e-04
1.207865e+01    -2.796042e-04
1.209086e+01    -2.865836e-04
1.210308e+01    -2.933332e-04
1.211529e+01    -2.998813e-04
1.212750e+01    -3.061965e-04
1.213972e+01    -3.122839e-04
1.215193e+01    -3.181431e-04
1.216414e+01    -3.237787e-04
1.217636e+01    -3.291813e-04
1.218857e+01    -3.343635e-04
1.220078e+01    -3.393094e-04
1.221299e+01    -3.440216e-04
1.222521e+01    -3.485013e-04
1.223742e+01    -3.527530e-04
1.224963e+01    -3.567795e-04
1.226185e+01    -3.605667e-04
1.227406e+01    -3.641242e-04
1.228627e+01    -3.674538e-04
1.229849e+01    -3.705577e-04
1.231070e+01    -3.734221e-04
1.232291e+01    -3.760680e-04
1.233512e+01    -3.784811e-04
1.234734e+01    -3.806654e-04
1.235955e+01    -3.826333e-04
1.237176e+01    -3.843736e-04
1.238398e+01    -3.858924e-04
1.239619e+01    -3.871923e-04
1.240840e+01    -3.882722e-04
1.242062e+01    -3.891337e-04
1.243283e+01    -3.897760e-04
1.244504e+01    -3.902217e-04
1.245725e+01    -3.904479e-04
1.246947e+01    -3.904682e-04
1.248168e+01    -3.902861e-04
1.249389e+01    -3.898928e-04
1.250611e+01    -3.893144e-04
1.251832e+01    -3.885326e-04
1.253053e+01    -3.875589e-04
1.254275e+01    -3.863966e-04
1.255496e+01    -3.850441e-04
1.256717e+01    -3.835105e-04
1.257938e+01    -3.817910e-04
1.259160e+01    -3.799007e-04
1.260381e+01    -3.778443e-04
1.261602e+01    -3.755982e-04
1.262824e+01    -3.731943e-04
1.264045e+01    -3.706261e-04
1.265266e+01    -3.679026e-04
1.266488e+01    -3.650226e-04
1.267709e+01    -3.619901e-04
1.268930e+01    -3.588172e-04
1.270151e+01    -3.554993e-04
1.271373e+01    -3.520306e-04
1.272594e+01    -3.484365e-04
1.273815e+01    -3.447096e-04
1.275037e+01    -3.408495e-04
1.276258e+01    -3.368773e-04
1.277479e+01    -3.327869e-04
1.278701e+01    -3.285767e-04
1.279922e+01    -3.242531e-04
1.281143e+01    -3.198365e-04
1.282364e+01    -3.153100e-04
1.283586e+01    -3.106957e-04
1.284807e+01    -3.059773e-04
1.286028e+01    -3.011781e-04
1.287250e+01    -2.962937e-04
1.288471e+01    -2.913306e-04
1.289692e+01    -2.862944e-04
1.290914e+01    -2.811791e-04
1.292135e+01    -2.760180e-04
1.293356e+01    -2.707801e-04
1.294577e+01    -2.654923e-04
1.295799e+01    -2.601425e-04
1.297020e+01    -2.547489e-04
1.298241e+01    -2.493145e-04
1.299463e+01    -2.438346e-04
1.300684e+01    -2.383240e-04
1.301905e+01    -2.327805e-04
1.303127e+01    -2.272107e-04
1.304348e+01    -2.216124e-04
1.305569e+01    -2.160031e-04
1.306790e+01    -2.103742e-04
1.308012e+01    -2.047348e-04
1.309233e+01    -1.990870e-04
1.310454e+01    -1.934330e-04
1.311676e+01    -1.877860e-04
1.312897e+01    -1.821366e-04
1.314118e+01    -1.765035e-04
1.315340e+01    -1.708743e-04
1.316561e+01    -1.652612e-04
1.317782e+01    -1.596736e-04
1.319003e+01    -1.541038e-04
1.320225e+01    -1.485667e-04
1.321446e+01    -1.430387e-04
1.322667e+01    -1.375574e-04
1.323889e+01    -1.321116e-04
1.325110e+01    -1.267066e-04
1.326331e+01    -1.213338e-04
1.327553e+01    -1.160102e-04
1.328774e+01    -1.107363e-04
1.329995e+01    -1.055192e-04
1.331216e+01    -1.003367e-04
1.332438e+01    -9.521992e-05
1.333659e+01    -9.016205e-05
1.334880e+01    -8.516235e-05
1.336102e+01    -8.022870e-05
1.337323e+01    -7.535797e-05
1.338544e+01    -7.055646e-05
1.339766e+01    -6.582122e-05
1.340987e+01    -6.114579e-05
1.342208e+01    -5.656638e-05
1.343429e+01    -5.205112e-05
1.344651e+01    -4.761849e-05
1.345872e+01    -4.325856e-05
1.347093e+01    -3.897943e-05
1.348315e+01    -3.478661e-05
1.349536e+01    -3.067128e-05
1.350757e+01    -2.664398e-05
1.351978e+01    -2.269407e-05
1.353200e+01    -1.884167e-05
1.354421e+01    -1.506603e-05
1.355642e+01    -1.139170e-05
1.356864e+01    -7.794355e-06
1.358085e+01    -4.300666e-06
1.359306e+01    -8.915922e-07
1.360528e+01    2.428795e-06
1.361749e+01    5.654616e-06
1.362970e+01    8.786028e-06
1.364192e+01    1.182574e-05
1.365413e+01    1.477700e-05
1.366634e+01    1.763122e-05
1.367855e+01    2.038935e-05
1.369077e+01    2.306095e-05
1.370298e+01    2.563623e-05
1.371519e+01    2.810919e-05
1.372741e+01    3.049865e-05
1.373962e+01    3.279574e-05
1.375183e+01    3.499604e-05
1.376404e+01    3.711145e-05
1.377626e+01    3.913077e-05
1.378847e+01    4.105903e-05
1.380068e+01    4.289898e-05
1.381290e+01    4.464702e-05
1.382511e+01    4.630891e-05
1.383732e+01    4.788540e-05
1.384954e+01    4.936938e-05
1.386175e+01    5.077741e-05
1.387396e+01    5.209260e-05
1.388618e+01    5.332570e-05
1.389839e+01    5.447606e-05
1.391060e+01    5.554742e-05
1.392281e+01    5.654265e-05
1.393503e+01    5.745311e-05
1.394724e+01    5.828555e-05
1.395945e+01    5.904747e-05
1.397167e+01    5.973405e-05
1.398388e+01    6.034463e-05
1.399609e+01    6.087329e-05
1.400830e+01    6.135718e-05
1.402052e+01    6.176322e-05
1.403273e+01    6.209852e-05
1.404494e+01    6.237088e-05
1.405716e+01    6.257911e-05
1.406937e+01    6.273018e-05
1.408158e+01    6.282138e-05
1.409380e+01    6.284913e-05
1.410601e+01    6.283023e-05
1.411822e+01    6.274947e-05
1.413043e+01    6.262343e-05
1.414265e+01    6.244236e-05
1.415486e+01    6.221583e-05
1.416707e+01    6.194456e-05
1.417929e+01    6.162853e-05
1.419150e+01    6.127972e-05
1.420371e+01    6.086289e-05
1.421593e+01    6.042570e-05
1.422814e+01    5.995479e-05
1.424035e+01    5.944077e-05
1.425256e+01    5.889800e-05
1.426478e+01    5.832071e-05
1.427699e+01    5.772406e-05
1.428920e+01    5.709520e-05
1.430142e+01    5.643125e-05
1.431363e+01    5.576580e-05
1.432584e+01    5.507222e-05
1.433806e+01    5.435464e-05
1.435027e+01    5.361768e-05
1.436248e+01    5.287044e-05
1.437469e+01    5.211124e-05
1.438691e+01    5.133916e-05
1.439912e+01    5.055701e-05
1.441133e+01    4.976496e-05
1.442355e+01    4.896907e-05
1.443576e+01    4.816808e-05
1.444797e+01    4.736588e-05
1.446019e+01    4.656046e-05
1.447240e+01    4.575866e-05
1.448461e+01    4.495890e-05
1.449682e+01    4.417171e-05
1.450904e+01    4.337531e-05
1.452125e+01    4.259024e-05
1.453346e+01    4.181459e-05
1.454568e+01    4.105549e-05
1.455789e+01    4.030100e-05
1.457010e+01    3.955724e-05
1.458232e+01    3.883955e-05
1.459453e+01    3.812902e-05
1.460674e+01    3.743652e-05
1.461895e+01    3.676705e-05
1.463117e+01    3.611234e-05
1.464338e+01    3.547952e-05
1.465559e+01    3.486815e-05
1.466781e+01    3.428417e-05
1.468002e+01    3.371514e-05
1.469223e+01    3.318427e-05
1.470445e+01    3.267086e-05
1.471666e+01    3.218038e-05
1.472887e+01    3.172491e-05
1.474109e+01    3.129752e-05
1.475330e+01    3.089867e-05
1.476551e+01    3.053495e-05
1.477772e+01    3.019584e-05
1.478994e+01    2.988643e-05
1.480215e+01    2.961935e-05
1.481436e+01    2.937581e-05
1.482658e+01    2.917096e-05
1.483879e+01    2.899838e-05
1.485100e+01    2.886267e-05
1.486321e+01    2.875686e-05
1.487543e+01    2.869201e-05
1.488764e+01    2.865672e-05
1.489985e+01    2.866239e-05
1.491207e+01    2.870414e-05
1.492428e+01    2.877640e-05
1.493649e+01    2.888115e-05
1.494871e+01    2.903371e-05
1.496092e+01    2.921305e-05
1.497313e+01    2.943112e-05
1.498534e+01    2.968487e-05
1.499756e+01    2.997835e-05
1.500977e+01    3.029811e-05
1.502198e+01    3.066224e-05
1.503420e+01    3.105713e-05
1.504641e+01    3.148608e-05
1.505862e+01    3.195171e-05
1.507084e+01    3.245264e-05
1.508305e+01    3.298555e-05
1.509526e+01    3.355186e-05
1.510747e+01    3.415411e-05
1.511969e+01    3.478545e-05
1.513190e+01    3.544547e-05
1.514411e+01    3.614206e-05
1.515633e+01    3.686650e-05
1.516854e+01    3.762907e-05
1.518075e+01    3.841536e-05
1.519297e+01    3.922769e-05
1.520518e+01    4.007033e-05
1.521739e+01    4.094173e-05
1.522960e+01    4.184173e-05
1.524182e+01    4.276643e-05
1.525403e+01    4.371448e-05
1.526624e+01    4.468619e-05
1.527846e+01    4.568801e-05
1.529067e+01    4.670579e-05
1.530288e+01    4.774519e-05
1.531509e+01    4.880489e-05
1.532731e+01    4.989117e-05
1.533952e+01    5.098974e-05
1.535173e+01    5.211170e-05
1.536395e+01    5.324295e-05
1.537616e+01    5.439093e-05
1.538837e+01    5.555974e-05
1.540059e+01    5.673536e-05
1.541280e+01    5.793123e-05
1.542501e+01    5.912995e-05
1.543723e+01    6.034458e-05
1.544944e+01    6.157043e-05
1.546165e+01    6.279696e-05
1.547386e+01    6.403359e-05
1.548608e+01    6.527956e-05
1.549829e+01    6.654641e-05
1.551050e+01    6.778258e-05
1.552272e+01    6.904203e-05
1.553493e+01    7.029872e-05
1.554714e+01    7.156235e-05
1.555935e+01    7.282367e-05
1.557157e+01    7.408077e-05
1.558378e+01    7.533866e-05
1.559599e+01    7.659468e-05
1.560821e+01    7.783883e-05
1.562042e+01    7.908160e-05
1.563263e+01    8.032539e-05
1.564485e+01    8.155299e-05
1.565706e+01    8.277474e-05
1.566927e+01    8.398548e-05
1.568149e+01    8.518796e-05
1.569370e+01    8.636957e-05
1.570591e+01    8.755446e-05
1.571812e+01    8.870914e-05
1.573034e+01    8.986456e-05
1.574255e+01    9.099461e-05
1.575476e+01    9.211258e-05
1.576698e+01    9.321495e-05
1.577919e+01    9.429236e-05
1.579140e+01    9.535297e-05
1.580362e+01    9.639600e-05
1.581583e+01    9.741412e-05
1.582804e+01    9.841194e-05
1.584025e+01    9.938932e-05
1.585247e+01    1.003395e-04
1.586468e+01    1.012689e-04
1.587689e+01    1.021715e-04
1.588911e+01    1.030517e-04
1.590132e+01    1.039016e-04
1.591353e+01    1.047265e-04
1.592575e+01    1.055244e-04
1.593796e+01    1.062943e-04
1.595017e+01    1.070326e-04
1.596238e+01    1.077487e-04
1.597460e+01    1.084334e-04
1.598681e+01    1.090833e-04
1.599902e+01    1.097057e-04
1.601124e+01    1.102950e-04
1.602345e+01    1.108552e-04
1.603566e+01    1.113768e-04
1.604787e+01    1.118734e-04
1.606009e+01    1.123354e-04
1.607230e+01    1.127589e-04
1.608451e+01    1.131526e-04
1.609673e+01    1.135075e-04
1.610894e+01    1.138288e-04
1.612115e+01    1.141222e-04
1.613337e+01    1.143764e-04
1.614558e+01    1.145965e-04
1.615779e+01    1.147788e-04
1.617001e+01    1.149267e-04
1.618222e+01    1.150373e-04
1.619443e+01    1.151106e-04
1.620664e+01    1.151550e-04
1.621886e+01    1.151591e-04
1.623107e+01    1.151258e-04
1.624328e+01    1.150568e-04
1.625550e+01    1.149540e-04
1.626771e+01    1.148105e-04
1.627992e+01    1.146399e-04
1.629214e+01    1.144295e-04
1.630435e+01    1.141714e-04
1.631656e+01    1.138998e-04
1.632877e+01    1.135832e-04
1.634099e+01    1.132303e-04
1.635320e+01    1.128408e-04
1.636541e+01    1.124233e-04
1.637763e+01    1.119655e-04
1.638984e+01    1.114789e-04
1.640205e+01    1.109496e-04
1.641426e+01    1.103939e-04
1.642648e+01    1.098009e-04
1.643869e+01    1.091748e-04
1.645090e+01    1.085180e-04
1.646312e+01    1.078262e-04
1.647533e+01    1.071020e-04
1.648754e+01    1.063457e-04
1.649976e+01    1.055599e-04
1.651197e+01    1.047416e-04
1.652418e+01    1.038918e-04
1.653639e+01    1.030104e-04
1.654861e+01    1.021005e-04
1.656082e+01    1.011596e-04
1.657303e+01    1.001916e-04
1.658525e+01    9.919192e-05
1.659746e+01    9.817659e-05
1.660967e+01    9.711266e-05
1.662189e+01    9.603481e-05
1.663410e+01    9.492534e-05
1.664631e+01    9.379584e-05
1.665853e+01    9.263952e-05
1.667074e+01    9.145374e-05
1.668295e+01    9.024317e-05
1.669516e+01    8.901575e-05
1.670738e+01    8.775518e-05
1.671959e+01    8.647526e-05
1.673180e+01    8.517693e-05
1.674402e+01    8.385639e-05
1.675623e+01    8.251357e-05
1.676844e+01    8.114769e-05
1.678065e+01    7.976181e-05
1.679287e+01    7.836148e-05
1.680508e+01    7.693064e-05
1.681729e+01    7.549689e-05
1.682951e+01    7.403782e-05
1.684172e+01    7.256062e-05
1.685393e+01    7.106537e-05
1.686615e+01    6.955477e-05
1.687836e+01    6.802836e-05
1.689057e+01    6.648168e-05
1.690278e+01    6.492747e-05
1.691500e+01    6.336060e-05
1.692721e+01    6.177527e-05
1.693942e+01    6.017149e-05
1.695164e+01    5.856306e-05
1.696385e+01    5.694301e-05
1.697606e+01    5.531257e-05
1.698828e+01    5.365908e-05
1.700049e+01    5.200721e-05
1.701270e+01    5.033416e-05
1.702491e+01    4.865963e-05
1.703713e+01    4.697232e-05
1.704934e+01    4.528213e-05
1.706155e+01    4.357591e-05
1.707377e+01    4.187082e-05
1.708598e+01    4.015210e-05
1.709819e+01    3.842137e-05
1.711040e+01    3.669966e-05
1.712262e+01    3.496488e-05
1.713483e+01    3.322246e-05
1.714705e+01    3.147572e-05
1.715926e+01    2.973018e-05
1.717147e+01    2.797468e-05
1.718368e+01    2.621435e-05
1.719590e+01    2.444129e-05
1.720811e+01    2.268458e-05
1.722032e+01    2.091856e-05
1.723254e+01    1.914416e-05
1.724475e+01    1.737211e-05
1.725696e+01    1.559881e-05
1.726917e+01    1.382160e-05
1.728139e+01    1.204063e-05
1.729360e+01    1.026010e-05
1.730581e+01    8.492105e-06
1.731803e+01    6.701128e-06
1.733024e+01    4.917820e-06
1.734245e+01    3.137655e-06
1.735467e+01    1.358538e-06
1.736688e+01    -4.232861e-07
1.737909e+01    -2.200846e-06
1.739130e+01    -3.976071e-06
1.740352e+01    -5.747897e-06
1.741573e+01    -7.528666e-06
1.742794e+01    -9.298943e-06
1.744016e+01    -1.106448e-05
1.745237e+01    -1.283395e-05
1.746458e+01    -1.460028e-05
1.747680e+01    -1.636276e-05
1.748901e+01    -1.812072e-05
1.750122e+01    -1.987607e-05
1.751343e+01    -2.162508e-05
1.752565e+01    -2.337225e-05
1.753786e+01    -2.511791e-05
1.755007e+01    -2.686114e-05
1.756229e+01    -2.859096e-05
1.757450e+01    -3.032040e-05
1.758671e+01    -3.205515e-05
1.759892e+01    -3.378335e-05
1.761114e+01    -3.549745e-05
1.762335e+01    -3.721096e-05
1.763556e+01    -3.892556e-05
1.764778e+01    -4.062918e-05
1.765999e+01    -4.233130e-05
1.767220e+01    -4.402656e-05
1.768442e+01    -4.571555e-05
1.769663e+01    -4.739534e-05
1.770884e+01    -4.908322e-05
1.772106e+01    -5.076272e-05
1.773327e+01    -5.242094e-05
1.774548e+01    -5.408906e-05
1.775769e+01    -5.573865e-05
1.776991e+01    -5.739075e-05
1.778212e+01    -5.903988e-05
1.779433e+01    -6.066981e-05
1.780655e+01    -6.230499e-05
1.781876e+01    -6.392707e-05
1.783097e+01    -6.554126e-05
1.784319e+01    -6.715245e-05
1.785540e+01    -6.874974e-05
1.786761e+01    -7.034950e-05
1.787982e+01    -7.193019e-05
1.789204e+01    -7.351021e-05
1.790425e+01    -7.508071e-05
1.791646e+01    -7.664594e-05
1.792868e+01    -7.820141e-05
1.794089e+01    -7.974404e-05
1.795310e+01    -8.127977e-05
1.796531e+01    -8.281177e-05
1.797753e+01    -8.432653e-05
1.798974e+01    -8.583695e-05
1.800196e+01    -8.733942e-05
1.801417e+01    -8.883338e-05
1.802638e+01    -9.031290e-05
1.803859e+01    -9.178624e-05
1.805081e+01    -9.324792e-05
1.806302e+01    -9.470734e-05
1.807523e+01    -9.614235e-05
1.808744e+01    -9.757018e-05
1.809966e+01    -9.898825e-05
1.811187e+01    -1.004028e-04
1.812408e+01    -1.017952e-04
1.813630e+01    -1.031755e-04
1.814851e+01    -1.045432e-04
1.816072e+01    -1.059052e-04
1.817294e+01    -1.072498e-04
1.818515e+01    -1.085770e-04
1.819736e+01    -1.098925e-04
1.820958e+01    -1.111971e-04
1.822179e+01    -1.124827e-04
1.823400e+01    -1.137513e-04
1.824621e+01    -1.150153e-04
1.825843e+01    -1.162545e-04
1.827064e+01    -1.174717e-04
1.828285e+01    -1.186874e-04
1.829507e+01    -1.198865e-04
1.830728e+01    -1.210549e-04
1.831949e+01    -1.222071e-04
1.833171e+01    -1.233430e-04
1.834392e+01    -1.244673e-04
1.835613e+01    -1.255658e-04
1.836834e+01    -1.266578e-04
1.838056e+01    -1.277112e-04
1.839277e+01    -1.287568e-04
1.840498e+01    -1.297807e-04
1.841720e+01    -1.307828e-04
1.842941e+01    -1.317591e-04
1.844162e+01    -1.327187e-04
1.845383e+01    -1.336541e-04
1.846605e+01    -1.345694e-04
1.847826e+01    -1.354574e-04
1.849047e+01    -1.363230e-04
1.850269e+01    -1.371791e-04
1.851490e+01    -1.379793e-04
1.852711e+01    -1.387693e-04
1.853933e+01    -1.395352e-04
1.855154e+01    -1.402698e-04
1.856375e+01    -1.409793e-04
1.857596e+01    -1.416638e-04
1.858818e+01    -1.423198e-04
1.860039e+01    -1.429411e-04
1.861260e+01    -1.435406e-04
1.862482e+01    -1.441073e-04
1.863703e+01    -1.446353e-04
1.864924e+01    -1.451420e-04
1.866146e+01    -1.456167e-04
1.867367e+01    -1.460587e-04
1.868588e+01    -1.464690e-04
1.869810e+01    -1.468461e-04
1.871031e+01    -1.471830e-04
1.872252e+01    -1.474944e-04
1.873473e+01    -1.477692e-04
1.874695e+01    -1.480120e-04
1.875916e+01    -1.482160e-04
1.877137e+01    -1.483854e-04
1.878359e+01    -1.485200e-04
1.879580e+01    -1.486187e-04
1.880801e+01    -1.486829e-04
1.882022e+01    -1.487029e-04
1.883244e+01    -1.486819e-04
1.884465e+01    -1.486335e-04
1.885686e+01    -1.485416e-04
1.886908e+01    -1.484097e-04
1.888129e+01    -1.482407e-04
1.889350e+01    -1.480242e-04
1.890572e+01    -1.477734e-04
1.891793e+01    -1.474863e-04
1.893014e+01    -1.471546e-04
1.894235e+01    -1.467748e-04
1.895457e+01    -1.463597e-04
1.896678e+01    -1.458998e-04
1.897899e+01    -1.453990e-04
1.899121e+01    -1.448540e-04
1.900342e+01    -1.442588e-04
1.901563e+01    -1.436374e-04
1.902785e+01    -1.429627e-04
1.904006e+01    -1.422407e-04
1.905227e+01    -1.414856e-04
1.906449e+01    -1.406753e-04
1.907670e+01    -1.398262e-04
1.908891e+01    -1.389338e-04
1.910112e+01    -1.379931e-04
1.911334e+01    -1.370017e-04
1.912555e+01    -1.359796e-04
1.913776e+01    -1.349065e-04
1.914997e+01    -1.337903e-04
1.916219e+01    -1.326292e-04
1.917440e+01    -1.314187e-04
1.918661e+01    -1.301656e-04
1.919883e+01    -1.288725e-04
1.921104e+01    -1.275318e-04
1.922325e+01    -1.261418e-04
1.923547e+01    -1.247111e-04
1.924768e+01    -1.232403e-04
1.925989e+01    -1.217201e-04
1.927211e+01    -1.201613e-04
1.928432e+01    -1.185560e-04
1.929653e+01    -1.168994e-04
1.930874e+01    -1.152069e-04
1.932096e+01    -1.134751e-04
1.933317e+01    -1.116944e-04
1.934538e+01    -1.098786e-04
1.935760e+01    -1.080134e-04
1.936981e+01    -1.061086e-04
1.938202e+01    -1.041619e-04
1.939424e+01    -1.021754e-04
1.940645e+01    -1.001493e-04
1.941866e+01    -9.807351e-05
1.943087e+01    -9.597442e-05
1.944309e+01    -9.383482e-05
1.945530e+01    -9.165239e-05
1.946751e+01    -8.943072e-05
1.947973e+01    -8.716912e-05
1.949194e+01    -8.487981e-05
1.950415e+01    -8.254452e-05
1.951637e+01    -8.018955e-05
1.952858e+01    -7.779431e-05
1.954079e+01    -7.536076e-05
1.955301e+01    -7.289625e-05
1.956522e+01    -7.039879e-05
1.957743e+01    -6.787828e-05
1.958964e+01    -6.532250e-05
1.960186e+01    -6.273855e-05
1.961407e+01    -6.012514e-05
1.962628e+01    -5.748624e-05
1.963849e+01    -5.481706e-05
1.965071e+01    -5.211646e-05
1.966292e+01    -4.940340e-05
1.967513e+01    -4.665996e-05
1.968735e+01    -4.389649e-05
1.969956e+01    -4.111626e-05
1.971177e+01    -3.830413e-05
1.972399e+01    -3.547082e-05
1.973620e+01    -3.263762e-05
1.974841e+01    -2.976926e-05
1.976063e+01    -2.689078e-05
1.977284e+01    -2.400356e-05
1.978505e+01    -2.109795e-05
1.979726e+01    -1.817069e-05
1.980948e+01    -1.524983e-05
1.982169e+01    -1.230603e-05
1.983390e+01    -9.356416e-06
1.984612e+01    -6.399117e-06
1.985833e+01    -3.436639e-06
1.987054e+01    -4.670583e-07
1.988276e+01    2.505491e-06
1.989497e+01    5.490438e-06
1.990718e+01    8.455478e-06
1.991939e+01    1.142849e-05
1.993161e+01    1.440721e-05
1.994382e+01    1.737277e-05
1.995603e+01    2.033857e-05
1.996825e+01    2.329808e-05
1.998046e+01    2.625154e-05
1.999267e+01    2.919807e-05
2.000488e+01    3.211951e-05
2.001710e+01    3.505137e-05
2.002931e+01    3.797526e-05
2.004152e+01    4.085986e-05
2.005374e+01    4.374172e-05
2.006595e+01    4.661479e-05
2.007816e+01    4.945352e-05
2.009038e+01    5.227607e-05
2.010259e+01    5.507929e-05
2.011480e+01    5.787425e-05
2.012702e+01    6.062718e-05
2.013923e+01    6.335805e-05
2.015144e+01    6.606668e-05
2.016365e+01    6.874377e-05
2.017587e+01    7.139385e-05
2.018808e+01    7.401549e-05
2.020029e+01    7.660114e-05
2.021251e+01    7.915805e-05
2.022472e+01    8.167641e-05
2.023693e+01    8.415611e-05
2.024915e+01    8.659848e-05
2.026136e+01    8.900487e-05
2.027357e+01    9.137066e-05
2.028578e+01    9.369379e-05
2.029800e+01    9.596974e-05
2.031021e+01    9.820567e-05
2.032242e+01    1.003998e-04
2.033464e+01    1.025449e-04
2.034685e+01    1.046367e-04
2.035906e+01    1.066899e-04
2.037127e+01    1.086897e-04
2.038349e+01    1.106326e-04
2.039570e+01    1.125155e-04
2.040791e+01    1.143645e-04
2.042013e+01    1.161513e-04
2.043234e+01    1.178770e-04
2.044455e+01    1.195552e-04
2.045677e+01    1.211661e-04
2.046898e+01    1.227142e-04
2.048119e+01    1.242200e-04
2.049340e+01    1.256566e-04
2.050562e+01    1.270134e-04
2.051783e+01    1.283370e-04
2.053004e+01    1.295860e-04
2.054226e+01    1.307713e-04
2.055447e+01    1.318866e-04
2.056668e+01    1.329444e-04
2.057890e+01    1.339302e-04
2.059111e+01    1.348506e-04
2.060332e+01    1.357065e-04
2.061554e+01    1.364833e-04
2.062775e+01    1.371982e-04
2.063996e+01    1.378393e-04
2.065217e+01    1.384152e-04
2.066439e+01    1.389208e-04
2.067660e+01    1.393442e-04
2.068881e+01    1.397066e-04
2.070103e+01    1.399968e-04
2.071324e+01    1.402080e-04
2.072545e+01    1.403521e-04
2.073767e+01    1.404250e-04
2.074988e+01    1.404221e-04
2.076209e+01    1.403420e-04
2.077430e+01    1.401921e-04
2.078652e+01    1.399659e-04
2.079873e+01    1.396588e-04
2.081094e+01    1.392889e-04
2.082316e+01    1.388439e-04
2.083537e+01    1.383216e-04
2.084758e+01    1.377315e-04
2.085979e+01    1.370558e-04
2.087201e+01    1.363133e-04
2.088422e+01    1.354951e-04
2.089643e+01    1.346208e-04
2.090865e+01    1.336422e-04
2.092086e+01    1.325963e-04
2.093307e+01    1.314890e-04
2.094529e+01    1.303120e-04
2.095750e+01    1.290518e-04
2.096971e+01    1.277291e-04
2.098192e+01    1.263424e-04
2.099414e+01    1.248713e-04
2.100635e+01    1.233310e-04
2.101856e+01    1.217231e-04
2.103078e+01    1.200498e-04
2.104299e+01    1.183045e-04
2.105520e+01    1.164946e-04
2.106742e+01    1.146169e-04
2.107963e+01    1.126750e-04
2.109184e+01    1.106774e-04
2.110406e+01    1.085992e-04
2.111627e+01    1.064601e-04
2.112848e+01    1.042580e-04
2.114069e+01    1.020021e-04
2.115291e+01    9.968158e-05
2.116512e+01    9.730339e-05
2.117733e+01    9.486199e-05
2.118955e+01    9.236595e-05
2.120176e+01    8.982170e-05
2.121397e+01    8.720702e-05
2.122618e+01    8.454331e-05
2.123840e+01    8.183194e-05
2.125061e+01    7.906274e-05
2.126282e+01    7.625106e-05
2.127504e+01    7.338143e-05
2.128725e+01    7.047258e-05
2.129946e+01    6.751461e-05
2.131168e+01    6.450871e-05
2.132389e+01    6.146019e-05
2.133610e+01    5.836747e-05
2.134831e+01    5.524224e-05
2.136053e+01    5.207164e-05
2.137274e+01    4.886425e-05
2.138495e+01    4.562270e-05
2.139717e+01    4.234321e-05
2.140938e+01    3.903444e-05
2.142159e+01    3.569650e-05
2.143381e+01    3.231692e-05
2.144602e+01    2.891721e-05
2.145823e+01    2.549101e-05
2.147044e+01    2.204398e-05
2.148266e+01    1.856015e-05
2.149487e+01    1.507011e-05
2.150708e+01    1.155386e-05
2.151930e+01    8.012459e-06
2.153151e+01    4.459318e-06
2.154372e+01    8.920033e-07
2.155593e+01    -2.687215e-06
2.156815e+01    -6.281785e-06
2.158036e+01    -9.884985e-06
2.159258e+01    -1.350515e-05
2.160479e+01    -1.711080e-05
2.161700e+01    -2.072904e-05
2.162921e+01    -2.435223e-05
2.164143e+01    -2.798125e-05
2.165364e+01    -3.160534e-05
2.166585e+01    -3.522581e-05
2.167807e+01    -3.884296e-05
2.169028e+01    -4.245473e-05
2.170249e+01    -4.606526e-05
2.171470e+01    -4.964936e-05
2.172692e+01    -5.323628e-05
2.173913e+01    -5.680558e-05
2.175134e+01    -6.035829e-05
2.176356e+01    -6.389913e-05
2.177577e+01    -6.741726e-05
2.178798e+01    -7.091711e-05
2.180020e+01    -7.439106e-05
2.181241e+01    -7.784733e-05
2.182462e+01    -8.127969e-05
2.183683e+01    -8.468123e-05
2.184905e+01    -8.805409e-05
2.186126e+01    -9.139351e-05
2.187347e+01    -9.471436e-05
2.188569e+01    -9.799332e-05
2.189790e+01    -1.012335e-04
2.191011e+01    -1.044427e-04
2.192233e+01    -1.076134e-04
2.193454e+01    -1.107454e-04
2.194675e+01    -1.138330e-04
2.195897e+01    -1.168771e-04
2.197118e+01    -1.198746e-04
2.198339e+01    -1.228414e-04
2.199560e+01    -1.257488e-04
2.200782e+01    -1.286158e-04
2.202003e+01    -1.314181e-04
2.203224e+01    -1.341784e-04
2.204445e+01    -1.368886e-04
2.205667e+01    -1.395425e-04
2.206888e+01    -1.421488e-04
2.208109e+01    -1.446833e-04
2.209331e+01    -1.471768e-04
2.210552e+01    -1.496018e-04
2.211773e+01    -1.519668e-04
2.212995e+01    -1.542694e-04
2.214216e+01    -1.565211e-04
2.215437e+01    -1.586989e-04
2.216659e+01    -1.608190e-04
2.217880e+01    -1.628722e-04
2.219101e+01    -1.648525e-04
2.220322e+01    -1.667737e-04
2.221544e+01    -1.686247e-04
2.222765e+01    -1.704044e-04
2.223986e+01    -1.721170e-04
2.225208e+01    -1.737566e-04
2.226429e+01    -1.753315e-04
2.227650e+01    -1.768288e-04
2.228872e+01    -1.782632e-04
2.230093e+01    -1.796195e-04
2.231314e+01    -1.808866e-04
2.232535e+01    -1.820987e-04
2.233757e+01    -1.832342e-04
2.234978e+01    -1.842901e-04
2.236199e+01    -1.852688e-04
2.237421e+01    -1.861587e-04
2.238642e+01    -1.870060e-04
2.239863e+01    -1.877485e-04
2.241084e+01    -1.884328e-04
2.242306e+01    -1.890258e-04
2.243527e+01    -1.895503e-04
2.244748e+01    -1.899914e-04
2.245970e+01    -1.903599e-04
2.247191e+01    -1.906430e-04
2.248412e+01    -1.908532e-04
2.249634e+01    -1.909880e-04
2.250855e+01    -1.910284e-04
2.252076e+01    -1.910175e-04
2.253297e+01    -1.909153e-04
2.254519e+01    -1.907422e-04
2.255740e+01    -1.904796e-04
2.256961e+01    -1.901446e-04
2.258183e+01    -1.897353e-04
2.259404e+01    -1.892539e-04
2.260625e+01    -1.886840e-04
2.261847e+01    -1.880428e-04
2.263068e+01    -1.873319e-04
2.264289e+01    -1.865393e-04
2.265511e+01    -1.856752e-04
2.266732e+01    -1.847343e-04
2.267953e+01    -1.837283e-04
2.269174e+01    -1.826475e-04
2.270396e+01    -1.814830e-04
2.271617e+01    -1.802662e-04
2.272838e+01    -1.789693e-04
2.274060e+01    -1.775993e-04
2.275281e+01    -1.761664e-04
2.276502e+01    -1.746612e-04
2.277724e+01    -1.730892e-04
2.278945e+01    -1.714503e-04
2.280166e+01    -1.697481e-04
2.281387e+01    -1.679763e-04
2.282609e+01    -1.661555e-04
2.283830e+01    -1.642597e-04
2.285051e+01    -1.623073e-04
2.286273e+01    -1.602909e-04
2.287494e+01    -1.582172e-04
2.288715e+01    -1.560826e-04
2.289936e+01    -1.538938e-04
2.291158e+01    -1.516426e-04
2.292379e+01    -1.493415e-04
2.293600e+01    -1.469849e-04
2.294822e+01    -1.445774e-04
2.296043e+01    -1.421163e-04
2.297264e+01    -1.396083e-04
2.298486e+01    -1.370491e-04
2.299707e+01    -1.344429e-04
2.300928e+01    -1.317897e-04
2.302150e+01    -1.291016e-04
2.303371e+01    -1.263618e-04
2.304592e+01    -1.235821e-04
2.305813e+01    -1.207619e-04
2.307035e+01    -1.179019e-04
2.308256e+01    -1.150062e-04
2.309477e+01    -1.120704e-04
2.310699e+01    -1.091110e-04
2.311920e+01    -1.061087e-04
2.313141e+01    -1.030809e-04
2.314363e+01    -1.000232e-04
2.315584e+01    -9.693595e-05
2.316805e+01    -9.381259e-05
2.318026e+01    -9.067921e-05
2.319248e+01    -8.751918e-05
2.320469e+01    -8.433260e-05
2.321690e+01    -8.112623e-05
2.322912e+01    -7.790304e-05
2.324133e+01    -7.466122e-05
2.325354e+01    -7.140555e-05
2.326575e+01    -6.813585e-05
2.327797e+01    -6.485148e-05
2.329018e+01    -6.155466e-05
2.330239e+01    -5.825737e-05
2.331461e+01    -5.494530e-05
2.332682e+01    -5.162664e-05
2.333903e+01    -4.830305e-05
2.335125e+01    -4.498038e-05
2.336346e+01    -4.165975e-05
2.337567e+01    -3.833248e-05
2.338788e+01    -3.500411e-05
2.340010e+01    -3.168877e-05
2.341231e+01    -2.837321e-05
2.342452e+01    -2.506713e-05
2.343674e+01    -2.176646e-05
2.344895e+01    -1.847470e-05
2.346116e+01    -1.519162e-05
2.347338e+01    -1.193484e-05
2.348559e+01    -8.677249e-06
2.349780e+01    -5.442009e-06
2.351002e+01    -2.225803e-06
2.352223e+01    9.718933e-07
2.353444e+01    4.151487e-06
2.354665e+01    7.312046e-06
2.355887e+01    1.044245e-05
2.357108e+01    1.355004e-05
2.358329e+01    1.663557e-05
2.359550e+01    1.969142e-05
2.360772e+01    2.272002e-05
2.361993e+01    2.571492e-05
2.363214e+01    2.868596e-05
2.364436e+01    3.161683e-05
2.365657e+01    3.451511e-05
2.366878e+01    3.738160e-05
2.368100e+01    4.020683e-05
2.369321e+01    4.300062e-05
2.370542e+01    4.575291e-05
2.371764e+01    4.847068e-05
2.372985e+01    5.113025e-05
2.374206e+01    5.376909e-05
2.375427e+01    5.635765e-05
2.376649e+01    5.890377e-05
2.377870e+01    6.139639e-05
2.379091e+01    6.384839e-05
2.380313e+01    6.624992e-05
2.381534e+01    6.861408e-05
2.382755e+01    7.091864e-05
2.383977e+01    7.317384e-05
2.385198e+01    7.538707e-05
2.386419e+01    7.753752e-05
2.387640e+01    7.964001e-05
2.388862e+01    8.168671e-05
2.390083e+01    8.367622e-05
2.391304e+01    8.561826e-05
2.392526e+01    8.750180e-05
2.393747e+01    8.933051e-05
2.394968e+01    9.110325e-05
2.396189e+01    9.281613e-05
2.397411e+01    9.447432e-05
2.398632e+01    9.607483e-05
2.399854e+01    9.761113e-05
2.401075e+01    9.908361e-05
2.402296e+01    1.005166e-04
2.403517e+01    1.018714e-04
2.404739e+01    1.031765e-04
2.405960e+01    1.044167e-04
2.407181e+01    1.055922e-04
2.408403e+01    1.067157e-04
2.409624e+01    1.077778e-04
2.410845e+01    1.087674e-04
2.412066e+01    1.097035e-04
2.413288e+01    1.105729e-04
2.414509e+01    1.113803e-04
2.415730e+01    1.121284e-04
2.416952e+01    1.128124e-04
2.418173e+01    1.134345e-04
2.419394e+01    1.139992e-04
2.420616e+01    1.144973e-04
2.421837e+01    1.149319e-04
2.423058e+01    1.153082e-04
2.424279e+01    1.156291e-04
2.425501e+01    1.158701e-04
2.426722e+01    1.160618e-04
2.427943e+01    1.161868e-04
2.429165e+01    1.162569e-04
2.430386e+01    1.162664e-04
2.431607e+01    1.162147e-04
2.432829e+01    1.160951e-04
2.434050e+01    1.159274e-04
2.435271e+01    1.156962e-04
2.436492e+01    1.154073e-04
2.437714e+01    1.150452e-04
2.438935e+01    1.146504e-04
2.440156e+01    1.141864e-04
2.441378e+01    1.136713e-04
2.442599e+01    1.130923e-04
2.443820e+01    1.124657e-04
2.445041e+01    1.117798e-04
2.446263e+01    1.110427e-04
2.447484e+01    1.102558e-04
2.448705e+01    1.094012e-04
2.449927e+01    1.085122e-04
2.451148e+01    1.075564e-04
2.452369e+01    1.065709e-04
2.453591e+01    1.055250e-04
2.454812e+01    1.044296e-04
2.456033e+01    1.032879e-04
2.457255e+01    1.020996e-04
2.458476e+01    1.008653e-04
2.459697e+01    9.958501e-05
2.460918e+01    9.826382e-05
2.462140e+01    9.689832e-05
2.463361e+01    9.548489e-05
2.464582e+01    9.403672e-05
2.465804e+01    9.254229e-05
2.467025e+01    9.101644e-05
2.468246e+01    8.944431e-05
2.469468e+01    8.784194e-05
2.470689e+01    8.620039e-05
2.471910e+01    8.452445e-05
2.473131e+01    8.281265e-05
2.474353e+01    8.106808e-05
2.475574e+01    7.929539e-05
2.476795e+01    7.748793e-05
2.478017e+01    7.565670e-05
2.479238e+01    7.379896e-05
2.480459e+01    7.190475e-05
2.481680e+01    6.998466e-05
2.482902e+01    6.805078e-05
2.484123e+01    6.608896e-05
2.485344e+01    6.410090e-05
2.486566e+01    6.209886e-05
2.487787e+01    6.006849e-05
2.489008e+01    5.802915e-05
2.490230e+01    5.596467e-05
2.491451e+01    5.388621e-05
2.492672e+01    5.179318e-05
2.493893e+01    4.969077e-05
2.495115e+01    4.756902e-05
2.496336e+01    4.543902e-05
2.497557e+01    4.329676e-05
2.498779e+01    4.114666e-05
2.500000e+01    3.899295e-05
