0.000000e+00    3.475257e-01
1.221299e-02    3.473746e-01
2.442599e-02    3.469217e-01
3.663898e-02    3.461688e-01
4.885198e-02    3.451182e-01
6.106497e-02    3.437735e-01
7.327797e-02    3.421392e-01
8.549096e-02    3.402209e-01
9.770396e-02    3.380248e-01
1.099169e-01    3.355582e-01
1.221299e-01    3.328292e-01
1.343429e-01    3.298467e-01
1.465559e-01    3.266201e-01
1.587689e-01    3.231599e-01
1.709819e-01    3.194768e-01
1.831949e-01    3.155822e-01
1.954079e-01    3.114880e-01
2.076209e-01    3.072066e-01
2.198339e-01    3.027504e-01
2.320469e-01    2.981326e-01
2.442599e-01    2.933661e-01
2.564729e-01    2.884641e-01
2.686859e-01    2.834400e-01
2.808989e-01    2.783070e-01
2.931119e-01    2.730783e-01
3.053249e-01    2.677669e-01
3.175378e-01    2.623856e-01
3.297509e-01    2.569470e-01
3.419639e-01    2.514634e-01
3.541768e-01    2.459464e-01
3.663898e-01    2.404077e-01
3.786028e-01    2.348580e-01
3.908158e-01    2.293078e-01
4.030288e-01    2.237669e-01
4.152418e-01    2.182446e-01
4.274548e-01    2.127494e-01
4.396678e-01    2.072893e-01
4.518808e-01    2.018718e-01
4.640938e-01    1.965033e-01
4.763068e-01    1.911898e-01
4.885198e-01    1.859365e-01
5.007328e-01    1.807481e-01
5.129458e-01    1.756283e-01
5.251588e-01    1.705804e-01
5.373718e-01    1.656069e-01
5.495847e-01    1.607095e-01
5.617977e-01    1.558896e-01
5.740107e-01    1.511476e-01
5.862237e-01    1.464837e-01
5.984367e-01    1.418971e-01
6.106497e-01    1.373869e-01
6.228627e-01    1.329514e-01
6.350757e-01    1.285886e-01
6.472887e-01    1.242959e-01
6.595017e-01    1.200705e-01
6.717147e-01    1.159090e-01
6.839277e-01    1.118080e-01
6.961407e-01    1.077635e-01
7.083537e-01    1.037714e-01
7.205667e-01    9.982739e-02
7.327797e-01    9.592702e-02
7.449927e-01    9.206562e-02
7.572057e-01    8.823846e-02
7.694187e-01    8.444079e-02
7.816316e-01    8.066776e-02
7.938446e-01    7.691459e-02
8.060576e-01    7.317648e-02
8.182706e-01    6.944877e-02
8.304836e-01    6.572679e-02
8.426966e-01    6.200607e-02
8.549096e-01    5.828228e-02
8.671226e-01    5.455121e-02
8.793356e-01    5.080888e-02
8.915486e-01    4.705147e-02
9.037616e-01    4.327543e-02
9.159746e-01    3.947739e-02
9.281876e-01    3.565429e-02
9.404006e-01    3.180329e-02
9.526136e-01    2.792181e-02
9.648266e-01    2.400754e-02
9.770396e-01    2.005847e-02
9.892526e-01    1.607285e-02
1.001466e+00    1.204920e-02
1.013679e+00    7.986373e-03
1.025892e+00    3.883414e-03
1.038105e+00    -2.602799e-04
1.050318e+00    -4.445099e-03
1.062531e+00    -8.671114e-03
1.074744e+00    -1.293822e-02
1.086957e+00    -1.724597e-02
1.099169e+00    -2.159376e-02
1.111382e+00    -2.598071e-02
1.123595e+00    -3.040573e-02
1.135808e+00    -3.486754e-02
1.148021e+00    -3.936464e-02
1.160234e+00    -4.389539e-02
1.172447e+00    -4.845792e-02
1.184660e+00    -5.305027e-02
1.196873e+00    -5.767028e-02
1.209086e+00    -6.231570e-02
1.221299e+00    -6.698413e-02
1.233512e+00    -7.167310e-02
1.245725e+00    -7.638001e-02
1.257938e+00    -8.110224e-02
1.270151e+00    -8.583705e-02
1.282364e+00    -9.058166e-02
1.294577e+00    -9.533323e-02
1.306790e+00    -1.000890e-01
1.319003e+00    -1.048461e-01
1.331216e+00    -1.096015e-01
1.343429e+00    -1.143525e-01
1.355642e+00    -1.190961e-01
1.367855e+00    -1.238297e-01
1.380068e+00    -1.285502e-01
1.392281e+00    -1.332551e-01
1.404494e+00    -1.379415e-01
1.416707e+00    -1.426068e-01
1.428920e+00    -1.472483e-01
1.441133e+00    -1.518636e-01
1.453346e+00    -1.564501e-01
1.465559e+00    -1.610054e-01
1.477772e+00    -1.655272e-01
1.489985e+00    -1.700132e-01
1.502198e+00    -1.744613e-01
1.514411e+00    -1.788694e-01
1.526624e+00    -1.832354e-01
1.538837e+00    -1.875575e-01
1.551050e+00    -1.918337e-01
1.563263e+00    -1.960625e-01
1.575476e+00    -2.002421e-01
1.587689e+00    -2.043709e-01
1.599902e+00    -2.084476e-01
1.612115e+00    -2.124706e-01
1.624328e+00    -2.164387e-01
1.636541e+00    -2.203507e-01
1.648754e+00    -2.242054e-01
1.660967e+00    -2.280018e-01
1.673180e+00    -2.317389e-01
1.685393e+00    -2.354157e-01
1.697606e+00    -2.390316e-01
1.709819e+00    -2.425855e-01
1.722032e+00    -2.460768e-01
1.734245e+00    -2.495050e-01
1.746458e+00    -2.528694e-01
1.758671e+00    -2.561695e-01
1.770884e+00    -2.594048e-01
1.783097e+00    -2.625749e-01
1.795310e+00    -2.656794e-01
1.807523e+00    -2.687181e-01
1.819736e+00    -2.716905e-01
1.831949e+00    -2.745965e-01
1.844162e+00    -2.774358e-01
1.856375e+00    -2.802083e-01
1.868588e+00    -2.829137e-01
1.880801e+00    -2.855520e-01
1.893014e+00    -2.881232e-01
1.905227e+00    -2.906270e-01
1.917440e+00    -2.930635e-01
1.929653e+00    -2.954327e-01
1.941866e+00    -2.977343e-01
1.954079e+00    -2.999687e-01
1.966292e+00    -3.021357e-01
1.978505e+00    -3.042353e-01
1.990718e+00    -3.062677e-01
2.002931e+00    -3.082328e-01
2.015144e+00    -3.101307e-01
2.027357e+00    -3.119615e-01
2.039570e+00    -3.137252e-01
2.051783e+00    -3.154220e-01
2.063996e+00    -3.170519e-01
2.076209e+00    -3.186151e-01
2.088422e+00    -3.201115e-01
2.100635e+00    -3.215415e-01
2.112848e+00    -3.229049e-01
2.125061e+00    -3.242019e-01
2.137274e+00    -3.254328e-01
2.149487e+00    -3.265975e-01
2.161700e+00    -3.276964e-01
2.173913e+00    -3.287294e-01
2.186126e+00    -3.296967e-01
2.198339e+00    -3.305984e-01
2.210552e+00    -3.314348e-01
2.222765e+00    -3.322060e-01
2.234978e+00    -3.329121e-01
2.247191e+00    -3.335534e-01
2.259404e+00    -3.341300e-01
2.271617e+00    -3.346421e-01
2.283830e+00    -3.350900e-01
2.296043e+00    -3.354739e-01
2.308256e+00    -3.357939e-01
2.320469e+00    -3.360503e-01
2.332682e+00    -3.362435e-01
2.344895e+00    -3.363736e-01
2.357108e+00    -3.364410e-01
2.369321e+00    -3.364458e-01
2.381534e+00    -3.363885e-01
2.393747e+00    -3.362693e-01
2.405960e+00    -3.360886e-01
2.418173e+00    -3.358468e-01
2.430386e+00    -3.355441e-01
2.442599e+00    -3.351811e-01
2.454812e+00    -3.347580e-01
2.467025e+00    -3.342754e-01
2.479238e+00    -3.337336e-01
2.491451e+00    -3.331330e-01
2.503664e+00    -3.324743e-01
2.515877e+00    -3.317577e-01
2.528090e+00    -3.309839e-01
2.540303e+00    -3.301534e-01
2.552516e+00    -3.292667e-01
2.564729e+00    -3.283243e-01
2.576942e+00    -3.273268e-01
2.589155e+00    -3.262747e-01
2.601368e+00    -3.251688e-01
2.613581e+00    -3.240096e-01
2.625794e+00    -3.227977e-01
2.638007e+00    -3.215339e-01
2.650220e+00    -3.202187e-01
2.662433e+00    -3.188528e-01
2.674646e+00    -3.174370e-01
2.686859e+00    -3.159718e-01
2.699072e+00    -3.144582e-01
2.711285e+00    -3.128968e-01
2.723498e+00    -3.112882e-01
2.735711e+00    -3.096334e-01
2.747924e+00    -3.079331e-01
2.760137e+00    -3.061880e-01
2.772350e+00    -3.043990e-01
2.784563e+00    -3.025668e-01
2.796776e+00    -3.006923e-01
2.808989e+00    -2.987763e-01
2.821202e+00    -2.968196e-01
2.833415e+00    -2.948231e-01
2.845628e+00    -2.927876e-01
2.857841e+00    -2.907141e-01
2.870054e+00    -2.886032e-01
2.882267e+00    -2.864559e-01
2.894480e+00    -2.842731e-01
2.906693e+00    -2.820557e-01
2.918906e+00    -2.798045e-01
2.931119e+00    -2.775205e-01
2.943332e+00    -2.752045e-01
2.955545e+00    -2.728573e-01
2.967758e+00    -2.704801e-01
2.979971e+00    -2.680735e-01
2.992184e+00    -2.656386e-01
3.004397e+00    -2.631761e-01
3.016610e+00    -2.606871e-01
3.028823e+00    -2.581725e-01
3.041036e+00    -2.556330e-01
3.053249e+00    -2.530697e-01
3.065462e+00    -2.504834e-01
3.077675e+00    -2.478750e-01
3.089888e+00    -2.452455e-01
3.102101e+00    -2.425956e-01
3.114314e+00    -2.399265e-01
3.126527e+00    -2.372388e-01
3.138740e+00    -2.345335e-01
3.150953e+00    -2.318114e-01
3.163166e+00    -2.290736e-01
3.175379e+00    -2.263208e-01
3.187592e+00    -2.235539e-01
3.199805e+00    -2.207737e-01
3.212018e+00    -2.179812e-01
3.224231e+00    -2.151772e-01
3.236444e+00    -2.123625e-01
3.248657e+00    -2.095381e-01
3.260870e+00    -2.067046e-01
3.273082e+00    -2.038631e-01
3.285295e+00    -2.010142e-01
3.297508e+00    -1.981588e-01
3.309721e+00    -1.952978e-01
3.321934e+00    -1.924319e-01
3.334147e+00    -1.895619e-01
3.346360e+00    -1.866887e-01
3.358573e+00    -1.838131e-01
3.370786e+00    -1.809356e-01
3.382999e+00    -1.780573e-01
3.395212e+00    -1.751788e-01
3.407425e+00    -1.723009e-01
3.419638e+00    -1.694244e-01
3.431851e+00    -1.665500e-01
3.444064e+00    -1.636783e-01
3.456277e+00    -1.608102e-01
3.468490e+00    -1.579463e-01
3.480703e+00    -1.550874e-01
3.492916e+00    -1.522341e-01
3.505129e+00    -1.493872e-01
3.517342e+00    -1.465473e-01
3.529555e+00    -1.437151e-01
3.541768e+00    -1.408912e-01
3.553981e+00    -1.380763e-01
3.566194e+00    -1.352710e-01
3.578407e+00    -1.324760e-01
3.590620e+00    -1.296920e-01
3.602833e+00    -1.269193e-01
3.615046e+00    -1.241588e-01
3.627259e+00    -1.214110e-01
3.639472e+00    -1.186765e-01
3.651685e+00    -1.159557e-01
3.663898e+00    -1.132494e-01
3.676111e+00    -1.105580e-01
3.688324e+00    -1.078821e-01
3.700537e+00    -1.052223e-01
3.712750e+00    -1.025789e-01
3.724963e+00    -9.995265e-02
3.737176e+00    -9.734389e-02
3.749389e+00    -9.475318e-02
3.761602e+00    -9.218094e-02
3.773815e+00    -8.962768e-02
3.786028e+00    -8.709382e-02
3.798241e+00    -8.457982e-02
3.810454e+00    -8.208609e-02
3.822667e+00    -7.961307e-02
3.834880e+00    -7.716115e-02
3.847093e+00    -7.473075e-02
3.859306e+00    -7.232223e-02
3.871519e+00    -6.993598e-02
3.883732e+00    -6.757235e-02
3.895945e+00    -6.523171e-02
3.908158e+00    -6.291438e-02
3.920371e+00    -6.062069e-02
3.932584e+00    -5.835097e-02
3.944797e+00    -5.610551e-02
3.957010e+00    -5.388461e-02
3.969223e+00    -5.168856e-02
3.981436e+00    -4.951762e-02
3.993649e+00    -4.737205e-02
4.005862e+00    -4.525211e-02
4.018075e+00    -4.315807e-02
4.030288e+00    -4.109004e-02
4.042501e+00    -3.904839e-02
4.054714e+00    -3.703316e-02
4.066927e+00    -3.504471e-02
4.079140e+00    -3.308306e-02
4.091353e+00    -3.114853e-02
4.103566e+00    -2.924114e-02
4.115779e+00    -2.736118e-02
4.127992e+00    -2.550865e-02
4.140205e+00    -2.368381e-02
4.152418e+00    -2.188664e-02
4.164631e+00    -2.011738e-02
4.176844e+00    -1.837600e-02
4.189057e+00    -1.666265e-02
4.201270e+00    -1.497746e-02
4.213483e+00    -1.332038e-02
4.225696e+00    -1.169157e-02
4.237909e+00    -1.009097e-02
4.250122e+00    -8.518755e-03
4.262335e+00    -6.974762e-03
4.274548e+00    -5.459185e-03
4.286761e+00    -3.971901e-03
4.298974e+00    -2.513015e-03
4.311187e+00    -1.082399e-03
4.323400e+00    3.198518e-04
4.335613e+00    1.693885e-03
4.347826e+00    3.039626e-03
4.360039e+00    4.357233e-03
4.372252e+00    5.646660e-03
4.384465e+00    6.908074e-03
4.396678e+00    8.141446e-03
4.408891e+00    9.346964e-03
4.421104e+00    1.052462e-02
4.433317e+00    1.167460e-02
4.445530e+00    1.279693e-02
4.457743e+00    1.389180e-02
4.469956e+00    1.495925e-02
4.482169e+00    1.599949e-02
4.494382e+00    1.701259e-02
4.506595e+00    1.799876e-02
4.518808e+00    1.895807e-02
4.531021e+00    1.989075e-02
4.543234e+00    2.079690e-02
4.555447e+00    2.167676e-02
4.567660e+00    2.253043e-02
4.579873e+00    2.335816e-02
4.592086e+00    2.416008e-02
4.604299e+00    2.493643e-02
4.616512e+00    2.568738e-02
4.628725e+00    2.641316e-02
4.640938e+00    2.711393e-02
4.653151e+00    2.778998e-02
4.665364e+00    2.844146e-02
4.677577e+00    2.906866e-02
4.689790e+00    2.967174e-02
4.702003e+00    3.025100e-02
4.714216e+00    3.080663e-02
4.726429e+00    3.133891e-02
4.738642e+00    3.184805e-02
4.750855e+00    3.233435e-02
4.763068e+00    3.279801e-02
4.775281e+00    3.323934e-02
4.787494e+00    3.365856e-02
4.799707e+00    3.405596e-02
4.811920e+00    3.443180e-02
4.824133e+00    3.478636e-02
4.836346e+00    3.511991e-02
4.848559e+00    3.543272e-02
4.860772e+00    3.572508e-02
4.872985e+00    3.599727e-02
4.885198e+00    3.624957e-02
4.897411e+00    3.648227e-02
4.909624e+00    3.669567e-02
4.921837e+00    3.689005e-02
4.934050e+00    3.706570e-02
4.946263e+00    3.722293e-02
4.958476e+00    3.736200e-02
4.970689e+00    3.748325e-02
4.982902e+00    3.758696e-02
4.995115e+00    3.767342e-02
5.007328e+00    3.774295e-02
5.019541e+00    3.779585e-02
5.031754e+00    3.783239e-02
5.043967e+00    3.785291e-02
5.056180e+00    3.785771e-02
5.068393e+00    3.784707e-02
5.080606e+00    3.782132e-02
5.092819e+00    3.778075e-02
5.105031e+00    3.772565e-02
5.117245e+00    3.765635e-02
5.129457e+00    3.757314e-02
5.141671e+00    3.747633e-02
5.153883e+00    3.736623e-02
5.166097e+00    3.724312e-02
5.178309e+00    3.710731e-02
5.190523e+00    3.695911e-02
5.202735e+00    3.679881e-02
5.214949e+00    3.662672e-02
5.227162e+00    3.644311e-02
5.239375e+00    3.624832e-02
5.251588e+00    3.604260e-02
5.263801e+00    3.582628e-02
5.276014e+00    3.559964e-02
5.288227e+00    3.536298e-02
5.300440e+00    3.511655e-02
5.312653e+00    3.486070e-02
5.324866e+00    3.459567e-02
5.337079e+00    3.432176e-02
5.349292e+00    3.403925e-02
5.361505e+00    3.374842e-02
5.373718e+00    3.344954e-02
5.385931e+00    3.314292e-02
5.398144e+00    3.282877e-02
5.410357e+00    3.250744e-02
5.422570e+00    3.217914e-02
5.434783e+00    3.184417e-02
5.446996e+00    3.150276e-02
5.459208e+00    3.115522e-02
5.471422e+00    3.080175e-02
5.483634e+00    3.044266e-02
5.495848e+00    3.007817e-02
5.508060e+00    2.970856e-02
5.520274e+00    2.933404e-02
5.532486e+00    2.895489e-02
5.544700e+00    2.857133e-02
5.556912e+00    2.818363e-02
5.569126e+00    2.779198e-02
5.581338e+00    2.739666e-02
5.593552e+00    2.699787e-02
5.605764e+00    2.659585e-02
5.617978e+00    2.619081e-02
5.630190e+00    2.578300e-02
5.642404e+00    2.537260e-02
5.654616e+00    2.495987e-02
5.666830e+00    2.454498e-02
5.679042e+00    2.412817e-02
5.691256e+00    2.370961e-02
5.703468e+00    2.328954e-02
5.715682e+00    2.286813e-02
5.727894e+00    2.244559e-02
5.740108e+00    2.202210e-02
5.752320e+00    2.159787e-02
5.764534e+00    2.117306e-02
5.776746e+00    2.074787e-02
5.788960e+00    2.032247e-02
5.801172e+00    1.989703e-02
5.813385e+00    1.947173e-02
5.825598e+00    1.904674e-02
5.837811e+00    1.862221e-02
5.850024e+00    1.819832e-02
5.862237e+00    1.777521e-02
5.874450e+00    1.735306e-02
5.886663e+00    1.693198e-02
5.898876e+00    1.651217e-02
5.911089e+00    1.609372e-02
5.923302e+00    1.567682e-02
5.935515e+00    1.526157e-02
5.947728e+00    1.484813e-02
5.959941e+00    1.443661e-02
5.972154e+00    1.402716e-02
5.984367e+00    1.361988e-02
5.996580e+00    1.321491e-02
6.008793e+00    1.281235e-02
6.021006e+00    1.241234e-02
6.033219e+00    1.201496e-02
6.045432e+00    1.162034e-02
6.057645e+00    1.122857e-02
6.069858e+00    1.083978e-02
6.082071e+00    1.045403e-02
6.094284e+00    1.007144e-02
6.106497e+00    9.692085e-03
6.118710e+00    9.316079e-03
6.130923e+00    8.943480e-03
6.143136e+00    8.574394e-03
6.155349e+00    8.208880e-03
6.167562e+00    7.847037e-03
6.179775e+00    7.488916e-03
6.191988e+00    7.134609e-03
6.204201e+00    6.784162e-03
6.216414e+00    6.437666e-03
6.228627e+00    6.095156e-03
6.240840e+00    5.756716e-03
6.253053e+00    5.422380e-03
6.265266e+00    5.092216e-03
6.277479e+00    4.766285e-03
6.289692e+00    4.444612e-03
6.301905e+00    4.127270e-03
6.314118e+00    3.814267e-03
6.326331e+00    3.505683e-03
6.338544e+00    3.201522e-03
6.350757e+00    2.901848e-03
6.362970e+00    2.606670e-03
6.375183e+00    2.316041e-03
6.387396e+00    2.029968e-03
6.399609e+00    1.748506e-03
6.411822e+00    1.471639e-03
6.424035e+00    1.199427e-03
6.436248e+00    9.318611e-04
6.448461e+00    6.689823e-04
6.460674e+00    4.107830e-04
6.472887e+00    1.572972e-04
6.485100e+00    -9.148472e-05
6.497313e+00    -3.355367e-04
6.509526e+00    -5.748658e-04
6.521739e+00    -8.094530e-04
6.533952e+00    -1.039311e-03
6.546165e+00    -1.264425e-03
6.558378e+00    -1.484810e-03
6.570591e+00    -1.700451e-03
6.582804e+00    -1.911372e-03
6.595017e+00    -2.117561e-03
6.607230e+00    -2.319044e-03
6.619443e+00    -2.515815e-03
6.631656e+00    -2.707899e-03
6.643869e+00    -2.895294e-03
6.656082e+00    -3.078029e-03
6.668295e+00    -3.256109e-03
6.680508e+00    -3.429560e-03
6.692721e+00    -3.598393e-03
6.704934e+00    -3.762636e-03
6.717147e+00    -3.922304e-03
6.729360e+00    -4.077428e-03
6.741573e+00    -4.228023e-03
6.753786e+00    -4.374128e-03
6.765999e+00    -4.515751e-03
6.778212e+00    -4.652939e-03
6.790425e+00    -4.785707e-03
6.802638e+00    -4.914097e-03
6.814851e+00    -5.038132e-03
6.827064e+00    -5.157850e-03
6.839277e+00    -5.273280e-03
6.851490e+00    -5.384461e-03
6.863703e+00    -5.491427e-03
6.875916e+00    -5.594217e-03
6.888129e+00    -5.692859e-03
6.900342e+00    -5.787403e-03
6.912555e+00    -5.877880e-03
6.924768e+00    -5.964341e-03
6.936981e+00    -6.046811e-03
6.949194e+00    -6.125341e-03
6.961407e+00    -6.199975e-03
6.973620e+00    -6.270754e-03
6.985833e+00    -6.337717e-03
6.998046e+00    -6.400916e-03
7.010259e+00    -6.460388e-03
7.022472e+00    -6.516184e-03
7.034685e+00    -6.568347e-03
7.046898e+00    -6.616926e-03
7.059111e+00    -6.661966e-03
7.071324e+00    -6.703515e-03
7.083537e+00    -6.741621e-03
7.095750e+00    -6.776334e-03
7.107963e+00    -6.807700e-03
7.120176e+00    -6.835768e-03
7.132389e+00    -6.860590e-03
7.144602e+00    -6.882214e-03
7.156815e+00    -6.900690e-03
7.169028e+00    -6.916069e-03
7.181241e+00    -6.928403e-03
7.193454e+00    -6.937740e-03
7.205667e+00    -6.944131e-03
7.217880e+00    -6.947630e-03
7.230093e+00    -6.948283e-03
7.242306e+00    -6.946149e-03
7.254519e+00    -6.941274e-03
7.266732e+00    -6.933710e-03
7.278944e+00    -6.923513e-03
7.291158e+00    -6.910730e-03
7.303371e+00    -6.895415e-03
7.315584e+00    -6.877619e-03
7.327797e+00    -6.857393e-03
7.340010e+00    -6.834793e-03
7.352223e+00    -6.809867e-03
7.364436e+00    -6.782668e-03
7.376649e+00    -6.753249e-03
7.388862e+00    -6.721659e-03
7.401075e+00    -6.687947e-03
7.413288e+00    -6.652175e-03
7.425501e+00    -6.614383e-03
7.437714e+00    -6.574632e-03
7.449927e+00    -6.532965e-03
7.462140e+00    -6.489434e-03
7.474353e+00    -6.444090e-03
7.486566e+00    -6.396990e-03
7.498779e+00    -6.348168e-03
7.510992e+00    -6.297698e-03
7.523205e+00    -6.245611e-03
7.535418e+00    -6.191963e-03
7.547631e+00    -6.136801e-03
7.559844e+00    -6.080175e-03
7.572057e+00    -6.022131e-03
7.584270e+00    -5.962725e-03
7.596483e+00    -5.901997e-03
7.608696e+00    -5.839998e-03
7.620909e+00    -5.776776e-03
7.633121e+00    -5.712376e-03
7.645335e+00    -5.646847e-03
7.657547e+00    -5.580233e-03
7.669761e+00    -5.512582e-03
7.681973e+00    -5.443939e-03
7.694187e+00    -5.374345e-03
7.706399e+00    -5.303851e-03
7.718613e+00    -5.232498e-03
7.730825e+00    -5.160333e-03
7.743039e+00    -5.087392e-03
7.755251e+00    -5.013728e-03
7.767465e+00    -4.939372e-03
7.779677e+00    -4.864379e-03
7.791891e+00    -4.788781e-03
7.804103e+00    -4.712626e-03
7.816317e+00    -4.635947e-03
7.828529e+00    -4.558792e-03
7.840743e+00    -4.481196e-03
7.852955e+00    -4.403203e-03
7.865169e+00    -4.324844e-03
7.877381e+00    -4.246166e-03
7.889595e+00    -4.167198e-03
7.901807e+00    -4.087985e-03
7.914021e+00    -4.008560e-03
7.926233e+00    -3.928962e-03
7.938447e+00    -3.849220e-03
7.950659e+00    -3.769384e-03
7.962873e+00    -3.689467e-03
7.975085e+00    -3.609521e-03
7.987298e+00    -3.529571e-03
7.999511e+00    -3.449656e-03
8.011724e+00    -3.369801e-03
8.023937e+00    -3.290044e-03
8.036150e+00    -3.210417e-03
8.048364e+00    -3.130941e-03
8.060576e+00    -3.051657e-03
8.072789e+00    -2.972593e-03
8.085002e+00    -2.893775e-03
8.097216e+00    -2.815228e-03
8.109428e+00    -2.736991e-03
8.121641e+00    -2.659084e-03
8.133854e+00    -2.581537e-03
8.146068e+00    -2.504366e-03
8.158280e+00    -2.427612e-03
8.170493e+00    -2.351294e-03
8.182706e+00    -2.275437e-03
8.194920e+00    -2.200056e-03
8.207132e+00    -2.125189e-03
8.219345e+00    -2.050851e-03
8.231558e+00    -1.977067e-03
8.243772e+00    -1.903851e-03
8.255984e+00    -1.831235e-03
8.268197e+00    -1.759236e-03
8.280410e+00    -1.687870e-03
8.292624e+00    -1.617156e-03
8.304836e+00    -1.547121e-03
8.317049e+00    -1.477777e-03
8.329262e+00    -1.409143e-03
8.341475e+00    -1.341230e-03
8.353688e+00    -1.274067e-03
8.365901e+00    -1.207660e-03
8.378115e+00    -1.142023e-03
8.390327e+00    -1.077182e-03
8.402540e+00    -1.013142e-03
8.414753e+00    -9.499213e-04
8.426967e+00    -8.875225e-04
8.439179e+00    -8.259737e-04
8.451392e+00    -7.652786e-04
8.463605e+00    -7.054500e-04
8.475819e+00    -6.464926e-04
8.488031e+00    -5.884269e-04
8.500244e+00    -5.312586e-04
8.512457e+00    -4.749934e-04
8.524671e+00    -4.196430e-04
8.536883e+00    -3.652139e-04
8.549096e+00    -3.117176e-04
8.561309e+00    -2.591601e-04
8.573523e+00    -2.075414e-04
8.585735e+00    -1.568785e-04
8.597948e+00    -1.071643e-04
8.610161e+00    -5.841880e-05
8.622375e+00    -1.063071e-05
8.634587e+00    3.618438e-05
8.646800e+00    8.202744e-05
8.659013e+00    1.268961e-04
8.671227e+00    1.707910e-04
8.683439e+00    2.136997e-04
8.695652e+00    2.556301e-04
8.707865e+00    2.965783e-04
8.720078e+00    3.365465e-04
8.732291e+00    3.755271e-04
8.744504e+00    4.135267e-04
8.756717e+00    4.505448e-04
8.768930e+00    4.865848e-04
8.781143e+00    5.216415e-04
8.793356e+00    5.557234e-04
8.805569e+00    5.888314e-04
8.817782e+00    6.209708e-04
8.829995e+00    6.521374e-04
8.842208e+00    6.823431e-04
8.854421e+00    7.115877e-04
8.866634e+00    7.398771e-04
8.878847e+00    7.672179e-04
8.891060e+00    7.936126e-04
8.903273e+00    8.190660e-04
8.915486e+00    8.435908e-04
8.927699e+00    8.671851e-04
8.939912e+00    8.898593e-04
8.952125e+00    9.116217e-04
8.964338e+00    9.324808e-04
8.976551e+00    9.524396e-04
8.988764e+00    9.715059e-04
9.000977e+00    9.896997e-04
9.013190e+00    1.007013e-03
9.025403e+00    1.023469e-03
9.037616e+00    1.039067e-03
9.049829e+00    1.053823e-03
9.062042e+00    1.067741e-03
9.074255e+00    1.080839e-03
9.086468e+00    1.093118e-03
9.098680e+00    1.104593e-03
9.110894e+00    1.115283e-03
9.123107e+00    1.125184e-03
9.135320e+00    1.134318e-03
9.147532e+00    1.142690e-03
9.159746e+00    1.150320e-03
9.171959e+00    1.157210e-03
9.184172e+00    1.163379e-03
9.196384e+00    1.168837e-03
9.208598e+00    1.173596e-03
9.220811e+00    1.177669e-03
9.233024e+00    1.181069e-03
9.245236e+00    1.183809e-03
9.257450e+00    1.185904e-03
9.269663e+00    1.187362e-03
9.281876e+00    1.188198e-03
9.294088e+00    1.188428e-03
9.306302e+00    1.188064e-03
9.318515e+00    1.187122e-03
9.330728e+00    1.185612e-03
9.342940e+00    1.183546e-03
9.355154e+00    1.180942e-03
9.367367e+00    1.177813e-03
9.379580e+00    1.174171e-03
9.391793e+00    1.170033e-03
9.404006e+00    1.165408e-03
9.416219e+00    1.160316e-03
9.428432e+00    1.154766e-03
9.440645e+00    1.148775e-03
9.452858e+00    1.142354e-03
9.465071e+00    1.135521e-03
9.477283e+00    1.128288e-03
9.489497e+00    1.120669e-03
9.501710e+00    1.112673e-03
9.513923e+00    1.104324e-03
9.526135e+00    1.095627e-03
9.538349e+00    1.086599e-03
9.550562e+00    1.077258e-03
9.562775e+00    1.067607e-03
9.574987e+00    1.057666e-03
9.587201e+00    1.047450e-03
9.599414e+00    1.036976e-03
9.611627e+00    1.026239e-03
9.623839e+00    1.015273e-03
9.636053e+00    1.004080e-03
9.648266e+00    9.926737e-04
9.660479e+00    9.810743e-04
9.672691e+00    9.692843e-04
9.684905e+00    9.573213e-04
9.697118e+00    9.452002e-04
9.709331e+00    9.329238e-04
9.721543e+00    9.205123e-04
9.733757e+00    9.079745e-04
9.745970e+00    8.953254e-04
9.758183e+00    8.825716e-04
9.770395e+00    8.697292e-04
9.782609e+00    8.568019e-04
9.794822e+00    8.438124e-04
9.807034e+00    8.307586e-04
9.819247e+00    8.176593e-04
9.831461e+00    8.045230e-04
9.843674e+00    7.913568e-04
9.855886e+00    7.781759e-04
9.868099e+00    7.649848e-04
9.880313e+00    7.517983e-04
9.892526e+00    7.386212e-04
9.904738e+00    7.254709e-04
9.916951e+00    7.123363e-04
9.929165e+00    6.992441e-04
9.941378e+00    6.861969e-04
9.953590e+00    6.732051e-04
9.965803e+00    6.602748e-04
9.978017e+00    6.474123e-04
9.990230e+00    6.346292e-04
1.000244e+01    6.219287e-04
1.001466e+01    6.093140e-04
1.002687e+01    5.967972e-04
1.003908e+01    5.843838e-04
1.005129e+01    5.720813e-04
1.006351e+01    5.598945e-04
1.007572e+01    5.478275e-04
1.008793e+01    5.358850e-04
1.010015e+01    5.240679e-04
1.011236e+01    5.124024e-04
1.012457e+01    5.008652e-04
1.013679e+01    4.894776e-04
1.014900e+01    4.782355e-04
1.016121e+01    4.671471e-04
1.017342e+01    4.562132e-04
1.018564e+01    4.454410e-04
1.019785e+01    4.348292e-04
1.021006e+01    4.243847e-04
1.022228e+01    4.141048e-04
1.023449e+01    4.039982e-04
1.024670e+01    3.940577e-04
1.025891e+01    3.842967e-04
1.027113e+01    3.747068e-04
1.028334e+01    3.652976e-04
1.029555e+01    3.560559e-04
1.030777e+01    3.470056e-04
1.031998e+01    3.381305e-04
1.033219e+01    3.294312e-04
1.034441e+01    3.209148e-04
1.035662e+01    3.125769e-04
1.036883e+01    3.044187e-04
1.038105e+01    2.964389e-04
1.039326e+01    2.886352e-04
1.040547e+01    2.810071e-04
1.041768e+01    2.735609e-04
1.042990e+01    2.662863e-04
1.044211e+01    2.591823e-04
1.045432e+01    2.522508e-04
1.046654e+01    2.454919e-04
1.047875e+01    2.388978e-04
1.049096e+01    2.324676e-04
1.050318e+01    2.262019e-04
1.051539e+01    2.200928e-04
1.052760e+01    2.141442e-04
1.053981e+01    2.083510e-04
1.055203e+01    2.027065e-04
1.056424e+01    1.972104e-04
1.057645e+01    1.918588e-04
1.058867e+01    1.866494e-04
1.060088e+01    1.815797e-04
1.061309e+01    1.766377e-04
1.062531e+01    1.718301e-04
1.063752e+01    1.671446e-04
1.064973e+01    1.625842e-04
1.066194e+01    1.581408e-04
1.067416e+01    1.538097e-04
1.068637e+01    1.495879e-04
1.069858e+01    1.454744e-04
1.071080e+01    1.414559e-04
1.072301e+01    1.375311e-04
1.073522e+01    1.337011e-04
1.074744e+01    1.299563e-04
1.075965e+01    1.262898e-04
1.077186e+01    1.227000e-04
1.078407e+01    1.191826e-04
1.079629e+01    1.157410e-04
1.080850e+01    1.123435e-04
1.082071e+01    1.090103e-04
1.083293e+01    1.057293e-04
1.084514e+01    1.024903e-04
1.085735e+01    9.929614e-05
1.086957e+01    9.613868e-05
1.088178e+01    9.301021e-05
1.089399e+01    8.990748e-05
1.090620e+01    8.682573e-05
1.091842e+01    8.376477e-05
1.093063e+01    8.071161e-05
1.094284e+01    7.766655e-05
1.095506e+01    7.462000e-05
1.096727e+01    7.157064e-05
1.097948e+01    6.851504e-05
1.099170e+01    6.544791e-05
1.100391e+01    6.235914e-05
1.101612e+01    5.925043e-05
1.102833e+01    5.611518e-05
1.104055e+01    5.294704e-05
1.105276e+01    4.974577e-05
1.106497e+01    4.650276e-05
1.107719e+01    4.321537e-05
1.108940e+01    3.988383e-05
1.110161e+01    3.649756e-05
1.111382e+01    3.305386e-05
1.112604e+01    2.955328e-05
1.113825e+01    2.598708e-05
1.115046e+01    2.235507e-05
1.116268e+01    1.865331e-05
1.117489e+01    1.487655e-05
1.118710e+01    1.102085e-05
1.119932e+01    7.091374e-06
1.121153e+01    3.075347e-06
1.122374e+01    -1.027391e-06
1.123596e+01    -5.217480e-06
1.124817e+01    -9.499578e-06
1.126038e+01    -1.387361e-05
1.127259e+01    -1.834225e-05
1.128481e+01    -2.290899e-05
1.129702e+01    -2.758248e-05
1.130923e+01    -3.234110e-05
1.132145e+01    -3.720945e-05
1.133366e+01    -4.218094e-05
1.134587e+01    -4.726020e-05
1.135808e+01    -5.244502e-05
1.137030e+01    -5.773793e-05
1.138251e+01    -6.313578e-05
1.139472e+01    -6.864457e-05
1.140694e+01    -7.426122e-05
1.141915e+01    -7.998565e-05
1.143136e+01    -8.581925e-05
1.144358e+01    -9.176256e-05
1.145579e+01    -9.781559e-05
1.146800e+01    -1.039766e-04
1.148022e+01    -1.102440e-04
1.149243e+01    -1.166224e-04
1.150464e+01    -1.230987e-04
1.151685e+01    -1.296856e-04
1.152907e+01    -1.363741e-04
1.154128e+01    -1.431664e-04
1.155349e+01    -1.500560e-04
1.156571e+01    -1.570475e-04
1.157792e+01    -1.641318e-04
1.159013e+01    -1.713126e-04
1.160234e+01    -1.785875e-04
1.161456e+01    -1.859472e-04
1.162677e+01    -1.933952e-04
1.163898e+01    -2.009283e-04
1.165120e+01    -2.085391e-04
1.166341e+01    -2.162358e-04
1.167562e+01    -2.240031e-04
1.168784e+01    -2.318392e-04
1.170005e+01    -2.397419e-04
1.171226e+01    -2.477179e-04
1.172447e+01    -2.557470e-04
1.173669e+01    -2.638358e-04
1.174890e+01    -2.719763e-04
1.176111e+01    -2.801632e-04
1.177333e+01    -2.883949e-04
1.178554e+01    -2.966648e-04
1.179775e+01    -3.049603e-04
1.180997e+01    -3.133064e-04
1.182218e+01    -3.216652e-04
1.183439e+01    -3.300463e-04
1.184660e+01    -3.384415e-04
1.185882e+01    -3.468506e-04
1.187103e+01    -3.552579e-04
1.188324e+01    -3.636681e-04
1.189546e+01    -3.720740e-04
1.190767e+01    -3.804679e-04
1.191988e+01    -3.888420e-04
1.193210e+01    -3.971960e-04
1.194431e+01    -4.055208e-04
1.195652e+01    -4.138117e-04
1.196873e+01    -4.220633e-04
1.198095e+01    -4.302681e-04
1.199316e+01    -4.384230e-04
1.200537e+01    -4.465217e-04
1.201759e+01    -4.545534e-04
1.202980e+01    -4.625157e-04
1.204201e+01    -4.704032e-04
1.205423e+01    -4.782098e-04
1.206644e+01    -4.859313e-04
1.207865e+01    -4.935515e-04
1.209086e+01    -5.010774e-04
1.210308e+01    -5.084869e-04
1.211529e+01    -5.158002e-04
1.212750e+01    -5.229879e-04
1.213972e+01    -5.300521e-04
1.215193e+01    -5.369844e-04
1.216414e+01    -5.437806e-04
1.217636e+01    -5.504345e-04
1.218857e+01    -5.569401e-04
1.220078e+01    -5.632906e-04
1.221299e+01    -5.694831e-04
1.222521e+01    -5.755087e-04
1.223742e+01    -5.813623e-04
1.224963e+01    -5.870401e-04
1.226185e+01    -5.925343e-04
1.227406e+01    -5.978378e-04
1.228627e+01    -6.029478e-04
1.229849e+01    -6.078626e-04
1.231070e+01    -6.125664e-04
1.232291e+01    -6.170647e-04
1.233512e+01    -6.213466e-04
1.234734e+01    -6.254060e-04
1.235955e+01    -6.292464e-04
1.237176e+01    -6.328534e-04
1.238398e+01    -6.362271e-04
1.239619e+01    -6.393597e-04
1.240840e+01    -6.422541e-04
1.242062e+01    -6.448972e-04
1.243283e+01    -6.472889e-04
1.244504e+01    -6.494274e-04
1.245725e+01    -6.513041e-04
1.246947e+01    -6.529198e-04
1.248168e+01    -6.542653e-04
1.249389e+01    -6.553470e-04
1.250611e+01    -6.561477e-04
1.251832e+01    -6.566769e-04
1.253053e+01    -6.569237e-04
1.254275e+01    -6.568916e-04
1.255496e+01    -6.565724e-04
1.256717e+01    -6.559651e-04
1.257938e+01    -6.550705e-04
1.259160e+01    -6.538849e-04
1.260381e+01    -6.524040e-04
1.261602e+01    -6.506288e-04
1.262824e+01    -6.485559e-04
1.264045e+01    -6.461875e-04
1.265266e+01    -6.435179e-04
1.266488e+01    -6.405492e-04
1.267709e+01    -6.372794e-04
1.268930e+01    -6.337067e-04
1.270151e+01    -6.298361e-04
1.271373e+01    -6.256626e-04
1.272594e+01    -6.211842e-04
1.273815e+01    -6.164060e-04
1.275037e+01    -6.113246e-04
1.276258e+01    -6.059470e-04
1.277479e+01    -6.002672e-04
1.278701e+01    -5.942896e-04
1.279922e+01    -5.880109e-04
1.281143e+01    -5.814388e-04
1.282364e+01    -5.745708e-04
1.283586e+01    -5.674093e-04
1.284807e+01    -5.599593e-04
1.286028e+01    -5.522215e-04
1.287250e+01    -5.441932e-04
1.288471e+01    -5.358846e-04
1.289692e+01    -5.272939e-04
1.290914e+01    -5.184259e-04
1.292135e+01    -5.092865e-04
1.293356e+01    -4.998719e-04
1.294577e+01    -4.901926e-04
1.295799e+01    -4.802457e-04
1.297020e+01    -4.700409e-04
1.298241e+01    -4.595800e-04
1.299463e+01    -4.488673e-04
1.300684e+01    -4.379072e-04
1.301905e+01    -4.267061e-04
1.303127e+01    -4.152657e-04
1.304348e+01    -4.035947e-04
1.305569e+01    -3.916961e-04
1.306790e+01    -3.795746e-04
1.308012e+01    -3.672372e-04
1.309233e+01    -3.546879e-04
1.310454e+01    -3.419382e-04
1.311676e+01    -3.289816e-04
1.312897e+01    -3.158359e-04
1.314118e+01    -3.025050e-04
1.315340e+01    -2.889904e-04
1.316561e+01    -2.753042e-04
1.317782e+01    -2.614510e-04
1.319003e+01    -2.474379e-04
1.320225e+01    -2.332776e-04
1.321446e+01    -2.189560e-04
1.322667e+01    -2.045024e-04
1.323889e+01    -1.899175e-04
1.325110e+01    -1.752072e-04
1.326331e+01    -1.603800e-04
1.327553e+01    -1.454435e-04
1.328774e+01    -1.304052e-04
1.329995e+01    -1.152706e-04
1.331216e+01    -1.000514e-04
1.332438e+01    -8.475281e-05
1.333659e+01    -6.938558e-05
1.334880e+01    -5.395649e-05
1.336102e+01    -3.846939e-05
1.337323e+01    -2.293730e-05
1.338544e+01    -7.367944e-06
1.339766e+01    8.233073e-06
1.340987e+01    2.385581e-05
1.342208e+01    3.948938e-05
1.343429e+01    5.512864e-05
1.344651e+01    7.076588e-05
1.345872e+01    8.639209e-05
1.347093e+01    1.019975e-04
1.348315e+01    1.175732e-04
1.349536e+01    1.331101e-04
1.350757e+01    1.486091e-04
1.351978e+01    1.640512e-04
1.353200e+01    1.794287e-04
1.354421e+01    1.947425e-04
1.355642e+01    2.099704e-04
1.356864e+01    2.251130e-04
1.358085e+01    2.401638e-04
1.359306e+01    2.551090e-04
1.360528e+01    2.699383e-04
1.361749e+01    2.846607e-04
1.362970e+01    2.992501e-04
1.364192e+01    3.137050e-04
1.365413e+01    3.280147e-04
1.366634e+01    3.421728e-04
1.367855e+01    3.561751e-04
1.369077e+01    3.700091e-04
1.370298e+01    3.836745e-04
1.371519e+01    3.971496e-04
1.372741e+01    4.104405e-04
1.373962e+01    4.235375e-04
1.375183e+01    4.364281e-04
1.376404e+01    4.491144e-04
1.377626e+01    4.615809e-04
1.378847e+01    4.738237e-04
1.380068e+01    4.858364e-04
1.381290e+01    4.976138e-04
1.382511e+01    5.091500e-04
1.383732e+01    5.204343e-04
1.384954e+01    5.314653e-04
1.386175e+01    5.422349e-04
1.387396e+01    5.527387e-04
1.388618e+01    5.629704e-04
1.389839e+01    5.729230e-04
1.391060e+01    5.825938e-04
1.392281e+01    5.919780e-04
1.393503e+01    6.010682e-04
1.394724e+01    6.098608e-04
1.395945e+01    6.183530e-04
1.397167e+01    6.265374e-04
1.398388e+01    6.344117e-04
1.399609e+01    6.419785e-04
1.400830e+01    6.492136e-04
1.402052e+01    6.561328e-04
1.403273e+01    6.627257e-04
1.404494e+01    6.689937e-04
1.405716e+01    6.749269e-04
1.406937e+01    6.805267e-04
1.408158e+01    6.857899e-04
1.409380e+01    6.907128e-04
1.410601e+01    6.953010e-04
1.411822e+01    6.995350e-04
1.413043e+01    7.034272e-04
1.414265e+01    7.069733e-04
1.415486e+01    7.101713e-04
1.416707e+01    7.130210e-04
1.417929e+01    7.155183e-04
1.419150e+01    7.176668e-04
1.420371e+01    7.194622e-04
1.421593e+01    7.209061e-04
1.422814e+01    7.219980e-04
1.424035e+01    7.227361e-04
1.425256e+01    7.231249e-04
1.426478e+01    7.231632e-04
1.427699e+01    7.228487e-04
1.428920e+01    7.221879e-04
1.430142e+01    7.211766e-04
1.431363e+01    7.198197e-04
1.432584e+01    7.181182e-04
1.433806e+01    7.160720e-04
1.435027e+01    7.136835e-04
1.436248e+01    7.109579e-04
1.437469e+01    7.078958e-04
1.438691e+01    7.044974e-04
1.439912e+01    7.007670e-04
1.441133e+01    6.967102e-04
1.442355e+01    6.923284e-04
1.443576e+01    6.876241e-04
1.444797e+01    6.826015e-04
1.446019e+01    6.772614e-04
1.447240e+01    6.716127e-04
1.448461e+01    6.656592e-04
1.449682e+01    6.593984e-04
1.450904e+01    6.528459e-04
1.452125e+01    6.459975e-04
1.453346e+01    6.388589e-04
1.454568e+01    6.314409e-04
1.455789e+01    6.237414e-04
1.457010e+01    6.157683e-04
1.458232e+01    6.075291e-04
1.459453e+01    5.990264e-04
1.460674e+01    5.902691e-04
1.461895e+01    5.812589e-04
1.463117e+01    5.720046e-04
1.464338e+01    5.625115e-04
1.465559e+01    5.527855e-04
1.466781e+01    5.428378e-04
1.468002e+01    5.326648e-04
1.469223e+01    5.222837e-04
1.470445e+01    5.116938e-04
1.471666e+01    5.009042e-04
1.472887e+01    4.899243e-04
1.474109e+01    4.787559e-04
1.475330e+01    4.674131e-04
1.476551e+01    4.558951e-04
1.477772e+01    4.442178e-04
1.478994e+01    4.323805e-04
1.480215e+01    4.203869e-04
1.481436e+01    4.082682e-04
1.482658e+01    3.960104e-04
1.483879e+01    3.836213e-04
1.485100e+01    3.711180e-04
1.486321e+01    3.584970e-04
1.487543e+01    3.457781e-04
1.488764e+01    3.329611e-04
1.489985e+01    3.200573e-04
1.491207e+01    3.070743e-04
1.492428e+01    2.940191e-04
1.493649e+01    2.808975e-04
1.494871e+01    2.677228e-04
1.496092e+01    2.544974e-04
1.497313e+01    2.412323e-04
1.498534e+01    2.279329e-04
1.499756e+01    2.146066e-04
1.500977e+01    2.012720e-04
1.502198e+01    1.879240e-04
1.503420e+01    1.745750e-04
1.504641e+01    1.612295e-04
1.505862e+01    1.479008e-04
1.507084e+01    1.345935e-04
1.508305e+01    1.213150e-04
1.509526e+01    1.080749e-04
1.510747e+01    9.488143e-05
1.511969e+01    8.173531e-05
1.513190e+01    6.865093e-05
1.514411e+01    5.563576e-05
1.515633e+01    4.269183e-05
1.516854e+01    2.983227e-05
1.518075e+01    1.705805e-05
1.519297e+01    4.381640e-06
1.520518e+01    -8.192088e-06
1.521739e+01    -2.065749e-05
1.522960e+01    -3.300459e-05
1.524182e+01    -4.523122e-05
1.525403e+01    -5.732646e-05
1.526624e+01    -6.928662e-05
1.527846e+01    -8.110650e-05
1.529067e+01    -9.277568e-05
1.530288e+01    -1.042876e-04
1.531509e+01    -1.156461e-04
1.532731e+01    -1.268352e-04
1.533952e+01    -1.378533e-04
1.535173e+01    -1.486925e-04
1.536395e+01    -1.593479e-04
1.537616e+01    -1.698185e-04
1.538837e+01    -1.800929e-04
1.540059e+01    -1.901692e-04
1.541280e+01    -2.000416e-04
1.542501e+01    -2.097103e-04
1.543723e+01    -2.191643e-04
1.544944e+01    -2.284000e-04
1.546165e+01    -2.374180e-04
1.547386e+01    -2.462113e-04
1.548608e+01    -2.547738e-04
1.549829e+01    -2.631053e-04
1.551050e+01    -2.712004e-04
1.552272e+01    -2.790566e-04
1.553493e+01    -2.866668e-04
1.554714e+01    -2.940356e-04
1.555935e+01    -3.011565e-04
1.557157e+01    -3.080220e-04
1.558378e+01    -3.146387e-04
1.559599e+01    -3.209948e-04
1.560821e+01    -3.270962e-04
1.562042e+01    -3.329351e-04
1.563263e+01    -3.385114e-04
1.564485e+01    -3.438272e-04
1.565706e+01    -3.488765e-04
1.566927e+01    -3.536605e-04
1.568149e+01    -3.581760e-04
1.569370e+01    -3.624213e-04
1.570591e+01    -3.664021e-04
1.571812e+01    -3.701109e-04
1.573034e+01    -3.735500e-04
1.574255e+01    -3.767179e-04
1.575476e+01    -3.796160e-04
1.576698e+01    -3.822449e-04
1.577919e+01    -3.846039e-04
1.579140e+01    -3.866926e-04
1.580362e+01    -3.885190e-04
1.581583e+01    -3.900677e-04
1.582804e+01    -3.913525e-04
1.584025e+01    -3.923730e-04
1.585247e+01    -3.931298e-04
1.586468e+01    -3.936244e-04
1.587689e+01    -3.938566e-04
1.588911e+01    -3.938306e-04
1.590132e+01    -3.935469e-04
1.591353e+01    -3.930056e-04
1.592575e+01    -3.922147e-04
1.593796e+01    -3.911706e-04
1.595017e+01    -3.898790e-04
1.596238e+01    -3.883439e-04
1.597460e+01    -3.865640e-04
1.598681e+01    -3.845491e-04
1.599902e+01    -3.822948e-04
1.601124e+01    -3.798083e-04
1.602345e+01    -3.770928e-04
1.603566e+01    -3.741523e-04
1.604787e+01    -3.709879e-04
1.606009e+01    -3.676066e-04
1.607230e+01    -3.640066e-04
1.608451e+01    -3.602015e-04
1.609673e+01    -3.561917e-04
1.610894e+01    -3.519711e-04
1.612115e+01    -3.475584e-04
1.613337e+01    -3.429517e-04
1.614558e+01    -3.381553e-04
1.615779e+01    -3.331778e-04
1.617001e+01    -3.280174e-04
1.618222e+01    -3.226849e-04
1.619443e+01    -3.171806e-04
1.620664e+01    -3.115137e-04
1.621886e+01    -3.056881e-04
1.623107e+01    -2.997066e-04
1.624328e+01    -2.935781e-04
1.625550e+01    -2.873020e-04
1.626771e+01    -2.808872e-04
1.627992e+01    -2.743429e-04
1.629214e+01    -2.676686e-04
1.630435e+01    -2.608707e-04
1.631656e+01    -2.539615e-04
1.632877e+01    -2.469375e-04
1.634099e+01    -2.398083e-04
1.635320e+01    -2.325815e-04
1.636541e+01    -2.252538e-04
1.637763e+01    -2.178438e-04
1.638984e+01    -2.103468e-04
1.640205e+01    -2.027828e-04
1.641426e+01    -1.951332e-04
1.642648e+01    -1.874243e-04
1.643869e+01    -1.796566e-04
1.645090e+01    -1.718331e-04
1.646312e+01    -1.639601e-04
1.647533e+01    -1.560467e-04
1.648754e+01    -1.480952e-04
1.649976e+01    -1.401117e-04
1.651197e+01    -1.321032e-04
1.652418e+01    -1.240770e-04
1.653639e+01    -1.160348e-04
1.654861e+01    -1.079831e-04
1.656082e+01    -9.992698e-05
1.657303e+01    -9.187567e-05
1.658525e+01    -8.383205e-05
1.659746e+01    -7.579612e-05
1.660967e+01    -6.778778e-05
1.662189e+01    -5.979550e-05
1.663410e+01    -5.183792e-05
1.664631e+01    -4.391062e-05
1.665853e+01    -3.602273e-05
1.667074e+01    -2.818301e-05
1.668295e+01    -2.039014e-05
1.669516e+01    -1.265191e-05
1.670738e+01    -4.975314e-06
1.671959e+01    2.639721e-06
1.673180e+01    1.018515e-05
1.674402e+01    1.765818e-05
1.675623e+01    2.505272e-05
1.676844e+01    3.236501e-05
1.678065e+01    3.958942e-05
1.679287e+01    4.672479e-05
1.680508e+01    5.376567e-05
1.681729e+01    6.070291e-05
1.682951e+01    6.754086e-05
1.684172e+01    7.427280e-05
1.685393e+01    8.089251e-05
1.686615e+01    8.739721e-05
1.687836e+01    9.378712e-05
1.689057e+01    1.000515e-04
1.690278e+01    1.062001e-04
1.691500e+01    1.122091e-04
1.692721e+01    1.180940e-04
1.693942e+01    1.238452e-04
1.695164e+01    1.294600e-04
1.696385e+01    1.349348e-04
1.697606e+01    1.402679e-04
1.698828e+01    1.454587e-04
1.700049e+01    1.505018e-04
1.701270e+01    1.553967e-04
1.702491e+01    1.601391e-04
1.703713e+01    1.647326e-04
1.704934e+01    1.691693e-04
1.706155e+01    1.734487e-04
1.707377e+01    1.775727e-04
1.708598e+01    1.815337e-04
1.709819e+01    1.853333e-04
1.711040e+01    1.889786e-04
1.712262e+01    1.924568e-04
1.713483e+01    1.957706e-04
1.714705e+01    1.989190e-04
1.715926e+01    2.019054e-04
1.717147e+01    2.047251e-04
1.718368e+01    2.073753e-04
1.719590e+01    2.098607e-04
1.720811e+01    2.121804e-04
1.722032e+01    2.143340e-04
1.723254e+01    2.163187e-04
1.724475e+01    2.181400e-04
1.725696e+01    2.197909e-04
1.726917e+01    2.212780e-04
1.728139e+01    2.226024e-04
1.729360e+01    2.237587e-04
1.730581e+01    2.247470e-04
1.731803e+01    2.255821e-04
1.733024e+01    2.262527e-04
1.734245e+01    2.267577e-04
1.735467e+01    2.271073e-04
1.736688e+01    2.272988e-04
1.737909e+01    2.273297e-04
1.739130e+01    2.272067e-04
1.740352e+01    2.269348e-04
1.741573e+01    2.265037e-04
1.742794e+01    2.259275e-04
1.744016e+01    2.252013e-04
1.745237e+01    2.243300e-04
1.746458e+01    2.233158e-04
1.747680e+01    2.221566e-04
1.748901e+01    2.208600e-04
1.750122e+01    2.194244e-04
1.751343e+01    2.178593e-04
1.752565e+01    2.161590e-04
1.753786e+01    2.143299e-04
1.755007e+01    2.123750e-04
1.756229e+01    2.102968e-04
1.757450e+01    2.080960e-04
1.758671e+01    2.057790e-04
1.759892e+01    2.033434e-04
1.761114e+01    2.007997e-04
1.762335e+01    1.981463e-04
1.763556e+01    1.953845e-04
1.764778e+01    1.925224e-04
1.765999e+01    1.895633e-04
1.767220e+01    1.865054e-04
1.768442e+01    1.833581e-04
1.769663e+01    1.801198e-04
1.770884e+01    1.767945e-04
1.772106e+01    1.733866e-04
1.773327e+01    1.699053e-04
1.774548e+01    1.663459e-04
1.775769e+01    1.627145e-04
1.776991e+01    1.590157e-04
1.778212e+01    1.552540e-04
1.779433e+01    1.514313e-04
1.780655e+01    1.475484e-04
1.781876e+01    1.436155e-04
1.783097e+01    1.396314e-04
1.784319e+01    1.356037e-04
1.785540e+01    1.315321e-04
1.786761e+01    1.274212e-04
1.787982e+01    1.232777e-04
1.789204e+01    1.191013e-04
1.790425e+01    1.148973e-04
1.791646e+01    1.106708e-04
1.792868e+01    1.064258e-04
1.794089e+01    1.021605e-04
1.795310e+01    9.788532e-05
1.796531e+01    9.359920e-05
1.797753e+01    8.931034e-05
1.798974e+01    8.501572e-05
1.800196e+01    8.072157e-05
1.801417e+01    7.643702e-05
1.802638e+01    7.215899e-05
1.803859e+01    6.789278e-05
1.805081e+01    6.364117e-05
1.806302e+01    5.940895e-05
1.807523e+01    5.519635e-05
1.808744e+01    5.101430e-05
1.809966e+01    4.685507e-05
1.811187e+01    4.272955e-05
1.812408e+01    3.863825e-05
1.813630e+01    3.458571e-05
1.814851e+01    3.057427e-05
1.816072e+01    2.660428e-05
1.817294e+01    2.268096e-05
1.818515e+01    1.880690e-05
1.819736e+01    1.498463e-05
1.820958e+01    1.121452e-05
1.822179e+01    7.505645e-06
1.823400e+01    3.856374e-06
1.824621e+01    2.702000e-07
1.825843e+01    -3.254507e-06
1.827064e+01    -6.711693e-06
1.828285e+01    -1.009600e-05
1.829507e+01    -1.341291e-05
1.830728e+01    -1.665670e-05
1.831949e+01    -1.982239e-05
1.833171e+01    -2.290466e-05
1.834392e+01    -2.591626e-05
1.835613e+01    -2.884463e-05
1.836834e+01    -3.168889e-05
1.838056e+01    -3.444927e-05
1.839277e+01    -3.712834e-05
1.840498e+01    -3.971247e-05
1.841720e+01    -4.221138e-05
1.842941e+01    -4.461914e-05
1.844162e+01    -4.693610e-05
1.845383e+01    -4.915893e-05
1.846605e+01    -5.129119e-05
1.847826e+01    -5.332741e-05
1.849047e+01    -5.527004e-05
1.850269e+01    -5.711586e-05
1.851490e+01    -5.886564e-05
1.852711e+01    -6.051722e-05
1.853933e+01    -6.207119e-05
1.855154e+01    -6.352848e-05
1.856375e+01    -6.488845e-05
1.857596e+01    -6.614765e-05
1.858818e+01    -6.730761e-05
1.860039e+01    -6.836746e-05
1.861260e+01    -6.933184e-05
1.862482e+01    -7.019768e-05
1.863703e+01    -7.096300e-05
1.864924e+01    -7.163308e-05
1.866146e+01    -7.220457e-05
1.867367e+01    -7.267739e-05
1.868588e+01    -7.305632e-05
1.869810e+01    -7.333141e-05
1.871031e+01    -7.351814e-05
1.872252e+01    -7.361075e-05
1.873473e+01    -7.360487e-05
1.874695e+01    -7.350731e-05
1.875916e+01    -7.332166e-05
1.877137e+01    -7.303944e-05
1.878359e+01    -7.267305e-05
1.879580e+01    -7.221167e-05
1.880801e+01    -7.166644e-05
1.882022e+01    -7.103788e-05
1.883244e+01    -7.032359e-05
1.884465e+01    -6.952530e-05
1.885686e+01    -6.864549e-05
1.886908e+01    -6.768736e-05
1.888129e+01    -6.664995e-05
1.889350e+01    -6.553388e-05
1.890572e+01    -6.434528e-05
1.891793e+01    -6.308669e-05
1.893014e+01    -6.175213e-05
1.894235e+01    -6.035317e-05
1.895457e+01    -5.888636e-05
1.896678e+01    -5.735332e-05
1.897899e+01    -5.575601e-05
1.899121e+01    -5.410044e-05
1.900342e+01    -5.238835e-05
1.901563e+01    -5.061766e-05
1.902785e+01    -4.879013e-05
1.904006e+01    -4.691505e-05
1.905227e+01    -4.498824e-05
1.906449e+01    -4.301507e-05
1.907670e+01    -4.099819e-05
1.908891e+01    -3.893784e-05
1.910112e+01    -3.683970e-05
1.911334e+01    -3.470108e-05
1.912555e+01    -3.252859e-05
1.913776e+01    -3.032581e-05
1.914997e+01    -2.809140e-05
1.916219e+01    -2.582774e-05
1.917440e+01    -2.354335e-05
1.918661e+01    -2.123522e-05
1.919883e+01    -1.890583e-05
1.921104e+01    -1.656262e-05
1.922325e+01    -1.420127e-05
1.923547e+01    -1.183090e-05
1.924768e+01    -9.449854e-06
1.925989e+01    -7.060364e-06
1.927211e+01    -4.670546e-06
1.928432e+01    -2.273970e-06
1.929653e+01    1.184526e-07
1.930874e+01    2.507652e-06
1.932096e+01    4.888941e-06
1.933317e+01    7.265244e-06
1.934538e+01    9.629268e-06
1.935760e+01    1.198038e-05
1.936981e+01    1.431403e-05
1.938202e+01    1.662937e-05
1.939424e+01    1.892572e-05
1.940645e+01    2.119845e-05
1.941866e+01    2.344249e-05
1.943087e+01    2.566553e-05
1.944309e+01    2.785711e-05
1.945530e+01    3.001347e-05
1.946751e+01    3.213402e-05
1.947973e+01    3.422143e-05
1.949194e+01    3.626710e-05
1.950415e+01    3.827147e-05
1.951637e+01    4.023646e-05
1.952858e+01    4.215345e-05
1.954079e+01    4.402375e-05
1.955301e+01    4.584590e-05
1.956522e+01    4.761904e-05
1.957743e+01    4.933500e-05
1.958964e+01    5.099832e-05
1.960186e+01    5.260511e-05
1.961407e+01    5.415364e-05
1.962628e+01    5.564385e-05
1.963849e+01    5.707322e-05
1.965071e+01    5.844003e-05
1.966292e+01    5.974288e-05
1.967513e+01    6.097992e-05
1.968735e+01    6.215095e-05
1.969956e+01    6.324818e-05
1.971177e+01    6.428423e-05
1.972399e+01    6.524470e-05
1.973620e+01    6.613817e-05
1.974841e+01    6.695596e-05
1.976063e+01    6.769809e-05
1.977284e+01    6.836991e-05
1.978505e+01    6.896234e-05
1.979726e+01    6.948346e-05
1.980948e+01    6.992467e-05
1.982169e+01    7.028908e-05
1.983390e+01    7.057576e-05
1.984612e+01    7.078108e-05
1.985833e+01    7.091033e-05
1.987054e+01    7.096124e-05
1.988276e+01    7.093243e-05
1.989497e+01    7.082373e-05
1.990718e+01    7.062984e-05
1.991939e+01    7.036007e-05
1.993161e+01    7.001018e-05
1.994382e+01    6.958006e-05
1.995603e+01    6.906803e-05
1.996825e+01    6.847744e-05
1.998046e+01    6.780570e-05
1.999267e+01    6.705738e-05
2.000488e+01    6.622843e-05
2.001710e+01    6.532123e-05
2.002931e+01    6.433502e-05
2.004152e+01    6.327247e-05
2.005374e+01    6.213138e-05
2.006595e+01    6.091511e-05
2.007816e+01    5.962283e-05
2.009038e+01    5.825003e-05
2.010259e+01    5.681581e-05
2.011480e+01    5.529511e-05
2.012702e+01    5.371543e-05
2.013923e+01    5.205604e-05
2.015144e+01    5.033155e-05
2.016365e+01    4.853497e-05
2.017587e+01    4.667013e-05
2.018808e+01    4.474344e-05
2.020029e+01    4.274846e-05
2.021251e+01    4.068931e-05
2.022472e+01    3.856950e-05
2.023693e+01    3.638849e-05
2.024915e+01    3.414985e-05
2.026136e+01    3.185146e-05
2.027357e+01    2.949766e-05
2.028578e+01    2.709722e-05
2.029800e+01    2.463392e-05
2.031021e+01    2.211906e-05
2.032242e+01    1.956092e-05
2.033464e+01    1.695227e-05
2.034685e+01    1.430184e-05
2.035906e+01    1.160741e-05
2.037127e+01    8.868927e-06
2.038349e+01    6.092669e-06
2.039570e+01    3.282083e-06
2.040791e+01    4.322646e-07
2.042013e+01    -2.454559e-06
2.043234e+01    -5.367459e-06
2.044455e+01    -8.307514e-06
2.045677e+01    -1.127781e-05
2.046898e+01    -1.427300e-05
2.048119e+01    -1.729005e-05
2.049340e+01    -2.032510e-05
2.050562e+01    -2.338582e-05
2.051783e+01    -2.645342e-05
2.053004e+01    -2.953928e-05
2.054226e+01    -3.263431e-05
2.055447e+01    -3.573987e-05
2.056668e+01    -3.884983e-05
2.057890e+01    -4.196746e-05
2.059111e+01    -4.508001e-05
2.060332e+01    -4.820165e-05
2.061554e+01    -5.131852e-05
2.062775e+01    -5.442924e-05
2.063996e+01    -5.753117e-05
2.065217e+01    -6.062840e-05
2.066439e+01    -6.371118e-05
2.067660e+01    -6.677708e-05
2.068881e+01    -6.982994e-05
2.070103e+01    -7.286436e-05
2.071324e+01    -7.587542e-05
2.072545e+01    -7.886451e-05
2.073767e+01    -8.182864e-05
2.074988e+01    -8.476058e-05
2.076209e+01    -8.766755e-05
2.077430e+01    -9.053815e-05
2.078652e+01    -9.337965e-05
2.079873e+01    -9.617982e-05
2.081094e+01    -9.894879e-05
2.082316e+01    -1.016669e-04
2.083537e+01    -1.043472e-04
2.084758e+01    -1.069800e-04
2.085979e+01    -1.095687e-04
2.087201e+01    -1.121068e-04
2.088422e+01    -1.145941e-04
2.089643e+01    -1.170321e-04
2.090865e+01    -1.194099e-04
2.092086e+01    -1.217332e-04
2.093307e+01    -1.239992e-04
2.094529e+01    -1.262013e-04
2.095750e+01    -1.283438e-04
2.096971e+01    -1.304241e-04
2.098192e+01    -1.324370e-04
2.099414e+01    -1.343848e-04
2.100635e+01    -1.362640e-04
2.101856e+01    -1.380665e-04
2.103078e+01    -1.398017e-04
2.104299e+01    -1.414687e-04
2.105520e+01    -1.430551e-04
2.106742e+01    -1.445676e-04
2.107963e+01    -1.460035e-04
2.109184e+01    -1.473595e-04
2.110406e+01    -1.486375e-04
2.111627e+01    -1.498389e-04
2.112848e+01    -1.509485e-04
2.114069e+01    -1.519813e-04
2.115291e+01    -1.529286e-04
2.116512e+01    -1.537916e-04
2.117733e+01    -1.545694e-04
2.118955e+01    -1.552610e-04
2.120176e+01    -1.558678e-04
2.121397e+01    -1.563829e-04
2.122618e+01    -1.568117e-04
2.123840e+01    -1.571482e-04
2.125061e+01    -1.573984e-04
2.126282e+01    -1.575565e-04
2.127504e+01    -1.576261e-04
2.128725e+01    -1.576090e-04
2.129946e+01    -1.574893e-04
2.131168e+01    -1.572819e-04
2.132389e+01    -1.569864e-04
2.133610e+01    -1.565958e-04
2.134831e+01    -1.561164e-04
2.136053e+01    -1.555446e-04
2.137274e+01    -1.548790e-04
2.138495e+01    -1.541238e-04
2.139717e+01    -1.532789e-04
2.140938e+01    -1.523393e-04
2.142159e+01    -1.513108e-04
2.143381e+01    -1.501882e-04
2.144602e+01    -1.489795e-04
2.145823e+01    -1.476789e-04
2.147044e+01    -1.462899e-04
2.148266e+01    -1.448122e-04
2.149487e+01    -1.432464e-04
2.150708e+01    -1.415920e-04
2.151930e+01    -1.398527e-04
2.153151e+01    -1.380293e-04
2.154372e+01    -1.361168e-04
2.155593e+01    -1.341230e-04
2.156815e+01    -1.320441e-04
2.158036e+01    -1.298830e-04
2.159258e+01    -1.276430e-04
2.160479e+01    -1.253220e-04
2.161700e+01    -1.229235e-04
2.162921e+01    -1.204487e-04
2.164143e+01    -1.178937e-04
2.165364e+01    -1.152666e-04
2.166585e+01    -1.125648e-04
2.167807e+01    -1.097872e-04
2.169028e+01    -1.069450e-04
2.170249e+01    -1.040312e-04
2.171470e+01    -1.010476e-04
2.172692e+01    -9.799869e-05
2.173913e+01    -9.489031e-05
2.175134e+01    -9.171164e-05
2.176356e+01    -8.847508e-05
2.177577e+01    -8.517902e-05
2.178798e+01    -8.182219e-05
2.180020e+01    -7.841265e-05
2.181241e+01    -7.495656e-05
2.182462e+01    -7.143342e-05
2.183683e+01    -6.786830e-05
2.184905e+01    -6.425420e-05
2.186126e+01    -6.059197e-05
2.187347e+01    -5.688617e-05
2.188569e+01    -5.313969e-05
2.189790e+01    -4.934899e-05
2.191011e+01    -4.552532e-05
2.192233e+01    -4.166179e-05
2.193454e+01    -3.776607e-05
2.194675e+01    -3.383786e-05
2.195897e+01    -2.987775e-05
2.197118e+01    -2.589318e-05
2.198339e+01    -2.187675e-05
2.199560e+01    -1.784737e-05
2.200782e+01    -1.378622e-05
2.202003e+01    -9.715639e-06
2.203224e+01    -5.627288e-06
2.204445e+01    -1.521444e-06
2.205667e+01    2.596769e-06
2.206888e+01    6.721259e-06
2.208109e+01    1.085447e-05
2.209331e+01    1.499078e-05
2.210552e+01    1.913705e-05
2.211773e+01    2.327510e-05
2.212995e+01    2.741750e-05
2.214216e+01    3.155529e-05
2.215437e+01    3.569097e-05
2.216659e+01    3.980924e-05
2.217880e+01    4.392124e-05
2.219101e+01    4.802040e-05
2.220322e+01    5.209955e-05
2.221544e+01    5.616764e-05
2.222765e+01    6.021256e-05
2.223986e+01    6.423733e-05
2.225208e+01    6.823629e-05
2.226429e+01    7.220768e-05
2.227650e+01    7.615247e-05
2.228872e+01    8.006563e-05
2.230093e+01    8.394179e-05
2.231314e+01    8.778944e-05
2.232535e+01    9.159545e-05
2.233757e+01    9.536584e-05
2.234978e+01    9.909052e-05
2.236199e+01    1.027735e-04
2.237421e+01    1.064165e-04
2.238642e+01    1.100035e-04
2.239863e+01    1.135480e-04
2.241084e+01    1.170354e-04
2.242306e+01    1.204709e-04
2.243527e+01    1.238538e-04
2.244748e+01    1.271789e-04
2.245970e+01    1.304444e-04
2.247191e+01    1.336501e-04
2.248412e+01    1.367932e-04
2.249634e+01    1.398705e-04
2.250855e+01    1.428834e-04
2.252076e+01    1.458325e-04
2.253297e+01    1.487080e-04
2.254519e+01    1.515150e-04
2.255740e+01    1.542502e-04
2.256961e+01    1.569113e-04
2.258183e+01    1.594979e-04
2.259404e+01    1.620096e-04
2.260625e+01    1.644361e-04
2.261847e+01    1.667928e-04
2.263068e+01    1.690636e-04
2.264289e+01    1.712567e-04
2.265511e+01    1.733667e-04
2.266732e+01    1.753907e-04
2.267953e+01    1.773308e-04
2.269174e+01    1.791848e-04
2.270396e+01    1.809545e-04
2.271617e+01    1.826332e-04
2.272838e+01    1.842224e-04
2.274060e+01    1.857242e-04
2.275281e+01    1.871350e-04
2.276502e+01    1.884548e-04
2.277724e+01    1.896828e-04
2.278945e+01    1.908191e-04
2.280166e+01    1.918594e-04
2.281387e+01    1.928042e-04
2.282609e+01    1.936616e-04
2.283830e+01    1.944219e-04
2.285051e+01    1.950859e-04
2.286273e+01    1.956534e-04
2.287494e+01    1.961272e-04
2.288715e+01    1.965050e-04
2.289936e+01    1.967904e-04
2.291158e+01    1.969719e-04
2.292379e+01    1.970606e-04
2.293600e+01    1.970509e-04
2.294822e+01    1.969453e-04
2.296043e+01    1.967472e-04
2.297264e+01    1.964491e-04
2.298486e+01    1.960546e-04
2.299707e+01    1.955668e-04
2.300928e+01    1.949811e-04
2.302150e+01    1.943024e-04
2.303371e+01    1.935266e-04
2.304592e+01    1.926570e-04
2.305813e+01    1.916923e-04
2.307035e+01    1.906362e-04
2.308256e+01    1.894834e-04
2.309477e+01    1.882392e-04
2.310699e+01    1.869067e-04
2.311920e+01    1.854761e-04
2.313141e+01    1.839622e-04
2.314363e+01    1.823569e-04
2.315584e+01    1.806598e-04
2.316805e+01    1.788784e-04
2.318026e+01    1.770073e-04
2.319248e+01    1.750511e-04
2.320469e+01    1.730149e-04
2.321690e+01    1.708839e-04
2.322912e+01    1.686745e-04
2.324133e+01    1.663854e-04
2.325354e+01    1.640139e-04
2.326575e+01    1.615630e-04
2.327797e+01    1.590322e-04
2.329018e+01    1.564310e-04
2.330239e+01    1.537447e-04
2.331461e+01    1.509892e-04
2.332682e+01    1.481593e-04
2.333903e+01    1.452596e-04
2.335125e+01    1.422895e-04
2.336346e+01    1.392508e-04
2.337567e+01    1.361437e-04
2.338788e+01    1.329707e-04
2.340010e+01    1.297353e-04
2.341231e+01    1.264370e-04
2.342452e+01    1.230799e-04
2.343674e+01    1.196609e-04
2.344895e+01    1.161873e-04
2.346116e+01    1.126559e-04
2.347338e+01    1.090728e-04
2.348559e+01    1.054350e-04
2.349780e+01    1.017482e-04
2.351002e+01    9.801169e-05
2.352223e+01    9.423168e-05
2.353444e+01    9.040575e-05
2.354665e+01    8.653599e-05
2.355887e+01    8.262630e-05
2.357108e+01    7.867668e-05
2.358329e+01    7.468951e-05
2.359550e+01    7.066457e-05
2.360772e+01    6.661244e-05
2.361993e+01    6.252428e-05
2.363214e+01    5.841220e-05
2.364436e+01    5.426520e-05
2.365657e+01    5.009712e-05
2.366878e+01    4.590483e-05
2.368100e+01    4.169380e-05
2.369321e+01    3.745873e-05
2.370542e+01    3.320916e-05
2.371764e+01    2.894469e-05
2.372985e+01    2.466550e-05
2.374206e+01    2.037489e-05
2.375427e+01    1.607725e-05
2.376649e+01    1.176912e-05
2.377870e+01    7.458904e-06
2.379091e+01    3.140711e-06
2.380313e+01    -1.171022e-06
2.381534e+01    -5.488982e-06
2.382755e+01    -9.801530e-06
2.383977e+01    -1.410552e-05
2.385198e+01    -1.840427e-05
2.386419e+01    -2.269697e-05
2.387640e+01    -2.697424e-05
2.388862e+01    -3.124279e-05
2.390083e+01    -3.549282e-05
2.391304e+01    -3.973034e-05
2.392526e+01    -4.394614e-05
2.393747e+01    -4.813861e-05
2.394968e+01    -5.231495e-05
2.396189e+01    -5.646265e-05
2.397411e+01    -6.058416e-05
2.398632e+01    -6.467674e-05
2.399854e+01    -6.874019e-05
2.401075e+01    -7.277163e-05
2.402296e+01    -7.676979e-05
2.403517e+01    -8.072966e-05
2.404739e+01    -8.465638e-05
2.405960e+01    -8.854028e-05
2.407181e+01    -9.238775e-05
2.408403e+01    -9.618892e-05
2.409624e+01    -9.994811e-05
2.410845e+01    -1.036617e-04
2.412066e+01    -1.073244e-04
2.413288e+01    -1.109414e-04
2.414509e+01    -1.145070e-04
2.415730e+01    -1.180191e-04
2.416952e+01    -1.214783e-04
2.418173e+01    -1.248849e-04
2.419394e+01    -1.282328e-04
2.420616e+01    -1.315204e-04
2.421837e+01    -1.347511e-04
2.423058e+01    -1.379201e-04
2.424279e+01    -1.410292e-04
2.425501e+01    -1.440747e-04
2.426722e+01    -1.470539e-04
2.427943e+01    -1.499691e-04
2.429165e+01    -1.528158e-04
2.430386e+01    -1.555949e-04
2.431607e+01    -1.583039e-04
2.432829e+01    -1.609437e-04
2.434050e+01    -1.635110e-04
2.435271e+01    -1.660060e-04
2.436492e+01    -1.684285e-04
2.437714e+01    -1.707774e-04
2.438935e+01    -1.730506e-04
2.440156e+01    -1.752469e-04
2.441378e+01    -1.773667e-04
2.442599e+01    -1.794121e-04
2.443820e+01    -1.813729e-04
2.445041e+01    -1.832580e-04
2.446263e+01    -1.850654e-04
2.447484e+01    -1.867849e-04
2.448705e+01    -1.884315e-04
2.449927e+01    -1.899942e-04
2.451148e+01    -1.914780e-04
2.452369e+01    -1.928715e-04
2.453591e+01    -1.941876e-04
2.454812e+01    -1.954199e-04
2.456033e+01    -1.965673e-04
2.457255e+01    -1.976313e-04
2.458476e+01    -1.986117e-04
2.459697e+01    -1.995075e-04
2.460918e+01    -2.003194e-04
2.462140e+01    -2.010454e-04
2.463361e+01    -2.016870e-04
2.464582e+01    -2.022450e-04
2.465804e+01    -2.027157e-04
2.467025e+01    -2.031079e-04
2.468246e+01    -2.034065e-04
2.469468e+01    -2.036260e-04
2.470689e+01    -2.037589e-04
2.471910e+01    -2.038085e-04
2.473131e+01    -2.037718e-04
2.474353e+01    -2.036538e-04
2.475574e+01    -2.034499e-04
2.476795e+01    -2.031630e-04
2.478017e+01    -2.027959e-04
2.479238e+01    -2.023436e-04
2.480459e+01    -2.018110e-04
2.481680e+01    -2.011926e-04
2.482902e+01    -2.004984e-04
2.484123e+01    -1.997243e-04
2.485344e+01    -1.988681e-04
2.486566e+01    -1.979319e-04
2.487787e+01    -1.969184e-04
2.489008e+01    -1.958258e-04
2.490230e+01    -1.946573e-04
2.491451e+01    -1.934103e-04
2.492672e+01    -1.920904e-04
2.493893e+01    -1.906934e-04
2.495115e+01    -1.892242e-04
2.496336e+01    -1.876806e-04
2.497557e+01    -1.860665e-04
2.498779e+01    -1.843751e-04
2.500000e+01    -1.826233e-04
