0.0000  -15.7915  -15.7915  -11.0429  -11.0429  -6.5852  -6.5852  -6.5852  -6.5852  -3.8074  -3.8074  -0.7278  -0.7278  -0.7278  -0.7278  3.0138  3.0138
0.0245  -15.8029  -15.8029  -11.0186  -11.0186  -6.5816  -6.5816  -6.5816  -6.5816  -3.8019  -3.8019  -0.7234  -0.7234  -0.7234  -0.7234  3.0206  3.0206
0.0491  -15.8365  -15.8365  -10.9464  -10.9464  -6.5707  -6.5707  -6.5707  -6.5707  -3.7854  -3.7854  -0.7105  -0.7105  -0.7105  -0.7105  3.0389  3.0389
0.0736  -15.8898  -15.8898  -10.8288  -10.8288  -6.5526  -6.5526  -6.5526  -6.5526  -3.7583  -3.7583  -0.6900  -0.6900  -0.6900  -0.6900  3.0586  3.0586
0.0981  -15.9595  -15.9595  -10.6693  -10.6693  -6.5275  -6.5275  -6.5275  -6.5275  -3.7206  -3.7206  -0.6636  -0.6636  -0.6636  -0.6636  3.0346  3.0346
0.1227  -16.0419  -16.0419  -10.4719  -10.4719  -6.4958  -6.4958  -6.4958  -6.4958  -3.6731  -3.6731  -0.6336  -0.6336  -0.6336  -0.6336  2.8153  2.8153
0.1472  -16.1330  -16.1330  -10.2409  -10.2409  -6.4576  -6.4576  -6.4576  -6.4576  -3.6163  -3.6163  -0.6035  -0.6035  -0.6035  -0.6035  2.4030  2.4030
0.1717  -16.2293  -16.2293  -9.9803  -9.9803  -6.4134  -6.4134  -6.4134  -6.4134  -3.5516  -3.5516  -0.5776  -0.5776  -0.5776  -0.5776  1.9435  1.9435
0.1963  -16.3275  -16.3275  -9.6937  -9.6937  -6.3639  -6.3639  -6.3639  -6.3639  -3.4804  -3.4804  -0.5614  -0.5614  -0.5614  -0.5614  1.4804  1.4804
0.2208  -16.4250  -16.4250  -9.3846  -9.3846  -6.3098  -6.3098  -6.3098  -6.3098  -3.4055  -3.4055  -0.5608  -0.5608  -0.5608  -0.5608  1.0259  1.0259
0.2453  -16.5194  -16.5194  -9.0561  -9.0561  -6.2519  -6.2519  -6.2519  -6.2519  -3.3306  -3.3306  -0.5814  -0.5814  -0.5814  -0.5814  0.5862  0.5862
0.2699  -16.6091  -16.6091  -8.7110  -8.7110  -6.1913  -6.1913  -6.1913  -6.1913  -3.2617  -3.2617  -0.6261  -0.6261  -0.6261  -0.6261  0.1676  0.1676
0.2944  -16.6924  -16.6924  -8.3521  -8.3521  -6.1294  -6.1294  -6.1294  -6.1294  -3.2080  -3.2080  -0.6945  -0.6945  -0.6945  -0.6945  -0.2215  -0.2215
0.3189  -16.7681  -16.7681  -7.9825  -7.9825  -6.0676  -6.0676  -6.0676  -6.0676  -3.1832  -3.1832  -0.7818  -0.7818  -0.7818  -0.7818  -0.5685  -0.5685
0.3434  -16.8354  -16.8354  -7.6055  -7.6055  -6.0077  -6.0077  -6.0077  -6.0077  -3.2058  -3.2058  -0.8804  -0.8804  -0.8804  -0.8804  -0.8565  -0.8565
0.3680  -16.8935  -16.8935  -7.2254  -7.2254  -5.9518  -5.9518  -5.9518  -5.9518  -3.2944  -3.2944  -1.0688  -1.0688  -0.9815  -0.9815  -0.9815  -0.9815
0.3925  -16.9417  -16.9417  -6.8487  -6.8487  -5.9019  -5.9019  -5.9019  -5.9019  -3.4559  -3.4559  -1.1992  -1.1992  -1.0766  -1.0766  -1.0766  -1.0766
0.4170  -16.9797  -16.9797  -6.4857  -6.4857  -5.8602  -5.8602  -5.8602  -5.8602  -3.6761  -3.6761  -1.2603  -1.2603  -1.1583  -1.1583  -1.1583  -1.1583
0.4416  -17.0070  -17.0070  -6.1566  -6.1566  -5.8287  -5.8287  -5.8287  -5.8287  -3.9190  -3.9190  -1.2775  -1.2775  -1.2210  -1.2210  -1.2210  -1.2210
0.4661  -17.0235  -17.0235  -5.9037  -5.9037  -5.8091  -5.8091  -5.8091  -5.8091  -4.1269  -4.1269  -1.2762  -1.2762  -1.2603  -1.2603  -1.2603  -1.2603
0.4906  -17.0290  -17.0290  -5.8024  -5.8024  -5.8024  -5.8024  -5.8024  -5.8024  -4.2142  -4.2142  -1.2737  -1.2737  -1.2737  -1.2737  -1.2737  -1.2737
0.5190  -17.0217  -17.0217  -5.9139  -5.9139  -5.8230  -5.8230  -5.8230  -5.8230  -4.0975  -4.0975  -1.3103  -1.3103  -1.2393  -1.2393  -1.2393  -1.2393
0.5473  -16.9997  -16.9997  -6.1831  -6.1831  -5.8825  -5.8825  -5.8825  -5.8825  -3.8132  -3.8132  -1.4132  -1.4132  -1.1384  -1.1384  -1.1384  -1.1384
0.5756  -16.9632  -16.9632  -6.5224  -6.5224  -5.9756  -5.9756  -5.9756  -5.9756  -3.4517  -3.4517  -1.5663  -1.5663  -0.9765  -0.9765  -0.9765  -0.9765
0.6040  -16.9124  -16.9124  -6.8884  -6.8884  -6.0947  -6.0947  -6.0947  -6.0947  -3.0616  -3.0616  -1.7510  -1.7510  -0.7614  -0.7614  -0.7614  -0.7614
0.6323  -16.8478  -16.8478  -7.2631  -7.2631  -6.2320  -6.2320  -6.2320  -6.2320  -2.6717  -2.6717  -1.9503  -1.9503  -0.5010  -0.5010  -0.5010  -0.5010
0.6606  -16.7698  -16.7698  -7.6380  -7.6380  -6.3805  -6.3805  -6.3805  -6.3805  -2.3281  -2.3281  -2.1313  -2.1313  -0.2028  -0.2028  -0.2028  -0.2028
0.6889  -16.6791  -16.6791  -8.0088  -8.0088  -6.5341  -6.5341  -6.5341  -6.5341  -2.3858  -2.3858  -1.9639  -1.9639  0.1267  0.1267  0.1267  0.1267
0.7173  -16.5765  -16.5765  -8.3727  -8.3727  -6.6879  -6.6879  -6.6879  -6.6879  -2.5757  -2.5757  -1.7571  -1.7571  0.4824  0.4824  0.4824  0.4824
0.7456  -16.4631  -16.4631  -8.7275  -8.7275  -6.8381  -6.8381  -6.8381  -6.8381  -2.7582  -2.7582  -1.6862  -1.6862  0.8601  0.8601  0.8601  0.8601
0.7739  -16.3402  -16.3402  -9.0715  -9.0715  -6.9818  -6.9818  -6.9818  -6.9818  -2.9266  -2.9266  -1.7518  -1.7518  1.2030  1.2030  1.2564  1.2564
0.8023  -16.2097  -16.2097  -9.4026  -9.4026  -7.1167  -7.1167  -7.1167  -7.1167  -3.0779  -3.0779  -1.9097  -1.9097  1.5519  1.5519  1.6688  1.6688
0.8306  -16.0736  -16.0736  -9.7185  -9.7185  -7.2408  -7.2408  -7.2408  -7.2408  -3.2104  -3.2104  -2.1130  -2.1130  1.9784  1.9784  2.0954  2.0954
0.8589  -15.9348  -15.9348  -10.0162  -10.0162  -7.3529  -7.3529  -7.3529  -7.3529  -3.3226  -3.3226  -2.3304  -2.3304  2.4519  2.4519  2.5345  2.5345
0.8872  -15.7967  -15.7967  -10.2922  -10.2922  -7.4519  -7.4519  -7.4519  -7.4519  -3.4136  -3.4136  -2.5438  -2.5438  2.9550  2.9550  2.9850  2.9850
0.9156  -15.6638  -15.6638  -10.5420  -10.5420  -7.5368  -7.5368  -7.5368  -7.5368  -3.4827  -3.4827  -2.7429  -2.7429  3.4458  3.4458  3.4458  3.4458
0.9439  -15.5414  -15.5414  -10.7602  -10.7602  -7.6071  -7.6071  -7.6071  -7.6071  -3.5295  -3.5295  -2.9214  -2.9214  3.9158  3.9158  3.9158  3.9158
0.9722  -15.4357  -15.4357  -10.9405  -10.9405  -7.6622  -7.6622  -7.6622  -7.6622  -3.5543  -3.5543  -3.0749  -3.0749  4.3935  4.3935  4.3935  4.3935
1.0005  -15.3535  -15.3535  -11.0761  -11.0761  -7.7018  -7.7018  -7.7018  -7.7018  -3.5590  -3.5590  -3.1990  -3.1990  4.8745  4.8745  4.8745  4.8745
1.0289  -15.3010  -15.3010  -11.1606  -11.1606  -7.7257  -7.7257  -7.7257  -7.7257  -3.5498  -3.5498  -3.2861  -3.2861  5.3407  5.3407  5.3407  5.3407
1.0572  -15.2830  -15.2830  -11.1893  -11.1893  -7.7337  -7.7337  -7.7337  -7.7337  -3.5423  -3.5423  -3.3197  -3.3197  5.6335  5.6335  5.6335  5.6335
1.5962  -15.2820  -15.2820  -11.1812  -11.1812  -7.8131  -7.8131  -7.7203  -7.7203  -3.4805  -3.4805  -3.2137  -3.2137  5.1360  5.1360  5.3301  5.3301
1.6362  -15.2803  -15.2803  -11.1576  -11.1576  -8.0153  -8.0153  -7.6805  -7.6805  -3.3944  -3.3944  -2.8314  -2.8314  4.4372  4.4372  4.7117  4.7117
1.6763  -15.2814  -15.2814  -11.1208  -11.1208  -8.2662  -8.2662  -7.6150  -7.6150  -3.3017  -3.3017  -2.2259  -2.2259  3.7513  3.7513  4.0832  4.0832
1.7164  -15.2912  -15.2912  -11.0733  -11.0733  -8.5003  -8.5003  -7.5252  -7.5252  -3.1856  -3.1856  -1.4774  -1.4774  3.0994  3.0994  3.4802  3.4802
1.7564  -15.3170  -15.3170  -11.0160  -11.0160  -8.6733  -8.6733  -7.4132  -7.4132  -3.0440  -3.0440  -0.6384  -0.6384  2.4933  2.4933  2.9100  2.9100
1.7965  -15.3660  -15.3660  -10.9452  -10.9452  -8.7607  -8.7607  -7.2815  -7.2815  -2.8801  -2.8801  0.2247  0.2247  1.9581  1.9581  2.3758  2.3758
1.8365  -15.4440  -15.4440  -10.8509  -10.8509  -8.7551  -8.7551  -7.1336  -7.1336  -2.6999  -2.6999  0.8216  0.8216  1.5967  1.5967  1.8789  1.8789
1.8766  -15.5531  -15.5531  -10.7189  -10.7189  -8.6625  -8.6625  -6.9738  -6.9738  -2.5134  -2.5134  0.6490  0.6490  1.3083  1.3083  1.4193  1.4193
1.9167  -15.6905  -15.6905  -10.5363  -10.5363  -8.4959  -8.4959  -6.8073  -6.8073  -2.3362  -2.3362  0.2557  0.2557  0.9779  0.9779  0.9966  0.9966
1.9567  -15.8498  -15.8498  -10.2952  -10.2952  -8.2698  -8.2698  -6.6397  -6.6397  -2.1908  -2.1908  -0.1309  -0.1309  0.6097  0.6097  0.7056  0.7056
1.9968  -16.0224  -16.0224  -9.9932  -9.9932  -7.9979  -7.9979  -6.4772  -6.4772  -2.1050  -2.1050  -0.4785  -0.4785  0.2581  0.2581  0.5232  0.5232
2.0368  -16.1991  -16.1991  -9.6318  -9.6318  -7.6931  -7.6931  -6.3260  -6.3260  -2.1016  -2.1016  -0.7767  -0.7767  -0.0584  -0.0584  0.4342  0.4342
2.0769  -16.3715  -16.3715  -9.2148  -9.2148  -7.3679  -7.3679  -6.1912  -6.1912  -2.1846  -2.1846  -1.0198  -1.0198  -0.3397  -0.3397  0.4018  0.4018
2.1170  -16.5327  -16.5327  -8.7472  -8.7472  -7.0358  -7.0358  -6.0765  -6.0765  -2.3406  -2.3406  -1.2038  -1.2038  -0.5851  -0.5851  0.3381  0.3381
2.1570  -16.6769  -16.6769  -8.2352  -8.2352  -6.7121  -6.7121  -5.9838  -5.9838  -2.5555  -2.5555  -1.3258  -1.3258  -0.7941  -0.7941  0.1331  0.1331
2.1971  -16.8000  -16.8000  -7.6870  -7.6870  -6.4140  -6.4140  -5.9128  -5.9128  -2.8286  -2.8286  -1.3851  -1.3851  -0.9660  -0.9660  -0.2348  -0.2348
2.2372  -16.8986  -16.8986  -7.1153  -7.1153  -6.1594  -6.1594  -5.8616  -5.8616  -3.1711  -3.1711  -1.3867  -1.3867  -1.1003  -1.1003  -0.6514  -0.6514
2.2772  -16.9706  -16.9706  -6.5448  -6.5448  -5.9651  -5.9651  -5.8277  -5.8277  -3.5825  -3.5825  -1.3467  -1.3467  -1.1965  -1.1965  -0.9938  -0.9938
2.3173  -17.0143  -17.0143  -6.0413  -6.0413  -5.8437  -5.8437  -5.8086  -5.8086  -4.0009  -4.0009  -1.2965  -1.2965  -1.2544  -1.2544  -1.2043  -1.2043
2.3573  -17.0290  -17.0290  -5.8024  -5.8024  -5.8024  -5.8024  -5.8024  -5.8024  -4.2142  -4.2142  -1.2737  -1.2737  -1.2737  -1.2737  -1.2737  -1.2737
