0.0000  -16.1820  -16.1820  -11.4023  -11.4023  -6.3478  -6.3478  -6.3478  -6.3478  -3.6274  -3.6274  -0.3968  -0.3968  -0.3968  -0.3968  3.2422  3.2422
0.0255  -16.1961  -16.1961  -11.3741  -11.3741  -6.3437  -6.3437  -6.3437  -6.3437  -3.6244  -3.6244  -0.3913  -0.3913  -0.3913  -0.3913  3.2515  3.2515
0.0509  -16.2370  -16.2370  -11.2904  -11.2904  -6.3315  -6.3315  -6.3315  -6.3315  -3.6153  -3.6153  -0.3751  -0.3751  -0.3751  -0.3751  3.2784  3.2784
0.0764  -16.3018  -16.3018  -11.1547  -11.1547  -6.3113  -6.3113  -6.3113  -6.3113  -3.6001  -3.6001  -0.3492  -0.3492  -0.3492  -0.3492  3.3196  3.3196
0.1019  -16.3860  -16.3860  -10.9713  -10.9713  -6.2832  -6.2832  -6.2832  -6.2832  -3.5729  -3.5729  -0.3152  -0.3152  -0.3152  -0.3152  3.3636  3.3636
0.1273  -16.4846  -16.4846  -10.7456  -10.7456  -6.2475  -6.2475  -6.2475  -6.2475  -3.5195  -3.5195  -0.2757  -0.2757  -0.2757  -0.2757  3.3556  3.3556
0.1528  -16.5929  -16.5929  -10.4827  -10.4827  -6.2045  -6.2045  -6.2045  -6.2045  -3.4554  -3.4554  -0.2343  -0.2343  -0.2343  -0.2343  3.1098  3.1098
0.1783  -16.7065  -16.7065  -10.1874  -10.1874  -6.1547  -6.1547  -6.1547  -6.1547  -3.3814  -3.3814  -0.1958  -0.1958  -0.1958  -0.1958  2.6644  2.6644
0.2037  -16.8216  -16.8216  -9.8640  -9.8640  -6.0986  -6.0986  -6.0986  -6.0986  -3.2990  -3.2990  -0.1664  -0.1664  -0.1664  -0.1664  2.1803  2.1803
0.2292  -16.9352  -16.9352  -9.5163  -9.5163  -6.0370  -6.0370  -6.0370  -6.0370  -3.2103  -3.2103  -0.1533  -0.1533  -0.1533  -0.1533  1.6964  1.6964
0.2547  -17.0447  -17.0447  -9.1476  -9.1476  -5.9708  -5.9708  -5.9708  -5.9708  -3.1186  -3.1186  -0.1635  -0.1635  -0.1635  -0.1635  1.2236  1.2236
0.2801  -17.1482  -17.1482  -8.7610  -8.7610  -5.9011  -5.9011  -5.9011  -5.9011  -3.0291  -3.0291  -0.2019  -0.2019  -0.2019  -0.2019  0.7689  0.7689
0.3056  -17.2440  -17.2440  -8.3594  -8.3594  -5.8295  -5.8295  -5.8295  -5.8295  -2.9502  -2.9502  -0.2691  -0.2691  -0.2691  -0.2691  0.3400  0.3400
0.3311  -17.3308  -17.3308  -7.9460  -7.9460  -5.7576  -5.7576  -5.7576  -5.7576  -2.8950  -2.8950  -0.3605  -0.3605  -0.3605  -0.3605  -0.0513  -0.0513
0.3565  -17.4078  -17.4078  -7.5240  -7.5240  -5.6874  -5.6874  -5.6874  -5.6874  -2.8834  -2.8834  -0.4673  -0.4673  -0.4673  -0.4673  -0.3873  -0.3873
0.3820  -17.4741  -17.4741  -7.0976  -7.0976  -5.6214  -5.6214  -5.6214  -5.6214  -2.9396  -2.9396  -0.6462  -0.6462  -0.5792  -0.5792  -0.5792  -0.5792
0.4075  -17.5290  -17.5290  -6.6728  -6.6728  -5.5621  -5.5621  -5.5621  -5.5621  -3.0815  -3.0815  -0.8126  -0.8126  -0.6859  -0.6859  -0.6859  -0.6859
0.4330  -17.5722  -17.5722  -6.2594  -6.2594  -5.5122  -5.5122  -5.5122  -5.5122  -3.3030  -3.3030  -0.8933  -0.8933  -0.7785  -0.7785  -0.7785  -0.7785
0.4584  -17.6033  -17.6033  -5.8768  -5.8768  -5.4742  -5.4742  -5.4742  -5.4742  -3.5690  -3.5690  -0.9161  -0.9161  -0.8499  -0.8499  -0.8499  -0.8499
0.4839  -17.6220  -17.6220  -5.5711  -5.5711  -5.4505  -5.4505  -5.4505  -5.4505  -3.8137  -3.8137  -0.9139  -0.9139  -0.8949  -0.8949  -0.8949  -0.8949
0.5093  -17.6282  -17.6282  -5.4424  -5.4424  -5.4424  -5.4424  -5.4424  -5.4424  -3.9234  -3.9234  -0.9103  -0.9103  -0.9103  -0.9103  -0.9103  -0.9103
0.5388  -17.6199  -17.6199  -5.5836  -5.5836  -5.4680  -5.4680  -5.4680  -5.4680  -3.7769  -3.7769  -0.9556  -0.9556  -0.8697  -0.8697  -0.8697  -0.8697
0.5682  -17.5949  -17.5949  -5.9058  -5.9058  -5.5419  -5.5419  -5.5419  -5.5419  -3.4397  -3.4397  -1.0819  -1.0819  -0.7510  -0.7510  -0.7510  -0.7510
0.5976  -17.5534  -17.5534  -6.2947  -6.2947  -5.6562  -5.6562  -5.6562  -5.6562  -3.0296  -3.0296  -1.2660  -1.2660  -0.5623  -0.5623  -0.5623  -0.5623
0.6270  -17.4957  -17.4957  -6.7053  -6.7053  -5.8008  -5.8008  -5.8008  -5.8008  -2.5992  -2.5992  -1.4833  -1.4833  -0.3139  -0.3139  -0.3139  -0.3139
0.6564  -17.4221  -17.4221  -7.1210  -7.1210  -5.9654  -5.9654  -5.9654  -5.9654  -2.1854  -2.1854  -1.7068  -1.7068  -0.0164  -0.0164  -0.0164  -0.0164
0.6858  -17.3331  -17.3331  -7.5350  -7.5350  -6.1414  -6.1414  -6.1414  -6.1414  -2.0149  -2.0149  -1.7269  -1.7269  0.3211  0.3211  0.3211  0.3211
0.7152  -17.2294  -17.2294  -7.9436  -7.9436  -6.3217  -6.3217  -6.3217  -6.3217  -2.2210  -2.2210  -1.4466  -1.4466  0.6910  0.6910  0.6910  0.6910
0.7446  -17.1118  -17.1118  -8.3445  -8.3445  -6.5008  -6.5008  -6.5008  -6.5008  -2.4409  -2.4409  -1.2827  -1.2827  1.0873  1.0873  1.0873  1.0873
0.7740  -16.9814  -16.9814  -8.7362  -8.7362  -6.6746  -6.6746  -6.6746  -6.6746  -2.6491  -2.6491  -1.2924  -1.2924  1.5019  1.5019  1.5054  1.5054
0.8034  -16.8397  -16.8397  -9.1168  -9.1168  -6.8398  -6.8398  -6.8398  -6.8398  -2.8407  -2.8407  -1.4446  -1.4446  1.8118  1.8118  1.9418  1.9418
0.8328  -16.6883  -16.6883  -9.4846  -9.4846  -6.9941  -6.9941  -6.9941  -6.9941  -3.0131  -3.0131  -1.6751  -1.6751  2.2351  2.2351  2.3937  2.3937
0.8622  -16.5297  -16.5297  -9.8372  -9.8372  -7.1357  -7.1357  -7.1357  -7.1357  -3.1644  -3.1644  -1.9348  -1.9348  2.7239  2.7239  2.8591  2.8591
0.8917  -16.3667  -16.3667  -10.1716  -10.1716  -7.2631  -7.2631  -7.2631  -7.2631  -3.2935  -3.2935  -2.1961  -2.1961  3.2511  3.2511  3.3364  3.3364
0.9211  -16.2034  -16.2034  -10.4838  -10.4838  -7.3753  -7.3753  -7.3753  -7.3753  -3.3993  -3.3993  -2.4439  -2.4439  3.8017  3.8017  3.8247  3.8247
0.9505  -16.0446  -16.0446  -10.7688  -10.7688  -7.4714  -7.4714  -7.4714  -7.4714  -3.4105  -3.4105  -2.6698  -2.6698  4.3231  4.3231  4.3231  4.3231
0.9799  -15.8969  -15.8969  -11.0201  -11.0201  -7.5508  -7.5508  -7.5508  -7.5508  -3.4395  -3.4395  -2.8685  -2.8685  4.8308  4.8308  4.8308  4.8308
1.0093  -15.7678  -15.7678  -11.2298  -11.2298  -7.6130  -7.6130  -7.6130  -7.6130  -3.4567  -3.4567  -3.0361  -3.0361  5.3467  5.3467  5.3467  5.3467
1.0387  -15.6663  -15.6663  -11.3891  -11.3891  -7.6577  -7.6577  -7.6577  -7.6577  -3.4635  -3.4635  -3.1681  -3.1681  5.8677  5.8677  5.8677  5.8677
1.0681  -15.6009  -15.6009  -11.4891  -11.4891  -7.6846  -7.6846  -7.6846  -7.6846  -3.4630  -3.4630  -3.2569  -3.2569  6.3794  6.3794  6.3794  6.3794
1.0975  -15.5783  -15.5783  -11.5233  -11.5233  -7.6936  -7.6936  -7.6936  -7.6936  -3.4614  -3.4614  -3.2895  -3.2895  6.7220  6.7220  6.7220  6.7220
1.6570  -15.5769  -15.5769  -11.5137  -11.5137  -7.7957  -7.7957  -7.6782  -7.6782  -3.4240  -3.4240  -3.1662  -3.1662  6.1469  6.1469  6.3001  6.3001
1.6986  -15.5744  -15.5744  -11.4860  -11.4860  -8.0501  -8.0501  -7.6325  -7.6325  -3.3714  -3.3714  -2.7277  -2.7277  5.3754  5.3754  5.6014  5.6014
1.7402  -15.5750  -15.5750  -11.4428  -11.4428  -8.3583  -8.3583  -7.5572  -7.5572  -3.2949  -3.2949  -2.0409  -2.0409  4.6246  4.6246  4.9096  4.9096
1.7818  -15.5861  -15.5861  -11.3874  -11.3874  -8.6407  -8.6407  -7.4537  -7.4537  -3.1614  -3.1614  -1.2028  -1.2028  3.9138  3.9138  4.2487  4.2487
1.8234  -15.6168  -15.6168  -11.3212  -11.3212  -8.8470  -8.8470  -7.3243  -7.3243  -2.9986  -2.9986  -0.2720  -0.2720  3.2555  3.2555  3.6251  3.6251
1.8650  -15.6762  -15.6762  -11.2405  -11.2405  -8.9502  -8.9502  -7.1717  -7.1717  -2.8086  -2.8086  0.6816  0.6816  2.6798  2.6798  3.0421  3.0421
1.9065  -15.7714  -15.7714  -11.1334  -11.1334  -8.9435  -8.9435  -6.9997  -6.9997  -2.5968  -2.5968  1.3574  1.3574  2.2953  2.2953  2.5010  2.5010
1.9481  -15.9040  -15.9040  -10.9836  -10.9836  -8.8355  -8.8355  -6.8131  -6.8131  -2.3726  -2.3726  1.2030  1.2030  1.9405  1.9405  2.0018  2.0018
1.9897  -16.0701  -16.0701  -10.7767  -10.7767  -8.6422  -8.6422  -6.6178  -6.6178  -2.1507  -2.1507  0.7836  0.7836  1.5439  1.5439  1.5540  1.5540
2.0313  -16.2610  -16.2610  -10.5046  -10.5046  -8.3806  -8.3806  -6.4204  -6.4204  -1.9545  -1.9545  0.3636  0.3636  1.1256  1.1256  1.2352  1.2352
2.0729  -16.4657  -16.4657  -10.1655  -10.1655  -8.0662  -8.0662  -6.2285  -6.2285  -1.8153  -1.8153  -0.0169  -0.0169  0.7460  0.7460  1.0164  1.0164
2.1145  -16.6733  -16.6733  -9.7618  -9.7618  -7.7125  -7.7125  -6.0495  -6.0495  -1.7647  -1.7647  -0.3459  -0.3459  0.4043  0.4043  0.9103  0.9103
2.1561  -16.8741  -16.8741  -9.2979  -9.2979  -7.3328  -7.3328  -5.8902  -5.8902  -1.8148  -1.8148  -0.6167  -0.6167  0.1005  0.1005  0.8894  0.8894
2.1977  -17.0605  -17.0605  -8.7792  -8.7792  -6.9417  -6.9417  -5.7554  -5.7554  -1.9522  -1.9522  -0.8251  -0.8251  -0.1648  -0.1648  0.8627  0.8627
2.2393  -17.2264  -17.2264  -8.2120  -8.2120  -6.5562  -6.5562  -5.6474  -5.6474  -2.1565  -2.1565  -0.9673  -0.9673  -0.3909  -0.3909  0.6883  0.6883
2.2808  -17.3673  -17.3673  -7.6042  -7.6042  -6.1965  -6.1965  -5.5657  -5.5657  -2.4223  -2.4223  -1.0407  -1.0407  -0.5770  -0.5770  0.3014  0.3014
2.3224  -17.4799  -17.4799  -6.9675  -6.9675  -5.8853  -5.8853  -5.5078  -5.5078  -2.7638  -2.7638  -1.0472  -1.0472  -0.7224  -0.7224  -0.1745  -0.1745
2.3640  -17.5618  -17.5618  -6.3248  -6.3248  -5.6451  -5.6451  -5.4701  -5.4701  -3.1936  -3.1936  -1.0015  -1.0015  -0.8267  -0.8267  -0.5781  -0.5781
2.4056  -17.6116  -17.6116  -5.7391  -5.7391  -5.4939  -5.4939  -5.4491  -5.4491  -3.6622  -3.6622  -0.9395  -0.9395  -0.8894  -0.8894  -0.8280  -0.8280
2.4472  -17.6282  -17.6282  -5.4424  -5.4424  -5.4424  -5.4424  -5.4424  -5.4424  -3.9234  -3.9234  -0.9103  -0.9103  -0.9103  -0.9103  -0.9103  -0.9103
