0.000000e+00    -8.453108e+00
1.221299e-02    -8.445885e+00
2.442599e-02    -8.424244e+00
3.663898e-02    -8.388271e+00
4.885198e-02    -8.338102e+00
6.106497e-02    -8.273937e+00
7.327797e-02    -8.196022e+00
8.549096e-02    -8.104657e+00
9.770396e-02    -8.000197e+00
1.099169e-01    -7.883041e+00
1.221299e-01    -7.753636e+00
1.343429e-01    -7.612472e+00
1.465559e-01    -7.460083e+00
1.587689e-01    -7.297040e+00
1.709819e-01    -7.123947e+00
1.831949e-01    -6.941444e+00
1.954079e-01    -6.750198e+00
2.076209e-01    -6.550900e+00
2.198339e-01    -6.344264e+00
2.320469e-01    -6.131020e+00
2.442599e-01    -5.911914e+00
2.564729e-01    -5.687702e+00
2.686859e-01    -5.459146e+00
2.808989e-01    -5.227011e+00
2.931119e-01    -4.992060e+00
3.053249e-01    -4.755055e+00
3.175378e-01    -4.516747e+00
3.297509e-01    -4.277877e+00
3.419639e-01    -4.039172e+00
3.541768e-01    -3.801339e+00
3.663898e-01    -3.565069e+00
3.786028e-01    -3.331026e+00
3.908158e-01    -3.099849e+00
4.030288e-01    -2.872150e+00
4.152418e-01    -2.648511e+00
4.274548e-01    -2.429481e+00
4.396678e-01    -2.215575e+00
4.518808e-01    -2.007275e+00
4.640938e-01    -1.805023e+00
4.763068e-01    -1.609229e+00
4.885198e-01    -1.420259e+00
5.007328e-01    -1.238446e+00
5.129458e-01    -1.064078e+00
5.251588e-01    -8.974110e-01
5.373718e-01    -7.386568e-01
5.495847e-01    -5.879912e-01
5.617977e-01    -4.455515e-01
5.740107e-01    -3.114379e-01
5.862237e-01    -1.857143e-01
5.984367e-01    -6.840929e-02
6.106497e-01    4.048259e-02
6.228627e-01    1.409996e-01
6.350757e-01    2.332114e-01
6.472887e-01    3.172172e-01
6.595017e-01    3.931448e-01
6.717147e-01    4.611474e-01
6.839277e-01    5.214038e-01
6.961407e-01    5.741152e-01
7.083537e-01    6.195037e-01
7.205667e-01    6.578103e-01
7.327797e-01    6.892928e-01
7.449927e-01    7.142249e-01
7.572057e-01    7.328925e-01
7.694187e-01    7.455932e-01
7.816316e-01    7.526340e-01
7.938446e-01    7.543294e-01
8.060576e-01    7.509995e-01
8.182706e-01    7.429686e-01
8.304836e-01    7.305629e-01
8.426966e-01    7.141101e-01
8.549096e-01    6.939363e-01
8.671226e-01    6.703657e-01
8.793356e-01    6.437185e-01
8.915486e-01    6.143102e-01
9.037616e-01    5.824501e-01
9.159746e-01    5.484399e-01
9.281876e-01    5.125736e-01
9.404006e-01    4.751356e-01
9.526136e-01    4.364002e-01
9.648266e-01    3.966310e-01
9.770396e-01    3.560801e-01
9.892526e-01    3.149878e-01
1.001466e+00    2.735818e-01
1.013679e+00    2.320770e-01
1.025892e+00    1.906753e-01
1.038105e+00    1.495651e-01
1.050318e+00    1.089216e-01
1.062531e+00    6.890619e-02
1.074744e+00    2.966706e-02
1.086957e+00    -8.661004e-03
1.099169e+00    -4.595663e-02
1.111382e+00    -8.211128e-02
1.123595e+00    -1.170294e-01
1.135808e+00    -1.506276e-01
1.148021e+00    -1.828349e-01
1.160234e+00    -2.135918e-01
1.172447e+00    -2.428502e-01
1.184660e+00    -2.705726e-01
1.196873e+00    -2.967321e-01
1.209086e+00    -3.213112e-01
1.221299e+00    -3.443021e-01
1.233512e+00    -3.657051e-01
1.245725e+00    -3.855292e-01
1.257938e+00    -4.037905e-01
1.270151e+00    -4.205123e-01
1.282364e+00    -4.357243e-01
1.294577e+00    -4.494617e-01
1.306790e+00    -4.617655e-01
1.319003e+00    -4.726807e-01
1.331216e+00    -4.822568e-01
1.343429e+00    -4.905468e-01
1.355642e+00    -4.976069e-01
1.367855e+00    -5.034954e-01
1.380068e+00    -5.082731e-01
1.392281e+00    -5.120021e-01
1.404494e+00    -5.147457e-01
1.416707e+00    -5.165678e-01
1.428920e+00    -5.175329e-01
1.441133e+00    -5.177049e-01
1.453346e+00    -5.171477e-01
1.465559e+00    -5.159242e-01
1.477772e+00    -5.140962e-01
1.489985e+00    -5.117244e-01
1.502198e+00    -5.088674e-01
1.514411e+00    -5.055826e-01
1.526624e+00    -5.019246e-01
1.538837e+00    -4.979466e-01
1.551050e+00    -4.936987e-01
1.563263e+00    -4.892291e-01
1.575476e+00    -4.845829e-01
1.587689e+00    -4.798028e-01
1.599902e+00    -4.749286e-01
1.612115e+00    -4.699975e-01
1.624328e+00    -4.650435e-01
1.636541e+00    -4.600980e-01
1.648754e+00    -4.551896e-01
1.660967e+00    -4.503442e-01
1.673180e+00    -4.455846e-01
1.685393e+00    -4.409311e-01
1.697606e+00    -4.364014e-01
1.709819e+00    -4.320105e-01
1.722032e+00    -4.277711e-01
1.734245e+00    -4.236932e-01
1.746458e+00    -4.197849e-01
1.758671e+00    -4.160518e-01
1.770884e+00    -4.124978e-01
1.783097e+00    -4.091246e-01
1.795310e+00    -4.059320e-01
1.807523e+00    -4.029184e-01
1.819736e+00    -4.000806e-01
1.831949e+00    -3.974138e-01
1.844162e+00    -3.949121e-01
1.856375e+00    -3.925684e-01
1.868588e+00    -3.903743e-01
1.880801e+00    -3.883210e-01
1.893014e+00    -3.863986e-01
1.905227e+00    -3.845965e-01
1.917440e+00    -3.829037e-01
1.929653e+00    -3.813087e-01
1.941866e+00    -3.797998e-01
1.954079e+00    -3.783648e-01
1.966292e+00    -3.769917e-01
1.978505e+00    -3.756684e-01
1.990718e+00    -3.743827e-01
2.002931e+00    -3.731228e-01
2.015144e+00    -3.718769e-01
2.027357e+00    -3.706335e-01
2.039570e+00    -3.693816e-01
2.051783e+00    -3.681106e-01
2.063996e+00    -3.668103e-01
2.076209e+00    -3.654710e-01
2.088422e+00    -3.640836e-01
2.100635e+00    -3.626395e-01
2.112848e+00    -3.611309e-01
2.125061e+00    -3.595504e-01
2.137274e+00    -3.578914e-01
2.149487e+00    -3.561479e-01
2.161700e+00    -3.543148e-01
2.173913e+00    -3.523873e-01
2.186126e+00    -3.503616e-01
2.198339e+00    -3.482343e-01
2.210552e+00    -3.460029e-01
2.222765e+00    -3.436654e-01
2.234978e+00    -3.412207e-01
2.247191e+00    -3.386679e-01
2.259404e+00    -3.360070e-01
2.271617e+00    -3.332384e-01
2.283830e+00    -3.303633e-01
2.296043e+00    -3.273831e-01
2.308256e+00    -3.243000e-01
2.320469e+00    -3.211162e-01
2.332682e+00    -3.178350e-01
2.344895e+00    -3.144595e-01
2.357108e+00    -3.109935e-01
2.369321e+00    -3.074409e-01
2.381534e+00    -3.038062e-01
2.393747e+00    -3.000938e-01
2.405960e+00    -2.963085e-01
2.418173e+00    -2.924555e-01
2.430386e+00    -2.885399e-01
2.442599e+00    -2.845668e-01
2.454812e+00    -2.805418e-01
2.467025e+00    -2.764704e-01
2.479238e+00    -2.723580e-01
2.491451e+00    -2.682102e-01
2.503664e+00    -2.640325e-01
2.515877e+00    -2.598303e-01
2.528090e+00    -2.556092e-01
2.540303e+00    -2.513745e-01
2.552516e+00    -2.471314e-01
2.564729e+00    -2.428851e-01
2.576942e+00    -2.386406e-01
2.589155e+00    -2.344026e-01
2.601368e+00    -2.301759e-01
2.613581e+00    -2.259649e-01
2.625794e+00    -2.217741e-01
2.638007e+00    -2.176075e-01
2.650220e+00    -2.134690e-01
2.662433e+00    -2.093624e-01
2.674646e+00    -2.052909e-01
2.686859e+00    -2.012581e-01
2.699072e+00    -1.972668e-01
2.711285e+00    -1.933199e-01
2.723498e+00    -1.894200e-01
2.735711e+00    -1.855693e-01
2.747924e+00    -1.817702e-01
2.760137e+00    -1.780244e-01
2.772350e+00    -1.743337e-01
2.784563e+00    -1.706995e-01
2.796776e+00    -1.671232e-01
2.808989e+00    -1.636059e-01
2.821202e+00    -1.601484e-01
2.833415e+00    -1.567515e-01
2.845628e+00    -1.534158e-01
2.857841e+00    -1.501415e-01
2.870054e+00    -1.469288e-01
2.882267e+00    -1.437780e-01
2.894480e+00    -1.406889e-01
2.906693e+00    -1.376612e-01
2.918906e+00    -1.346947e-01
2.931119e+00    -1.317888e-01
2.943332e+00    -1.289432e-01
2.955545e+00    -1.261570e-01
2.967758e+00    -1.234296e-01
2.979971e+00    -1.207601e-01
2.992184e+00    -1.181477e-01
3.004397e+00    -1.155915e-01
3.016610e+00    -1.130903e-01
3.028823e+00    -1.106433e-01
3.041036e+00    -1.082493e-01
3.053249e+00    -1.059072e-01
3.065462e+00    -1.036159e-01
3.077675e+00    -1.013743e-01
3.089888e+00    -9.918114e-02
3.102101e+00    -9.703530e-02
3.114314e+00    -9.493566e-02
3.126527e+00    -9.288101e-02
3.138740e+00    -9.087025e-02
3.150953e+00    -8.890222e-02
3.163166e+00    -8.697583e-02
3.175379e+00    -8.508998e-02
3.187592e+00    -8.324359e-02
3.199805e+00    -8.143561e-02
3.212018e+00    -7.966509e-02
3.224231e+00    -7.793098e-02
3.236444e+00    -7.623232e-02
3.248657e+00    -7.456826e-02
3.260870e+00    -7.293785e-02
3.273082e+00    -7.134028e-02
3.285295e+00    -6.977469e-02
3.297508e+00    -6.824034e-02
3.309721e+00    -6.673646e-02
3.321934e+00    -6.526235e-02
3.334147e+00    -6.381733e-02
3.346360e+00    -6.240072e-02
3.358573e+00    -6.101194e-02
3.370786e+00    -5.965038e-02
3.382999e+00    -5.831549e-02
3.395212e+00    -5.700674e-02
3.407425e+00    -5.572363e-02
3.419638e+00    -5.446567e-02
3.431851e+00    -5.323242e-02
3.444064e+00    -5.202344e-02
3.456277e+00    -5.083832e-02
3.468490e+00    -4.967664e-02
3.480703e+00    -4.853806e-02
3.492916e+00    -4.742221e-02
3.505129e+00    -4.632872e-02
3.517342e+00    -4.525728e-02
3.529555e+00    -4.420755e-02
3.541768e+00    -4.317922e-02
3.553981e+00    -4.217198e-02
3.566194e+00    -4.118552e-02
3.578407e+00    -4.021956e-02
3.590620e+00    -3.927381e-02
3.602833e+00    -3.834795e-02
3.615046e+00    -3.744172e-02
3.627259e+00    -3.655484e-02
3.639472e+00    -3.568701e-02
3.651685e+00    -3.483793e-02
3.663898e+00    -3.400733e-02
3.676111e+00    -3.319494e-02
3.688324e+00    -3.240044e-02
3.700537e+00    -3.162348e-02
3.712750e+00    -3.086397e-02
3.724963e+00    -3.012138e-02
3.737176e+00    -2.939552e-02
3.749389e+00    -2.868604e-02
3.761602e+00    -2.799267e-02
3.773815e+00    -2.731507e-02
3.786028e+00    -2.665293e-02
3.798241e+00    -2.600593e-02
3.810454e+00    -2.537377e-02
3.822667e+00    -2.475612e-02
3.834880e+00    -2.415264e-02
3.847093e+00    -2.356303e-02
3.859306e+00    -2.298696e-02
3.871519e+00    -2.242409e-02
3.883732e+00    -2.187411e-02
3.895945e+00    -2.133670e-02
3.908158e+00    -2.081153e-02
3.920371e+00    -2.029827e-02
3.932584e+00    -1.979663e-02
3.944797e+00    -1.930628e-02
3.957010e+00    -1.882691e-02
3.969223e+00    -1.835822e-02
3.981436e+00    -1.789991e-02
3.993649e+00    -1.745168e-02
4.005862e+00    -1.701323e-02
4.018075e+00    -1.658430e-02
4.030288e+00    -1.616459e-02
4.042501e+00    -1.575386e-02
4.054714e+00    -1.535181e-02
4.066927e+00    -1.495822e-02
4.079140e+00    -1.457283e-02
4.091353e+00    -1.419541e-02
4.103566e+00    -1.382573e-02
4.115779e+00    -1.346358e-02
4.127992e+00    -1.310873e-02
4.140205e+00    -1.276103e-02
4.152418e+00    -1.242022e-02
4.164631e+00    -1.208619e-02
4.176844e+00    -1.175874e-02
4.189057e+00    -1.143771e-02
4.201270e+00    -1.112301e-02
4.213483e+00    -1.081437e-02
4.225696e+00    -1.051180e-02
4.237909e+00    -1.021512e-02
4.250122e+00    -9.924243e-03
4.262335e+00    -9.639041e-03
4.274548e+00    -9.359466e-03
4.286761e+00    -9.085415e-03
4.298974e+00    -8.816834e-03
4.311187e+00    -8.553629e-03
4.323400e+00    -8.295786e-03
4.335613e+00    -8.043228e-03
4.347826e+00    -7.795941e-03
4.360039e+00    -7.553877e-03
4.372252e+00    -7.317021e-03
4.384465e+00    -7.085348e-03
4.396678e+00    -6.858861e-03
4.408891e+00    -6.637522e-03
4.421104e+00    -6.421364e-03
4.433317e+00    -6.210360e-03
4.445530e+00    -6.004550e-03
4.457743e+00    -5.803911e-03
4.469956e+00    -5.608478e-03
4.482169e+00    -5.418261e-03
4.494382e+00    -5.233276e-03
4.506595e+00    -5.053537e-03
4.518808e+00    -4.879094e-03
4.531021e+00    -4.709936e-03
4.543234e+00    -4.546119e-03
4.555447e+00    -4.387634e-03
4.567660e+00    -4.234531e-03
4.579873e+00    -4.086808e-03
4.592086e+00    -3.944529e-03
4.604299e+00    -3.807677e-03
4.616512e+00    -3.676289e-03
4.628725e+00    -3.550380e-03
4.640938e+00    -3.429967e-03
4.653151e+00    -3.315061e-03
4.665364e+00    -3.205678e-03
4.677577e+00    -3.101815e-03
4.689790e+00    -3.003490e-03
4.702003e+00    -2.910713e-03
4.714216e+00    -2.823435e-03
4.726429e+00    -2.741695e-03
4.738642e+00    -2.665473e-03
4.750855e+00    -2.594748e-03
4.763068e+00    -2.529492e-03
4.775281e+00    -2.469700e-03
4.787494e+00    -2.415323e-03
4.799707e+00    -2.366332e-03
4.811920e+00    -2.322737e-03
4.824133e+00    -2.284435e-03
4.836346e+00    -2.251393e-03
4.848559e+00    -2.223573e-03
4.860772e+00    -2.200909e-03
4.872985e+00    -2.183343e-03
4.885198e+00    -2.170814e-03
4.897411e+00    -2.163263e-03
4.909624e+00    -2.160559e-03
4.921837e+00    -2.162681e-03
4.934050e+00    -2.169548e-03
4.946263e+00    -2.181026e-03
4.958476e+00    -2.197073e-03
4.970689e+00    -2.217560e-03
4.982902e+00    -2.242407e-03
4.995115e+00    -2.271500e-03
5.007328e+00    -2.304737e-03
5.019541e+00    -2.342015e-03
5.031754e+00    -2.383203e-03
5.043967e+00    -2.428195e-03
5.056180e+00    -2.476878e-03
5.068393e+00    -2.529123e-03
5.080606e+00    -2.584795e-03
5.092819e+00    -2.643793e-03
5.105031e+00    -2.705963e-03
5.117245e+00    -2.771181e-03
5.129457e+00    -2.839311e-03
5.141671e+00    -2.910228e-03
5.153883e+00    -2.983779e-03
5.166097e+00    -3.059820e-03
5.178309e+00    -3.138252e-03
5.190523e+00    -3.218897e-03
5.202735e+00    -3.301618e-03
5.214949e+00    -3.386277e-03
5.227162e+00    -3.472730e-03
5.239375e+00    -3.560831e-03
5.251588e+00    -3.650437e-03
5.263801e+00    -3.741411e-03
5.276014e+00    -3.833601e-03
5.288227e+00    -3.926872e-03
5.300440e+00    -4.021076e-03
5.312653e+00    -4.116063e-03
5.324866e+00    -4.211725e-03
5.337079e+00    -4.307886e-03
5.349292e+00    -4.404419e-03
5.361505e+00    -4.501205e-03
5.373718e+00    -4.598085e-03
5.385931e+00    -4.694923e-03
5.398144e+00    -4.791647e-03
5.410357e+00    -4.888007e-03
5.422570e+00    -4.983973e-03
5.434783e+00    -5.079393e-03
5.446996e+00    -5.174141e-03
5.459208e+00    -5.268099e-03
5.471422e+00    -5.361134e-03
5.483634e+00    -5.453140e-03
5.495848e+00    -5.544008e-03
5.508060e+00    -5.633622e-03
5.520274e+00    -5.721854e-03
5.532486e+00    -5.808634e-03
5.544700e+00    -5.893840e-03
5.556912e+00    -5.977370e-03
5.569126e+00    -6.059131e-03
5.581338e+00    -6.139022e-03
5.593552e+00    -6.216967e-03
5.605764e+00    -6.292874e-03
5.617978e+00    -6.366663e-03
5.630190e+00    -6.438237e-03
5.642404e+00    -6.507531e-03
5.654616e+00    -6.574476e-03
5.666830e+00    -6.638994e-03
5.679042e+00    -6.701043e-03
5.691256e+00    -6.760533e-03
5.703468e+00    -6.817399e-03
5.715682e+00    -6.871643e-03
5.727894e+00    -6.923151e-03
5.740108e+00    -6.971909e-03
5.752320e+00    -7.017860e-03
5.764534e+00    -7.060977e-03
5.776746e+00    -7.101216e-03
5.788960e+00    -7.138547e-03
5.801172e+00    -7.172954e-03
5.813385e+00    -7.204369e-03
5.825598e+00    -7.232824e-03
5.837811e+00    -7.258281e-03
5.850024e+00    -7.280721e-03
5.862237e+00    -7.300150e-03
5.874450e+00    -7.316543e-03
5.886663e+00    -7.329907e-03
5.898876e+00    -7.340256e-03
5.911089e+00    -7.347546e-03
5.923302e+00    -7.351830e-03
5.935515e+00    -7.353114e-03
5.947728e+00    -7.351389e-03
5.959941e+00    -7.346703e-03
5.972154e+00    -7.339042e-03
5.984367e+00    -7.328464e-03
5.996580e+00    -7.314961e-03
6.008793e+00    -7.298594e-03
6.021006e+00    -7.279373e-03
6.033219e+00    -7.257336e-03
6.045432e+00    -7.232532e-03
6.057645e+00    -7.205002e-03
6.069858e+00    -7.174771e-03
6.082071e+00    -7.141899e-03
6.094284e+00    -7.106422e-03
6.106497e+00    -7.068418e-03
6.118710e+00    -7.027921e-03
6.130923e+00    -6.984976e-03
6.143136e+00    -6.939654e-03
6.155349e+00    -6.892007e-03
6.167562e+00    -6.842102e-03
6.179775e+00    -6.789996e-03
6.191988e+00    -6.735758e-03
6.204201e+00    -6.679444e-03
6.216414e+00    -6.621134e-03
6.228627e+00    -6.560881e-03
6.240840e+00    -6.498767e-03
6.253053e+00    -6.434853e-03
6.265266e+00    -6.369213e-03
6.277479e+00    -6.301922e-03
6.289692e+00    -6.233050e-03
6.301905e+00    -6.162664e-03
6.314118e+00    -6.090855e-03
6.326331e+00    -6.017677e-03
6.338544e+00    -5.943214e-03
6.350757e+00    -5.867539e-03
6.362970e+00    -5.790740e-03
6.375183e+00    -5.712871e-03
6.387396e+00    -5.634018e-03
6.399609e+00    -5.554239e-03
6.411822e+00    -5.473648e-03
6.424035e+00    -5.392286e-03
6.436248e+00    -5.310230e-03
6.448461e+00    -5.227567e-03
6.460674e+00    -5.144340e-03
6.472887e+00    -5.060679e-03
6.485100e+00    -4.976605e-03
6.497313e+00    -4.892195e-03
6.509526e+00    -4.807530e-03
6.521739e+00    -4.722678e-03
6.533952e+00    -4.637695e-03
6.546165e+00    -4.552663e-03
6.558378e+00    -4.467636e-03
6.570591e+00    -4.382685e-03
6.582804e+00    -4.297860e-03
6.595017e+00    -4.213233e-03
6.607230e+00    -4.128853e-03
6.619443e+00    -4.044789e-03
6.631656e+00    -3.961102e-03
6.643869e+00    -3.877810e-03
6.656082e+00    -3.794992e-03
6.668295e+00    -3.712712e-03
6.680508e+00    -3.631002e-03
6.692721e+00    -3.549901e-03
6.704934e+00    -3.469530e-03
6.717147e+00    -3.389735e-03
6.729360e+00    -3.310748e-03
6.741573e+00    -3.232548e-03
6.753786e+00    -3.155170e-03
6.765999e+00    -3.078653e-03
6.778212e+00    -3.003024e-03
6.790425e+00    -2.928323e-03
6.802638e+00    -2.854557e-03
6.814851e+00    -2.781784e-03
6.827064e+00    -2.710009e-03
6.839277e+00    -2.639262e-03
6.851490e+00    -2.569562e-03
6.863703e+00    -2.500928e-03
6.875916e+00    -2.433392e-03
6.888129e+00    -2.366941e-03
6.900342e+00    -2.301608e-03
6.912555e+00    -2.237405e-03
6.924768e+00    -2.174329e-03
6.936981e+00    -2.112409e-03
6.949194e+00    -2.051627e-03
6.961407e+00    -1.992004e-03
6.973620e+00    -1.933528e-03
6.985833e+00    -1.876214e-03
6.998046e+00    -1.820045e-03
7.010259e+00    -1.765028e-03
7.022472e+00    -1.711161e-03
7.034685e+00    -1.658429e-03
7.046898e+00    -1.606825e-03
7.059111e+00    -1.556351e-03
7.071324e+00    -1.506976e-03
7.083537e+00    -1.458710e-03
7.095750e+00    -1.411602e-03
7.107963e+00    -1.365397e-03
7.120176e+00    -1.320328e-03
7.132389e+00    -1.276298e-03
7.144602e+00    -1.233283e-03
7.156815e+00    -1.191259e-03
7.169028e+00    -1.150220e-03
7.181241e+00    -1.110129e-03
7.193454e+00    -1.070971e-03
7.205667e+00    -1.032724e-03
7.217880e+00    -9.953659e-04
7.230093e+00    -9.588705e-04
7.242306e+00    -9.232130e-04
7.254519e+00    -8.883566e-04
7.266732e+00    -8.542943e-04
7.278944e+00    -8.209877e-04
7.291158e+00    -7.884076e-04
7.303371e+00    -7.565334e-04
7.315584e+00    -7.253319e-04
7.327797e+00    -6.947828e-04
7.340010e+00    -6.648591e-04
7.352223e+00    -6.355127e-04
7.364436e+00    -6.067364e-04
7.376649e+00    -5.784917e-04
7.388862e+00    -5.507536e-04
7.401075e+00    -5.234992e-04
7.413288e+00    -4.966807e-04
7.425501e+00    -4.702904e-04
7.437714e+00    -4.442965e-04
7.449927e+00    -4.186658e-04
7.462140e+00    -3.933775e-04
7.474353e+00    -3.683977e-04
7.486566e+00    -3.437089e-04
7.498779e+00    -3.192744e-04
7.510992e+00    -2.950899e-04
7.523205e+00    -2.711101e-04
7.535418e+00    -2.473194e-04
7.547631e+00    -2.236940e-04
7.559844e+00    -2.002147e-04
7.572057e+00    -1.768527e-04
7.584270e+00    -1.535973e-04
7.596483e+00    -1.304301e-04
7.608696e+00    -1.073080e-04
7.620909e+00    -8.424541e-05
7.633121e+00    -6.121404e-05
7.645335e+00    -3.818437e-05
7.657547e+00    -1.515379e-05
7.669761e+00    7.888235e-06
7.681973e+00    3.096474e-05
7.694187e+00    5.407845e-05
7.706399e+00    7.723169e-05
7.718613e+00    1.004864e-04
7.730825e+00    1.237916e-04
7.743039e+00    1.471860e-04
7.755251e+00    1.706657e-04
7.767465e+00    1.942396e-04
7.779677e+00    2.179210e-04
7.791891e+00    2.417116e-04
7.804103e+00    2.655886e-04
7.816317e+00    2.895961e-04
7.828529e+00    3.137074e-04
7.840743e+00    3.379347e-04
7.852955e+00    3.622709e-04
7.865169e+00    3.867098e-04
7.877381e+00    4.112707e-04
7.889595e+00    4.359272e-04
7.901807e+00    4.606962e-04
7.914021e+00    4.855329e-04
7.926233e+00    5.104613e-04
7.938447e+00    5.354708e-04
7.950659e+00    5.605428e-04
7.962873e+00    5.856829e-04
7.975085e+00    6.108715e-04
7.987298e+00    6.360899e-04
7.999511e+00    6.613341e-04
8.011724e+00    6.865911e-04
8.023937e+00    7.118477e-04
8.036150e+00    7.370893e-04
8.048364e+00    7.623034e-04
8.060576e+00    7.874674e-04
8.072789e+00    8.125685e-04
8.085002e+00    8.375953e-04
8.097216e+00    8.625315e-04
8.109428e+00    8.873375e-04
8.121641e+00    9.120219e-04
8.133854e+00    9.365559e-04
8.146068e+00    9.609248e-04
8.158280e+00    9.851003e-04
8.170493e+00    1.009070e-03
8.182706e+00    1.032811e-03
8.194920e+00    1.056313e-03
8.207132e+00    1.079542e-03
8.219345e+00    1.102484e-03
8.231558e+00    1.125125e-03
8.243772e+00    1.147433e-03
8.255984e+00    1.169394e-03
8.268197e+00    1.190983e-03
8.280410e+00    1.212175e-03
8.292624e+00    1.232979e-03
8.304836e+00    1.253334e-03
8.317049e+00    1.273241e-03
8.329262e+00    1.292678e-03
8.341475e+00    1.311626e-03
8.353688e+00    1.330059e-03
8.365901e+00    1.347963e-03
8.378115e+00    1.365315e-03
8.390327e+00    1.382100e-03
8.402540e+00    1.398335e-03
8.414753e+00    1.413885e-03
8.426967e+00    1.428860e-03
8.439179e+00    1.443184e-03
8.451392e+00    1.456857e-03
8.463605e+00    1.469855e-03
8.475819e+00    1.482172e-03
8.488031e+00    1.493784e-03
8.500244e+00    1.504686e-03
8.512457e+00    1.514847e-03
8.524671e+00    1.524271e-03
8.536883e+00    1.532943e-03
8.549096e+00    1.540850e-03
8.561309e+00    1.547982e-03
8.573523e+00    1.554328e-03
8.585735e+00    1.559880e-03
8.597948e+00    1.564648e-03
8.610161e+00    1.568569e-03
8.622375e+00    1.571695e-03
8.634587e+00    1.573988e-03
8.646800e+00    1.575469e-03
8.659013e+00    1.576111e-03
8.671227e+00    1.575921e-03
8.683439e+00    1.574886e-03
8.695652e+00    1.573015e-03
8.707865e+00    1.570293e-03
8.720078e+00    1.566764e-03
8.732291e+00    1.562370e-03
8.744504e+00    1.557140e-03
8.756717e+00    1.551082e-03
8.768930e+00    1.544188e-03
8.781143e+00    1.536462e-03
8.793356e+00    1.527927e-03
8.805569e+00    1.518557e-03
8.817782e+00    1.508385e-03
8.829995e+00    1.497410e-03
8.842208e+00    1.485649e-03
8.854421e+00    1.473098e-03
8.866634e+00    1.459768e-03
8.878847e+00    1.445682e-03
8.891060e+00    1.430849e-03
8.903273e+00    1.415299e-03
8.915486e+00    1.398975e-03
8.927699e+00    1.381964e-03
8.939912e+00    1.364254e-03
8.952125e+00    1.345864e-03
8.964338e+00    1.326813e-03
8.976551e+00    1.307111e-03
8.988764e+00    1.286776e-03
9.000977e+00    1.265833e-03
9.013190e+00    1.244283e-03
9.025403e+00    1.222168e-03
9.037616e+00    1.199494e-03
9.049829e+00    1.176286e-03
9.062042e+00    1.152544e-03
9.074255e+00    1.128316e-03
9.086468e+00    1.103609e-03
9.098680e+00    1.078459e-03
9.110894e+00    1.052852e-03
9.123107e+00    1.026848e-03
9.135320e+00    1.000451e-03
9.147532e+00    9.736867e-04
9.159746e+00    9.465794e-04
9.171959e+00    9.191557e-04
9.184172e+00    8.914244e-04
9.196384e+00    8.634256e-04
9.208598e+00    8.351663e-04
9.220811e+00    8.066774e-04
9.233024e+00    7.779959e-04
9.245236e+00    7.491271e-04
9.257450e+00    7.201014e-04
9.269663e+00    6.909380e-04
9.281876e+00    6.616694e-04
9.294088e+00    6.323072e-04
9.306302e+00    6.028868e-04
9.318515e+00    5.734267e-04
9.330728e+00    5.439540e-04
9.342940e+00    5.144689e-04
9.355154e+00    4.850209e-04
9.367367e+00    4.556293e-04
9.379580e+00    4.263008e-04
9.391793e+00    3.970648e-04
9.404006e+00    3.679490e-04
9.416219e+00    3.389638e-04
9.428432e+00    3.101290e-04
9.440645e+00    2.814777e-04
9.452858e+00    2.530198e-04
9.465071e+00    2.247741e-04
9.477283e+00    1.967589e-04
9.489497e+00    1.689921e-04
9.501710e+00    1.414878e-04
9.513923e+00    1.142792e-04
9.526135e+00    8.736640e-05
9.538349e+00    6.076796e-05
9.550562e+00    3.450681e-05
9.562775e+00    8.585719e-06
9.574987e+00    -1.697531e-05
9.587201e+00    -4.215558e-05
9.599414e+00    -6.695427e-05
9.611627e+00    -9.134290e-05
9.623839e+00    -1.153281e-04
9.636053e+00    -1.388911e-04
9.648266e+00    -1.620276e-04
9.660479e+00    -1.847112e-04
9.672691e+00    -2.069433e-04
9.684905e+00    -2.287241e-04
9.697118e+00    -2.500310e-04
9.709331e+00    -2.708783e-04
9.721543e+00    -2.912153e-04
9.733757e+00    -3.110825e-04
9.745970e+00    -3.304528e-04
9.758183e+00    -3.493290e-04
9.770395e+00    -3.677061e-04
9.782609e+00    -3.855835e-04
9.794822e+00    -4.029503e-04
9.807034e+00    -4.198141e-04
9.819247e+00    -4.361721e-04
9.831461e+00    -4.520258e-04
9.843674e+00    -4.673674e-04
9.855886e+00    -4.822002e-04
9.868099e+00    -4.965346e-04
9.880313e+00    -5.103578e-04
9.892526e+00    -5.236939e-04
9.904738e+00    -5.365281e-04
9.916951e+00    -5.488789e-04
9.929165e+00    -5.607391e-04
9.941378e+00    -5.721216e-04
9.953590e+00    -5.830264e-04
9.965803e+00    -5.934535e-04
9.978017e+00    -6.034222e-04
9.990230e+00    -6.129341e-04
1.000244e+01    -6.220036e-04
1.001466e+01    -6.306334e-04
1.002687e+01    -6.388140e-04
1.003908e+01    -6.465855e-04
1.005129e+01    -6.539368e-04
1.006351e+01    -6.608804e-04
1.007572e+01    -6.674271e-04
1.008793e+01    -6.735898e-04
1.010015e+01    -6.794095e-04
1.011236e+01    -6.848065e-04
1.012457e+01    -6.898793e-04
1.013679e+01    -6.946025e-04
1.014900e+01    -6.989984e-04
1.016121e+01    -7.030723e-04
1.017342e+01    -7.068432e-04
1.018564e+01    -7.103145e-04
1.019785e+01    -7.135092e-04
1.021006e+01    -7.164218e-04
1.022228e+01    -7.190772e-04
1.023449e+01    -7.214858e-04
1.024670e+01    -7.236639e-04
1.025891e+01    -7.256176e-04
1.027113e+01    -7.273633e-04
1.028334e+01    -7.289035e-04
1.029555e+01    -7.302794e-04
1.030777e+01    -7.314576e-04
1.031998e+01    -7.324849e-04
1.033219e+01    -7.333669e-04
1.034441e+01    -7.340951e-04
1.035662e+01    -7.347174e-04
1.036883e+01    -7.352160e-04
1.038105e+01    -7.356126e-04
1.039326e+01    -7.359220e-04
1.040547e+01    -7.361617e-04
1.041768e+01    -7.362964e-04
1.042990e+01    -7.363901e-04
1.044211e+01    -7.364368e-04
1.045432e+01    -7.364314e-04
1.046654e+01    -7.364010e-04
1.047875e+01    -7.363502e-04
1.049096e+01    -7.363153e-04
1.050318e+01    -7.362112e-04
1.051539e+01    -7.361478e-04
1.052760e+01    -7.360883e-04
1.053981e+01    -7.360498e-04
1.055203e+01    -7.360400e-04
1.056424e+01    -7.360563e-04
1.057645e+01    -7.361209e-04
1.058867e+01    -7.362192e-04
1.060088e+01    -7.363627e-04
1.061309e+01    -7.365795e-04
1.062531e+01    -7.368402e-04
1.063752e+01    -7.371702e-04
1.064973e+01    -7.375767e-04
1.066194e+01    -7.380419e-04
1.067416e+01    -7.385878e-04
1.068637e+01    -7.392080e-04
1.069858e+01    -7.399082e-04
1.071080e+01    -7.406861e-04
1.072301e+01    -7.415369e-04
1.073522e+01    -7.424716e-04
1.074744e+01    -7.434882e-04
1.075965e+01    -7.445902e-04
1.077186e+01    -7.457722e-04
1.078407e+01    -7.470273e-04
1.079629e+01    -7.483560e-04
1.080850e+01    -7.497633e-04
1.082071e+01    -7.512433e-04
1.083293e+01    -7.527907e-04
1.084514e+01    -7.544126e-04
1.085735e+01    -7.560943e-04
1.086957e+01    -7.578260e-04
1.088178e+01    -7.596151e-04
1.089399e+01    -7.614591e-04
1.090620e+01    -7.633420e-04
1.091842e+01    -7.652650e-04
1.093063e+01    -7.672283e-04
1.094284e+01    -7.692120e-04
1.095506e+01    -7.712221e-04
1.096727e+01    -7.732479e-04
1.097948e+01    -7.752794e-04
1.099170e+01    -7.773070e-04
1.100391e+01    -7.793400e-04
1.101612e+01    -7.813525e-04
1.102833e+01    -7.833486e-04
1.104055e+01    -7.853141e-04
1.105276e+01    -7.872446e-04
1.106497e+01    -7.891280e-04
1.107719e+01    -7.909604e-04
1.108940e+01    -7.927247e-04
1.110161e+01    -7.944201e-04
1.111382e+01    -7.960432e-04
1.112604e+01    -7.975812e-04
1.113825e+01    -7.990139e-04
1.115046e+01    -8.003404e-04
1.116268e+01    -8.015491e-04
1.117489e+01    -8.026409e-04
1.118710e+01    -8.036023e-04
1.119932e+01    -8.044172e-04
1.121153e+01    -8.050797e-04
1.122374e+01    -8.055927e-04
1.123596e+01    -8.059227e-04
1.124817e+01    -8.060823e-04
1.126038e+01    -8.060606e-04
1.127259e+01    -8.058443e-04
1.128481e+01    -8.054250e-04
1.129702e+01    -8.047795e-04
1.130923e+01    -8.039503e-04
1.132145e+01    -8.028815e-04
1.133366e+01    -8.015858e-04
1.134587e+01    -8.000474e-04
1.135808e+01    -7.982681e-04
1.137030e+01    -7.962316e-04
1.138251e+01    -7.939399e-04
1.139472e+01    -7.913809e-04
1.140694e+01    -7.885654e-04
1.141915e+01    -7.854523e-04
1.143136e+01    -7.820711e-04
1.144358e+01    -7.784020e-04
1.145579e+01    -7.744464e-04
1.146800e+01    -7.701943e-04
1.148022e+01    -7.656449e-04
1.149243e+01    -7.607927e-04
1.150464e+01    -7.556410e-04
1.151685e+01    -7.501820e-04
1.152907e+01    -7.444099e-04
1.154128e+01    -7.383312e-04
1.155349e+01    -7.319385e-04
1.156571e+01    -7.252267e-04
1.157792e+01    -7.182154e-04
1.159013e+01    -7.108721e-04
1.160234e+01    -7.032441e-04
1.161456e+01    -6.952587e-04
1.162677e+01    -6.869847e-04
1.163898e+01    -6.783950e-04
1.165120e+01    -6.694930e-04
1.166341e+01    -6.602925e-04
1.167562e+01    -6.507855e-04
1.168784e+01    -6.409687e-04
1.170005e+01    -6.308623e-04
1.171226e+01    -6.204512e-04
1.172447e+01    -6.097759e-04
1.173669e+01    -5.988029e-04
1.174890e+01    -5.875494e-04
1.176111e+01    -5.760229e-04
1.177333e+01    -5.642319e-04
1.178554e+01    -5.521746e-04
1.179775e+01    -5.398686e-04
1.180997e+01    -5.273201e-04
1.182218e+01    -5.145257e-04
1.183439e+01    -5.014992e-04
1.184660e+01    -4.882540e-04
1.185882e+01    -4.747990e-04
1.187103e+01    -4.611321e-04
1.188324e+01    -4.472575e-04
1.189546e+01    -4.332172e-04
1.190767e+01    -4.189876e-04
1.191988e+01    -4.046008e-04
1.193210e+01    -3.900457e-04
1.194431e+01    -3.753496e-04
1.195652e+01    -3.605211e-04
1.196873e+01    -3.455649e-04
1.198095e+01    -3.304963e-04
1.199316e+01    -3.153320e-04
1.200537e+01    -3.000711e-04
1.201759e+01    -2.846962e-04
1.202980e+01    -2.693266e-04
1.204201e+01    -2.538816e-04
1.205423e+01    -2.383858e-04
1.206644e+01    -2.228521e-04
1.207865e+01    -2.073114e-04
1.209086e+01    -1.917652e-04
1.210308e+01    -1.762158e-04
1.211529e+01    -1.607158e-04
1.212750e+01    -1.452349e-04
1.213972e+01    -1.297952e-04
1.215193e+01    -1.144182e-04
1.216414e+01    -9.911852e-05
1.217636e+01    -8.390163e-05
1.218857e+01    -6.881467e-05
1.220078e+01    -5.376938e-05
1.221299e+01    -3.888739e-05
1.222521e+01    -2.413211e-05
1.223742e+01    -9.527725e-06
1.224963e+01    4.921443e-06
1.226185e+01    1.919508e-05
1.227406e+01    3.328994e-05
1.228627e+01    4.719005e-05
1.229849e+01    6.087459e-05
1.231070e+01    7.436696e-05
1.232291e+01    8.761403e-05
1.233512e+01    1.006111e-04
1.234734e+01    1.133941e-04
1.235955e+01    1.259017e-04
1.237176e+01    1.381341e-04
1.238398e+01    1.500923e-04
1.239619e+01    1.617643e-04
1.240840e+01    1.731322e-04
1.242062e+01    1.842119e-04
1.243283e+01    1.949694e-04
1.244504e+01    2.054013e-04
1.245725e+01    2.155064e-04
1.246947e+01    2.252745e-04
1.248168e+01    2.346976e-04
1.249389e+01    2.437338e-04
1.250611e+01    2.524817e-04
1.251832e+01    2.608287e-04
1.253053e+01    2.688151e-04
1.254275e+01    2.764282e-04
1.255496e+01    2.836533e-04
1.256717e+01    2.905111e-04
1.257938e+01    2.969671e-04
1.259160e+01    3.030387e-04
1.260381e+01    3.087456e-04
1.261602e+01    3.139908e-04
1.262824e+01    3.188838e-04
1.264045e+01    3.233799e-04
1.265266e+01    3.274621e-04
1.266488e+01    3.311461e-04
1.267709e+01    3.344321e-04
1.268930e+01    3.373114e-04
1.270151e+01    3.397916e-04
1.271373e+01    3.418702e-04
1.272594e+01    3.435547e-04
1.273815e+01    3.448337e-04
1.275037e+01    3.457298e-04
1.276258e+01    3.462208e-04
1.277479e+01    3.463206e-04
1.278701e+01    3.460367e-04
1.279922e+01    3.453798e-04
1.281143e+01    3.443198e-04
1.282364e+01    3.428972e-04
1.283586e+01    3.410993e-04
1.284807e+01    3.389382e-04
1.286028e+01    3.364155e-04
1.287250e+01    3.335410e-04
1.288471e+01    3.303016e-04
1.289692e+01    3.267401e-04
1.290914e+01    3.228367e-04
1.292135e+01    3.185954e-04
1.293356e+01    3.140455e-04
1.294577e+01    3.091744e-04
1.295799e+01    3.039986e-04
1.297020e+01    2.985114e-04
1.298241e+01    2.927579e-04
1.299463e+01    2.867012e-04
1.300684e+01    2.803835e-04
1.301905e+01    2.737982e-04
1.303127e+01    2.669519e-04
1.304348e+01    2.598901e-04
1.305569e+01    2.525563e-04
1.306790e+01    2.449960e-04
1.308012e+01    2.372381e-04
1.309233e+01    2.292689e-04
1.310454e+01    2.211058e-04
1.311676e+01    2.127472e-04
1.312897e+01    2.042212e-04
1.314118e+01    1.955229e-04
1.315340e+01    1.866687e-04
1.316561e+01    1.776767e-04
1.317782e+01    1.685425e-04
1.319003e+01    1.592710e-04
1.320225e+01    1.499108e-04
1.321446e+01    1.404441e-04
1.322667e+01    1.308757e-04
1.323889e+01    1.212227e-04
1.325110e+01    1.114982e-04
1.326331e+01    1.017212e-04
1.327553e+01    9.188674e-05
1.328774e+01    8.199922e-05
1.329995e+01    7.208197e-05
1.331216e+01    6.215300e-05
1.332438e+01    5.221031e-05
1.333659e+01    4.226745e-05
1.334880e+01    3.231313e-05
1.336102e+01    2.238614e-05
1.337323e+01    1.247978e-05
1.338544e+01    2.614471e-06
1.339766e+01    -7.194954e-06
1.340987e+01    -1.699714e-05
1.342208e+01    -2.669598e-05
1.343429e+01    -3.634090e-05
1.344651e+01    -4.591313e-05
1.345872e+01    -5.539490e-05
1.347093e+01    -6.478715e-05
1.348315e+01    -7.408387e-05
1.349536e+01    -8.328116e-05
1.350757e+01    -9.235471e-05
1.351978e+01    -1.013130e-04
1.353200e+01    -1.101473e-04
1.354421e+01    -1.188497e-04
1.355642e+01    -1.274182e-04
1.356864e+01    -1.358368e-04
1.358085e+01    -1.441021e-04
1.359306e+01    -1.522389e-04
1.360528e+01    -1.602120e-04
1.361749e+01    -1.680138e-04
1.362970e+01    -1.756537e-04
1.364192e+01    -1.831255e-04
1.365413e+01    -1.904303e-04
1.366634e+01    -1.975506e-04
1.367855e+01    -2.044877e-04
1.369077e+01    -2.112575e-04
1.370298e+01    -2.178335e-04
1.371519e+01    -2.242192e-04
1.372741e+01    -2.304237e-04
1.373962e+01    -2.364594e-04
1.375183e+01    -2.422890e-04
1.376404e+01    -2.479198e-04
1.377626e+01    -2.533702e-04
1.378847e+01    -2.586231e-04
1.380068e+01    -2.636755e-04
1.381290e+01    -2.685525e-04
1.382511e+01    -2.732291e-04
1.383732e+01    -2.777142e-04
1.384954e+01    -2.820096e-04
1.386175e+01    -2.861095e-04
1.387396e+01    -2.900223e-04
1.388618e+01    -2.937459e-04
1.389839e+01    -2.973042e-04
1.391060e+01    -3.006639e-04
1.392281e+01    -3.038455e-04
1.393503e+01    -3.068430e-04
1.394724e+01    -3.096666e-04
1.395945e+01    -3.123189e-04
1.397167e+01    -3.147945e-04
1.398388e+01    -3.171078e-04
1.399609e+01    -3.192394e-04
1.400830e+01    -3.212378e-04
1.402052e+01    -3.230530e-04
1.403273e+01    -3.247350e-04
1.404494e+01    -3.262465e-04
1.405716e+01    -3.276170e-04
1.406937e+01    -3.288388e-04
1.408158e+01    -3.299216e-04
1.409380e+01    -3.308707e-04
1.410601e+01    -3.316804e-04
1.411822e+01    -3.323593e-04
1.413043e+01    -3.329178e-04
1.414265e+01    -3.333533e-04
1.415486e+01    -3.336697e-04
1.416707e+01    -3.338746e-04
1.417929e+01    -3.339695e-04
1.419150e+01    -3.339282e-04
1.420371e+01    -3.338460e-04
1.421593e+01    -3.336399e-04
1.422814e+01    -3.333315e-04
1.424035e+01    -3.329407e-04
1.425256e+01    -3.324593e-04
1.426478e+01    -3.319031e-04
1.427699e+01    -3.312567e-04
1.428920e+01    -3.305407e-04
1.430142e+01    -3.297551e-04
1.431363e+01    -3.289003e-04
1.432584e+01    -3.279858e-04
1.433806e+01    -3.270012e-04
1.435027e+01    -3.259579e-04
1.436248e+01    -3.248634e-04
1.437469e+01    -3.237186e-04
1.438691e+01    -3.225161e-04
1.439912e+01    -3.212800e-04
1.441133e+01    -3.199778e-04
1.442355e+01    -3.186495e-04
1.443576e+01    -3.172764e-04
1.444797e+01    -3.158635e-04
1.446019e+01    -3.144192e-04
1.447240e+01    -3.129384e-04
1.448461e+01    -3.114158e-04
1.449682e+01    -3.098760e-04
1.450904e+01    -3.082942e-04
1.452125e+01    -3.066873e-04
1.453346e+01    -3.050541e-04
1.454568e+01    -3.033911e-04
1.455789e+01    -3.016900e-04
1.457010e+01    -2.999856e-04
1.458232e+01    -2.982415e-04
1.459453e+01    -2.964746e-04
1.460674e+01    -2.946800e-04
1.461895e+01    -2.928603e-04
1.463117e+01    -2.910040e-04
1.464338e+01    -2.891291e-04
1.465559e+01    -2.872274e-04
1.466781e+01    -2.852948e-04
1.468002e+01    -2.833349e-04
1.469223e+01    -2.813357e-04
1.470445e+01    -2.793128e-04
1.471666e+01    -2.772606e-04
1.472887e+01    -2.751561e-04
1.474109e+01    -2.730372e-04
1.475330e+01    -2.708549e-04
1.476551e+01    -2.686443e-04
1.477772e+01    -2.663867e-04
1.478994e+01    -2.640908e-04
1.480215e+01    -2.617464e-04
1.481436e+01    -2.593431e-04
1.482658e+01    -2.568901e-04
1.483879e+01    -2.543880e-04
1.485100e+01    -2.518261e-04
1.486321e+01    -2.492066e-04
1.487543e+01    -2.465164e-04
1.488764e+01    -2.437723e-04
1.489985e+01    -2.409445e-04
1.491207e+01    -2.380569e-04
1.492428e+01    -2.350851e-04
1.493649e+01    -2.320567e-04
1.494871e+01    -2.289319e-04
1.496092e+01    -2.257074e-04
1.497313e+01    -2.224405e-04
1.498534e+01    -2.190698e-04
1.499756e+01    -2.156085e-04
1.500977e+01    -2.120391e-04
1.502198e+01    -2.083842e-04
1.503420e+01    -2.046222e-04
1.504641e+01    -2.007651e-04
1.505862e+01    -1.968008e-04
1.507084e+01    -1.927295e-04
1.508305e+01    -1.885432e-04
1.509526e+01    -1.842517e-04
1.510747e+01    -1.798571e-04
1.511969e+01    -1.753185e-04
1.513190e+01    -1.706753e-04
1.514411e+01    -1.659083e-04
1.515633e+01    -1.610175e-04
1.516854e+01    -1.560084e-04
1.518075e+01    -1.508689e-04
1.519297e+01    -1.455937e-04
1.520518e+01    -1.402056e-04
1.521739e+01    -1.346747e-04
1.522960e+01    -1.290156e-04
1.524182e+01    -1.232247e-04
1.525403e+01    -1.172992e-04
1.526624e+01    -1.112404e-04
1.527846e+01    -1.050457e-04
1.529067e+01    -9.871982e-05
1.530288e+01    -9.226055e-05
1.531509e+01    -8.566790e-05
1.532731e+01    -7.893803e-05
1.533952e+01    -7.207723e-05
1.535173e+01    -6.508720e-05
1.536395e+01    -5.796372e-05
1.537616e+01    -5.071051e-05
1.538837e+01    -4.332928e-05
1.540059e+01    -3.582347e-05
1.541280e+01    -2.818749e-05
1.542501e+01    -2.043920e-05
1.543723e+01    -1.256130e-05
1.544944e+01    -4.570105e-06
1.546165e+01    3.537025e-06
1.547386e+01    1.175873e-05
1.548608e+01    2.008987e-05
1.549829e+01    2.852191e-05
1.551050e+01    3.705799e-05
1.552272e+01    4.569844e-05
1.553493e+01    5.443879e-05
1.554714e+01    6.325261e-05
1.555935e+01    7.216484e-05
1.557157e+01    8.114937e-05
1.558378e+01    9.022119e-05
1.559599e+01    9.936603e-05
1.560821e+01    1.085689e-04
1.562042e+01    1.178425e-04
1.563263e+01    1.271688e-04
1.564485e+01    1.365441e-04
1.565706e+01    1.459733e-04
1.566927e+01    1.554317e-04
1.568149e+01    1.649280e-04
1.569370e+01    1.744466e-04
1.570591e+01    1.839913e-04
1.571812e+01    1.935971e-04
1.573034e+01    2.031037e-04
1.574255e+01    2.126774e-04
1.575476e+01    2.222362e-04
1.576698e+01    2.317813e-04
1.577919e+01    2.413047e-04
1.579140e+01    2.508040e-04
1.580362e+01    2.602714e-04
1.581583e+01    2.696883e-04
1.582804e+01    2.790596e-04
1.584025e+01    2.883669e-04
1.585247e+01    2.976294e-04
1.586468e+01    3.068120e-04
1.587689e+01    3.159137e-04
1.588911e+01    3.249128e-04
1.590132e+01    3.338577e-04
1.591353e+01    3.426823e-04
1.592575e+01    3.513979e-04
1.593796e+01    3.600012e-04
1.595017e+01    3.684810e-04
1.596238e+01    3.768287e-04
1.597460e+01    3.850460e-04
1.598681e+01    3.931145e-04
1.599902e+01    4.010227e-04
1.601124e+01    4.087813e-04
1.602345e+01    4.163796e-04
1.603566e+01    4.237971e-04
1.604787e+01    4.310313e-04
1.606009e+01    4.380894e-04
1.607230e+01    4.449491e-04
1.608451e+01    4.516099e-04
1.609673e+01    4.580681e-04
1.610894e+01    4.643392e-04
1.612115e+01    4.703452e-04
1.613337e+01    4.761480e-04
1.614558e+01    4.817298e-04
1.615779e+01    4.870717e-04
1.617001e+01    4.921764e-04
1.618222e+01    4.970339e-04
1.619443e+01    5.016603e-04
1.620664e+01    5.060078e-04
1.621886e+01    5.101071e-04
1.623107e+01    5.139471e-04
1.624328e+01    5.175211e-04
1.625550e+01    5.208258e-04
1.626771e+01    5.238630e-04
1.627992e+01    5.266159e-04
1.629214e+01    5.290986e-04
1.630435e+01    5.312925e-04
1.631656e+01    5.332013e-04
1.632877e+01    5.348306e-04
1.634099e+01    5.361508e-04
1.635320e+01    5.372176e-04
1.636541e+01    5.379727e-04
1.637763e+01    5.384405e-04
1.638984e+01    5.386171e-04
1.640205e+01    5.384961e-04
1.641426e+01    5.380781e-04
1.642648e+01    5.373734e-04
1.643869e+01    5.363752e-04
1.645090e+01    5.350726e-04
1.646312e+01    5.334826e-04
1.647533e+01    5.316014e-04
1.648754e+01    5.294301e-04
1.649976e+01    5.269767e-04
1.651197e+01    5.242218e-04
1.652418e+01    5.211869e-04
1.653639e+01    5.178687e-04
1.654861e+01    5.142725e-04
1.656082e+01    5.103930e-04
1.657303e+01    5.062458e-04
1.658525e+01    5.018264e-04
1.659746e+01    4.971364e-04
1.660967e+01    4.921810e-04
1.662189e+01    4.869691e-04
1.663410e+01    4.814950e-04
1.664631e+01    4.757837e-04
1.665853e+01    4.698163e-04
1.667074e+01    4.636055e-04
1.668295e+01    4.571720e-04
1.669516e+01    4.504973e-04
1.670738e+01    4.436054e-04
1.671959e+01    4.364845e-04
1.673180e+01    4.291549e-04
1.674402e+01    4.216160e-04
1.675623e+01    4.138769e-04
1.676844e+01    4.059438e-04
1.678065e+01    3.978166e-04
1.679287e+01    3.895146e-04
1.680508e+01    3.810407e-04
1.681729e+01    3.723793e-04
1.682951e+01    3.635626e-04
1.684172e+01    3.545992e-04
1.685393e+01    3.454797e-04
1.686615e+01    3.362235e-04
1.687836e+01    3.268329e-04
1.689057e+01    3.173346e-04
1.690278e+01    3.076870e-04
1.691500e+01    2.979448e-04
1.692721e+01    2.880951e-04
1.693942e+01    2.781536e-04
1.695164e+01    2.681165e-04
1.696385e+01    2.579993e-04
1.697606e+01    2.478266e-04
1.698828e+01    2.375676e-04
1.700049e+01    2.272670e-04
1.701270e+01    2.169048e-04
1.702491e+01    2.065023e-04
1.703713e+01    1.960670e-04
1.704934e+01    1.856088e-04
1.706155e+01    1.751268e-04
1.707377e+01    1.646355e-04
1.708598e+01    1.541323e-04
1.709819e+01    1.436365e-04
1.711040e+01    1.331286e-04
1.712262e+01    1.226809e-04
1.713483e+01    1.122292e-04
1.714705e+01    1.018144e-04
1.715926e+01    9.144103e-05
1.717147e+01    8.109950e-05
1.718368e+01    7.081301e-05
1.719590e+01    6.057019e-05
1.720811e+01    5.040713e-05
1.722032e+01    4.031245e-05
1.723254e+01    3.027698e-05
1.724475e+01    2.032921e-05
1.725696e+01    1.047047e-05
1.726917e+01    6.985865e-07
1.728139e+01    -8.976822e-06
1.729360e+01    -1.854736e-05
1.730581e+01    -2.799830e-05
1.731803e+01    -3.736772e-05
1.733024e+01    -4.660873e-05
1.734245e+01    -5.573088e-05
1.735467e+01    -6.472469e-05
1.736688e+01    -7.359147e-05
1.737909e+01    -8.232934e-05
1.739130e+01    -9.092667e-05
1.740352e+01    -9.938818e-05
1.741573e+01    -1.076907e-04
1.742794e+01    -1.158689e-04
1.744016e+01    -1.238927e-04
1.745237e+01    -1.317572e-04
1.746458e+01    -1.394774e-04
1.747680e+01    -1.470390e-04
1.748901e+01    -1.544339e-04
1.750122e+01    -1.616822e-04
1.751343e+01    -1.687566e-04
1.752565e+01    -1.756732e-04
1.753786e+01    -1.824318e-04
1.755007e+01    -1.890139e-04
1.756229e+01    -1.954345e-04
1.757450e+01    -2.016880e-04
1.758671e+01    -2.077683e-04
1.759892e+01    -2.136873e-04
1.761114e+01    -2.194317e-04
1.762335e+01    -2.250156e-04
1.763556e+01    -2.304289e-04
1.764778e+01    -2.356740e-04
1.765999e+01    -2.407508e-04
1.767220e+01    -2.456590e-04
1.768442e+01    -2.504027e-04
1.769663e+01    -2.549806e-04
1.770884e+01    -2.593943e-04
1.772106e+01    -2.635958e-04
1.773327e+01    -2.677403e-04
1.774548e+01    -2.716682e-04
1.775769e+01    -2.754412e-04
1.776991e+01    -2.790517e-04
1.778212e+01    -2.825108e-04
1.779433e+01    -2.858084e-04
1.780655e+01    -2.889694e-04
1.781876e+01    -2.919680e-04
1.783097e+01    -2.948225e-04
1.784319e+01    -2.975301e-04
1.785540e+01    -3.000848e-04
1.786761e+01    -3.025195e-04
1.787982e+01    -3.048064e-04
1.789204e+01    -3.069612e-04
1.790425e+01    -3.089792e-04
1.791646e+01    -3.108677e-04
1.792868e+01    -3.126193e-04
1.794089e+01    -3.142641e-04
1.795310e+01    -3.157752e-04
1.796531e+01    -3.171676e-04
1.797753e+01    -3.184474e-04
1.798974e+01    -3.196055e-04
1.800196e+01    -3.206510e-04
1.801417e+01    -3.216098e-04
1.802638e+01    -3.224285e-04
1.803859e+01    -3.231834e-04
1.805081e+01    -3.238119e-04
1.806302e+01    -3.243542e-04
1.807523e+01    -3.247892e-04
1.808744e+01    -3.251442e-04
1.809966e+01    -3.254047e-04
1.811187e+01    -3.255878e-04
1.812408e+01    -3.256632e-04
1.813630e+01    -3.256781e-04
1.814851e+01    -3.256031e-04
1.816072e+01    -3.254466e-04
1.817294e+01    -3.252217e-04
1.818515e+01    -3.249270e-04
1.819736e+01    -3.245563e-04
1.820958e+01    -3.241153e-04
1.822179e+01    -3.236113e-04
1.823400e+01    -3.230333e-04
1.824621e+01    -3.224045e-04
1.825843e+01    -3.217046e-04
1.827064e+01    -3.209519e-04
1.828285e+01    -3.201397e-04
1.829507e+01    -3.192725e-04
1.830728e+01    -3.183478e-04
1.831949e+01    -3.173691e-04
1.833171e+01    -3.163308e-04
1.834392e+01    -3.152568e-04
1.835613e+01    -3.141318e-04
1.836834e+01    -3.129399e-04
1.838056e+01    -3.117236e-04
1.839277e+01    -3.104638e-04
1.840498e+01    -3.091286e-04
1.841720e+01    -3.077684e-04
1.842941e+01    -3.063524e-04
1.844162e+01    -3.049142e-04
1.845383e+01    -3.034121e-04
1.846605e+01    -3.018688e-04
1.847826e+01    -3.002848e-04
1.849047e+01    -2.986567e-04
1.850269e+01    -2.969743e-04
1.851490e+01    -2.952702e-04
1.852711e+01    -2.935093e-04
1.853933e+01    -2.917149e-04
1.855154e+01    -2.898594e-04
1.856375e+01    -2.879629e-04
1.857596e+01    -2.860304e-04
1.858818e+01    -2.840378e-04
1.860039e+01    -2.820106e-04
1.861260e+01    -2.799336e-04
1.862482e+01    -2.777966e-04
1.863703e+01    -2.756433e-04
1.864924e+01    -2.734162e-04
1.866146e+01    -2.711489e-04
1.867367e+01    -2.688178e-04
1.868588e+01    -2.664528e-04
1.869810e+01    -2.640293e-04
1.871031e+01    -2.615488e-04
1.872252e+01    -2.590205e-04
1.873473e+01    -2.564358e-04
1.874695e+01    -2.537924e-04
1.875916e+01    -2.511017e-04
1.877137e+01    -2.483435e-04
1.878359e+01    -2.455309e-04
1.879580e+01    -2.426588e-04
1.880801e+01    -2.397279e-04
1.882022e+01    -2.367421e-04
1.883244e+01    -2.336843e-04
1.884465e+01    -2.305687e-04
1.885686e+01    -2.273892e-04
1.886908e+01    -2.241458e-04
1.888129e+01    -2.208317e-04
1.889350e+01    -2.174520e-04
1.890572e+01    -2.140198e-04
1.891793e+01    -2.105099e-04
1.893014e+01    -2.069353e-04
1.894235e+01    -2.032872e-04
1.895457e+01    -1.995718e-04
1.896678e+01    -1.957841e-04
1.897899e+01    -1.919399e-04
1.899121e+01    -1.880086e-04
1.900342e+01    -1.840126e-04
1.901563e+01    -1.799464e-04
1.902785e+01    -1.758164e-04
1.904006e+01    -1.716072e-04
1.905227e+01    -1.673285e-04
1.906449e+01    -1.629789e-04
1.907670e+01    -1.585679e-04
1.908891e+01    -1.540761e-04
1.910112e+01    -1.495283e-04
1.911334e+01    -1.449170e-04
1.912555e+01    -1.402085e-04
1.913776e+01    -1.354540e-04
1.914997e+01    -1.306361e-04
1.916219e+01    -1.257382e-04
1.917440e+01    -1.207854e-04
1.918661e+01    -1.157680e-04
1.919883e+01    -1.106963e-04
1.921104e+01    -1.055581e-04
1.922325e+01    -1.003593e-04
1.923547e+01    -9.510425e-05
1.924768e+01    -8.979019e-05
1.925989e+01    -8.443062e-05
1.927211e+01    -7.902084e-05
1.928432e+01    -7.353492e-05
1.929653e+01    -6.804141e-05
1.930874e+01    -6.248360e-05
1.932096e+01    -5.687803e-05
1.933317e+01    -5.123537e-05
1.934538e+01    -4.555481e-05
1.935760e+01    -3.983661e-05
1.936981e+01    -3.408502e-05
1.938202e+01    -2.830380e-05
1.939424e+01    -2.248000e-05
1.940645e+01    -1.665347e-05
1.941866e+01    -1.078815e-05
1.943087e+01    -4.922331e-06
1.944309e+01    9.678188e-07
1.945530e+01    6.881426e-06
1.946751e+01    1.278569e-05
1.947973e+01    1.871209e-05
1.949194e+01    2.463037e-05
1.950415e+01    3.055151e-05
1.951637e+01    3.646440e-05
1.952858e+01    4.237587e-05
1.954079e+01    4.827217e-05
1.955301e+01    5.412882e-05
1.956522e+01    6.001150e-05
1.957743e+01    6.584784e-05
1.958964e+01    7.167114e-05
1.960186e+01    7.744417e-05
1.961407e+01    8.318674e-05
1.962628e+01    8.889532e-05
1.963849e+01    9.456786e-05
1.965071e+01    1.001902e-04
1.966292e+01    1.057590e-04
1.967513e+01    1.112824e-04
1.968735e+01    1.167425e-04
1.969956e+01    1.221443e-04
1.971177e+01    1.274859e-04
1.972399e+01    1.327393e-04
1.973620e+01    1.379530e-04
1.974841e+01    1.430712e-04
1.976063e+01    1.481223e-04
1.977284e+01    1.530793e-04
1.978505e+01    1.579542e-04
1.979726e+01    1.627399e-04
1.980948e+01    1.674443e-04
1.982169e+01    1.720206e-04
1.983390e+01    1.765274e-04
1.984612e+01    1.809142e-04
1.985833e+01    1.851923e-04
1.987054e+01    1.893709e-04
1.988276e+01    1.934294e-04
1.989497e+01    1.973544e-04
1.990718e+01    2.012041e-04
1.991939e+01    2.049108e-04
1.993161e+01    2.084975e-04
1.994382e+01    2.119446e-04
1.995603e+01    2.152710e-04
1.996825e+01    2.184634e-04
1.998046e+01    2.215253e-04
1.999267e+01    2.244511e-04
2.000488e+01    2.272394e-04
2.001710e+01    2.298924e-04
2.002931e+01    2.324129e-04
2.004152e+01    2.347729e-04
2.005374e+01    2.369811e-04
2.006595e+01    2.390541e-04
2.007816e+01    2.409738e-04
2.009038e+01    2.427458e-04
2.010259e+01    2.443746e-04
2.011480e+01    2.458672e-04
2.012702e+01    2.471877e-04
2.013923e+01    2.483613e-04
2.015144e+01    2.493830e-04
2.016365e+01    2.502561e-04
2.017587e+01    2.509649e-04
2.018808e+01    2.515354e-04
2.020029e+01    2.519511e-04
2.021251e+01    2.522056e-04
2.022472e+01    2.523070e-04
2.023693e+01    2.522777e-04
2.024915e+01    2.520699e-04
2.026136e+01    2.517217e-04
2.027357e+01    2.512244e-04
2.028578e+01    2.505747e-04
2.029800e+01    2.497816e-04
2.031021e+01    2.488417e-04
2.032242e+01    2.477549e-04
2.033464e+01    2.465204e-04
2.034685e+01    2.451588e-04
2.035906e+01    2.436556e-04
2.037127e+01    2.419845e-04
2.038349e+01    2.402155e-04
2.039570e+01    2.382931e-04
2.040791e+01    2.362389e-04
2.042013e+01    2.340623e-04
2.043234e+01    2.317412e-04
2.044455e+01    2.293070e-04
2.045677e+01    2.267510e-04
2.046898e+01    2.240781e-04
2.048119e+01    2.212826e-04
2.049340e+01    2.183723e-04
2.050562e+01    2.153388e-04
2.051783e+01    2.122298e-04
2.053004e+01    2.089928e-04
2.054226e+01    2.056588e-04
2.055447e+01    2.022241e-04
2.056668e+01    1.987019e-04
2.057890e+01    1.950812e-04
2.059111e+01    1.913728e-04
2.060332e+01    1.875808e-04
2.061554e+01    1.837022e-04
2.062775e+01    1.797462e-04
2.063996e+01    1.757162e-04
2.065217e+01    1.716178e-04
2.066439e+01    1.674548e-04
2.067660e+01    1.632597e-04
2.068881e+01    1.589307e-04
2.070103e+01    1.545878e-04
2.071324e+01    1.501845e-04
2.072545e+01    1.457398e-04
2.073767e+01    1.412482e-04
2.074988e+01    1.367207e-04
2.076209e+01    1.321357e-04
2.077430e+01    1.275306e-04
2.078652e+01    1.228983e-04
2.079873e+01    1.182321e-04
2.081094e+01    1.135257e-04
2.082316e+01    1.088370e-04
2.083537e+01    1.041212e-04
2.084758e+01    9.940726e-05
2.085979e+01    9.463695e-05
2.087201e+01    8.989082e-05
2.088422e+01    8.513988e-05
2.089643e+01    8.039200e-05
2.090865e+01    7.564665e-05
2.092086e+01    7.091049e-05
2.093307e+01    6.618397e-05
2.094529e+01    6.147014e-05
2.095750e+01    5.677860e-05
2.096971e+01    5.210983e-05
2.098192e+01    4.745979e-05
2.099414e+01    4.283834e-05
2.100635e+01    3.824069e-05
2.101856e+01    3.368722e-05
2.103078e+01    2.916000e-05
2.104299e+01    2.466096e-05
2.105520e+01    2.021791e-05
2.106742e+01    1.580548e-05
2.107963e+01    1.144002e-05
2.109184e+01    7.123512e-06
2.110406e+01    2.852874e-06
2.111627e+01    -1.384935e-06
2.112848e+01    -5.524780e-06
2.114069e+01    -9.639829e-06
2.115291e+01    -1.369286e-05
2.116512e+01    -1.768101e-05
2.117733e+01    -2.162522e-05
2.118955e+01    -2.550569e-05
2.120176e+01    -2.931787e-05
2.121397e+01    -3.306406e-05
2.122618e+01    -3.674669e-05
2.123840e+01    -4.036421e-05
2.125061e+01    -4.392416e-05
2.126282e+01    -4.739527e-05
2.127504e+01    -5.080209e-05
2.128725e+01    -5.412886e-05
2.129946e+01    -5.742189e-05
2.131168e+01    -6.062125e-05
2.132389e+01    -6.375277e-05
2.133610e+01    -6.680006e-05
2.134831e+01    -6.977894e-05
2.136053e+01    -7.269002e-05
2.137274e+01    -7.552266e-05
2.138495e+01    -7.828618e-05
2.139717e+01    -8.097976e-05
2.140938e+01    -8.358002e-05
2.142159e+01    -8.613430e-05
2.143381e+01    -8.858765e-05
2.144602e+01    -9.098131e-05
2.145823e+01    -9.330121e-05
2.147044e+01    -9.554494e-05
2.148266e+01    -9.772278e-05
2.149487e+01    -9.982582e-05
2.150708e+01    -1.018548e-04
2.151930e+01    -1.038166e-04
2.153151e+01    -1.057054e-04
2.154372e+01    -1.075205e-04
2.155593e+01    -1.092778e-04
2.156815e+01    -1.109575e-04
2.158036e+01    -1.125729e-04
2.159258e+01    -1.141223e-04
2.160479e+01    -1.156056e-04
2.161700e+01    -1.170227e-04
2.162921e+01    -1.183753e-04
2.164143e+01    -1.196707e-04
2.165364e+01    -1.208961e-04
2.166585e+01    -1.220645e-04
2.167807e+01    -1.231744e-04
2.169028e+01    -1.242192e-04
2.170249e+01    -1.252062e-04
2.171470e+01    -1.261404e-04
2.172692e+01    -1.270602e-04
2.173913e+01    -1.278346e-04
2.175134e+01    -1.286107e-04
2.176356e+01    -1.293099e-04
2.177577e+01    -1.299800e-04
2.178798e+01    -1.305910e-04
2.180020e+01    -1.311484e-04
2.181241e+01    -1.316545e-04
2.182462e+01    -1.321215e-04
2.183683e+01    -1.325404e-04
2.184905e+01    -1.329122e-04
2.186126e+01    -1.332051e-04
2.187347e+01    -1.335088e-04
2.188569e+01    -1.337547e-04
2.189790e+01    -1.339331e-04
2.191011e+01    -1.340957e-04
2.192233e+01    -1.342089e-04
2.193454e+01    -1.342724e-04
2.194675e+01    -1.343084e-04
2.195897e+01    -1.342996e-04
2.197118e+01    -1.342535e-04
2.198339e+01    -1.341790e-04
2.199560e+01    -1.340498e-04
2.200782e+01    -1.338973e-04
2.202003e+01    -1.337093e-04
2.203224e+01    -1.334984e-04
2.204445e+01    -1.332237e-04
2.205667e+01    -1.329285e-04
2.206888e+01    -1.325755e-04
2.208109e+01    -1.322413e-04
2.209331e+01    -1.318413e-04
2.210552e+01    -1.314225e-04
2.211773e+01    -1.309578e-04
2.212995e+01    -1.304711e-04
2.214216e+01    -1.299522e-04
2.215437e+01    -1.293903e-04
2.216659e+01    -1.288011e-04
2.217880e+01    -1.281863e-04
2.219101e+01    -1.275331e-04
2.220322e+01    -1.268609e-04
2.221544e+01    -1.261403e-04
2.222765e+01    -1.254027e-04
2.223986e+01    -1.246224e-04
2.225208e+01    -1.238136e-04
2.226429e+01    -1.229821e-04
2.227650e+01    -1.221085e-04
2.228872e+01    -1.212091e-04
2.230093e+01    -1.202781e-04
2.231314e+01    -1.193111e-04
2.232535e+01    -1.183139e-04
2.233757e+01    -1.172750e-04
2.234978e+01    -1.162239e-04
2.236199e+01    -1.151289e-04
2.237421e+01    -1.140164e-04
2.238642e+01    -1.128369e-04
2.239863e+01    -1.116363e-04
2.241084e+01    -1.104157e-04
2.242306e+01    -1.091444e-04
2.243527e+01    -1.078494e-04
2.244748e+01    -1.065127e-04
2.245970e+01    -1.051421e-04
2.247191e+01    -1.037289e-04
2.248412e+01    -1.023007e-04
2.249634e+01    -1.008222e-04
2.250855e+01    -9.931161e-05
2.252076e+01    -9.776224e-05
2.253297e+01    -9.616769e-05
2.254519e+01    -9.459985e-05
2.255740e+01    -9.288485e-05
2.256961e+01    -9.118233e-05
2.258183e+01    -8.944565e-05
2.259404e+01    -8.767017e-05
2.260625e+01    -8.585298e-05
2.261847e+01    -8.399930e-05
2.263068e+01    -8.211611e-05
2.264289e+01    -8.018076e-05
2.265511e+01    -7.821669e-05
2.266732e+01    -7.621112e-05
2.267953e+01    -7.416302e-05
2.269174e+01    -7.208914e-05
2.270396e+01    -6.996229e-05
2.271617e+01    -6.780485e-05
2.272838e+01    -6.561048e-05
2.274060e+01    -6.338040e-05
2.275281e+01    -6.110844e-05
2.276502e+01    -5.879844e-05
2.277724e+01    -5.645258e-05
2.278945e+01    -5.407378e-05
2.280166e+01    -5.165627e-05
2.281387e+01    -4.921024e-05
2.282609e+01    -4.672093e-05
2.283830e+01    -4.420124e-05
2.285051e+01    -4.164709e-05
2.286273e+01    -3.906194e-05
2.287494e+01    -3.644548e-05
2.288715e+01    -3.379295e-05
2.289936e+01    -3.110603e-05
2.291158e+01    -2.839795e-05
2.292379e+01    -2.565654e-05
2.293600e+01    -2.288670e-05
2.294822e+01    -2.008377e-05
2.296043e+01    -1.727059e-05
2.297264e+01    -1.442249e-05
2.298486e+01    -1.154456e-05
2.299707e+01    -8.658535e-06
2.300928e+01    -5.736190e-06
2.302150e+01    -2.809422e-06
2.303371e+01    1.564331e-07
2.304592e+01    3.130262e-06
2.305813e+01    6.117771e-06
2.307035e+01    9.125913e-06
2.308256e+01    1.214730e-05
2.309477e+01    1.517247e-05
2.310699e+01    1.820570e-05
2.311920e+01    2.126390e-05
2.313141e+01    2.431453e-05
2.314363e+01    2.737265e-05
2.315584e+01    3.044761e-05
2.316805e+01    3.350186e-05
2.318026e+01    3.656643e-05
2.319248e+01    3.962652e-05
2.320469e+01    4.268944e-05
2.321690e+01    4.574214e-05
2.322912e+01    4.879595e-05
2.324133e+01    5.183820e-05
2.325354e+01    5.486075e-05
2.326575e+01    5.787463e-05
2.327797e+01    6.088393e-05
2.329018e+01    6.386181e-05
2.330239e+01    6.683558e-05
2.331461e+01    6.978348e-05
2.332682e+01    7.271205e-05
2.333903e+01    7.561772e-05
2.335125e+01    7.849032e-05
2.336346e+01    8.133778e-05
2.337567e+01    8.415862e-05
2.338788e+01    8.694132e-05
2.340010e+01    8.969934e-05
2.341231e+01    9.241840e-05
2.342452e+01    9.510928e-05
2.343674e+01    9.774780e-05
2.344895e+01    1.003500e-04
2.346116e+01    1.028985e-04
2.347338e+01    1.054291e-04
2.348559e+01    1.078989e-04
2.349780e+01    1.103166e-04
2.351002e+01    1.126850e-04
2.352223e+01    1.150109e-04
2.353444e+01    1.172780e-04
2.354665e+01    1.194862e-04
2.355887e+01    1.216617e-04
2.357108e+01    1.237479e-04
2.358329e+01    1.257779e-04
2.359550e+01    1.277670e-04
2.360772e+01    1.296893e-04
2.361993e+01    1.315480e-04
2.363214e+01    1.333591e-04
2.364436e+01    1.350684e-04
2.365657e+01    1.367351e-04
2.366878e+01    1.383274e-04
2.368100e+01    1.398541e-04
2.369321e+01    1.413034e-04
2.370542e+01    1.426948e-04
2.371764e+01    1.440106e-04
2.372985e+01    1.452443e-04
2.374206e+01    1.464194e-04
2.375427e+01    1.475128e-04
2.376649e+01    1.485112e-04
2.377870e+01    1.494863e-04
2.379091e+01    1.503505e-04
2.380313e+01    1.511581e-04
2.381534e+01    1.518679e-04
2.382755e+01    1.525088e-04
2.383977e+01    1.530799e-04
2.385198e+01    1.535730e-04
2.386419e+01    1.539836e-04
2.387640e+01    1.543172e-04
2.388862e+01    1.545757e-04
2.390083e+01    1.547605e-04
2.391304e+01    1.548576e-04
2.392526e+01    1.548862e-04
2.393747e+01    1.548375e-04
2.394968e+01    1.547121e-04
2.396189e+01    1.545133e-04
2.397411e+01    1.542374e-04
2.398632e+01    1.538904e-04
2.399854e+01    1.534603e-04
2.401075e+01    1.529665e-04
2.402296e+01    1.523978e-04
2.403517e+01    1.517416e-04
2.404739e+01    1.510437e-04
2.405960e+01    1.502668e-04
2.407181e+01    1.494352e-04
2.408403e+01    1.484906e-04
2.409624e+01    1.475071e-04
2.410845e+01    1.464540e-04
2.412066e+01    1.453354e-04
2.413288e+01    1.441592e-04
2.414509e+01    1.429130e-04
2.415730e+01    1.416104e-04
2.416952e+01    1.402703e-04
2.418173e+01    1.388294e-04
2.419394e+01    1.373498e-04
2.420616e+01    1.358121e-04
2.421837e+01    1.342259e-04
2.423058e+01    1.325797e-04
2.424279e+01    1.309532e-04
2.425501e+01    1.291428e-04
2.426722e+01    1.273505e-04
2.427943e+01    1.255118e-04
2.429165e+01    1.236469e-04
2.430386e+01    1.217063e-04
2.431607e+01    1.197340e-04
2.432829e+01    1.177212e-04
2.434050e+01    1.156809e-04
2.435271e+01    1.136088e-04
2.436492e+01    1.114756e-04
2.437714e+01    1.093221e-04
2.438935e+01    1.071346e-04
2.440156e+01    1.049319e-04
2.441378e+01    1.026877e-04
2.442599e+01    1.004166e-04
2.443820e+01    9.813107e-05
2.445041e+01    9.582103e-05
2.446263e+01    9.347798e-05
2.447484e+01    9.112150e-05
2.448705e+01    8.875287e-05
2.449927e+01    8.636626e-05
2.451148e+01    8.398561e-05
2.452369e+01    8.154358e-05
2.453591e+01    7.911668e-05
2.454812e+01    7.668293e-05
2.456033e+01    7.424108e-05
2.457255e+01    7.177929e-05
2.458476e+01    6.932400e-05
2.459697e+01    6.686008e-05
2.460918e+01    6.439593e-05
2.462140e+01    6.194071e-05
2.463361e+01    5.948336e-05
2.464582e+01    5.698597e-05
2.465804e+01    5.455112e-05
2.467025e+01    5.210040e-05
2.468246e+01    4.964543e-05
2.469468e+01    4.720181e-05
2.470689e+01    4.476723e-05
2.471910e+01    4.233923e-05
2.473131e+01    3.992225e-05
2.474353e+01    3.752001e-05
2.475574e+01    3.512827e-05
2.476795e+01    3.274581e-05
2.478017e+01    3.038600e-05
2.479238e+01    2.803075e-05
2.480459e+01    2.569621e-05
2.481680e+01    2.337203e-05
2.482902e+01    2.107092e-05
2.484123e+01    1.879469e-05
2.485344e+01    1.652893e-05
2.486566e+01    1.428907e-05
2.487787e+01    1.205701e-05
2.489008e+01    9.859355e-06
2.490230e+01    7.661602e-06
2.491451e+01    5.501974e-06
2.492672e+01    3.366193e-06
2.493893e+01    1.245207e-06
2.495115e+01    -8.509487e-07
2.496336e+01    -2.929024e-06
2.497557e+01    -4.981262e-06
2.498779e+01    -7.011968e-06
2.500000e+01    -9.022227e-06
