0.000000e+00    -2.773760e+01
1.221299e-02    -2.771340e+01
2.442599e-02    -2.764088e+01
3.663898e-02    -2.752033e+01
4.885198e-02    -2.735223e+01
6.106497e-02    -2.713723e+01
7.327797e-02    -2.687616e+01
8.549096e-02    -2.657005e+01
9.770396e-02    -2.622009e+01
1.099169e-01    -2.582761e+01
1.221299e-01    -2.539413e+01
1.343429e-01    -2.492130e+01
1.465559e-01    -2.441092e+01
1.587689e-01    -2.386491e+01
1.709819e-01    -2.328531e+01
1.831949e-01    -2.267428e+01
1.954079e-01    -2.203405e+01
2.076209e-01    -2.136695e+01
2.198339e-01    -2.067538e+01
2.320469e-01    -1.996182e+01
2.442599e-01    -1.922875e+01
2.564729e-01    -1.847872e+01
2.686859e-01    -1.771430e+01
2.808989e-01    -1.693805e+01
2.931119e-01    -1.615253e+01
3.053249e-01    -1.536030e+01
3.175378e-01    -1.456389e+01
3.297509e-01    -1.376577e+01
3.419639e-01    -1.296838e+01
3.541768e-01    -1.217409e+01
3.663898e-01    -1.138521e+01
3.786028e-01    -1.060395e+01
3.908158e-01    -9.832470e+00
4.030288e-01    -9.072795e+00
4.152418e-01    -8.326867e+00
4.274548e-01    -7.596516e+00
4.396678e-01    -6.883458e+00
4.518808e-01    -6.189290e+00
4.640938e-01    -5.515483e+00
4.763068e-01    -4.863386e+00
4.885198e-01    -4.234218e+00
5.007328e-01    -3.629065e+00
5.129458e-01    -3.048884e+00
5.251588e-01    -2.494503e+00
5.373718e-01    -1.966615e+00
5.495847e-01    -1.465787e+00
5.617977e-01    -9.924552e-01
5.740107e-01    -5.469343e-01
5.862237e-01    -1.294152e-01
5.984367e-01    2.600290e-01
6.106497e-01    6.214392e-01
6.228627e-01    9.549659e-01
6.350757e-01    1.260864e+00
6.472887e-01    1.539488e+00
6.595017e-01    1.791287e+00
6.717147e-01    2.016794e+00
6.839277e-01    2.216627e+00
6.961407e-01    2.391478e+00
7.083537e-01    2.542109e+00
7.205667e-01    2.669343e+00
7.327797e-01    2.774059e+00
7.449927e-01    2.857185e+00
7.572057e-01    2.919693e+00
7.694187e-01    2.962589e+00
7.816316e-01    2.986912e+00
7.938446e-01    2.993722e+00
8.060576e-01    2.984096e+00
8.182706e-01    2.959127e+00
8.304836e-01    2.919909e+00
8.426966e-01    2.867541e+00
8.549096e-01    2.803115e+00
8.671226e-01    2.727714e+00
8.793356e-01    2.642407e+00
8.915486e-01    2.548248e+00
9.037616e-01    2.446263e+00
9.159746e-01    2.337457e+00
9.281876e-01    2.222804e+00
9.404006e-01    2.103247e+00
9.526136e-01    1.979691e+00
9.648266e-01    1.853008e+00
9.770396e-01    1.724026e+00
9.892526e-01    1.593536e+00
1.001466e+00    1.462284e+00
1.013679e+00    1.330973e+00
1.025892e+00    1.200261e+00
1.038105e+00    1.070761e+00
1.050318e+00    9.430395e-01
1.062531e+00    8.176187e-01
1.074744e+00    6.949746e-01
1.086957e+00    5.755379e-01
1.099169e+00    4.596948e-01
1.111382e+00    3.477877e-01
1.123595e+00    2.401165e-01
1.135808e+00    1.369386e-01
1.148021e+00    3.847186e-02
1.160234e+00    -5.510551e-02
1.172447e+00    -1.436526e-01
1.184660e+00    -2.270641e-01
1.196873e+00    -3.052696e-01
1.209086e+00    -3.782299e-01
1.221299e+00    -4.459372e-01
1.233512e+00    -5.084119e-01
1.245725e+00    -5.657009e-01
1.257938e+00    -6.178761e-01
1.270151e+00    -6.650317e-01
1.282364e+00    -7.072825e-01
1.294577e+00    -7.447627e-01
1.306790e+00    -7.776229e-01
1.319003e+00    -8.060278e-01
1.331216e+00    -8.301563e-01
1.343429e+00    -8.501980e-01
1.355642e+00    -8.663517e-01
1.367855e+00    -8.788238e-01
1.380068e+00    -8.878272e-01
1.392281e+00    -8.935789e-01
1.404494e+00    -8.962990e-01
1.416707e+00    -8.962088e-01
1.428920e+00    -8.935304e-01
1.441133e+00    -8.884841e-01
1.453346e+00    -8.812883e-01
1.465559e+00    -8.721582e-01
1.477772e+00    -8.613042e-01
1.489985e+00    -8.489323e-01
1.502198e+00    -8.352414e-01
1.514411e+00    -8.204242e-01
1.526624e+00    -8.046657e-01
1.538837e+00    -7.881433e-01
1.551050e+00    -7.710252e-01
1.563263e+00    -7.534714e-01
1.575476e+00    -7.356322e-01
1.587689e+00    -7.176486e-01
1.599902e+00    -6.996515e-01
1.612115e+00    -6.817626e-01
1.624328e+00    -6.640934e-01
1.636541e+00    -6.467456e-01
1.648754e+00    -6.298109e-01
1.660967e+00    -6.133716e-01
1.673180e+00    -5.975004e-01
1.685393e+00    -5.822605e-01
1.697606e+00    -5.677065e-01
1.709819e+00    -5.538834e-01
1.722032e+00    -5.408287e-01
1.734245e+00    -5.285709e-01
1.746458e+00    -5.171312e-01
1.758671e+00    -5.065234e-01
1.770884e+00    -4.967542e-01
1.783097e+00    -4.878239e-01
1.795310e+00    -4.797265e-01
1.807523e+00    -4.724507e-01
1.819736e+00    -4.659797e-01
1.831949e+00    -4.602919e-01
1.844162e+00    -4.553616e-01
1.856375e+00    -4.511591e-01
1.868588e+00    -4.476516e-01
1.880801e+00    -4.448027e-01
1.893014e+00    -4.425739e-01
1.905227e+00    -4.409246e-01
1.917440e+00    -4.398121e-01
1.929653e+00    -4.391926e-01
1.941866e+00    -4.390212e-01
1.954079e+00    -4.392526e-01
1.966292e+00    -4.398409e-01
1.978505e+00    -4.407401e-01
1.990718e+00    -4.419050e-01
2.002931e+00    -4.432906e-01
2.015144e+00    -4.448527e-01
2.027357e+00    -4.465483e-01
2.039570e+00    -4.483359e-01
2.051783e+00    -4.501750e-01
2.063996e+00    -4.520272e-01
2.076209e+00    -4.538554e-01
2.088422e+00    -4.556251e-01
2.100635e+00    -4.573030e-01
2.112848e+00    -4.588586e-01
2.125061e+00    -4.602634e-01
2.137274e+00    -4.614912e-01
2.149487e+00    -4.625180e-01
2.161700e+00    -4.633221e-01
2.173913e+00    -4.638843e-01
2.186126e+00    -4.641875e-01
2.198339e+00    -4.642172e-01
2.210552e+00    -4.639609e-01
2.222765e+00    -4.634086e-01
2.234978e+00    -4.625521e-01
2.247191e+00    -4.613857e-01
2.259404e+00    -4.599056e-01
2.271617e+00    -4.581097e-01
2.283830e+00    -4.559984e-01
2.296043e+00    -4.535730e-01
2.308256e+00    -4.508373e-01
2.320469e+00    -4.477960e-01
2.332682e+00    -4.444558e-01
2.344895e+00    -4.408247e-01
2.357108e+00    -4.369113e-01
2.369321e+00    -4.327261e-01
2.381534e+00    -4.282804e-01
2.393747e+00    -4.235861e-01
2.405960e+00    -4.186561e-01
2.418173e+00    -4.135043e-01
2.430386e+00    -4.081447e-01
2.442599e+00    -4.025919e-01
2.454812e+00    -3.968610e-01
2.467025e+00    -3.909673e-01
2.479238e+00    -3.849263e-01
2.491451e+00    -3.787535e-01
2.503664e+00    -3.724644e-01
2.515877e+00    -3.660747e-01
2.528090e+00    -3.595994e-01
2.540303e+00    -3.530539e-01
2.552516e+00    -3.464529e-01
2.564729e+00    -3.398108e-01
2.576942e+00    -3.331418e-01
2.589155e+00    -3.264593e-01
2.601368e+00    -3.197764e-01
2.613581e+00    -3.131056e-01
2.625794e+00    -3.064590e-01
2.638007e+00    -2.998479e-01
2.650220e+00    -2.932829e-01
2.662433e+00    -2.867742e-01
2.674646e+00    -2.803312e-01
2.686859e+00    -2.739625e-01
2.699072e+00    -2.676763e-01
2.711285e+00    -2.614796e-01
2.723498e+00    -2.553795e-01
2.735711e+00    -2.493817e-01
2.747924e+00    -2.434917e-01
2.760137e+00    -2.377140e-01
2.772350e+00    -2.320527e-01
2.784563e+00    -2.265112e-01
2.796776e+00    -2.210922e-01
2.808989e+00    -2.157981e-01
2.821202e+00    -2.106302e-01
2.833415e+00    -2.055899e-01
2.845628e+00    -2.006778e-01
2.857841e+00    -1.958938e-01
2.870054e+00    -1.912376e-01
2.882267e+00    -1.867086e-01
2.894480e+00    -1.823055e-01
2.906693e+00    -1.780267e-01
2.918906e+00    -1.738705e-01
2.931119e+00    -1.698347e-01
2.943332e+00    -1.659169e-01
2.955545e+00    -1.621144e-01
2.967758e+00    -1.584242e-01
2.979971e+00    -1.548433e-01
2.992184e+00    -1.513686e-01
3.004397e+00    -1.479965e-01
3.016610e+00    -1.447237e-01
3.028823e+00    -1.415467e-01
3.041036e+00    -1.384617e-01
3.053249e+00    -1.354653e-01
3.065462e+00    -1.325537e-01
3.077675e+00    -1.297233e-01
3.089888e+00    -1.269705e-01
3.102101e+00    -1.242918e-01
3.114314e+00    -1.216836e-01
3.126527e+00    -1.191425e-01
3.138740e+00    -1.166653e-01
3.150953e+00    -1.142485e-01
3.163166e+00    -1.118893e-01
3.175379e+00    -1.095844e-01
3.187592e+00    -1.073311e-01
3.199805e+00    -1.051264e-01
3.212018e+00    -1.029682e-01
3.224231e+00    -1.008535e-01
3.236444e+00    -9.878018e-02
3.248657e+00    -9.674609e-02
3.260870e+00    -9.474917e-02
3.273082e+00    -9.278753e-02
3.285295e+00    -9.085940e-02
3.297508e+00    -8.896320e-02
3.309721e+00    -8.709745e-02
3.321934e+00    -8.526088e-02
3.334147e+00    -8.345225e-02
3.346360e+00    -8.167055e-02
3.358573e+00    -7.991478e-02
3.370786e+00    -7.818415e-02
3.382999e+00    -7.647796e-02
3.395212e+00    -7.479557e-02
3.407425e+00    -7.313653e-02
3.419638e+00    -7.150037e-02
3.431851e+00    -6.988682e-02
3.444064e+00    -6.829557e-02
3.456277e+00    -6.672647e-02
3.468490e+00    -6.517942e-02
3.480703e+00    -6.365434e-02
3.492916e+00    -6.215125e-02
3.505129e+00    -6.067017e-02
3.517342e+00    -5.921119e-02
3.529555e+00    -5.777444e-02
3.541768e+00    -5.636000e-02
3.553981e+00    -5.496808e-02
3.566194e+00    -5.359878e-02
3.578407e+00    -5.225234e-02
3.590620e+00    -5.092892e-02
3.602833e+00    -4.962867e-02
3.615046e+00    -4.835177e-02
3.627259e+00    -4.709841e-02
3.639472e+00    -4.586870e-02
3.651685e+00    -4.466278e-02
3.663898e+00    -4.348076e-02
3.676111e+00    -4.232277e-02
3.688324e+00    -4.118882e-02
3.700537e+00    -4.007874e-02
3.712750e+00    -3.899322e-02
3.724963e+00    -3.793153e-02
3.737176e+00    -3.689392e-02
3.749389e+00    -3.588024e-02
3.761602e+00    -3.489041e-02
3.773815e+00    -3.392430e-02
3.786028e+00    -3.298170e-02
3.798241e+00    -3.206243e-02
3.810454e+00    -3.116629e-02
3.822667e+00    -3.029297e-02
3.834880e+00    -2.944222e-02
3.847093e+00    -2.861372e-02
3.859306e+00    -2.780713e-02
3.871519e+00    -2.702209e-02
3.883732e+00    -2.625823e-02
3.895945e+00    -2.551517e-02
3.908158e+00    -2.479243e-02
3.920371e+00    -2.408963e-02
3.932584e+00    -2.340633e-02
3.944797e+00    -2.274206e-02
3.957010e+00    -2.209634e-02
3.969223e+00    -2.146872e-02
3.981436e+00    -2.085869e-02
3.993649e+00    -2.026580e-02
4.005862e+00    -1.968952e-02
4.018075e+00    -1.912942e-02
4.030288e+00    -1.858497e-02
4.042501e+00    -1.805570e-02
4.054714e+00    -1.754114e-02
4.066927e+00    -1.704082e-02
4.079140e+00    -1.655427e-02
4.091353e+00    -1.608105e-02
4.103566e+00    -1.562071e-02
4.115779e+00    -1.517285e-02
4.127992e+00    -1.473700e-02
4.140205e+00    -1.431287e-02
4.152418e+00    -1.389991e-02
4.164631e+00    -1.349789e-02
4.176844e+00    -1.310641e-02
4.189057e+00    -1.272515e-02
4.201270e+00    -1.235394e-02
4.213483e+00    -1.199207e-02
4.225696e+00    -1.163967e-02
4.237909e+00    -1.129634e-02
4.250122e+00    -1.096187e-02
4.262335e+00    -1.063598e-02
4.274548e+00    -1.031855e-02
4.286761e+00    -1.000935e-02
4.298974e+00    -9.708222e-03
4.311187e+00    -9.415017e-03
4.323400e+00    -9.129616e-03
4.335613e+00    -8.851890e-03
4.347826e+00    -8.581761e-03
4.360039e+00    -8.319130e-03
4.372252e+00    -8.063924e-03
4.384465e+00    -7.816094e-03
4.396678e+00    -7.575624e-03
4.408891e+00    -7.342408e-03
4.421104e+00    -7.116482e-03
4.433317e+00    -6.897813e-03
4.445530e+00    -6.686430e-03
4.457743e+00    -6.482281e-03
4.469956e+00    -6.285422e-03
4.482169e+00    -6.095855e-03
4.494382e+00    -5.913590e-03
4.506595e+00    -5.738647e-03
4.518808e+00    -5.571104e-03
4.531021e+00    -5.410932e-03
4.543234e+00    -5.258219e-03
4.555447e+00    -5.112939e-03
4.567660e+00    -4.975173e-03
4.579873e+00    -4.844895e-03
4.592086e+00    -4.722239e-03
4.604299e+00    -4.607144e-03
4.616512e+00    -4.499658e-03
4.628725e+00    -4.399815e-03
4.640938e+00    -4.307625e-03
4.653151e+00    -4.223093e-03
4.665364e+00    -4.146239e-03
4.677577e+00    -4.077041e-03
4.689790e+00    -4.015513e-03
4.702003e+00    -3.961703e-03
4.714216e+00    -3.915397e-03
4.726429e+00    -3.876754e-03
4.738642e+00    -3.845680e-03
4.750855e+00    -3.822125e-03
4.763068e+00    -3.806008e-03
4.775281e+00    -3.797319e-03
4.787494e+00    -3.795921e-03
4.799707e+00    -3.801744e-03
4.811920e+00    -3.814856e-03
4.824133e+00    -3.834972e-03
4.836346e+00    -3.862015e-03
4.848559e+00    -3.895932e-03
4.860772e+00    -3.936547e-03
4.872985e+00    -3.983757e-03
4.885198e+00    -4.037425e-03
4.897411e+00    -4.097455e-03
4.909624e+00    -4.163501e-03
4.921837e+00    -4.235594e-03
4.934050e+00    -4.313568e-03
4.946263e+00    -4.397101e-03
4.958476e+00    -4.486172e-03
4.970689e+00    -4.580495e-03
4.982902e+00    -4.679936e-03
4.995115e+00    -4.784274e-03
5.007328e+00    -4.893300e-03
5.019541e+00    -5.006853e-03
5.031754e+00    -5.124651e-03
5.043967e+00    -5.246532e-03
5.056180e+00    -5.372289e-03
5.068393e+00    -5.501688e-03
5.080606e+00    -5.634480e-03
5.092819e+00    -5.770515e-03
5.105031e+00    -5.909496e-03
5.117245e+00    -6.051235e-03
5.129457e+00    -6.195480e-03
5.141671e+00    -6.342042e-03
5.153883e+00    -6.490652e-03
5.166097e+00    -6.641051e-03
5.178309e+00    -6.793157e-03
5.190523e+00    -6.946615e-03
5.202735e+00    -7.101224e-03
5.214949e+00    -7.256760e-03
5.227162e+00    -7.413010e-03
5.239375e+00    -7.569752e-03
5.251588e+00    -7.726759e-03
5.263801e+00    -7.883833e-03
5.276014e+00    -8.040741e-03
5.288227e+00    -8.197308e-03
5.300440e+00    -8.353287e-03
5.312653e+00    -8.508489e-03
5.324866e+00    -8.662784e-03
5.337079e+00    -8.815887e-03
5.349292e+00    -8.967621e-03
5.361505e+00    -9.117893e-03
5.373718e+00    -9.266425e-03
5.385931e+00    -9.413045e-03
5.398144e+00    -9.557768e-03
5.410357e+00    -9.700066e-03
5.422570e+00    -9.840071e-03
5.434783e+00    -9.977567e-03
5.446996e+00    -1.011239e-02
5.459208e+00    -1.024441e-02
5.471422e+00    -1.037344e-02
5.483634e+00    -1.049940e-02
5.495848e+00    -1.062215e-02
5.508060e+00    -1.074159e-02
5.520274e+00    -1.085750e-02
5.532486e+00    -1.096993e-02
5.544700e+00    -1.107867e-02
5.556912e+00    -1.118365e-02
5.569126e+00    -1.128477e-02
5.581338e+00    -1.138191e-02
5.593552e+00    -1.147504e-02
5.605764e+00    -1.156408e-02
5.617978e+00    -1.164895e-02
5.630190e+00    -1.172954e-02
5.642404e+00    -1.180582e-02
5.654616e+00    -1.187776e-02
5.666830e+00    -1.194526e-02
5.679042e+00    -1.200837e-02
5.691256e+00    -1.206695e-02
5.703468e+00    -1.212097e-02
5.715682e+00    -1.217056e-02
5.727894e+00    -1.221550e-02
5.740108e+00    -1.225588e-02
5.752320e+00    -1.229164e-02
5.764534e+00    -1.232282e-02
5.776746e+00    -1.234940e-02
5.788960e+00    -1.237137e-02
5.801172e+00    -1.238877e-02
5.813385e+00    -1.240150e-02
5.825598e+00    -1.240974e-02
5.837811e+00    -1.241343e-02
5.850024e+00    -1.241259e-02
5.862237e+00    -1.240730e-02
5.874450e+00    -1.239752e-02
5.886663e+00    -1.238333e-02
5.898876e+00    -1.236482e-02
5.911089e+00    -1.234187e-02
5.923302e+00    -1.231469e-02
5.935515e+00    -1.228329e-02
5.947728e+00    -1.224768e-02
5.959941e+00    -1.220800e-02
5.972154e+00    -1.216420e-02
5.984367e+00    -1.211646e-02
5.996580e+00    -1.206475e-02
6.008793e+00    -1.200922e-02
6.021006e+00    -1.194988e-02
6.033219e+00    -1.188682e-02
6.045432e+00    -1.182014e-02
6.057645e+00    -1.174994e-02
6.069858e+00    -1.167624e-02
6.082071e+00    -1.159916e-02
6.094284e+00    -1.151874e-02
6.106497e+00    -1.143519e-02
6.118710e+00    -1.134852e-02
6.130923e+00    -1.125878e-02
6.143136e+00    -1.116613e-02
6.155349e+00    -1.107064e-02
6.167562e+00    -1.097242e-02
6.179775e+00    -1.087154e-02
6.191988e+00    -1.076814e-02
6.204201e+00    -1.066228e-02
6.216414e+00    -1.055409e-02
6.228627e+00    -1.044363e-02
6.240840e+00    -1.033103e-02
6.253053e+00    -1.021638e-02
6.265266e+00    -1.009978e-02
6.277479e+00    -9.981332e-03
6.289692e+00    -9.861136e-03
6.301905e+00    -9.739276e-03
6.314118e+00    -9.615888e-03
6.326331e+00    -9.491012e-03
6.338544e+00    -9.364786e-03
6.350757e+00    -9.237288e-03
6.362970e+00    -9.108667e-03
6.375183e+00    -8.978948e-03
6.387396e+00    -8.848249e-03
6.399609e+00    -8.716624e-03
6.411822e+00    -8.584289e-03
6.424035e+00    -8.451222e-03
6.436248e+00    -8.317526e-03
6.448461e+00    -8.183332e-03
6.460674e+00    -8.048635e-03
6.472887e+00    -7.913704e-03
6.485100e+00    -7.778468e-03
6.497313e+00    -7.643015e-03
6.509526e+00    -7.507476e-03
6.521739e+00    -7.371923e-03
6.533952e+00    -7.236400e-03
6.546165e+00    -7.101024e-03
6.558378e+00    -6.965844e-03
6.570591e+00    -6.830944e-03
6.582804e+00    -6.696367e-03
6.595017e+00    -6.562197e-03
6.607230e+00    -6.428483e-03
6.619443e+00    -6.295308e-03
6.631656e+00    -6.162763e-03
6.643869e+00    -6.030775e-03
6.656082e+00    -5.899492e-03
6.668295e+00    -5.769005e-03
6.680508e+00    -5.639307e-03
6.692721e+00    -5.510428e-03
6.704934e+00    -5.382657e-03
6.717147e+00    -5.255383e-03
6.729360e+00    -5.129278e-03
6.741573e+00    -5.004179e-03
6.753786e+00    -4.880123e-03
6.765999e+00    -4.757139e-03
6.778212e+00    -4.635252e-03
6.790425e+00    -4.514507e-03
6.802638e+00    -4.394867e-03
6.814851e+00    -4.276447e-03
6.827064e+00    -4.159213e-03
6.839277e+00    -4.043189e-03
6.851490e+00    -3.928410e-03
6.863703e+00    -3.814866e-03
6.875916e+00    -3.702634e-03
6.888129e+00    -3.591634e-03
6.900342e+00    -3.481926e-03
6.912555e+00    -3.373532e-03
6.924768e+00    -3.266414e-03
6.936981e+00    -3.160641e-03
6.949194e+00    -3.056152e-03
6.961407e+00    -2.952977e-03
6.973620e+00    -2.851087e-03
6.985833e+00    -2.750528e-03
6.998046e+00    -2.651247e-03
7.010259e+00    -2.553253e-03
7.022472e+00    -2.456570e-03
7.034685e+00    -2.361145e-03
7.046898e+00    -2.266984e-03
7.059111e+00    -2.174093e-03
7.071324e+00    -2.082420e-03
7.083537e+00    -1.992007e-03
7.095750e+00    -1.903053e-03
7.107963e+00    -1.814747e-03
7.120176e+00    -1.727904e-03
7.132389e+00    -1.642232e-03
7.144602e+00    -1.557710e-03
7.156815e+00    -1.474290e-03
7.169028e+00    -1.392010e-03
7.181241e+00    -1.310800e-03
7.193454e+00    -1.230669e-03
7.205667e+00    -1.151593e-03
7.217880e+00    -1.073559e-03
7.230093e+00    -9.965483e-04
7.242306e+00    -9.205357e-04
7.254519e+00    -8.454737e-04
7.266732e+00    -7.713941e-04
7.278944e+00    -6.982479e-04
7.291158e+00    -6.260116e-04
7.303371e+00    -5.546775e-04
7.315584e+00    -4.842105e-04
7.327797e+00    -4.146225e-04
7.340010e+00    -3.458893e-04
7.352223e+00    -2.779456e-04
7.364436e+00    -2.108209e-04
7.376649e+00    -1.444730e-04
7.388862e+00    -7.889891e-05
7.401075e+00    -1.407461e-05
7.413288e+00    5.002855e-05
7.425501e+00    1.134067e-04
7.437714e+00    1.760872e-04
7.449927e+00    2.380885e-04
7.462140e+00    2.994047e-04
7.474353e+00    3.600813e-04
7.486566e+00    4.201114e-04
7.498779e+00    4.795307e-04
7.510992e+00    5.382832e-04
7.523205e+00    5.964619e-04
7.535418e+00    6.540310e-04
7.547631e+00    7.110207e-04
7.559844e+00    7.674177e-04
7.572057e+00    8.232539e-04
7.584270e+00    8.785132e-04
7.596483e+00    9.331882e-04
7.608696e+00    9.873603e-04
7.620909e+00    1.040933e-03
7.633121e+00    1.093943e-03
7.645335e+00    1.146430e-03
7.657547e+00    1.198366e-03
7.669761e+00    1.249727e-03
7.681973e+00    1.300549e-03
7.694187e+00    1.350801e-03
7.706399e+00    1.400451e-03
7.718613e+00    1.449657e-03
7.730825e+00    1.498223e-03
7.743039e+00    1.546248e-03
7.755251e+00    1.593682e-03
7.767465e+00    1.640532e-03
7.779677e+00    1.686823e-03
7.791891e+00    1.732527e-03
7.804103e+00    1.777569e-03
7.816317e+00    1.822058e-03
7.828529e+00    1.865910e-03
7.840743e+00    1.909147e-03
7.852955e+00    1.951741e-03
7.865169e+00    1.993662e-03
7.877381e+00    2.034980e-03
7.889595e+00    2.075603e-03
7.901807e+00    2.115588e-03
7.914021e+00    2.154810e-03
7.926233e+00    2.193341e-03
7.938447e+00    2.231161e-03
7.950659e+00    2.268234e-03
7.962873e+00    2.304570e-03
7.975085e+00    2.340146e-03
7.987298e+00    2.374919e-03
7.999511e+00    2.408902e-03
8.011724e+00    2.442063e-03
8.023937e+00    2.474405e-03
8.036150e+00    2.505905e-03
8.048364e+00    2.536550e-03
8.060576e+00    2.566305e-03
8.072789e+00    2.595168e-03
8.085002e+00    2.623136e-03
8.097216e+00    2.650193e-03
8.109428e+00    2.676265e-03
8.121641e+00    2.701415e-03
8.133854e+00    2.725598e-03
8.146068e+00    2.748801e-03
8.158280e+00    2.770996e-03
8.170493e+00    2.792184e-03
8.182706e+00    2.812346e-03
8.194920e+00    2.831490e-03
8.207132e+00    2.849571e-03
8.219345e+00    2.866593e-03
8.231558e+00    2.882562e-03
8.243772e+00    2.897430e-03
8.255984e+00    2.911210e-03
8.268197e+00    2.923876e-03
8.280410e+00    2.935399e-03
8.292624e+00    2.945868e-03
8.304836e+00    2.955150e-03
8.317049e+00    2.963297e-03
8.329262e+00    2.970300e-03
8.341475e+00    2.976137e-03
8.353688e+00    2.980814e-03
8.365901e+00    2.984311e-03
8.378115e+00    2.986626e-03
8.390327e+00    2.987769e-03
8.402540e+00    2.987841e-03
8.414753e+00    2.986464e-03
8.426967e+00    2.984044e-03
8.439179e+00    2.980400e-03
8.451392e+00    2.975573e-03
8.463605e+00    2.969542e-03
8.475819e+00    2.962337e-03
8.488031e+00    2.953924e-03
8.500244e+00    2.944350e-03
8.512457e+00    2.933548e-03
8.524671e+00    2.921586e-03
8.536883e+00    2.908447e-03
8.549096e+00    2.894144e-03
8.561309e+00    2.878683e-03
8.573523e+00    2.862060e-03
8.585735e+00    2.844302e-03
8.597948e+00    2.825448e-03
8.610161e+00    2.805382e-03
8.622375e+00    2.784257e-03
8.634587e+00    2.761997e-03
8.646800e+00    2.738699e-03
8.659013e+00    2.714303e-03
8.671227e+00    2.688852e-03
8.683439e+00    2.662341e-03
8.695652e+00    2.634809e-03
8.707865e+00    2.606215e-03
8.720078e+00    2.576738e-03
8.732291e+00    2.546202e-03
8.744504e+00    2.514705e-03
8.756717e+00    2.482282e-03
8.768930e+00    2.448927e-03
8.781143e+00    2.414660e-03
8.793356e+00    2.379545e-03
8.805569e+00    2.343511e-03
8.817782e+00    2.306666e-03
8.829995e+00    2.268994e-03
8.842208e+00    2.230556e-03
8.854421e+00    2.191332e-03
8.866634e+00    2.151344e-03
8.878847e+00    2.110657e-03
8.891060e+00    2.069292e-03
8.903273e+00    2.027333e-03
8.915486e+00    1.984566e-03
8.927699e+00    1.941269e-03
8.939912e+00    1.897383e-03
8.952125e+00    1.852940e-03
8.964338e+00    1.807975e-03
8.976551e+00    1.762505e-03
8.988764e+00    1.716558e-03
9.000977e+00    1.670172e-03
9.013190e+00    1.623355e-03
9.025403e+00    1.576167e-03
9.037616e+00    1.528624e-03
9.049829e+00    1.480756e-03
9.062042e+00    1.432540e-03
9.074255e+00    1.384082e-03
9.086468e+00    1.335375e-03
9.098680e+00    1.286500e-03
9.110894e+00    1.237343e-03
9.123107e+00    1.188079e-03
9.135320e+00    1.138673e-03
9.147532e+00    1.089162e-03
9.159746e+00    1.039587e-03
9.171959e+00    9.899760e-04
9.184172e+00    9.403179e-04
9.196384e+00    8.906935e-04
9.208598e+00    8.410824e-04
9.220811e+00    7.915294e-04
9.233024e+00    7.421082e-04
9.245236e+00    6.927871e-04
9.257450e+00    6.436161e-04
9.269663e+00    5.946059e-04
9.281876e+00    5.458128e-04
9.294088e+00    4.972257e-04
9.306302e+00    4.489087e-04
9.318515e+00    4.008670e-04
9.330728e+00    3.531490e-04
9.342940e+00    3.056990e-04
9.355154e+00    2.586347e-04
9.367367e+00    2.119601e-04
9.379580e+00    1.656576e-04
9.391793e+00    1.197730e-04
9.404006e+00    7.434656e-05
9.416219e+00    2.935773e-05
9.428432e+00    -1.516043e-05
9.440645e+00    -5.914773e-05
9.452858e+00    -1.026256e-04
9.465071e+00    -1.455732e-04
9.477283e+00    -1.879749e-04
9.489497e+00    -2.298068e-04
9.501710e+00    -2.710699e-04
9.513923e+00    -3.116939e-04
9.526135e+00    -3.517179e-04
9.538349e+00    -3.911196e-04
9.550562e+00    -4.298670e-04
9.562775e+00    -4.679706e-04
9.574987e+00    -5.054065e-04
9.587201e+00    -5.421472e-04
9.599414e+00    -5.782226e-04
9.611627e+00    -6.135466e-04
9.623839e+00    -6.481942e-04
9.636053e+00    -6.821160e-04
9.648266e+00    -7.153297e-04
9.660479e+00    -7.477779e-04
9.672691e+00    -7.794791e-04
9.684905e+00    -8.104544e-04
9.697118e+00    -8.406588e-04
9.709331e+00    -8.701491e-04
9.721543e+00    -8.987787e-04
9.733757e+00    -9.266872e-04
9.745970e+00    -9.538188e-04
9.758183e+00    -9.801756e-04
9.770395e+00    -1.005762e-03
9.782609e+00    -1.030573e-03
9.794822e+00    -1.054597e-03
9.807034e+00    -1.077851e-03
9.819247e+00    -1.100334e-03
9.831461e+00    -1.122056e-03
9.843674e+00    -1.142988e-03
9.855886e+00    -1.163148e-03
9.868099e+00    -1.182561e-03
9.880313e+00    -1.201187e-03
9.892526e+00    -1.219100e-03
9.904738e+00    -1.236248e-03
9.916951e+00    -1.252668e-03
9.929165e+00    -1.268347e-03
9.941378e+00    -1.283307e-03
9.953590e+00    -1.297547e-03
9.965803e+00    -1.311049e-03
9.978017e+00    -1.323859e-03
9.990230e+00    -1.335971e-03
1.000244e+01    -1.347421e-03
1.001466e+01    -1.358200e-03
1.002687e+01    -1.368248e-03
1.003908e+01    -1.377692e-03
1.005129e+01    -1.386470e-03
1.006351e+01    -1.394605e-03
1.007572e+01    -1.402113e-03
1.008793e+01    -1.409006e-03
1.010015e+01    -1.415384e-03
1.011236e+01    -1.421027e-03
1.012457e+01    -1.426158e-03
1.013679e+01    -1.430708e-03
1.014900e+01    -1.434713e-03
1.016121e+01    -1.438170e-03
1.017342e+01    -1.441116e-03
1.018564e+01    -1.443538e-03
1.019785e+01    -1.445472e-03
1.021006e+01    -1.446904e-03
1.022228e+01    -1.447860e-03
1.023449e+01    -1.448363e-03
1.024670e+01    -1.448432e-03
1.025891e+01    -1.448065e-03
1.027113e+01    -1.447287e-03
1.028334e+01    -1.446089e-03
1.029555e+01    -1.444560e-03
1.030777e+01    -1.442585e-03
1.031998e+01    -1.440290e-03
1.033219e+01    -1.437652e-03
1.034441e+01    -1.434634e-03
1.035662e+01    -1.431360e-03
1.036883e+01    -1.427753e-03
1.038105e+01    -1.423859e-03
1.039326e+01    -1.419696e-03
1.040547e+01    -1.415318e-03
1.041768e+01    -1.410563e-03
1.042990e+01    -1.405639e-03
1.044211e+01    -1.400495e-03
1.045432e+01    -1.395099e-03
1.046654e+01    -1.389524e-03
1.047875e+01    -1.383760e-03
1.049096e+01    -1.377913e-03
1.050318e+01    -1.371689e-03
1.051539e+01    -1.365421e-03
1.052760e+01    -1.358992e-03
1.053981e+01    -1.352435e-03
1.055203e+01    -1.345758e-03
1.056424e+01    -1.338950e-03
1.057645e+01    -1.332071e-03
1.058867e+01    -1.325062e-03
1.060088e+01    -1.317954e-03
1.061309e+01    -1.310818e-03
1.062531e+01    -1.303574e-03
1.063752e+01    -1.296279e-03
1.064973e+01    -1.288968e-03
1.066194e+01    -1.281574e-03
1.067416e+01    -1.274164e-03
1.068637e+01    -1.266718e-03
1.069858e+01    -1.259250e-03
1.071080e+01    -1.251772e-03
1.072301e+01    -1.244240e-03
1.073522e+01    -1.236720e-03
1.074744e+01    -1.229198e-03
1.075965e+01    -1.221689e-03
1.077186e+01    -1.214185e-03
1.078407e+01    -1.206671e-03
1.079629e+01    -1.199164e-03
1.080850e+01    -1.191671e-03
1.082071e+01    -1.184199e-03
1.083293e+01    -1.176734e-03
1.084514e+01    -1.169312e-03
1.085735e+01    -1.161906e-03
1.086957e+01    -1.154490e-03
1.088178e+01    -1.147102e-03
1.089399e+01    -1.139752e-03
1.090620e+01    -1.132405e-03
1.091842e+01    -1.125084e-03
1.093063e+01    -1.117802e-03
1.094284e+01    -1.110514e-03
1.095506e+01    -1.103260e-03
1.096727e+01    -1.096018e-03
1.097948e+01    -1.088793e-03
1.099170e+01    -1.081562e-03
1.100391e+01    -1.074367e-03
1.101612e+01    -1.067165e-03
1.102833e+01    -1.059978e-03
1.104055e+01    -1.052783e-03
1.105276e+01    -1.045600e-03
1.106497e+01    -1.038398e-03
1.107719e+01    -1.031196e-03
1.108940e+01    -1.023960e-03
1.110161e+01    -1.016710e-03
1.111382e+01    -1.009462e-03
1.112604e+01    -1.002192e-03
1.113825e+01    -9.948631e-04
1.115046e+01    -9.874927e-04
1.116268e+01    -9.800711e-04
1.117489e+01    -9.726223e-04
1.118710e+01    -9.651211e-04
1.119932e+01    -9.575502e-04
1.121153e+01    -9.498990e-04
1.122374e+01    -9.422145e-04
1.123596e+01    -9.344005e-04
1.124817e+01    -9.265203e-04
1.126038e+01    -9.185614e-04
1.127259e+01    -9.105083e-04
1.128481e+01    -9.023456e-04
1.129702e+01    -8.940169e-04
1.130923e+01    -8.856978e-04
1.132145e+01    -8.772035e-04
1.133366e+01    -8.686075e-04
1.134587e+01    -8.598720e-04
1.135808e+01    -8.510209e-04
1.137030e+01    -8.420137e-04
1.138251e+01    -8.328828e-04
1.139472e+01    -8.235944e-04
1.140694e+01    -8.142037e-04
1.141915e+01    -8.045873e-04
1.143136e+01    -7.948544e-04
1.144358e+01    -7.849528e-04
1.145579e+01    -7.748982e-04
1.146800e+01    -7.646703e-04
1.148022e+01    -7.542711e-04
1.149243e+01    -7.436911e-04
1.150464e+01    -7.329523e-04
1.151685e+01    -7.220346e-04
1.152907e+01    -7.109157e-04
1.154128e+01    -6.996322e-04
1.155349e+01    -6.881606e-04
1.156571e+01    -6.764798e-04
1.157792e+01    -6.646630e-04
1.159013e+01    -6.526000e-04
1.160234e+01    -6.404436e-04
1.161456e+01    -6.279565e-04
1.162677e+01    -6.153617e-04
1.163898e+01    -6.025614e-04
1.165120e+01    -5.895659e-04
1.166341e+01    -5.764107e-04
1.167562e+01    -5.630603e-04
1.168784e+01    -5.495000e-04
1.170005e+01    -5.357945e-04
1.171226e+01    -5.218631e-04
1.172447e+01    -5.078519e-04
1.173669e+01    -4.936164e-04
1.174890e+01    -4.792104e-04
1.176111e+01    -4.646511e-04
1.177333e+01    -4.499345e-04
1.178554e+01    -4.350533e-04
1.179775e+01    -4.200487e-04
1.180997e+01    -4.048951e-04
1.182218e+01    -3.896018e-04
1.183439e+01    -3.741694e-04
1.184660e+01    -3.586299e-04
1.185882e+01    -3.429902e-04
1.187103e+01    -3.272273e-04
1.188324e+01    -3.113191e-04
1.189546e+01    -2.953899e-04
1.190767e+01    -2.793372e-04
1.191988e+01    -2.632404e-04
1.193210e+01    -2.470342e-04
1.194431e+01    -2.307892e-04
1.195652e+01    -2.145068e-04
1.196873e+01    -1.981683e-04
1.198095e+01    -1.818014e-04
1.199316e+01    -1.654361e-04
1.200537e+01    -1.490343e-04
1.201759e+01    -1.325135e-04
1.202980e+01    -1.162488e-04
1.204201e+01    -9.992503e-05
1.205423e+01    -8.360873e-05
1.206644e+01    -6.730422e-05
1.207865e+01    -5.109371e-05
1.209086e+01    -3.494041e-05
1.210308e+01    -1.884800e-05
1.211529e+01    -2.908222e-06
1.212750e+01    1.296387e-05
1.213972e+01    2.873908e-05
1.215193e+01    4.437024e-05
1.216414e+01    5.985304e-05
1.217636e+01    7.518377e-05
1.218857e+01    9.024468e-05
1.220078e+01    1.053494e-04
1.221299e+01    1.201389e-04
1.222521e+01    1.347491e-04
1.223742e+01    1.491355e-04
1.224963e+01    1.633081e-04
1.226185e+01    1.772293e-04
1.227406e+01    1.909133e-04
1.228627e+01    2.043365e-04
1.229849e+01    2.174564e-04
1.231070e+01    2.303695e-04
1.232291e+01    2.429352e-04
1.233512e+01    2.551604e-04
1.234734e+01    2.671731e-04
1.235955e+01    2.788192e-04
1.237176e+01    2.901015e-04
1.238398e+01    3.010500e-04
1.239619e+01    3.116487e-04
1.240840e+01    3.218584e-04
1.242062e+01    3.317512e-04
1.243283e+01    3.412284e-04
1.244504e+01    3.503087e-04
1.245725e+01    3.589931e-04
1.246947e+01    3.672683e-04
1.248168e+01    3.751218e-04
1.249389e+01    3.824398e-04
1.250611e+01    3.895373e-04
1.251832e+01    3.960780e-04
1.253053e+01    4.021992e-04
1.254275e+01    4.078728e-04
1.255496e+01    4.130561e-04
1.256717e+01    4.178252e-04
1.257938e+01    4.220767e-04
1.259160e+01    4.258812e-04
1.260381e+01    4.293023e-04
1.261602e+01    4.320210e-04
1.262824e+01    4.344126e-04
1.264045e+01    4.363266e-04
1.265266e+01    4.377167e-04
1.266488e+01    4.386261e-04
1.267709e+01    4.390664e-04
1.268930e+01    4.390065e-04
1.270151e+01    4.384642e-04
1.271373e+01    4.374233e-04
1.272594e+01    4.359244e-04
1.273815e+01    4.339111e-04
1.275037e+01    4.314571e-04
1.276258e+01    4.284912e-04
1.277479e+01    4.250445e-04
1.278701e+01    4.211335e-04
1.279922e+01    4.167870e-04
1.281143e+01    4.119009e-04
1.282364e+01    4.065943e-04
1.283586e+01    4.008197e-04
1.284807e+01    3.945988e-04
1.286028e+01    3.879347e-04
1.287250e+01    3.808367e-04
1.288471e+01    3.732575e-04
1.289692e+01    3.653197e-04
1.290914e+01    3.569403e-04
1.292135e+01    3.481341e-04
1.293356e+01    3.389606e-04
1.294577e+01    3.293759e-04
1.295799e+01    3.194097e-04
1.297020e+01    3.090296e-04
1.298241e+01    2.983678e-04
1.299463e+01    2.872765e-04
1.300684e+01    2.758830e-04
1.301905e+01    2.641504e-04
1.303127e+01    2.520750e-04
1.304348e+01    2.397873e-04
1.305569e+01    2.270889e-04
1.306790e+01    2.141030e-04
1.308012e+01    2.009047e-04
1.309233e+01    1.874349e-04
1.310454e+01    1.737239e-04
1.311676e+01    1.597553e-04
1.312897e+01    1.455868e-04
1.314118e+01    1.312010e-04
1.315340e+01    1.166156e-04
1.316561e+01    1.018730e-04
1.317782e+01    8.694716e-05
1.319003e+01    7.182199e-05
1.320225e+01    5.665344e-05
1.321446e+01    4.133138e-05
1.322667e+01    2.588220e-05
1.323889e+01    1.033131e-05
1.325110e+01    -5.294018e-06
1.326331e+01    -2.095904e-05
1.327553e+01    -3.669566e-05
1.328774e+01    -5.250343e-05
1.329995e+01    -6.832390e-05
1.331216e+01    -8.413079e-05
1.332438e+01    -9.993713e-05
1.333659e+01    -1.157087e-04
1.334880e+01    -1.315128e-04
1.336102e+01    -1.472363e-04
1.337323e+01    -1.629167e-04
1.338544e+01    -1.785006e-04
1.339766e+01    -1.939622e-04
1.340987e+01    -2.094715e-04
1.342208e+01    -2.247233e-04
1.343429e+01    -2.398987e-04
1.344651e+01    -2.549503e-04
1.345872e+01    -2.698337e-04
1.347093e+01    -2.845674e-04
1.348315e+01    -2.991368e-04
1.349536e+01    -3.135467e-04
1.350757e+01    -3.277261e-04
1.351978e+01    -3.417181e-04
1.353200e+01    -3.554932e-04
1.354421e+01    -3.690515e-04
1.355642e+01    -3.823769e-04
1.356864e+01    -3.954414e-04
1.358085e+01    -4.082297e-04
1.359306e+01    -4.208370e-04
1.360528e+01    -4.331553e-04
1.361749e+01    -4.451691e-04
1.362970e+01    -4.569036e-04
1.364192e+01    -4.683532e-04
1.365413e+01    -4.795248e-04
1.366634e+01    -4.903612e-04
1.367855e+01    -5.008724e-04
1.369077e+01    -5.111165e-04
1.370298e+01    -5.210041e-04
1.371519e+01    -5.305525e-04
1.372741e+01    -5.397784e-04
1.373962e+01    -5.487464e-04
1.375183e+01    -5.573269e-04
1.376404e+01    -5.655425e-04
1.377626e+01    -5.734431e-04
1.378847e+01    -5.809834e-04
1.380068e+01    -5.881561e-04
1.381290e+01    -5.950266e-04
1.382511e+01    -6.015202e-04
1.383732e+01    -6.076633e-04
1.384954e+01    -6.134557e-04
1.386175e+01    -6.188827e-04
1.387396e+01    -6.239575e-04
1.388618e+01    -6.286726e-04
1.389839e+01    -6.331068e-04
1.391060e+01    -6.371410e-04
1.392281e+01    -6.408402e-04
1.393503e+01    -6.441785e-04
1.394724e+01    -6.471815e-04
1.395945e+01    -6.498584e-04
1.397167e+01    -6.521761e-04
1.398388e+01    -6.541839e-04
1.399609e+01    -6.558132e-04
1.400830e+01    -6.572046e-04
1.402052e+01    -6.581979e-04
1.403273e+01    -6.589515e-04
1.404494e+01    -6.593307e-04
1.405716e+01    -6.594268e-04
1.406937e+01    -6.592095e-04
1.408158e+01    -6.587032e-04
1.409380e+01    -6.579120e-04
1.410601e+01    -6.568340e-04
1.411822e+01    -6.554489e-04
1.413043e+01    -6.538200e-04
1.414265e+01    -6.519161e-04
1.415486e+01    -6.497506e-04
1.416707e+01    -6.473346e-04
1.417929e+01    -6.446717e-04
1.419150e+01    -6.416710e-04
1.420371e+01    -6.386234e-04
1.421593e+01    -6.352692e-04
1.422814e+01    -6.316684e-04
1.424035e+01    -6.278747e-04
1.425256e+01    -6.238646e-04
1.426478e+01    -6.196709e-04
1.427699e+01    -6.152539e-04
1.428920e+01    -6.106701e-04
1.430142e+01    -6.059063e-04
1.431363e+01    -6.009725e-04
1.432584e+01    -5.958910e-04
1.433806e+01    -5.906166e-04
1.435027e+01    -5.851921e-04
1.436248e+01    -5.796346e-04
1.437469e+01    -5.739479e-04
1.438691e+01    -5.681025e-04
1.439912e+01    -5.621709e-04
1.441133e+01    -5.560521e-04
1.442355e+01    -5.498679e-04
1.443576e+01    -5.435629e-04
1.444797e+01    -5.371489e-04
1.446019e+01    -5.306501e-04
1.447240e+01    -5.240542e-04
1.448461e+01    -5.173432e-04
1.449682e+01    -5.105937e-04
1.450904e+01    -5.037336e-04
1.452125e+01    -4.968060e-04
1.453346e+01    -4.898167e-04
1.454568e+01    -4.827637e-04
1.455789e+01    -4.756072e-04
1.457010e+01    -4.684652e-04
1.458232e+01    -4.612328e-04
1.459453e+01    -4.539546e-04
1.460674e+01    -4.466267e-04
1.461895e+01    -4.392611e-04
1.463117e+01    -4.318150e-04
1.464338e+01    -4.243623e-04
1.465559e+01    -4.168698e-04
1.466781e+01    -4.093414e-04
1.468002e+01    -4.017811e-04
1.469223e+01    -3.941689e-04
1.470445e+01    -3.865434e-04
1.471666e+01    -3.789000e-04
1.472887e+01    -3.711775e-04
1.474109e+01    -3.634953e-04
1.475330e+01    -3.557052e-04
1.476551e+01    -3.479265e-04
1.477772e+01    -3.401009e-04
1.478994e+01    -3.322656e-04
1.480215e+01    -3.243951e-04
1.481436e+01    -3.164657e-04
1.482658e+01    -3.085117e-04
1.483879e+01    -3.005358e-04
1.485100e+01    -2.925219e-04
1.486321e+01    -2.844695e-04
1.487543e+01    -2.763590e-04
1.488764e+01    -2.682387e-04
1.489985e+01    -2.600307e-04
1.491207e+01    -2.518157e-04
1.492428e+01    -2.435119e-04
1.493649e+01    -2.352288e-04
1.494871e+01    -2.268430e-04
1.496092e+01    -2.183417e-04
1.497313e+01    -2.099266e-04
1.498534e+01    -2.014026e-04
1.499756e+01    -1.928130e-04
1.500977e+01    -1.841257e-04
1.502198e+01    -1.754017e-04
1.503420e+01    -1.665827e-04
1.504641e+01    -1.577148e-04
1.505862e+01    -1.487643e-04
1.507084e+01    -1.397375e-04
1.508305e+01    -1.306153e-04
1.509526e+01    -1.214315e-04
1.510747e+01    -1.122020e-04
1.511969e+01    -1.027906e-04
1.513190e+01    -9.333866e-05
1.514411e+01    -8.378589e-05
1.515633e+01    -7.413088e-05
1.516854e+01    -6.440267e-05
1.518075e+01    -5.455751e-05
1.519297e+01    -4.458919e-05
1.520518e+01    -3.456122e-05
1.521739e+01    -2.439293e-05
1.522960e+01    -1.412461e-05
1.524182e+01    -3.752170e-06
1.525403e+01    6.740300e-06
1.526624e+01    1.734202e-05
1.527846e+01    2.806364e-05
1.529067e+01    3.888427e-05
1.530288e+01    4.981517e-05
1.531509e+01    6.087084e-05
1.532731e+01    7.203969e-05
1.533952e+01    8.332208e-05
1.535173e+01    9.470862e-05
1.536395e+01    1.062193e-04
1.537616e+01    1.178362e-04
1.538837e+01    1.295631e-04
1.540059e+01    1.413964e-04
1.541280e+01    1.533438e-04
1.542501e+01    1.653786e-04
1.543723e+01    1.775414e-04
1.544944e+01    1.897843e-04
1.546165e+01    2.021358e-04
1.547386e+01    2.145825e-04
1.548608e+01    2.271222e-04
1.549829e+01    2.397271e-04
1.551050e+01    2.524407e-04
1.552272e+01    2.652383e-04
1.553493e+01    2.781316e-04
1.554714e+01    2.910403e-04
1.555935e+01    3.040591e-04
1.557157e+01    3.171020e-04
1.558378e+01    3.302380e-04
1.559599e+01    3.434184e-04
1.560821e+01    3.566199e-04
1.562042e+01    3.698858e-04
1.563263e+01    3.831659e-04
1.564485e+01    3.964700e-04
1.565706e+01    4.098137e-04
1.566927e+01    4.231394e-04
1.568149e+01    4.364833e-04
1.569370e+01    4.498092e-04
1.570591e+01    4.631270e-04
1.571812e+01    4.765806e-04
1.573034e+01    4.896597e-04
1.574255e+01    5.029148e-04
1.575476e+01    5.160859e-04
1.576698e+01    5.292039e-04
1.577919e+01    5.422531e-04
1.579140e+01    5.552305e-04
1.580362e+01    5.681306e-04
1.581583e+01    5.809079e-04
1.582804e+01    5.935868e-04
1.584025e+01    6.061280e-04
1.585247e+01    6.186088e-04
1.586468e+01    6.309246e-04
1.587689e+01    6.430890e-04
1.588911e+01    6.550481e-04
1.590132e+01    6.669541e-04
1.591353e+01    6.786291e-04
1.592575e+01    6.901177e-04
1.593796e+01    7.014158e-04
1.595017e+01    7.125124e-04
1.596238e+01    7.233816e-04
1.597460e+01    7.340512e-04
1.598681e+01    7.444696e-04
1.599902e+01    7.546102e-04
1.601124e+01    7.645302e-04
1.602345e+01    7.741983e-04
1.603566e+01    7.835653e-04
1.604787e+01    7.926286e-04
1.606009e+01    8.014330e-04
1.607230e+01    8.099094e-04
1.608451e+01    8.180779e-04
1.609673e+01    8.259244e-04
1.610894e+01    8.335205e-04
1.612115e+01    8.406204e-04
1.613337e+01    8.474336e-04
1.614558e+01    8.539087e-04
1.615779e+01    8.600047e-04
1.617001e+01    8.657285e-04
1.618222e+01    8.710673e-04
1.619443e+01    8.760727e-04
1.620664e+01    8.805973e-04
1.621886e+01    8.847556e-04
1.623107e+01    8.885119e-04
1.624328e+01    8.918566e-04
1.625550e+01    8.947832e-04
1.626771e+01    8.972968e-04
1.627992e+01    8.993632e-04
1.629214e+01    9.010207e-04
1.630435e+01    9.022207e-04
1.631656e+01    9.029715e-04
1.632877e+01    9.033003e-04
1.634099e+01    9.031161e-04
1.635320e+01    9.026010e-04
1.636541e+01    9.015597e-04
1.637763e+01    9.000885e-04
1.638984e+01    8.981552e-04
1.640205e+01    8.957725e-04
1.641426e+01    8.929095e-04
1.642648e+01    8.896151e-04
1.643869e+01    8.858648e-04
1.645090e+01    8.816234e-04
1.646312e+01    8.769450e-04
1.647533e+01    8.718107e-04
1.648754e+01    8.662262e-04
1.649976e+01    8.602131e-04
1.651197e+01    8.537032e-04
1.652418e+01    8.467707e-04
1.653639e+01    8.393913e-04
1.654861e+01    8.315779e-04
1.656082e+01    8.233172e-04
1.657303e+01    8.146477e-04
1.658525e+01    8.055480e-04
1.659746e+01    7.960144e-04
1.660967e+01    7.860777e-04
1.662189e+01    7.757314e-04
1.663410e+01    7.649699e-04
1.664631e+01    7.538566e-04
1.665853e+01    7.423272e-04
1.667074e+01    7.304160e-04
1.668295e+01    7.181726e-04
1.669516e+01    7.055382e-04
1.670738e+01    6.925742e-04
1.671959e+01    6.792414e-04
1.673180e+01    6.655853e-04
1.674402e+01    6.516021e-04
1.675623e+01    6.373090e-04
1.676844e+01    6.227150e-04
1.678065e+01    6.078082e-04
1.679287e+01    5.926418e-04
1.680508e+01    5.772177e-04
1.681729e+01    5.614594e-04
1.682951e+01    5.454787e-04
1.684172e+01    5.292790e-04
1.685393e+01    5.128300e-04
1.686615e+01    4.961711e-04
1.687836e+01    4.793041e-04
1.689057e+01    4.622955e-04
1.690278e+01    4.450162e-04
1.691500e+01    4.276195e-04
1.692721e+01    4.100479e-04
1.693942e+01    3.923512e-04
1.695164e+01    3.744931e-04
1.696385e+01    3.565188e-04
1.697606e+01    3.384974e-04
1.698828e+01    3.203078e-04
1.700049e+01    3.020894e-04
1.701270e+01    2.837710e-04
1.702491e+01    2.654037e-04
1.703713e+01    2.469928e-04
1.704934e+01    2.285712e-04
1.706155e+01    2.101202e-04
1.707377e+01    1.916687e-04
1.708598e+01    1.732124e-04
1.709819e+01    1.547936e-04
1.711040e+01    1.363114e-04
1.712262e+01    1.180489e-04
1.713483e+01    9.974376e-05
1.714705e+01    8.152305e-05
1.715926e+01    6.339583e-05
1.717147e+01    4.532329e-05
1.718368e+01    2.737153e-05
1.719590e+01    9.496100e-06
1.720811e+01    -8.214498e-06
1.722032e+01    -2.578920e-05
1.723254e+01    -4.326340e-05
1.724475e+01    -6.056738e-05
1.725696e+01    -7.769051e-05
1.726917e+01    -9.466032e-05
1.728139e+01    -1.114488e-04
1.729360e+01    -1.280259e-04
1.730581e+01    -1.443754e-04
1.731803e+01    -1.605989e-04
1.733024e+01    -1.765727e-04
1.734245e+01    -1.923255e-04
1.735467e+01    -2.078350e-04
1.736688e+01    -2.231130e-04
1.737909e+01    -2.381513e-04
1.739130e+01    -2.529289e-04
1.740352e+01    -2.674618e-04
1.741573e+01    -2.816637e-04
1.742794e+01    -2.956716e-04
1.744016e+01    -3.093891e-04
1.745237e+01    -3.227950e-04
1.746458e+01    -3.359452e-04
1.747680e+01    -3.488015e-04
1.748901e+01    -3.613348e-04
1.750122e+01    -3.736093e-04
1.751343e+01    -3.855527e-04
1.752565e+01    -3.972038e-04
1.753786e+01    -4.085682e-04
1.755007e+01    -4.195988e-04
1.756229e+01    -4.303237e-04
1.757450e+01    -4.407472e-04
1.758671e+01    -4.508406e-04
1.759892e+01    -4.606255e-04
1.761114e+01    -4.700920e-04
1.762335e+01    -4.792591e-04
1.763556e+01    -4.881017e-04
1.764778e+01    -4.966373e-04
1.765999e+01    -5.048529e-04
1.767220e+01    -5.127459e-04
1.768442e+01    -5.203367e-04
1.769663e+01    -5.276140e-04
1.770884e+01    -5.345726e-04
1.772106e+01    -5.410613e-04
1.773327e+01    -5.475977e-04
1.774548e+01    -5.536375e-04
1.775769e+01    -5.593925e-04
1.776991e+01    -5.648286e-04
1.778212e+01    -5.699826e-04
1.779433e+01    -5.748140e-04
1.780655e+01    -5.794021e-04
1.781876e+01    -5.836666e-04
1.783097e+01    -5.876570e-04
1.784319e+01    -5.913677e-04
1.785540e+01    -5.947599e-04
1.786761e+01    -5.979540e-04
1.787982e+01    -6.008515e-04
1.789204e+01    -6.034990e-04
1.790425e+01    -6.058614e-04
1.791646e+01    -6.079848e-04
1.792868e+01    -6.098337e-04
1.794089e+01    -6.114868e-04
1.795310e+01    -6.128706e-04
1.796531e+01    -6.140217e-04
1.797753e+01    -6.149624e-04
1.798974e+01    -6.156502e-04
1.800196e+01    -6.161121e-04
1.801417e+01    -6.164322e-04
1.802638e+01    -6.164380e-04
1.803859e+01    -6.163650e-04
1.805081e+01    -6.160095e-04
1.806302e+01    -6.154935e-04
1.807523e+01    -6.147516e-04
1.808744e+01    -6.138667e-04
1.809966e+01    -6.127902e-04
1.811187e+01    -6.115642e-04
1.812408e+01    -6.101102e-04
1.813630e+01    -6.085514e-04
1.814851e+01    -6.068004e-04
1.816072e+01    -6.048866e-04
1.817294e+01    -6.028489e-04
1.818515e+01    -6.006691e-04
1.819736e+01    -5.983317e-04
1.820958e+01    -5.958564e-04
1.822179e+01    -5.932585e-04
1.823400e+01    -5.905086e-04
1.824621e+01    -5.876656e-04
1.825843e+01    -5.846724e-04
1.827064e+01    -5.815889e-04
1.828285e+01    -5.783815e-04
1.829507e+01    -5.750650e-04
1.830728e+01    -5.716385e-04
1.831949e+01    -5.681100e-04
1.833171e+01    -5.644650e-04
1.834392e+01    -5.607606e-04
1.835613e+01    -5.569554e-04
1.836834e+01    -5.530115e-04
1.838056e+01    -5.490578e-04
1.839277e+01    -5.450186e-04
1.840498e+01    -5.408076e-04
1.841720e+01    -5.365802e-04
1.842941e+01    -5.322331e-04
1.844162e+01    -5.278826e-04
1.845383e+01    -5.234029e-04
1.846605e+01    -5.188444e-04
1.847826e+01    -5.142331e-04
1.849047e+01    -5.095496e-04
1.850269e+01    -5.047421e-04
1.851490e+01    -4.999503e-04
1.852711e+01    -4.950501e-04
1.853933e+01    -4.901132e-04
1.855154e+01    -4.850408e-04
1.856375e+01    -4.799169e-04
1.857596e+01    -4.747591e-04
1.858818e+01    -4.694933e-04
1.860039e+01    -4.641797e-04
1.861260e+01    -4.587936e-04
1.862482e+01    -4.533000e-04
1.863703e+01    -4.478317e-04
1.864924e+01    -4.422260e-04
1.866146e+01    -4.365729e-04
1.867367e+01    -4.308061e-04
1.868588e+01    -4.250262e-04
1.869810e+01    -4.191541e-04
1.871031e+01    -4.132029e-04
1.872252e+01    -4.071905e-04
1.873473e+01    -4.010992e-04
1.874695e+01    -3.949271e-04
1.875916e+01    -3.887031e-04
1.877137e+01    -3.823841e-04
1.878359e+01    -3.759866e-04
1.879580e+01    -3.695239e-04
1.880801e+01    -3.629804e-04
1.882022e+01    -3.563771e-04
1.883244e+01    -3.496652e-04
1.884465e+01    -3.428870e-04
1.885686e+01    -3.360265e-04
1.886908e+01    -3.290897e-04
1.888129e+01    -3.220428e-04
1.889350e+01    -3.149285e-04
1.890572e+01    -3.077616e-04
1.891793e+01    -3.004792e-04
1.893014e+01    -2.931193e-04
1.894235e+01    -2.856647e-04
1.895457e+01    -2.781290e-04
1.896678e+01    -2.704969e-04
1.897899e+01    -2.628093e-04
1.899121e+01    -2.549988e-04
1.900342e+01    -2.471093e-04
1.901563e+01    -2.391341e-04
1.902785e+01    -2.310928e-04
1.904006e+01    -2.229317e-04
1.905227e+01    -2.146943e-04
1.906449e+01    -2.063747e-04
1.907670e+01    -1.979849e-04
1.908891e+01    -1.894875e-04
1.910112e+01    -1.809384e-04
1.911334e+01    -1.723321e-04
1.912555e+01    -1.635552e-04
1.913776e+01    -1.547574e-04
1.914997e+01    -1.459008e-04
1.916219e+01    -1.369184e-04
1.917440e+01    -1.278881e-04
1.918661e+01    -1.187839e-04
1.919883e+01    -1.096322e-04
1.921104e+01    -1.004035e-04
1.922325e+01    -9.109372e-05
1.923547e+01    -8.173067e-05
1.924768e+01    -7.229924e-05
1.925989e+01    -6.283900e-05
1.927211e+01    -5.333631e-05
1.928432e+01    -4.369667e-05
1.929653e+01    -3.413594e-05
1.930874e+01    -2.447935e-05
1.932096e+01    -1.476484e-05
1.933317e+01    -5.040667e-06
1.934538e+01    4.724832e-06
1.935760e+01    1.451001e-05
1.936981e+01    2.432964e-05
1.938202e+01    3.415556e-05
1.939424e+01    4.404341e-05
1.940645e+01    5.386234e-05
1.941866e+01    6.375671e-05
1.943087e+01    7.356820e-05
1.944309e+01    8.340180e-05
1.945530e+01    9.327079e-05
1.946751e+01    1.030713e-04
1.947973e+01    1.128777e-04
1.949194e+01    1.226377e-04
1.950415e+01    1.323672e-04
1.951637e+01    1.420459e-04
1.952858e+01    1.517123e-04
1.954079e+01    1.613156e-04
1.955301e+01    1.707638e-04
1.956522e+01    1.803227e-04
1.957743e+01    1.897266e-04
1.958964e+01    1.990888e-04
1.960186e+01    2.083214e-04
1.961407e+01    2.174814e-04
1.962628e+01    2.265501e-04
1.963849e+01    2.355409e-04
1.965071e+01    2.444204e-04
1.966292e+01    2.531579e-04
1.967513e+01    2.618222e-04
1.968735e+01    2.703381e-04
1.969956e+01    2.787509e-04
1.971177e+01    2.870184e-04
1.972399e+01    2.950997e-04
1.973620e+01    3.031297e-04
1.974841e+01    3.109492e-04
1.976063e+01    3.186575e-04
1.977284e+01    3.261468e-04
1.978505e+01    3.335035e-04
1.979726e+01    3.406852e-04
1.980948e+01    3.477263e-04
1.982169e+01    3.544957e-04
1.983390e+01    3.611550e-04
1.984612e+01    3.675777e-04
1.985833e+01    3.738040e-04
1.987054e+01    3.798464e-04
1.988276e+01    3.856583e-04
1.989497e+01    3.912002e-04
1.990718e+01    3.966726e-04
1.991939e+01    4.018601e-04
1.993161e+01    4.068199e-04
1.994382e+01    4.115342e-04
1.995603e+01    4.160274e-04
1.996825e+01    4.202765e-04
1.998046e+01    4.243078e-04
1.999267e+01    4.280936e-04
2.000488e+01    4.316322e-04
2.001710e+01    4.349356e-04
2.002931e+01    4.380299e-04
2.004152e+01    4.408099e-04
2.005374e+01    4.433128e-04
2.006595e+01    4.456057e-04
2.007816e+01    4.476185e-04
2.009038e+01    4.493783e-04
2.010259e+01    4.508952e-04
2.011480e+01    4.521930e-04
2.012702e+01    4.531798e-04
2.013923e+01    4.539056e-04
2.015144e+01    4.543854e-04
2.016365e+01    4.546074e-04
2.017587e+01    4.545391e-04
2.018808e+01    4.542436e-04
2.020029e+01    4.536956e-04
2.021251e+01    4.528641e-04
2.022472e+01    4.517647e-04
2.023693e+01    4.504749e-04
2.024915e+01    4.488402e-04
2.026136e+01    4.469909e-04
2.027357e+01    4.448949e-04
2.028578e+01    4.425252e-04
2.029800e+01    4.399355e-04
2.031021e+01    4.370959e-04
2.032242e+01    4.340021e-04
2.033464e+01    4.306689e-04
2.034685e+01    4.271267e-04
2.035906e+01    4.233627e-04
2.037127e+01    4.192800e-04
2.038349e+01    4.150816e-04
2.039570e+01    4.106131e-04
2.040791e+01    4.059183e-04
2.042013e+01    4.010368e-04
2.043234e+01    3.958969e-04
2.044455e+01    3.905847e-04
2.045677e+01    3.850771e-04
2.046898e+01    3.793854e-04
2.048119e+01    3.734869e-04
2.049340e+01    3.673981e-04
2.050562e+01    3.611012e-04
2.051783e+01    3.547193e-04
2.053004e+01    3.480979e-04
2.054226e+01    3.413409e-04
2.055447e+01    3.344123e-04
2.056668e+01    3.273524e-04
2.057890e+01    3.201342e-04
2.059111e+01    3.127693e-04
2.060332e+01    3.052827e-04
2.061554e+01    2.976591e-04
2.062775e+01    2.899033e-04
2.063996e+01    2.820389e-04
2.065217e+01    2.740824e-04
2.066439e+01    2.660231e-04
2.067660e+01    2.579689e-04
2.068881e+01    2.495902e-04
2.070103e+01    2.412586e-04
2.071324e+01    2.328274e-04
2.072545e+01    2.243453e-04
2.073767e+01    2.158009e-04
2.074988e+01    2.072049e-04
2.076209e+01    1.985003e-04
2.077430e+01    1.897880e-04
2.078652e+01    1.810554e-04
2.079873e+01    1.722606e-04
2.081094e+01    1.633946e-04
2.082316e+01    1.546053e-04
2.083537e+01    1.457721e-04
2.084758e+01    1.369871e-04
2.085979e+01    1.280332e-04
2.087201e+01    1.191770e-04
2.088422e+01    1.103239e-04
2.089643e+01    1.014851e-04
2.090865e+01    9.267082e-05
2.092086e+01    8.388318e-05
2.093307e+01    7.511598e-05
2.094529e+01    6.637551e-05
2.095750e+01    5.769217e-05
2.096971e+01    4.907232e-05
2.098192e+01    4.047481e-05
2.099414e+01    3.195053e-05
2.100635e+01    2.346130e-05
2.101856e+01    1.508486e-05
2.103078e+01    6.746501e-06
2.104299e+01    -1.547858e-06
2.105520e+01    -9.707175e-06
2.106742e+01    -1.781993e-05
2.107963e+01    -2.584443e-05
2.109184e+01    -3.377371e-05
2.110406e+01    -4.160940e-05
2.111627e+01    -4.940387e-05
2.112848e+01    -5.696458e-05
2.114069e+01    -6.451062e-05
2.115291e+01    -7.193629e-05
2.116512e+01    -7.922796e-05
2.117733e+01    -8.645479e-05
2.118955e+01    -9.356171e-05
2.120176e+01    -1.005393e-04
2.121397e+01    -1.073861e-04
2.122618e+01    -1.141138e-04
2.123840e+01    -1.207274e-04
2.125061e+01    -1.272446e-04
2.126282e+01    -1.335754e-04
2.127504e+01    -1.397885e-04
2.128725e+01    -1.458422e-04
2.129946e+01    -1.518761e-04
2.131168e+01    -1.577133e-04
2.132389e+01    -1.634306e-04
2.133610e+01    -1.689780e-04
2.134831e+01    -1.743942e-04
2.136053e+01    -1.797031e-04
2.137274e+01    -1.848517e-04
2.138495e+01    -1.898829e-04
2.139717e+01    -1.947820e-04
2.140938e+01    -1.994873e-04
2.142159e+01    -2.041406e-04
2.143381e+01    -2.085705e-04
2.144602e+01    -2.129033e-04
2.145823e+01    -2.171014e-04
2.147044e+01    -2.211462e-04
2.148266e+01    -2.250748e-04
2.149487e+01    -2.288629e-04
2.150708e+01    -2.325100e-04
2.151930e+01    -2.360194e-04
2.153151e+01    -2.393953e-04
2.154372e+01    -2.426321e-04
2.155593e+01    -2.457610e-04
2.156815e+01    -2.487291e-04
2.158036e+01    -2.515812e-04
2.159258e+01    -2.542975e-04
2.160479e+01    -2.568946e-04
2.161700e+01    -2.593576e-04
2.162921e+01    -2.616915e-04
2.164143e+01    -2.639185e-04
2.165364e+01    -2.659990e-04
2.166585e+01    -2.679695e-04
2.167807e+01    -2.698313e-04
2.169028e+01    -2.715489e-04
2.170249e+01    -2.731486e-04
2.171470e+01    -2.746495e-04
2.172692e+01    -2.761681e-04
2.173913e+01    -2.772783e-04
2.175134e+01    -2.784650e-04
2.176356e+01    -2.794606e-04
2.177577e+01    -2.804154e-04
2.178798e+01    -2.812403e-04
2.180020e+01    -2.819491e-04
2.181241e+01    -2.825304e-04
2.182462e+01    -2.830602e-04
2.183683e+01    -2.834740e-04
2.184905e+01    -2.837815e-04
2.186126e+01    -2.838764e-04
2.187347e+01    -2.840685e-04
2.188569e+01    -2.840963e-04
2.189790e+01    -2.839632e-04
2.191011e+01    -2.838023e-04
2.192233e+01    -2.835349e-04
2.193454e+01    -2.831401e-04
2.194675e+01    -2.826870e-04
2.195897e+01    -2.821318e-04
2.197118e+01    -2.814871e-04
2.198339e+01    -2.807796e-04
2.199560e+01    -2.799245e-04
2.200782e+01    -2.790370e-04
2.202003e+01    -2.780530e-04
2.203224e+01    -2.770154e-04
2.204445e+01    -2.758143e-04
2.205667e+01    -2.745696e-04
2.206888e+01    -2.731635e-04
2.208109e+01    -2.718475e-04
2.209331e+01    -2.703285e-04
2.210552e+01    -2.687956e-04
2.211773e+01    -2.671197e-04
2.212995e+01    -2.654071e-04
2.214216e+01    -2.636130e-04
2.215437e+01    -2.617060e-04
2.216659e+01    -2.597293e-04
2.217880e+01    -2.576939e-04
2.219101e+01    -2.555622e-04
2.220322e+01    -2.533886e-04
2.221544e+01    -2.510932e-04
2.222765e+01    -2.487588e-04
2.223986e+01    -2.463147e-04
2.225208e+01    -2.438023e-04
2.226429e+01    -2.412481e-04
2.227650e+01    -2.385782e-04
2.228872e+01    -2.358546e-04
2.230093e+01    -2.330551e-04
2.231314e+01    -2.301799e-04
2.232535e+01    -2.272241e-04
2.233757e+01    -2.241692e-04
2.234978e+01    -2.211070e-04
2.236199e+01    -2.179388e-04
2.237421e+01    -2.147506e-04
2.238642e+01    -2.113714e-04
2.239863e+01    -2.079713e-04
2.241084e+01    -2.045374e-04
2.242306e+01    -2.009801e-04
2.243527e+01    -1.973860e-04
2.244748e+01    -1.937026e-04
2.245970e+01    -1.899453e-04
2.247191e+01    -1.860962e-04
2.248412e+01    -1.822492e-04
2.249634e+01    -1.782812e-04
2.250855e+01    -1.742601e-04
2.252076e+01    -1.701622e-04
2.253297e+01    -1.659685e-04
2.254519e+01    -1.619206e-04
2.255740e+01    -1.574380e-04
2.256961e+01    -1.530514e-04
2.258183e+01    -1.486171e-04
2.259404e+01    -1.441073e-04
2.260625e+01    -1.395284e-04
2.261847e+01    -1.348900e-04
2.263068e+01    -1.302137e-04
2.264289e+01    -1.254352e-04
2.265511e+01    -1.206267e-04
2.266732e+01    -1.157456e-04
2.267953e+01    -1.107944e-04
2.269174e+01    -1.058229e-04
2.270396e+01    -1.007563e-04
2.271617e+01    -9.564753e-05
2.272838e+01    -9.049225e-05
2.274060e+01    -8.529221e-05
2.275281e+01    -8.002762e-05
2.276502e+01    -7.470959e-05
2.277724e+01    -6.935594e-05
2.278945e+01    -6.395951e-05
2.280166e+01    -5.851034e-05
2.281387e+01    -5.304196e-05
2.282609e+01    -4.750997e-05
2.283830e+01    -4.194846e-05
2.285051e+01    -3.634952e-05
2.286273e+01    -3.072579e-05
2.287494e+01    -2.507295e-05
2.288715e+01    -1.937337e-05
2.289936e+01    -1.364353e-05
2.291158e+01    -7.909781e-06
2.292379e+01    -2.144312e-06
2.293600e+01    3.646768e-06
2.294822e+01    9.474403e-06
2.296043e+01    1.525693e-05
2.297264e+01    2.108864e-05
2.298486e+01    2.694444e-05
2.299707e+01    3.276847e-05
2.300928e+01    3.863667e-05
2.302150e+01    4.446221e-05
2.303371e+01    5.034747e-05
2.304592e+01    5.619338e-05
2.305813e+01    6.202777e-05
2.307035e+01    6.786553e-05
2.308256e+01    7.369660e-05
2.309477e+01    7.947482e-05
2.310699e+01    8.523773e-05
2.311920e+01    9.101938e-05
2.313141e+01    9.673805e-05
2.314363e+01    1.024295e-04
2.315584e+01    1.081289e-04
2.316805e+01    1.137159e-04
2.318026e+01    1.193011e-04
2.319248e+01    1.248367e-04
2.320469e+01    1.303363e-04
2.321690e+01    1.357798e-04
2.322912e+01    1.411973e-04
2.324133e+01    1.465470e-04
2.325354e+01    1.518141e-04
2.326575e+01    1.570278e-04
2.327797e+01    1.622114e-04
2.329018e+01    1.672722e-04
2.330239e+01    1.723182e-04
2.331461e+01    1.772647e-04
2.332682e+01    1.821449e-04
2.333903e+01    1.869467e-04
2.335125e+01    1.916444e-04
2.336346e+01    1.962656e-04
2.337567e+01    2.008048e-04
2.338788e+01    2.052335e-04
2.340010e+01    2.095994e-04
2.341231e+01    2.138477e-04
2.342452e+01    2.180260e-04
2.343674e+01    2.220676e-04
2.344895e+01    2.260130e-04
2.346116e+01    2.298167e-04
2.347338e+01    2.335987e-04
2.348559e+01    2.372173e-04
2.349780e+01    2.407079e-04
2.351002e+01    2.440874e-04
2.352223e+01    2.473690e-04
2.353444e+01    2.505102e-04
2.354665e+01    2.535200e-04
2.355887e+01    2.564782e-04
2.357108e+01    2.592123e-04
2.358329e+01    2.618220e-04
2.359550e+01    2.643699e-04
2.360772e+01    2.667647e-04
2.361993e+01    2.690284e-04
2.363214e+01    2.712118e-04
2.364436e+01    2.731451e-04
2.365657e+01    2.750217e-04
2.366878e+01    2.767372e-04
2.368100e+01    2.783308e-04
2.369321e+01    2.797601e-04
2.370542e+01    2.810910e-04
2.371764e+01    2.822680e-04
2.372985e+01    2.832849e-04
2.374206e+01    2.841971e-04
2.375427e+01    2.849493e-04
2.376649e+01    2.854950e-04
2.377870e+01    2.860755e-04
2.379091e+01    2.863983e-04
2.380313e+01    2.866429e-04
2.381534e+01    2.866834e-04
2.382755e+01    2.866048e-04
2.383977e+01    2.864140e-04
2.385198e+01    2.860807e-04
2.386419e+01    2.856033e-04
2.387640e+01    2.849828e-04
2.388862e+01    2.842439e-04
2.390083e+01    2.833779e-04
2.391304e+01    2.823461e-04
2.392526e+01    2.812125e-04
2.393747e+01    2.799428e-04
2.394968e+01    2.785505e-04
2.396189e+01    2.770362e-04
2.397411e+01    2.753913e-04
2.398632e+01    2.736286e-04
2.399854e+01    2.717320e-04
2.401075e+01    2.697472e-04
2.402296e+01    2.676292e-04
2.403517e+01    2.653493e-04
2.404739e+01    2.630539e-04
2.405960e+01    2.606209e-04
2.407181e+01    2.581253e-04
2.408403e+01    2.553824e-04
2.409624e+01    2.526257e-04
2.410845e+01    2.497631e-04
2.412066e+01    2.467936e-04
2.413288e+01    2.437592e-04
2.414509e+01    2.406029e-04
2.415730e+01    2.373722e-04
2.416952e+01    2.341260e-04
2.418173e+01    2.306634e-04
2.419394e+01    2.271767e-04
2.420616e+01    2.236028e-04
2.421837e+01    2.199727e-04
2.423058e+01    2.162457e-04
2.424279e+01    2.126858e-04
2.425501e+01    2.086125e-04
2.426722e+01    2.046936e-04
2.427943e+01    2.007200e-04
2.429165e+01    1.967455e-04
2.430386e+01    1.926061e-04
2.431607e+01    1.884495e-04
2.432829e+01    1.842463e-04
2.434050e+01    1.800250e-04
2.435271e+01    1.757813e-04
2.436492e+01    1.714088e-04
2.437714e+01    1.670503e-04
2.438935e+01    1.626333e-04
2.440156e+01    1.582367e-04
2.441378e+01    1.537689e-04
2.442599e+01    1.492767e-04
2.443820e+01    1.447866e-04
2.445041e+01    1.402765e-04
2.446263e+01    1.357073e-04
2.447484e+01    1.311392e-04
2.448705e+01    1.265898e-04
2.449927e+01    1.220126e-04
2.451148e+01    1.175039e-04
2.452369e+01    1.128189e-04
2.453591e+01    1.082274e-04
2.454812e+01    1.036422e-04
2.456033e+01    9.905791e-05
2.457255e+01    9.443677e-05
2.458476e+01    8.986222e-05
2.459697e+01    8.527948e-05
2.460918e+01    8.070951e-05
2.462140e+01    7.618510e-05
2.463361e+01    7.167167e-05
2.464582e+01    6.703494e-05
2.465804e+01    6.261264e-05
2.467025e+01    5.814380e-05
2.468246e+01    5.366209e-05
2.469468e+01    4.921916e-05
2.470689e+01    4.480346e-05
2.471910e+01    4.041054e-05
2.473131e+01    3.604571e-05
2.474353e+01    3.172398e-05
2.475574e+01    2.742190e-05
2.476795e+01    2.314168e-05
2.478017e+01    1.892444e-05
2.479238e+01    1.470430e-05
2.480459e+01    1.053663e-05
2.481680e+01    6.389193e-06
2.482902e+01    2.285909e-06
2.484123e+01    -1.746594e-06
2.485344e+01    -5.770809e-06
2.486566e+01    -9.733347e-06
2.487787e+01    -1.369332e-05
2.489008e+01    -1.757047e-05
2.490230e+01    -2.146923e-05
2.491451e+01    -2.527642e-05
2.492672e+01    -2.903290e-05
2.493893e+01    -3.277406e-05
2.495115e+01    -3.645874e-05
2.496336e+01    -4.011633e-05
2.497557e+01    -4.371775e-05
2.498779e+01    -4.729367e-05
2.500000e+01    -5.081615e-05
