0.000000e+00    -7.511125e+00
1.221299e-02    -7.504578e+00
2.442599e-02    -7.484966e+00
3.663898e-02    -7.452371e+00
4.885198e-02    -7.406930e+00
6.106497e-02    -7.348835e+00
7.327797e-02    -7.278327e+00
8.549096e-02    -7.195704e+00
9.770396e-02    -7.101307e+00
1.099169e-01    -6.995526e+00
1.221299e-01    -6.878801e+00
1.343429e-01    -6.751607e+00
1.465559e-01    -6.614464e+00
1.587689e-01    -6.467925e+00
1.709819e-01    -6.312579e+00
1.831949e-01    -6.149045e+00
1.954079e-01    -5.977966e+00
2.076209e-01    -5.800011e+00
2.198339e-01    -5.615867e+00
2.320469e-01    -5.426236e+00
2.442599e-01    -5.231831e+00
2.564729e-01    -5.033376e+00
2.686859e-01    -4.831596e+00
2.808989e-01    -4.627217e+00
2.931119e-01    -4.420964e+00
3.053249e-01    -4.213552e+00
3.175378e-01    -4.005687e+00
3.297509e-01    -3.798062e+00
3.419639e-01    -3.591353e+00
3.541768e-01    -3.386216e+00
3.663898e-01    -3.183283e+00
3.786028e-01    -2.983165e+00
3.908158e-01    -2.786438e+00
4.030288e-01    -2.593656e+00
4.152418e-01    -2.405337e+00
4.274548e-01    -2.221965e+00
4.396678e-01    -2.043993e+00
4.518808e-01    -1.871833e+00
4.640938e-01    -1.705864e+00
4.763068e-01    -1.546424e+00
4.885198e-01    -1.393814e+00
5.007328e-01    -1.248297e+00
5.129458e-01    -1.110096e+00
5.251588e-01    -9.793966e-01
5.373718e-01    -8.563450e-01
5.495847e-01    -7.410510e-01
5.617977e-01    -6.335871e-01
5.740107e-01    -5.339903e-01
5.862237e-01    -4.422626e-01
5.984367e-01    -3.583729e-01
6.106497e-01    -2.822580e-01
6.228627e-01    -2.138244e-01
6.350757e-01    -1.529494e-01
6.472887e-01    -9.948353e-02
6.595017e-01    -5.325191e-02
6.717147e-01    -1.405688e-02
6.839277e-01    1.832153e-02
6.961407e-01    4.412221e-02
7.083537e-01    6.360187e-02
7.205667e-01    7.703231e-02
7.327797e-01    8.469927e-02
7.449927e-01    8.689957e-02
7.572057e-01    8.393981e-02
7.694187e-01    7.613420e-02
7.816316e-01    6.380252e-02
7.938446e-01    4.726883e-02
8.060576e-01    2.685894e-02
8.182706e-01    2.899471e-03
8.304836e-01    -2.428431e-02
8.426966e-01    -5.436958e-02
8.549096e-01    -8.703773e-02
8.671226e-01    -1.219755e-01
8.793356e-01    -1.588766e-01
8.915486e-01    -1.974421e-01
9.037616e-01    -2.373823e-01
9.159746e-01    -2.784175e-01
9.281876e-01    -3.202781e-01
9.404006e-01    -3.627064e-01
9.526136e-01    -4.054569e-01
9.648266e-01    -4.482965e-01
9.770396e-01    -4.910055e-01
9.892526e-01    -5.333772e-01
1.001466e+00    -5.752195e-01
1.013679e+00    -6.163533e-01
1.025892e+00    -6.566143e-01
1.038105e+00    -6.958520e-01
1.050318e+00    -7.339301e-01
1.062531e+00    -7.707257e-01
1.074744e+00    -8.061303e-01
1.086957e+00    -8.400487e-01
1.099169e+00    -8.723983e-01
1.111382e+00    -9.031101e-01
1.123595e+00    -9.321274e-01
1.135808e+00    -9.594049e-01
1.148021e+00    -9.849091e-01
1.160234e+00    -1.008618e+00
1.172447e+00    -1.030518e+00
1.184660e+00    -1.050609e+00
1.196873e+00    -1.068896e+00
1.209086e+00    -1.085395e+00
1.221299e+00    -1.100131e+00
1.233512e+00    -1.113133e+00
1.245725e+00    -1.124440e+00
1.257938e+00    -1.134095e+00
1.270151e+00    -1.142148e+00
1.282364e+00    -1.148654e+00
1.294577e+00    -1.153671e+00
1.306790e+00    -1.157261e+00
1.319003e+00    -1.159491e+00
1.331216e+00    -1.160427e+00
1.343429e+00    -1.160142e+00
1.355642e+00    -1.158705e+00
1.367855e+00    -1.156191e+00
1.380068e+00    -1.152674e+00
1.392281e+00    -1.148225e+00
1.404494e+00    -1.142920e+00
1.416707e+00    -1.136830e+00
1.428920e+00    -1.130028e+00
1.441133e+00    -1.122583e+00
1.453346e+00    -1.114566e+00
1.465559e+00    -1.106043e+00
1.477772e+00    -1.097077e+00
1.489985e+00    -1.087734e+00
1.502198e+00    -1.078071e+00
1.514411e+00    -1.068146e+00
1.526624e+00    -1.058013e+00
1.538837e+00    -1.047724e+00
1.551050e+00    -1.037327e+00
1.563263e+00    -1.026866e+00
1.575476e+00    -1.016384e+00
1.587689e+00    -1.005920e+00
1.599902e+00    -9.955076e-01
1.612115e+00    -9.851806e-01
1.624328e+00    -9.749677e-01
1.636541e+00    -9.648944e-01
1.648754e+00    -9.549838e-01
1.660967e+00    -9.452560e-01
1.673180e+00    -9.357277e-01
1.685393e+00    -9.264128e-01
1.697606e+00    -9.173234e-01
1.709819e+00    -9.084677e-01
1.722032e+00    -8.998525e-01
1.734245e+00    -8.914817e-01
1.746458e+00    -8.833573e-01
1.758671e+00    -8.754792e-01
1.770884e+00    -8.678454e-01
1.783097e+00    -8.604518e-01
1.795310e+00    -8.532935e-01
1.807523e+00    -8.463632e-01
1.819736e+00    -8.396529e-01
1.831949e+00    -8.331533e-01
1.844162e+00    -8.268539e-01
1.856375e+00    -8.207435e-01
1.868588e+00    -8.148100e-01
1.880801e+00    -8.090410e-01
1.893014e+00    -8.034230e-01
1.905227e+00    -7.979428e-01
1.917440e+00    -7.925862e-01
1.929653e+00    -7.873398e-01
1.941866e+00    -7.821892e-01
1.954079e+00    -7.771208e-01
1.966292e+00    -7.721207e-01
1.978505e+00    -7.671754e-01
1.990718e+00    -7.622718e-01
2.002931e+00    -7.573971e-01
2.015144e+00    -7.525384e-01
2.027357e+00    -7.476845e-01
2.039570e+00    -7.428239e-01
2.051783e+00    -7.379458e-01
2.063996e+00    -7.330403e-01
2.076209e+00    -7.280979e-01
2.088422e+00    -7.231100e-01
2.100635e+00    -7.180685e-01
2.112848e+00    -7.129664e-01
2.125061e+00    -7.077973e-01
2.137274e+00    -7.025553e-01
2.149487e+00    -6.972355e-01
2.161700e+00    -6.918338e-01
2.173913e+00    -6.863467e-01
2.186126e+00    -6.807713e-01
2.198339e+00    -6.751058e-01
2.210552e+00    -6.693487e-01
2.222765e+00    -6.634995e-01
2.234978e+00    -6.575580e-01
2.247191e+00    -6.515249e-01
2.259404e+00    -6.454014e-01
2.271617e+00    -6.391888e-01
2.283830e+00    -6.328899e-01
2.296043e+00    -6.265072e-01
2.308256e+00    -6.200438e-01
2.320469e+00    -6.135031e-01
2.332682e+00    -6.068894e-01
2.344895e+00    -6.002067e-01
2.357108e+00    -5.934598e-01
2.369321e+00    -5.866532e-01
2.381534e+00    -5.797924e-01
2.393747e+00    -5.728825e-01
2.405960e+00    -5.659286e-01
2.418173e+00    -5.589367e-01
2.430386e+00    -5.519122e-01
2.442599e+00    -5.448609e-01
2.454812e+00    -5.377883e-01
2.467025e+00    -5.307004e-01
2.479238e+00    -5.236028e-01
2.491451e+00    -5.165009e-01
2.503664e+00    -5.094007e-01
2.515877e+00    -5.023073e-01
2.528090e+00    -4.952262e-01
2.540303e+00    -4.881626e-01
2.552516e+00    -4.811215e-01
2.564729e+00    -4.741078e-01
2.576942e+00    -4.671262e-01
2.589155e+00    -4.601811e-01
2.601368e+00    -4.532770e-01
2.613581e+00    -4.464177e-01
2.625794e+00    -4.396074e-01
2.638007e+00    -4.328494e-01
2.650220e+00    -4.261473e-01
2.662433e+00    -4.195041e-01
2.674646e+00    -4.129227e-01
2.686859e+00    -4.064060e-01
2.699072e+00    -3.999562e-01
2.711285e+00    -3.935755e-01
2.723498e+00    -3.872660e-01
2.735711e+00    -3.810294e-01
2.747924e+00    -3.748673e-01
2.760137e+00    -3.687809e-01
2.772350e+00    -3.627714e-01
2.784563e+00    -3.568396e-01
2.796776e+00    -3.509862e-01
2.808989e+00    -3.452119e-01
2.821202e+00    -3.395169e-01
2.833415e+00    -3.339015e-01
2.845628e+00    -3.283655e-01
2.857841e+00    -3.229091e-01
2.870054e+00    -3.175318e-01
2.882267e+00    -3.122333e-01
2.894480e+00    -3.070131e-01
2.906693e+00    -3.018707e-01
2.918906e+00    -2.968051e-01
2.931119e+00    -2.918158e-01
2.943332e+00    -2.869019e-01
2.955545e+00    -2.820623e-01
2.967758e+00    -2.772962e-01
2.979971e+00    -2.726024e-01
2.992184e+00    -2.679798e-01
3.004397e+00    -2.634274e-01
3.016610e+00    -2.589440e-01
3.028823e+00    -2.545284e-01
3.041036e+00    -2.501794e-01
3.053249e+00    -2.458959e-01
3.065462e+00    -2.416766e-01
3.077675e+00    -2.375204e-01
3.089888e+00    -2.334261e-01
3.102101e+00    -2.293925e-01
3.114314e+00    -2.254186e-01
3.126527e+00    -2.215032e-01
3.138740e+00    -2.176451e-01
3.150953e+00    -2.138433e-01
3.163166e+00    -2.100970e-01
3.175379e+00    -2.064050e-01
3.187592e+00    -2.027663e-01
3.199805e+00    -1.991801e-01
3.212018e+00    -1.956454e-01
3.224231e+00    -1.921615e-01
3.236444e+00    -1.887276e-01
3.248657e+00    -1.853428e-01
3.260870e+00    -1.820065e-01
3.273082e+00    -1.787179e-01
3.285295e+00    -1.754764e-01
3.297508e+00    -1.722815e-01
3.309721e+00    -1.691325e-01
3.321934e+00    -1.660288e-01
3.334147e+00    -1.629701e-01
3.346360e+00    -1.599557e-01
3.358573e+00    -1.569853e-01
3.370786e+00    -1.540583e-01
3.382999e+00    -1.511746e-01
3.395212e+00    -1.483336e-01
3.407425e+00    -1.455349e-01
3.419638e+00    -1.427784e-01
3.431851e+00    -1.400636e-01
3.444064e+00    -1.373903e-01
3.456277e+00    -1.347581e-01
3.468490e+00    -1.321668e-01
3.480703e+00    -1.296162e-01
3.492916e+00    -1.271059e-01
3.505129e+00    -1.246357e-01
3.517342e+00    -1.222054e-01
3.529555e+00    -1.198148e-01
3.541768e+00    -1.174635e-01
3.553981e+00    -1.151514e-01
3.566194e+00    -1.128782e-01
3.578407e+00    -1.106437e-01
3.590620e+00    -1.084475e-01
3.602833e+00    -1.062895e-01
3.615046e+00    -1.041694e-01
3.627259e+00    -1.020868e-01
3.639472e+00    -1.000417e-01
3.651685e+00    -9.803346e-02
3.663898e+00    -9.606206e-02
3.676111e+00    -9.412707e-02
3.688324e+00    -9.222823e-02
3.700537e+00    -9.036510e-02
3.712750e+00    -8.853758e-02
3.724963e+00    -8.674510e-02
3.737176e+00    -8.498739e-02
3.749389e+00    -8.326408e-02
3.761602e+00    -8.157479e-02
3.773815e+00    -7.991914e-02
3.786028e+00    -7.829673e-02
3.798241e+00    -7.670715e-02
3.810454e+00    -7.515004e-02
3.822667e+00    -7.362493e-02
3.834880e+00    -7.213143e-02
3.847093e+00    -7.066911e-02
3.859306e+00    -6.923753e-02
3.871519e+00    -6.783623e-02
3.883732e+00    -6.646480e-02
3.895945e+00    -6.512279e-02
3.908158e+00    -6.380975e-02
3.920371e+00    -6.252521e-02
3.932584e+00    -6.126874e-02
3.944797e+00    -6.003988e-02
3.957010e+00    -5.883819e-02
3.969223e+00    -5.766320e-02
3.981436e+00    -5.651448e-02
3.993649e+00    -5.539157e-02
4.005862e+00    -5.429402e-02
4.018075e+00    -5.322142e-02
4.030288e+00    -5.217328e-02
4.042501e+00    -5.114922e-02
4.054714e+00    -5.014875e-02
4.066927e+00    -4.917152e-02
4.079140e+00    -4.821705e-02
4.091353e+00    -4.728498e-02
4.103566e+00    -4.637485e-02
4.115779e+00    -4.548633e-02
4.127992e+00    -4.461895e-02
4.140205e+00    -4.377242e-02
4.152418e+00    -4.294626e-02
4.164631e+00    -4.214020e-02
4.176844e+00    -4.135380e-02
4.189057e+00    -4.058675e-02
4.201270e+00    -3.983877e-02
4.213483e+00    -3.910936e-02
4.225696e+00    -3.839836e-02
4.237909e+00    -3.770535e-02
4.250122e+00    -3.703009e-02
4.262335e+00    -3.637218e-02
4.274548e+00    -3.573143e-02
4.286761e+00    -3.510750e-02
4.298974e+00    -3.450012e-02
4.311187e+00    -3.390900e-02
4.323400e+00    -3.333392e-02
4.335613e+00    -3.277455e-02
4.347826e+00    -3.223072e-02
4.360039e+00    -3.170210e-02
4.372252e+00    -3.118851e-02
4.384465e+00    -3.068969e-02
4.396678e+00    -3.020542e-02
4.408891e+00    -2.973545e-02
4.421104e+00    -2.927959e-02
4.433317e+00    -2.883759e-02
4.445530e+00    -2.840927e-02
4.457743e+00    -2.799440e-02
4.469956e+00    -2.759278e-02
4.482169e+00    -2.720421e-02
4.494382e+00    -2.682848e-02
4.506595e+00    -2.646539e-02
4.518808e+00    -2.611476e-02
4.531021e+00    -2.577637e-02
4.543234e+00    -2.545006e-02
4.555447e+00    -2.513560e-02
4.567660e+00    -2.483283e-02
4.579873e+00    -2.454152e-02
4.592086e+00    -2.426155e-02
4.604299e+00    -2.399266e-02
4.616512e+00    -2.373469e-02
4.628725e+00    -2.348745e-02
4.640938e+00    -2.325076e-02
4.653151e+00    -2.302441e-02
4.665364e+00    -2.280822e-02
4.677577e+00    -2.260199e-02
4.689790e+00    -2.240554e-02
4.702003e+00    -2.221869e-02
4.714216e+00    -2.204120e-02
4.726429e+00    -2.187291e-02
4.738642e+00    -2.171362e-02
4.750855e+00    -2.156312e-02
4.763068e+00    -2.142121e-02
4.775281e+00    -2.128771e-02
4.787494e+00    -2.116239e-02
4.799707e+00    -2.104506e-02
4.811920e+00    -2.093555e-02
4.824133e+00    -2.083360e-02
4.836346e+00    -2.073902e-02
4.848559e+00    -2.065162e-02
4.860772e+00    -2.057116e-02
4.872985e+00    -2.049746e-02
4.885198e+00    -2.043030e-02
4.897411e+00    -2.036949e-02
4.909624e+00    -2.031475e-02
4.921837e+00    -2.026593e-02
4.934050e+00    -2.022283e-02
4.946263e+00    -2.018519e-02
4.958476e+00    -2.015283e-02
4.970689e+00    -2.012551e-02
4.982902e+00    -2.010306e-02
4.995115e+00    -2.008522e-02
5.007328e+00    -2.007182e-02
5.019541e+00    -2.006265e-02
5.031754e+00    -2.005746e-02
5.043967e+00    -2.005607e-02
5.056180e+00    -2.005828e-02
5.068393e+00    -2.006388e-02
5.080606e+00    -2.007264e-02
5.092819e+00    -2.008440e-02
5.105031e+00    -2.009892e-02
5.117245e+00    -2.011601e-02
5.129457e+00    -2.013549e-02
5.141671e+00    -2.015714e-02
5.153883e+00    -2.018078e-02
5.166097e+00    -2.020621e-02
5.178309e+00    -2.023326e-02
5.190523e+00    -2.026172e-02
5.202735e+00    -2.029142e-02
5.214949e+00    -2.032217e-02
5.227162e+00    -2.035378e-02
5.239375e+00    -2.038610e-02
5.251588e+00    -2.041894e-02
5.263801e+00    -2.045213e-02
5.276014e+00    -2.048551e-02
5.288227e+00    -2.051893e-02
5.300440e+00    -2.055220e-02
5.312653e+00    -2.058517e-02
5.324866e+00    -2.061773e-02
5.337079e+00    -2.064968e-02
5.349292e+00    -2.068089e-02
5.361505e+00    -2.071123e-02
5.373718e+00    -2.074055e-02
5.385931e+00    -2.076872e-02
5.398144e+00    -2.079564e-02
5.410357e+00    -2.082111e-02
5.422570e+00    -2.084507e-02
5.434783e+00    -2.086739e-02
5.446996e+00    -2.088796e-02
5.459208e+00    -2.090665e-02
5.471422e+00    -2.092336e-02
5.483634e+00    -2.093801e-02
5.495848e+00    -2.095048e-02
5.508060e+00    -2.096068e-02
5.520274e+00    -2.096851e-02
5.532486e+00    -2.097391e-02
5.544700e+00    -2.097679e-02
5.556912e+00    -2.097705e-02
5.569126e+00    -2.097464e-02
5.581338e+00    -2.096947e-02
5.593552e+00    -2.096149e-02
5.605764e+00    -2.095063e-02
5.617978e+00    -2.093685e-02
5.630190e+00    -2.092006e-02
5.642404e+00    -2.090023e-02
5.654616e+00    -2.087731e-02
5.666830e+00    -2.085126e-02
5.679042e+00    -2.082206e-02
5.691256e+00    -2.078965e-02
5.703468e+00    -2.075398e-02
5.715682e+00    -2.071509e-02
5.727894e+00    -2.067289e-02
5.740108e+00    -2.062740e-02
5.752320e+00    -2.057857e-02
5.764534e+00    -2.052642e-02
5.776746e+00    -2.047092e-02
5.788960e+00    -2.041206e-02
5.801172e+00    -2.034988e-02
5.813385e+00    -2.028430e-02
5.825598e+00    -2.021539e-02
5.837811e+00    -2.014315e-02
5.850024e+00    -2.006757e-02
5.862237e+00    -1.998867e-02
5.874450e+00    -1.990646e-02
5.886663e+00    -1.982098e-02
5.898876e+00    -1.973223e-02
5.911089e+00    -1.964022e-02
5.923302e+00    -1.954502e-02
5.935515e+00    -1.944663e-02
5.947728e+00    -1.934508e-02
5.959941e+00    -1.924042e-02
5.972154e+00    -1.913267e-02
5.984367e+00    -1.902188e-02
5.996580e+00    -1.890808e-02
6.008793e+00    -1.879133e-02
6.021006e+00    -1.867167e-02
6.033219e+00    -1.854912e-02
6.045432e+00    -1.842377e-02
6.057645e+00    -1.829566e-02
6.069858e+00    -1.816482e-02
6.082071e+00    -1.803132e-02
6.094284e+00    -1.789522e-02
6.106497e+00    -1.775658e-02
6.118710e+00    -1.761547e-02
6.130923e+00    -1.747191e-02
6.143136e+00    -1.732600e-02
6.155349e+00    -1.717778e-02
6.167562e+00    -1.702734e-02
6.179775e+00    -1.687472e-02
6.191988e+00    -1.672001e-02
6.204201e+00    -1.656325e-02
6.216414e+00    -1.640453e-02
6.228627e+00    -1.624389e-02
6.240840e+00    -1.608144e-02
6.253053e+00    -1.591722e-02
6.265266e+00    -1.575130e-02
6.277479e+00    -1.558377e-02
6.289692e+00    -1.541468e-02
6.301905e+00    -1.524411e-02
6.314118e+00    -1.507214e-02
6.326331e+00    -1.489882e-02
6.338544e+00    -1.472423e-02
6.350757e+00    -1.454844e-02
6.362970e+00    -1.437153e-02
6.375183e+00    -1.419356e-02
6.387396e+00    -1.401461e-02
6.399609e+00    -1.383473e-02
6.411822e+00    -1.365401e-02
6.424035e+00    -1.347252e-02
6.436248e+00    -1.329031e-02
6.448461e+00    -1.310747e-02
6.460674e+00    -1.292404e-02
6.472887e+00    -1.274013e-02
6.485100e+00    -1.255577e-02
6.497313e+00    -1.237104e-02
6.509526e+00    -1.218600e-02
6.521739e+00    -1.200073e-02
6.533952e+00    -1.181526e-02
6.546165e+00    -1.162969e-02
6.558378e+00    -1.144406e-02
6.570591e+00    -1.125844e-02
6.582804e+00    -1.107287e-02
6.595017e+00    -1.088744e-02
6.607230e+00    -1.070218e-02
6.619443e+00    -1.051716e-02
6.631656e+00    -1.033244e-02
6.643869e+00    -1.014804e-02
6.656082e+00    -9.964040e-03
6.668295e+00    -9.780504e-03
6.680508e+00    -9.597460e-03
6.692721e+00    -9.414959e-03
6.704934e+00    -9.233106e-03
6.717147e+00    -9.051781e-03
6.729360e+00    -8.871190e-03
6.741573e+00    -8.691331e-03
6.753786e+00    -8.512239e-03
6.765999e+00    -8.333961e-03
6.778212e+00    -8.156525e-03
6.790425e+00    -7.979988e-03
6.802638e+00    -7.804358e-03
6.814851e+00    -7.629702e-03
6.827064e+00    -7.456036e-03
6.839277e+00    -7.283403e-03
6.851490e+00    -7.111823e-03
6.863703e+00    -6.941343e-03
6.875916e+00    -6.771990e-03
6.888129e+00    -6.603775e-03
6.900342e+00    -6.436740e-03
6.912555e+00    -6.270915e-03
6.924768e+00    -6.106309e-03
6.936981e+00    -5.942970e-03
6.949194e+00    -5.780891e-03
6.961407e+00    -5.620122e-03
6.973620e+00    -5.460657e-03
6.985833e+00    -5.302538e-03
6.998046e+00    -5.145760e-03
7.010259e+00    -4.990358e-03
7.022472e+00    -4.836340e-03
7.034685e+00    -4.683727e-03
7.046898e+00    -4.532518e-03
7.059111e+00    -4.382749e-03
7.071324e+00    -4.234406e-03
7.083537e+00    -4.087522e-03
7.095750e+00    -3.942163e-03
7.107963e+00    -3.798129e-03
7.120176e+00    -3.655643e-03
7.132389e+00    -3.514651e-03
7.144602e+00    -3.375140e-03
7.156815e+00    -3.237131e-03
7.169028e+00    -3.100628e-03
7.181241e+00    -2.965634e-03
7.193454e+00    -2.832150e-03
7.205667e+00    -2.700189e-03
7.217880e+00    -2.569746e-03
7.230093e+00    -2.440832e-03
7.242306e+00    -2.313446e-03
7.254519e+00    -2.187582e-03
7.266732e+00    -2.063257e-03
7.278944e+00    -1.940460e-03
7.291158e+00    -1.819192e-03
7.303371e+00    -1.699459e-03
7.315584e+00    -1.581261e-03
7.327797e+00    -1.464592e-03
7.340010e+00    -1.349466e-03
7.352223e+00    -1.235851e-03
7.364436e+00    -1.123779e-03
7.376649e+00    -1.013227e-03
7.388862e+00    -9.042022e-04
7.401075e+00    -7.967161e-04
7.413288e+00    -6.907155e-04
7.425501e+00    -5.862453e-04
7.437714e+00    -4.833027e-04
7.449927e+00    -3.818651e-04
7.462140e+00    -2.819338e-04
7.474353e+00    -1.835055e-04
7.486566e+00    -8.658710e-05
7.498779e+00    8.831938e-06
7.510992e+00    1.027607e-04
7.523205e+00    1.951943e-04
7.535418e+00    2.861340e-04
7.547631e+00    3.755927e-04
7.559844e+00    4.635614e-04
7.572057e+00    5.500601e-04
7.584270e+00    6.350707e-04
7.596483e+00    7.186080e-04
7.608696e+00    8.006787e-04
7.620909e+00    8.812742e-04
7.633121e+00    9.603983e-04
7.645335e+00    1.038071e-03
7.657547e+00    1.114277e-03
7.669761e+00    1.189022e-03
7.681973e+00    1.262312e-03
7.694187e+00    1.334144e-03
7.706399e+00    1.404517e-03
7.718613e+00    1.473465e-03
7.730825e+00    1.540947e-03
7.743039e+00    1.606996e-03
7.755251e+00    1.671595e-03
7.767465e+00    1.734759e-03
7.779677e+00    1.796485e-03
7.791891e+00    1.856782e-03
7.804103e+00    1.915629e-03
7.816317e+00    1.973066e-03
7.828529e+00    2.029062e-03
7.840743e+00    2.083638e-03
7.852955e+00    2.136788e-03
7.865169e+00    2.188509e-03
7.877381e+00    2.238826e-03
7.889595e+00    2.287721e-03
7.901807e+00    2.335213e-03
7.914021e+00    2.381268e-03
7.926233e+00    2.425918e-03
7.938447e+00    2.469160e-03
7.950659e+00    2.510985e-03
7.962873e+00    2.551422e-03
7.975085e+00    2.590452e-03
7.987298e+00    2.628074e-03
7.999511e+00    2.664289e-03
8.011724e+00    2.699113e-03
8.023937e+00    2.732544e-03
8.036150e+00    2.764580e-03
8.048364e+00    2.795224e-03
8.060576e+00    2.824480e-03
8.072789e+00    2.852352e-03
8.085002e+00    2.878843e-03
8.097216e+00    2.903964e-03
8.109428e+00    2.927688e-03
8.121641e+00    2.950053e-03
8.133854e+00    2.971047e-03
8.146068e+00    2.990684e-03
8.158280e+00    3.008954e-03
8.170493e+00    3.025870e-03
8.182706e+00    3.041436e-03
8.194920e+00    3.055666e-03
8.207132e+00    3.068550e-03
8.219345e+00    3.080101e-03
8.231558e+00    3.090328e-03
8.243772e+00    3.099229e-03
8.255984e+00    3.106818e-03
8.268197e+00    3.113095e-03
8.280410e+00    3.118065e-03
8.292624e+00    3.121756e-03
8.304836e+00    3.124148e-03
8.317049e+00    3.125262e-03
8.329262e+00    3.125110e-03
8.341475e+00    3.123691e-03
8.353688e+00    3.121019e-03
8.365901e+00    3.117101e-03
8.378115e+00    3.111948e-03
8.390327e+00    3.105566e-03
8.402540e+00    3.098008e-03
8.414753e+00    3.089166e-03
8.426967e+00    3.079174e-03
8.439179e+00    3.067989e-03
8.451392e+00    3.055639e-03
8.463605e+00    3.042124e-03
8.475819e+00    3.027465e-03
8.488031e+00    3.011670e-03
8.500244e+00    2.994764e-03
8.512457e+00    2.976739e-03
8.524671e+00    2.957618e-03
8.536883e+00    2.937430e-03
8.549096e+00    2.916171e-03
8.561309e+00    2.893869e-03
8.573523e+00    2.870530e-03
8.585735e+00    2.846177e-03
8.597948e+00    2.820840e-03
8.610161e+00    2.794484e-03
8.622375e+00    2.767178e-03
8.634587e+00    2.738912e-03
8.646800e+00    2.709732e-03
8.659013e+00    2.679633e-03
8.671227e+00    2.648632e-03
8.683439e+00    2.616751e-03
8.695652e+00    2.584013e-03
8.707865e+00    2.550427e-03
8.720078e+00    2.516044e-03
8.732291e+00    2.480840e-03
8.744504e+00    2.444856e-03
8.756717e+00    2.408114e-03
8.768930e+00    2.370624e-03
8.781143e+00    2.332413e-03
8.793356e+00    2.293515e-03
8.805569e+00    2.253915e-03
8.817782e+00    2.213661e-03
8.829995e+00    2.172773e-03
8.842208e+00    2.131277e-03
8.854421e+00    2.089181e-03
8.866634e+00    2.046509e-03
8.878847e+00    2.003293e-03
8.891060e+00    1.959555e-03
8.903273e+00    1.915325e-03
8.915486e+00    1.870578e-03
8.927699e+00    1.825393e-03
8.939912e+00    1.779769e-03
8.952125e+00    1.733729e-03
8.964338e+00    1.687305e-03
8.976551e+00    1.640512e-03
8.988764e+00    1.593373e-03
9.000977e+00    1.545922e-03
9.013190e+00    1.498156e-03
9.025403e+00    1.450129e-03
9.037616e+00    1.401846e-03
9.049829e+00    1.353342e-03
9.062042e+00    1.304606e-03
9.074255e+00    1.255702e-03
9.086468e+00    1.206633e-03
9.098680e+00    1.157423e-03
9.110894e+00    1.108093e-03
9.123107e+00    1.058671e-03
9.135320e+00    1.009173e-03
9.147532e+00    9.596255e-04
9.159746e+00    9.100416e-04
9.171959e+00    8.604616e-04
9.184172e+00    8.108845e-04
9.196384e+00    7.613472e-04
9.208598e+00    7.118534e-04
9.220811e+00    6.624364e-04
9.233024e+00    6.131284e-04
9.245236e+00    5.639323e-04
9.257450e+00    5.148712e-04
9.269663e+00    4.659656e-04
9.281876e+00    4.172449e-04
9.294088e+00    3.687101e-04
9.306302e+00    3.203974e-04
9.318515e+00    2.723241e-04
9.330728e+00    2.245058e-04
9.342940e+00    1.769410e-04
9.355154e+00    1.296737e-04
9.367367e+00    8.272300e-05
9.379580e+00    3.608804e-05
9.391793e+00    -1.021088e-05
9.404006e+00    -5.614141e-05
9.416219e+00    -1.017086e-04
9.428432e+00    -1.468904e-04
9.440645e+00    -1.916631e-04
9.452858e+00    -2.360174e-04
9.465071e+00    -2.799393e-04
9.477283e+00    -3.234204e-04
9.489497e+00    -3.664384e-04
9.501710e+00    -4.089976e-04
9.513923e+00    -4.510579e-04
9.526135e+00    -4.926270e-04
9.538349e+00    -5.336910e-04
9.550562e+00    -5.742268e-04
9.562775e+00    -6.142406e-04
9.574987e+00    -6.537191e-04
9.587201e+00    -6.926345e-04
9.599414e+00    -7.309872e-04
9.611627e+00    -7.687802e-04
9.623839e+00    -8.059879e-04
9.636053e+00    -8.426157e-04
9.648266e+00    -8.786503e-04
9.660479e+00    -9.140720e-04
9.672691e+00    -9.488880e-04
9.684905e+00    -9.830957e-04
9.697118e+00    -1.016674e-03
9.709331e+00    -1.049644e-03
9.721543e+00    -1.081940e-03
9.733757e+00    -1.113623e-03
9.745970e+00    -1.144654e-03
9.758183e+00    -1.175045e-03
9.770395e+00    -1.204782e-03
9.782609e+00    -1.233871e-03
9.794822e+00    -1.262292e-03
9.807034e+00    -1.290068e-03
9.819247e+00    -1.317182e-03
9.831461e+00    -1.343638e-03
9.843674e+00    -1.369426e-03
9.855886e+00    -1.394548e-03
9.868099e+00    -1.419011e-03
9.880313e+00    -1.442805e-03
9.892526e+00    -1.465945e-03
9.904738e+00    -1.488419e-03
9.916951e+00    -1.510242e-03
9.929165e+00    -1.531403e-03
9.941378e+00    -1.551911e-03
9.953590e+00    -1.571762e-03
9.965803e+00    -1.590955e-03
9.978017e+00    -1.609506e-03
9.990230e+00    -1.627408e-03
1.000244e+01    -1.644674e-03
1.001466e+01    -1.661304e-03
1.002687e+01    -1.677284e-03
1.003908e+01    -1.692646e-03
1.005129e+01    -1.707380e-03
1.006351e+01    -1.721489e-03
1.007572e+01    -1.734981e-03
1.008793e+01    -1.747865e-03
1.010015e+01    -1.760176e-03
1.011236e+01    -1.771823e-03
1.012457e+01    -1.782913e-03
1.013679e+01    -1.793404e-03
1.014900e+01    -1.803320e-03
1.016121e+01    -1.812656e-03
1.017342e+01    -1.821431e-03
1.018564e+01    -1.829644e-03
1.019785e+01    -1.837307e-03
1.021006e+01    -1.844408e-03
1.022228e+01    -1.850979e-03
1.023449e+01    -1.857016e-03
1.024670e+01    -1.862533e-03
1.025891e+01    -1.867531e-03
1.027113e+01    -1.872025e-03
1.028334e+01    -1.876007e-03
1.029555e+01    -1.879516e-03
1.030777e+01    -1.882528e-03
1.031998e+01    -1.885058e-03
1.033219e+01    -1.887136e-03
1.034441e+01    -1.888733e-03
1.035662e+01    -1.889895e-03
1.036883e+01    -1.890607e-03
1.038105e+01    -1.890881e-03
1.039326e+01    -1.890737e-03
1.040547e+01    -1.890182e-03
1.041768e+01    -1.889181e-03
1.042990e+01    -1.887797e-03
1.044211e+01    -1.886021e-03
1.045432e+01    -1.883846e-03
1.046654e+01    -1.881299e-03
1.047875e+01    -1.878381e-03
1.049096e+01    -1.875130e-03
1.050318e+01    -1.871458e-03
1.051539e+01    -1.867478e-03
1.052760e+01    -1.863151e-03
1.053981e+01    -1.858496e-03
1.055203e+01    -1.853517e-03
1.056424e+01    -1.848219e-03
1.057645e+01    -1.842615e-03
1.058867e+01    -1.836702e-03
1.060088e+01    -1.830493e-03
1.061309e+01    -1.824014e-03
1.062531e+01    -1.817238e-03
1.063752e+01    -1.810196e-03
1.064973e+01    -1.802895e-03
1.066194e+01    -1.795324e-03
1.067416e+01    -1.787507e-03
1.068637e+01    -1.779443e-03
1.069858e+01    -1.771142e-03
1.071080e+01    -1.762602e-03
1.072301e+01    -1.753830e-03
1.073522e+01    -1.744837e-03
1.074744e+01    -1.735629e-03
1.075965e+01    -1.726217e-03
1.077186e+01    -1.716596e-03
1.078407e+01    -1.706771e-03
1.079629e+01    -1.696744e-03
1.080850e+01    -1.686540e-03
1.082071e+01    -1.676143e-03
1.083293e+01    -1.665567e-03
1.084514e+01    -1.654821e-03
1.085735e+01    -1.643897e-03
1.086957e+01    -1.632803e-03
1.088178e+01    -1.621546e-03
1.089399e+01    -1.610132e-03
1.090620e+01    -1.598560e-03
1.091842e+01    -1.586835e-03
1.093063e+01    -1.574970e-03
1.094284e+01    -1.562954e-03
1.095506e+01    -1.550801e-03
1.096727e+01    -1.538513e-03
1.097948e+01    -1.526083e-03
1.099170e+01    -1.513519e-03
1.100391e+01    -1.500841e-03
1.101612e+01    -1.488026e-03
1.102833e+01    -1.475095e-03
1.104055e+01    -1.462044e-03
1.105276e+01    -1.448874e-03
1.106497e+01    -1.435590e-03
1.107719e+01    -1.422197e-03
1.108940e+01    -1.408684e-03
1.110161e+01    -1.395069e-03
1.111382e+01    -1.381350e-03
1.112604e+01    -1.367532e-03
1.113825e+01    -1.353602e-03
1.115046e+01    -1.339575e-03
1.116268e+01    -1.325447e-03
1.117489e+01    -1.311224e-03
1.118710e+01    -1.296908e-03
1.119932e+01    -1.282498e-03
1.121153e+01    -1.267998e-03
1.122374e+01    -1.253410e-03
1.123596e+01    -1.238720e-03
1.124817e+01    -1.223951e-03
1.126038e+01    -1.209101e-03
1.127259e+01    -1.194162e-03
1.128481e+01    -1.179141e-03
1.129702e+01    -1.164027e-03
1.130923e+01    -1.148860e-03
1.132145e+01    -1.133609e-03
1.133366e+01    -1.118280e-03
1.134587e+01    -1.102876e-03
1.135808e+01    -1.087407e-03
1.137030e+01    -1.071866e-03
1.138251e+01    -1.056257e-03
1.139472e+01    -1.040581e-03
1.140694e+01    -1.024854e-03
1.141915e+01    -1.009047e-03
1.143136e+01    -9.931930e-04
1.144358e+01    -9.772794e-04
1.145579e+01    -9.613136e-04
1.146800e+01    -9.452926e-04
1.148022e+01    -9.292231e-04
1.149243e+01    -9.131041e-04
1.150464e+01    -8.969480e-04
1.151685e+01    -8.807454e-04
1.152907e+01    -8.645027e-04
1.154128e+01    -8.482278e-04
1.155349e+01    -8.319159e-04
1.156571e+01    -8.155706e-04
1.157792e+01    -7.992084e-04
1.159013e+01    -7.828079e-04
1.160234e+01    -7.664086e-04
1.161456e+01    -7.499588e-04
1.162677e+01    -7.335136e-04
1.163898e+01    -7.170568e-04
1.165120e+01    -7.005852e-04
1.166341e+01    -6.841242e-04
1.167562e+01    -6.676616e-04
1.168784e+01    -6.511985e-04
1.170005e+01    -6.347472e-04
1.171226e+01    -6.183024e-04
1.172447e+01    -6.019027e-04
1.173669e+01    -5.855145e-04
1.174890e+01    -5.691511e-04
1.176111e+01    -5.528202e-04
1.177333e+01    -5.365339e-04
1.178554e+01    -5.202845e-04
1.179775e+01    -5.040862e-04
1.180997e+01    -4.879505e-04
1.182218e+01    -4.718621e-04
1.183439e+01    -4.558433e-04
1.184660e+01    -4.398972e-04
1.185882e+01    -4.240303e-04
1.187103e+01    -4.082382e-04
1.188324e+01    -3.925280e-04
1.189546e+01    -3.769288e-04
1.190767e+01    -3.614173e-04
1.191988e+01    -3.460190e-04
1.193210e+01    -3.307239e-04
1.194431e+01    -3.155493e-04
1.195652e+01    -3.005006e-04
1.196873e+01    -2.855790e-04
1.198095e+01    -2.707969e-04
1.199316e+01    -2.561570e-04
1.200537e+01    -2.416672e-04
1.201759e+01    -2.272951e-04
1.202980e+01    -2.131508e-04
1.204201e+01    -1.991578e-04
1.205423e+01    -1.853294e-04
1.206644e+01    -1.716749e-04
1.207865e+01    -1.582133e-04
1.209086e+01    -1.449471e-04
1.210308e+01    -1.318666e-04
1.211529e+01    -1.190286e-04
1.212750e+01    -1.063867e-04
1.213972e+01    -9.395875e-05
1.215193e+01    -8.175937e-05
1.216414e+01    -6.979940e-05
1.217636e+01    -5.807435e-05
1.218857e+01    -4.662610e-05
1.220078e+01    -3.536674e-05
1.221299e+01    -2.439923e-05
1.222521e+01    -1.368744e-05
1.223742e+01    -3.247420e-06
1.224963e+01    6.918068e-06
1.226185e+01    1.680369e-05
1.227406e+01    2.640668e-05
1.228627e+01    3.571872e-05
1.229849e+01    4.472423e-05
1.231070e+01    5.345419e-05
1.232291e+01    6.186000e-05
1.233512e+01    6.994979e-05
1.234734e+01    7.775518e-05
1.235955e+01    8.522310e-05
1.237176e+01    9.236491e-05
1.238398e+01    9.918456e-05
1.239619e+01    1.056732e-04
1.240840e+01    1.118220e-04
1.242062e+01    1.176485e-04
1.243283e+01    1.231303e-04
1.244504e+01    1.282572e-04
1.245725e+01    1.330448e-04
1.246947e+01    1.374824e-04
1.248168e+01    1.415661e-04
1.249389e+01    1.452708e-04
1.250611e+01    1.486695e-04
1.251832e+01    1.516812e-04
1.253053e+01    1.543414e-04
1.254275e+01    1.566405e-04
1.255496e+01    1.585722e-04
1.256717e+01    1.601528e-04
1.257938e+01    1.613610e-04
1.259160e+01    1.622091e-04
1.260381e+01    1.627146e-04
1.261602e+01    1.628106e-04
1.262824e+01    1.625814e-04
1.264045e+01    1.619933e-04
1.265266e+01    1.610343e-04
1.266488e+01    1.597205e-04
1.267709e+01    1.580558e-04
1.268930e+01    1.560293e-04
1.270151e+01    1.536547e-04
1.271373e+01    1.509349e-04
1.272594e+01    1.478712e-04
1.273815e+01    1.444568e-04
1.275037e+01    1.407182e-04
1.276258e+01    1.366274e-04
1.277479e+01    1.322052e-04
1.278701e+01    1.274601e-04
1.279922e+01    1.224035e-04
1.281143e+01    1.169998e-04
1.282364e+01    1.112999e-04
1.283586e+01    1.052812e-04
1.284807e+01    9.896602e-05
1.286028e+01    9.235002e-05
1.287250e+01    8.544385e-05
1.288471e+01    7.823858e-05
1.289692e+01    7.076814e-05
1.290914e+01    6.302362e-05
1.292135e+01    5.499350e-05
1.293356e+01    4.672316e-05
1.294577e+01    3.818872e-05
1.295799e+01    2.941515e-05
1.297020e+01    2.039017e-05
1.298241e+01    1.115392e-05
1.299463e+01    1.676355e-06
1.300684e+01    -8.007213e-06
1.301905e+01    -1.789881e-05
1.303127e+01    -2.799575e-05
1.304348e+01    -3.825383e-05
1.305569e+01    -4.872932e-05
1.306790e+01    -5.937233e-05
1.308012e+01    -7.016592e-05
1.309233e+01    -8.111502e-05
1.310454e+01    -9.220908e-05
1.311676e+01    -1.034454e-04
1.312897e+01    -1.147999e-04
1.314118e+01    -1.262812e-04
1.315340e+01    -1.378675e-04
1.316561e+01    -1.495439e-04
1.317782e+01    -1.613198e-04
1.319003e+01    -1.731832e-04
1.320225e+01    -1.850999e-04
1.321446e+01    -1.970655e-04
1.322667e+01    -2.090974e-04
1.323889e+01    -2.211696e-04
1.325110e+01    -2.332744e-04
1.326331e+01    -2.453847e-04
1.327553e+01    -2.575142e-04
1.328774e+01    -2.696539e-04
1.329995e+01    -2.817868e-04
1.331216e+01    -2.938843e-04
1.332438e+01    -3.059596e-04
1.333659e+01    -3.179960e-04
1.334880e+01    -3.300009e-04
1.336102e+01    -3.419397e-04
1.337323e+01    -3.538164e-04
1.338544e+01    -3.656139e-04
1.339766e+01    -3.773155e-04
1.340987e+01    -3.889533e-04
1.342208e+01    -4.004685e-04
1.343429e+01    -4.118768e-04
1.344651e+01    -4.231730e-04
1.345872e+01    -4.343325e-04
1.347093e+01    -4.453575e-04
1.348315e+01    -4.562439e-04
1.349536e+01    -4.669837e-04
1.350757e+01    -4.775500e-04
1.351978e+01    -4.879500e-04
1.353200e+01    -4.981827e-04
1.354421e+01    -5.082251e-04
1.355642e+01    -5.180877e-04
1.356864e+01    -5.277412e-04
1.358085e+01    -5.371918e-04
1.359306e+01    -5.464506e-04
1.360528e+01    -5.554879e-04
1.361749e+01    -5.642904e-04
1.362970e+01    -5.728714e-04
1.364192e+01    -5.812174e-04
1.365413e+01    -5.893264e-04
1.366634e+01    -5.971855e-04
1.367855e+01    -6.047913e-04
1.369077e+01    -6.121516e-04
1.370298e+01    -6.192434e-04
1.371519e+01    -6.260749e-04
1.372741e+01    -6.326364e-04
1.373962e+01    -6.389424e-04
1.375183e+01    -6.449635e-04
1.376404e+01    -6.506940e-04
1.377626e+01    -6.561541e-04
1.378847e+01    -6.613245e-04
1.380068e+01    -6.662009e-04
1.381290e+01    -6.708005e-04
1.382511e+01    -6.750986e-04
1.383732e+01    -6.791014e-04
1.384954e+01    -6.828107e-04
1.386175e+01    -6.862115e-04
1.387396e+01    -6.893180e-04
1.388618e+01    -6.921210e-04
1.389839e+01    -6.946393e-04
1.391060e+01    -6.968399e-04
1.392281e+01    -6.987389e-04
1.393503e+01    -7.003332e-04
1.394724e+01    -7.016267e-04
1.395945e+01    -7.026161e-04
1.397167e+01    -7.032997e-04
1.398388e+01    -7.036874e-04
1.399609e+01    -7.037634e-04
1.400830e+01    -7.035520e-04
1.402052e+01    -7.030248e-04
1.403273e+01    -7.022208e-04
1.404494e+01    -7.011020e-04
1.405716e+01    -6.996966e-04
1.406937e+01    -6.979905e-04
1.408158e+01    -6.959945e-04
1.409380e+01    -6.937161e-04
1.410601e+01    -6.911385e-04
1.411822e+01    -6.882809e-04
1.413043e+01    -6.851421e-04
1.414265e+01    -6.817240e-04
1.415486e+01    -6.780274e-04
1.416707e+01    -6.740556e-04
1.417929e+01    -6.698142e-04
1.419150e+01    -6.652701e-04
1.420371e+01    -6.605307e-04
1.421593e+01    -6.554975e-04
1.422814e+01    -6.501974e-04
1.424035e+01    -6.446540e-04
1.425256e+01    -6.388518e-04
1.426478e+01    -6.328098e-04
1.427699e+01    -6.265129e-04
1.428920e+01    -6.199815e-04
1.430142e+01    -6.132218e-04
1.431363e+01    -6.062184e-04
1.432584e+01    -5.989919e-04
1.433806e+01    -5.915390e-04
1.435027e+01    -5.838657e-04
1.436248e+01    -5.759770e-04
1.437469e+01    -5.678760e-04
1.438691e+01    -5.595628e-04
1.439912e+01    -5.510553e-04
1.441133e+01    -5.423319e-04
1.442355e+01    -5.334230e-04
1.443576e+01    -5.243202e-04
1.444797e+01    -5.150270e-04
1.446019e+01    -5.055535e-04
1.447240e+01    -4.958996e-04
1.448461e+01    -4.860594e-04
1.449682e+01    -4.760574e-04
1.450904e+01    -4.658836e-04
1.452125e+01    -4.555471e-04
1.453346e+01    -4.450522e-04
1.454568e+01    -4.343961e-04
1.455789e+01    -4.235795e-04
1.457010e+01    -4.126385e-04
1.458232e+01    -4.015319e-04
1.459453e+01    -3.902936e-04
1.460674e+01    -3.789146e-04
1.461895e+01    -3.674018e-04
1.463117e+01    -3.557518e-04
1.464338e+01    -3.439809e-04
1.465559e+01    -3.320889e-04
1.466781e+01    -3.200733e-04
1.468002e+01    -3.079464e-04
1.469223e+01    -2.956924e-04
1.470445e+01    -2.833421e-04
1.471666e+01    -2.708879e-04
1.472887e+01    -2.583129e-04
1.474109e+01    -2.456566e-04
1.475330e+01    -2.328815e-04
1.476551e+01    -2.200198e-04
1.477772e+01    -2.070665e-04
1.478994e+01    -1.940285e-04
1.480215e+01    -1.809007e-04
1.481436e+01    -1.676834e-04
1.482658e+01    -1.543858e-04
1.483879e+01    -1.410136e-04
1.485100e+01    -1.275643e-04
1.486321e+01    -1.140465e-04
1.487543e+01    -1.004464e-04
1.488764e+01    -8.679164e-05
1.489985e+01    -7.305498e-05
1.491207e+01    -5.926449e-05
1.492428e+01    -4.540756e-05
1.493649e+01    -3.151179e-05
1.494871e+01    -1.753891e-05
1.496092e+01    -3.503726e-06
1.497313e+01    1.054808e-05
1.498534e+01    2.466186e-05
1.499756e+01    3.882186e-05
1.500977e+01    5.303458e-05
1.502198e+01    6.728292e-05
1.503420e+01    8.157529e-05
1.504641e+01    9.589618e-05
1.505862e+01    1.102555e-04
1.507084e+01    1.246462e-04
1.508305e+01    1.390721e-04
1.509526e+01    1.535177e-04
1.510747e+01    1.679785e-04
1.511969e+01    1.824834e-04
1.513190e+01    1.969946e-04
1.514411e+01    2.115276e-04
1.515633e+01    2.260728e-04
1.516854e+01    2.406305e-04
1.518075e+01    2.551980e-04
1.519297e+01    2.697767e-04
1.520518e+01    2.843452e-04
1.521739e+01    2.989265e-04
1.522960e+01    3.135047e-04
1.524182e+01    3.280758e-04
1.525403e+01    3.426390e-04
1.526624e+01    3.571923e-04
1.527846e+01    3.717359e-04
1.529067e+01    3.862554e-04
1.530288e+01    4.007544e-04
1.531509e+01    4.152280e-04
1.532731e+01    4.296812e-04
1.533952e+01    4.440974e-04
1.535173e+01    4.584789e-04
1.536395e+01    4.728230e-04
1.537616e+01    4.871236e-04
1.538837e+01    5.013795e-04
1.540059e+01    5.155815e-04
1.541280e+01    5.297379e-04
1.542501e+01    5.438222e-04
1.543723e+01    5.578533e-04
1.544944e+01    5.718165e-04
1.546165e+01    5.857048e-04
1.547386e+01    5.995181e-04
1.548608e+01    6.132556e-04
1.549829e+01    6.269104e-04
1.551050e+01    6.404590e-04
1.552272e+01    6.539309e-04
1.553493e+01    6.673038e-04
1.554714e+01    6.805626e-04
1.555935e+01    6.937186e-04
1.557157e+01    7.067538e-04
1.558378e+01    7.196777e-04
1.559599e+01    7.324787e-04
1.560821e+01    7.451401e-04
1.562042e+01    7.576739e-04
1.563263e+01    7.700684e-04
1.564485e+01    7.823115e-04
1.565706e+01    7.944104e-04
1.566927e+01    8.063442e-04
1.568149e+01    8.181189e-04
1.569370e+01    8.297164e-04
1.570591e+01    8.411545e-04
1.571812e+01    8.524389e-04
1.573034e+01    8.634602e-04
1.574255e+01    8.743395e-04
1.575476e+01    8.850141e-04
1.576698e+01    8.954879e-04
1.577919e+01    9.057466e-04
1.579140e+01    9.157939e-04
1.580362e+01    9.256198e-04
1.581583e+01    9.352162e-04
1.582804e+01    9.445805e-04
1.584025e+01    9.537014e-04
1.585247e+01    9.625902e-04
1.586468e+01    9.712246e-04
1.587689e+01    9.796000e-04
1.588911e+01    9.877031e-04
1.590132e+01    9.955661e-04
1.591353e+01    1.003145e-03
1.592575e+01    1.010444e-03
1.593796e+01    1.017463e-03
1.595017e+01    1.024193e-03
1.596238e+01    1.030629e-03
1.597460e+01    1.036771e-03
1.598681e+01    1.042604e-03
1.599902e+01    1.048125e-03
1.601124e+01    1.053335e-03
1.602345e+01    1.058235e-03
1.603566e+01    1.062802e-03
1.604787e+01    1.067041e-03
1.606009e+01    1.070957e-03
1.607230e+01    1.074528e-03
1.608451e+01    1.077760e-03
1.609673e+01    1.080648e-03
1.610894e+01    1.083210e-03
1.612115e+01    1.085384e-03
1.613337e+01    1.087217e-03
1.614558e+01    1.088699e-03
1.615779e+01    1.089812e-03
1.617001e+01    1.090564e-03
1.618222e+01    1.090944e-03
1.619443e+01    1.090971e-03
1.620664e+01    1.090607e-03
1.621886e+01    1.089877e-03
1.623107e+01    1.088773e-03
1.624328e+01    1.087290e-03
1.625550e+01    1.085432e-03
1.626771e+01    1.083193e-03
1.627992e+01    1.080575e-03
1.629214e+01    1.077578e-03
1.630435e+01    1.074191e-03
1.631656e+01    1.070427e-03
1.632877e+01    1.066284e-03
1.634099e+01    1.061741e-03
1.635320e+01    1.056847e-03
1.636541e+01    1.051557e-03
1.637763e+01    1.045890e-03
1.638984e+01    1.039849e-03
1.640205e+01    1.033419e-03
1.641426e+01    1.026619e-03
1.642648e+01    1.019446e-03
1.643869e+01    1.011905e-03
1.645090e+01    1.003984e-03
1.646312e+01    9.957005e-04
1.647533e+01    9.870522e-04
1.648754e+01    9.780448e-04
1.649976e+01    9.686860e-04
1.651197e+01    9.589584e-04
1.652418e+01    9.488862e-04
1.653639e+01    9.384658e-04
1.654861e+01    9.277065e-04
1.656082e+01    9.166013e-04
1.657303e+01    9.051712e-04
1.658525e+01    8.934124e-04
1.659746e+01    8.813322e-04
1.660967e+01    8.689207e-04
1.662189e+01    8.562101e-04
1.663410e+01    8.431826e-04
1.664631e+01    8.298724e-04
1.665853e+01    8.162561e-04
1.667074e+01    8.023507e-04
1.668295e+01    7.881732e-04
1.669516e+01    7.737185e-04
1.670738e+01    7.589961e-04
1.671959e+01    7.440120e-04
1.673180e+01    7.287788e-04
1.674402e+01    7.132969e-04
1.675623e+01    6.975795e-04
1.676844e+01    6.816324e-04
1.678065e+01    6.654601e-04
1.679287e+01    6.490792e-04
1.680508e+01    6.324924e-04
1.681729e+01    6.157009e-04
1.682951e+01    5.987179e-04
1.684172e+01    5.815626e-04
1.685393e+01    5.642280e-04
1.686615e+01    5.467337e-04
1.687836e+01    5.290839e-04
1.689057e+01    5.112968e-04
1.690278e+01    4.933570e-04
1.691500e+01    4.752969e-04
1.692721e+01    4.571135e-04
1.693942e+01    4.388214e-04
1.695164e+01    4.204274e-04
1.696385e+01    4.019413e-04
1.697606e+01    3.833897e-04
1.698828e+01    3.647378e-04
1.700049e+01    3.460457e-04
1.701270e+01    3.272822e-04
1.702491e+01    3.084777e-04
1.703713e+01    2.896369e-04
1.704934e+01    2.707752e-04
1.706155e+01    2.518916e-04
1.707377e+01    2.330042e-04
1.708598e+01    2.141100e-04
1.709819e+01    1.952269e-04
1.711040e+01    1.763539e-04
1.712262e+01    1.575395e-04
1.713483e+01    1.387365e-04
1.714705e+01    1.199874e-04
1.715926e+01    1.012962e-04
1.717147e+01    8.266038e-05
1.718368e+01    6.409559e-05
1.719590e+01    4.559597e-05
1.720811e+01    2.720718e-05
1.722032e+01    8.913450e-06
1.723254e+01    -9.298361e-06
1.724475e+01    -2.738264e-05
1.725696e+01    -4.534703e-05
1.726917e+01    -6.319064e-05
1.728139e+01    -8.089832e-05
1.729360e+01    -9.846104e-05
1.730581e+01    -1.158564e-04
1.731803e+01    -1.331315e-04
1.733024e+01    -1.502318e-04
1.734245e+01    -1.671601e-04
1.735467e+01    -1.839063e-04
1.736688e+01    -2.004767e-04
1.737909e+01    -2.168544e-04
1.739130e+01    -2.330365e-04
1.740352e+01    -2.490143e-04
1.741573e+01    -2.647827e-04
1.742794e+01    -2.803501e-04
1.744016e+01    -2.956952e-04
1.745237e+01    -3.108092e-04
1.746458e+01    -3.257031e-04
1.747680e+01    -3.403629e-04
1.748901e+01    -3.547790e-04
1.750122e+01    -3.689647e-04
1.751343e+01    -3.828889e-04
1.752565e+01    -3.965719e-04
1.753786e+01    -4.100034e-04
1.755007e+01    -4.231740e-04
1.756229e+01    -4.360804e-04
1.757450e+01    -4.487283e-04
1.758671e+01    -4.611041e-04
1.759892e+01    -4.732156e-04
1.761114e+01    -4.850467e-04
1.762335e+01    -4.966091e-04
1.763556e+01    -5.078967e-04
1.764778e+01    -5.189020e-04
1.765999e+01    -5.296255e-04
1.767220e+01    -5.400639e-04
1.768442e+01    -5.502189e-04
1.769663e+01    -5.600825e-04
1.770884e+01    -5.696703e-04
1.772106e+01    -5.789255e-04
1.773327e+01    -5.879700e-04
1.774548e+01    -5.966838e-04
1.775769e+01    -6.051066e-04
1.776991e+01    -6.132376e-04
1.778212e+01    -6.210796e-04
1.779433e+01    -6.286192e-04
1.780655e+01    -6.358877e-04
1.781876e+01    -6.428472e-04
1.783097e+01    -6.495189e-04
1.784319e+01    -6.559005e-04
1.785540e+01    -6.619823e-04
1.786761e+01    -6.677937e-04
1.787982e+01    -6.733052e-04
1.789204e+01    -6.785324e-04
1.790425e+01    -6.834713e-04
1.791646e+01    -6.881272e-04
1.792868e+01    -6.924928e-04
1.794089e+01    -6.965888e-04
1.795310e+01    -7.003911e-04
1.796531e+01    -7.039182e-04
1.797753e+01    -7.071696e-04
1.798974e+01    -7.101411e-04
1.800196e+01    -7.128383e-04
1.801417e+01    -7.152816e-04
1.802638e+01    -7.174238e-04
1.803859e+01    -7.193326e-04
1.805081e+01    -7.209516e-04
1.806302e+01    -7.223253e-04
1.807523e+01    -7.234177e-04
1.808744e+01    -7.242669e-04
1.809966e+01    -7.248505e-04
1.811187e+01    -7.251976e-04
1.812408e+01    -7.252648e-04
1.813630e+01    -7.251026e-04
1.814851e+01    -7.246832e-04
1.816072e+01    -7.240273e-04
1.817294e+01    -7.231290e-04
1.818515e+01    -7.219933e-04
1.819736e+01    -7.206147e-04
1.820958e+01    -7.190063e-04
1.822179e+01    -7.171684e-04
1.823400e+01    -7.150933e-04
1.824621e+01    -7.128048e-04
1.825843e+01    -7.102824e-04
1.827064e+01    -7.075442e-04
1.828285e+01    -7.045948e-04
1.829507e+01    -7.014322e-04
1.830728e+01    -6.980485e-04
1.831949e+01    -6.944577e-04
1.833171e+01    -6.906497e-04
1.834392e+01    -6.866574e-04
1.835613e+01    -6.824617e-04
1.836834e+01    -6.780569e-04
1.838056e+01    -6.734733e-04
1.839277e+01    -6.686996e-04
1.840498e+01    -6.637147e-04
1.841720e+01    -6.585594e-04
1.842941e+01    -6.532064e-04
1.844162e+01    -6.476962e-04
1.845383e+01    -6.419903e-04
1.846605e+01    -6.361093e-04
1.847826e+01    -6.300537e-04
1.849047e+01    -6.238327e-04
1.850269e+01    -6.174409e-04
1.851490e+01    -6.108830e-04
1.852711e+01    -6.041601e-04
1.853933e+01    -5.972860e-04
1.855154e+01    -5.902371e-04
1.856375e+01    -5.830380e-04
1.857596e+01    -5.756929e-04
1.858818e+01    -5.681828e-04
1.860039e+01    -5.605308e-04
1.861260e+01    -5.527354e-04
1.862482e+01    -5.447892e-04
1.863703e+01    -5.367158e-04
1.864924e+01    -5.284948e-04
1.866146e+01    -5.201404e-04
1.867367e+01    -5.116467e-04
1.868588e+01    -5.030325e-04
1.869810e+01    -4.942835e-04
1.871031e+01    -4.854064e-04
1.872252e+01    -4.764113e-04
1.873473e+01    -4.672930e-04
1.874695e+01    -4.580563e-04
1.875916e+01    -4.487073e-04
1.877137e+01    -4.392399e-04
1.878359e+01    -4.296678e-04
1.879580e+01    -4.199846e-04
1.880801e+01    -4.101996e-04
1.882022e+01    -4.003148e-04
1.883244e+01    -3.903215e-04
1.884465e+01    -3.802383e-04
1.885686e+01    -3.700592e-04
1.886908e+01    -3.597892e-04
1.888129e+01    -3.494259e-04
1.889350e+01    -3.389744e-04
1.890572e+01    -3.284530e-04
1.891793e+01    -3.178467e-04
1.893014e+01    -3.071590e-04
1.894235e+01    -2.963964e-04
1.895457e+01    -2.855638e-04
1.896678e+01    -2.746584e-04
1.897899e+01    -2.636989e-04
1.899121e+01    -2.526646e-04
1.900342e+01    -2.415734e-04
1.901563e+01    -2.304323e-04
1.902785e+01    -2.192392e-04
1.904006e+01    -2.079884e-04
1.905227e+01    -1.966953e-04
1.906449e+01    -1.853576e-04
1.907670e+01    -1.739872e-04
1.908891e+01    -1.625739e-04
1.910112e+01    -1.511361e-04
1.911334e+01    -1.396746e-04
1.912555e+01    -1.281733e-04
1.913776e+01    -1.166584e-04
1.914997e+01    -1.051336e-04
1.916219e+01    -9.358255e-05
1.917440e+01    -8.202821e-05
1.918661e+01    -7.046881e-05
1.919883e+01    -5.890941e-05
1.921104e+01    -4.735414e-05
1.922325e+01    -3.580120e-05
1.923547e+01    -2.426025e-05
1.924768e+01    -1.273386e-05
1.925989e+01    -1.228065e-06
1.927211e+01    1.024979e-05
1.928432e+01    2.172159e-05
1.929653e+01    3.313035e-05
1.930874e+01    4.451760e-05
1.932096e+01    5.586393e-05
1.933317e+01    6.716757e-05
1.934538e+01    7.841529e-05
1.935760e+01    8.961558e-05
1.936981e+01    1.007541e-04
1.938202e+01    1.118292e-04
1.939424e+01    1.228488e-04
1.940645e+01    1.337777e-04
1.941866e+01    1.446510e-04
1.943087e+01    1.554171e-04
1.944309e+01    1.661080e-04
1.945530e+01    1.767187e-04
1.946751e+01    1.872164e-04
1.947973e+01    1.976345e-04
1.949194e+01    2.079325e-04
1.950415e+01    2.181284e-04
1.951637e+01    2.282016e-04
1.952858e+01    2.381653e-04
1.954079e+01    2.480051e-04
1.955301e+01    2.576917e-04
1.956522e+01    2.672974e-04
1.957743e+01    2.767349e-04
1.958964e+01    2.860419e-04
1.960186e+01    2.951925e-04
1.961407e+01    3.041936e-04
1.962628e+01    3.130474e-04
1.963849e+01    3.217441e-04
1.965071e+01    3.302845e-04
1.966292e+01    3.386403e-04
1.967513e+01    3.468402e-04
1.968735e+01    3.548570e-04
1.969956e+01    3.626983e-04
1.971177e+01    3.703607e-04
1.972399e+01    3.778278e-04
1.973620e+01    3.851168e-04
1.974841e+01    3.922053e-04
1.976063e+01    3.991046e-04
1.977284e+01    4.057907e-04
1.978505e+01    4.122779e-04
1.979726e+01    4.185629e-04
1.980948e+01    4.246440e-04
1.982169e+01    4.304864e-04
1.983390e+01    4.361372e-04
1.984612e+01    4.415517e-04
1.985833e+01    4.467471e-04
1.987054e+01    4.517161e-04
1.988276e+01    4.564642e-04
1.989497e+01    4.609653e-04
1.990718e+01    4.652594e-04
1.991939e+01    4.693063e-04
1.993161e+01    4.731247e-04
1.994382e+01    4.766905e-04
1.995603e+01    4.800188e-04
1.996825e+01    4.831064e-04
1.998046e+01    4.859553e-04
1.999267e+01    4.885579e-04
2.000488e+01    4.909094e-04
2.001710e+01    4.930297e-04
2.002931e+01    4.949067e-04
2.004152e+01    4.965112e-04
2.005374e+01    4.978641e-04
2.006595e+01    4.989831e-04
2.007816e+01    4.998407e-04
2.009038e+01    5.004440e-04
2.010259e+01    5.008114e-04
2.011480e+01    5.009436e-04
2.012702e+01    5.008003e-04
2.013923e+01    5.004096e-04
2.015144e+01    4.997815e-04
2.016365e+01    4.989008e-04
2.017587e+01    4.977650e-04
2.018808e+01    4.964002e-04
2.020029e+01    4.947803e-04
2.021251e+01    4.929168e-04
2.022472e+01    4.908092e-04
2.023693e+01    4.884760e-04
2.024915e+01    4.858787e-04
2.026136e+01    4.830603e-04
2.027357e+01    4.800079e-04
2.028578e+01    4.767188e-04
2.029800e+01    4.731954e-04
2.031021e+01    4.694515e-04
2.032242e+01    4.654771e-04
2.033464e+01    4.612779e-04
2.034685e+01    4.568724e-04
2.035906e+01    4.522523e-04
2.037127e+01    4.473924e-04
2.038349e+01    4.423520e-04
2.039570e+01    4.370820e-04
2.040791e+01    4.316270e-04
2.042013e+01    4.259646e-04
2.043234e+01    4.200956e-04
2.044455e+01    4.140451e-04
2.045677e+01    4.078076e-04
2.046898e+01    4.013828e-04
2.048119e+01    3.947836e-04
2.049340e+01    3.880040e-04
2.050562e+01    3.810310e-04
2.051783e+01    3.739381e-04
2.053004e+01    3.666534e-04
2.054226e+01    3.592174e-04
2.055447e+01    3.516175e-04
2.056668e+01    3.438849e-04
2.057890e+01    3.360028e-04
2.059111e+01    3.279797e-04
2.060332e+01    3.198260e-04
2.061554e+01    3.115303e-04
2.062775e+01    3.031144e-04
2.063996e+01    2.945834e-04
2.065217e+01    2.859432e-04
2.066439e+01    2.771931e-04
2.067660e+01    2.683620e-04
2.068881e+01    2.593705e-04
2.070103e+01    2.503268e-04
2.071324e+01    2.411805e-04
2.072545e+01    2.319626e-04
2.073767e+01    2.226639e-04
2.074988e+01    2.133040e-04
2.076209e+01    2.038472e-04
2.077430e+01    1.943500e-04
2.078652e+01    1.847965e-04
2.079873e+01    1.751794e-04
2.081094e+01    1.655080e-04
2.082316e+01    1.558276e-04
2.083537e+01    1.461030e-04
2.084758e+01    1.363580e-04
2.085979e+01    1.265410e-04
2.087201e+01    1.167347e-04
2.088422e+01    1.069120e-04
2.089643e+01    9.708470e-05
2.090865e+01    8.723998e-05
2.092086e+01    7.739785e-05
2.093307e+01    6.756606e-05
2.094529e+01    5.773993e-05
2.095750e+01    4.792880e-05
2.096971e+01    3.814438e-05
2.098192e+01    2.838433e-05
2.099414e+01    1.864522e-05
2.100635e+01    8.936491e-06
2.101856e+01    -7.161943e-07
2.103078e+01    -1.033731e-05
2.104299e+01    -1.992216e-05
2.105520e+01    -2.943850e-05
2.106742e+01    -3.890791e-05
2.107963e+01    -4.831786e-05
2.109184e+01    -5.765643e-05
2.110406e+01    -6.693769e-05
2.111627e+01    -7.616117e-05
2.112848e+01    -8.526730e-05
2.114069e+01    -9.431945e-05
2.115291e+01    -1.032819e-04
2.116512e+01    -1.121546e-04
2.117733e+01    -1.209495e-04
2.118955e+01    -1.296484e-04
2.120176e+01    -1.382453e-04
2.121397e+01    -1.467413e-04
2.122618e+01    -1.551343e-04
2.123840e+01    -1.634174e-04
2.125061e+01    -1.716069e-04
2.126282e+01    -1.796602e-04
2.127504e+01    -1.876034e-04
2.128725e+01    -1.954205e-04
2.129946e+01    -2.031451e-04
2.131168e+01    -2.107328e-04
2.132389e+01    -2.181964e-04
2.133610e+01    -2.255231e-04
2.134831e+01    -2.327166e-04
2.136053e+01    -2.397907e-04
2.137274e+01    -2.467211e-04
2.138495e+01    -2.535185e-04
2.139717e+01    -2.601809e-04
2.140938e+01    -2.666827e-04
2.142159e+01    -2.730670e-04
2.143381e+01    -2.792912e-04
2.144602e+01    -2.853749e-04
2.145823e+01    -2.913131e-04
2.147044e+01    -2.970938e-04
2.148266e+01    -3.027376e-04
2.149487e+01    -3.082209e-04
2.150708e+01    -3.135550e-04
2.151930e+01    -3.187401e-04
2.153151e+01    -3.237653e-04
2.154372e+01    -3.286312e-04
2.155593e+01    -3.333525e-04
2.156815e+01    -3.379035e-04
2.158036e+01    -3.423067e-04
2.159258e+01    -3.465526e-04
2.160479e+01    -3.506317e-04
2.161700e+01    -3.545536e-04
2.162921e+01    -3.583140e-04
2.164143e+01    -3.619228e-04
2.165364e+01    -3.653594e-04
2.166585e+01    -3.686420e-04
2.167807e+01    -3.717603e-04
2.169028e+01    -3.747198e-04
2.170249e+01    -3.775170e-04
2.171470e+01    -3.801483e-04
2.172692e+01    -3.826562e-04
2.173913e+01    -3.849296e-04
2.175134e+01    -3.870883e-04
2.176356e+01    -3.890699e-04
2.177577e+01    -3.909018e-04
2.178798e+01    -3.925665e-04
2.180020e+01    -3.940692e-04
2.181241e+01    -3.954131e-04
2.182462e+01    -3.966074e-04
2.183683e+01    -3.976353e-04
2.184905e+01    -3.985047e-04
2.186126e+01    -3.991821e-04
2.187347e+01    -3.997636e-04
2.188569e+01    -4.001639e-04
2.189790e+01    -4.003870e-04
2.191011e+01    -4.004774e-04
2.192233e+01    -4.004107e-04
2.193454e+01    -4.001752e-04
2.194675e+01    -3.997941e-04
2.195897e+01    -3.992543e-04
2.197118e+01    -3.985672e-04
2.198339e+01    -3.977366e-04
2.199560e+01    -3.967404e-04
2.200782e+01    -3.956078e-04
2.202003e+01    -3.943134e-04
2.203224e+01    -3.928894e-04
2.204445e+01    -3.912941e-04
2.205667e+01    -3.895663e-04
2.206888e+01    -3.876761e-04
2.208109e+01    -3.856759e-04
2.209331e+01    -3.835128e-04
2.210552e+01    -3.812173e-04
2.211773e+01    -3.787692e-04
2.212995e+01    -3.761863e-04
2.214216e+01    -3.734732e-04
2.215437e+01    -3.706068e-04
2.216659e+01    -3.676140e-04
2.217880e+01    -3.644865e-04
2.219101e+01    -3.612206e-04
2.220322e+01    -3.578399e-04
2.221544e+01    -3.543074e-04
2.222765e+01    -3.506592e-04
2.223986e+01    -3.468711e-04
2.225208e+01    -3.429584e-04
2.226429e+01    -3.389344e-04
2.227650e+01    -3.347745e-04
2.228872e+01    -3.305022e-04
2.230093e+01    -3.261073e-04
2.231314e+01    -3.215817e-04
2.232535e+01    -3.169537e-04
2.233757e+01    -3.121927e-04
2.234978e+01    -3.073411e-04
2.236199e+01    -3.023671e-04
2.237421e+01    -2.972831e-04
2.238642e+01    -2.920873e-04
2.239863e+01    -2.867765e-04
2.241084e+01    -2.813840e-04
2.242306e+01    -2.758676e-04
2.243527e+01    -2.702606e-04
2.244748e+01    -2.645494e-04
2.245970e+01    -2.587421e-04
2.247191e+01    -2.528286e-04
2.248412e+01    -2.468443e-04
2.249634e+01    -2.407565e-04
2.250855e+01    -2.345773e-04
2.252076e+01    -2.283161e-04
2.253297e+01    -2.219601e-04
2.254519e+01    -2.155803e-04
2.255740e+01    -2.090170e-04
2.256961e+01    -2.024216e-04
2.258183e+01    -1.957549e-04
2.259404e+01    -1.890166e-04
2.260625e+01    -1.821991e-04
2.261847e+01    -1.753119e-04
2.263068e+01    -1.683705e-04
2.264289e+01    -1.613505e-04
2.265511e+01    -1.542775e-04
2.266732e+01    -1.471427e-04
2.267953e+01    -1.399534e-04
2.269174e+01    -1.327183e-04
2.270396e+01    -1.254150e-04
2.271617e+01    -1.180767e-04
2.272838e+01    -1.106906e-04
2.274060e+01    -1.032606e-04
2.275281e+01    -9.578984e-05
2.276502e+01    -8.828100e-05
2.277724e+01    -8.073839e-05
2.278945e+01    -7.316575e-05
2.280166e+01    -6.556435e-05
2.281387e+01    -5.793991e-05
2.282609e+01    -5.029462e-05
2.283830e+01    -4.262460e-05
2.285051e+01    -3.494252e-05
2.286273e+01    -2.724660e-05
2.287494e+01    -1.954142e-05
2.288715e+01    -1.182244e-05
2.289936e+01    -4.099333e-06
2.291158e+01    3.619818e-06
2.292379e+01    1.134106e-05
2.293600e+01    1.905719e-05
2.294822e+01    2.676761e-05
2.296043e+01    3.445463e-05
2.297264e+01    4.213449e-05
2.298486e+01    4.980213e-05
2.299707e+01    5.743653e-05
2.300928e+01    6.506057e-05
2.302150e+01    7.263897e-05
2.303371e+01    8.020567e-05
2.304592e+01    8.772867e-05
2.305813e+01    9.521429e-05
2.307035e+01    1.026644e-04
2.308256e+01    1.100695e-04
2.309477e+01    1.174217e-04
2.310699e+01    1.247181e-04
2.311920e+01    1.319771e-04
2.313141e+01    1.391675e-04
2.314363e+01    1.462973e-04
2.315584e+01    1.533773e-04
2.316805e+01    1.603746e-04
2.318026e+01    1.673030e-04
2.319248e+01    1.741599e-04
2.320469e+01    1.809489e-04
2.321690e+01    1.876513e-04
2.322912e+01    1.942778e-04
2.324133e+01    2.008179e-04
2.325354e+01    2.072638e-04
2.326575e+01    2.136205e-04
2.327797e+01    2.198929e-04
2.329018e+01    2.260594e-04
2.330239e+01    2.321294e-04
2.331461e+01    2.380958e-04
2.332682e+01    2.439637e-04
2.333903e+01    2.497232e-04
2.335125e+01    2.553639e-04
2.336346e+01    2.608933e-04
2.337567e+01    2.663124e-04
2.338788e+01    2.716086e-04
2.340010e+01    2.767874e-04
2.341231e+01    2.818418e-04
2.342452e+01    2.867802e-04
2.343674e+01    2.915795e-04
2.344895e+01    2.962537e-04
2.346116e+01    3.007889e-04
2.347338e+01    3.052039e-04
2.348559e+01    3.094797e-04
2.349780e+01    3.136102e-04
2.351002e+01    3.175993e-04
2.352223e+01    3.214592e-04
2.353444e+01    3.251673e-04
2.354665e+01    3.287318e-04
2.355887e+01    3.321621e-04
2.357108e+01    3.354214e-04
2.358329e+01    3.385352e-04
2.359550e+01    3.415131e-04
2.360772e+01    3.443365e-04
2.361993e+01    3.470027e-04
2.363214e+01    3.495373e-04
2.364436e+01    3.518784e-04
2.365657e+01    3.540862e-04
2.366878e+01    3.561334e-04
2.368100e+01    3.580253e-04
2.369321e+01    3.597537e-04
2.370542e+01    3.613335e-04
2.371764e+01    3.627547e-04
2.372985e+01    3.639982e-04
2.374206e+01    3.651073e-04
2.375427e+01    3.660452e-04
2.376649e+01    3.668070e-04
2.377870e+01    3.674495e-04
2.379091e+01    3.679034e-04
2.380313e+01    3.682158e-04
2.381534e+01    3.683519e-04
2.382755e+01    3.683323e-04
2.383977e+01    3.681611e-04
2.385198e+01    3.678350e-04
2.386419e+01    3.673413e-04
2.387640e+01    3.666921e-04
2.388862e+01    3.658879e-04
2.390083e+01    3.649293e-04
2.391304e+01    3.638120e-04
2.392526e+01    3.625459e-04
2.393747e+01    3.611284e-04
2.394968e+01    3.595575e-04
2.396189e+01    3.578384e-04
2.397411e+01    3.559704e-04
2.398632e+01    3.539587e-04
2.399854e+01    3.517909e-04
2.401075e+01    3.494851e-04
2.402296e+01    3.470435e-04
2.403517e+01    3.444377e-04
2.404739e+01    3.417253e-04
2.405960e+01    3.388649e-04
2.407181e+01    3.358773e-04
2.408403e+01    3.327258e-04
2.409624e+01    3.294658e-04
2.410845e+01    3.260665e-04
2.412066e+01    3.225453e-04
2.413288e+01    3.188980e-04
2.414509e+01    3.151227e-04
2.415730e+01    3.112330e-04
2.416952e+01    3.072417e-04
2.418173e+01    3.030972e-04
2.419394e+01    2.988580e-04
2.420616e+01    2.945023e-04
2.421837e+01    2.900421e-04
2.423058e+01    2.854702e-04
2.424279e+01    2.808580e-04
2.425501e+01    2.760184e-04
2.426722e+01    2.711443e-04
2.427943e+01    2.661695e-04
2.429165e+01    2.611200e-04
2.430386e+01    2.559526e-04
2.431607e+01    2.507065e-04
2.432829e+01    2.453667e-04
2.434050e+01    2.399613e-04
2.435271e+01    2.344770e-04
2.436492e+01    2.288920e-04
2.437714e+01    2.232353e-04
2.438935e+01    2.175187e-04
2.440156e+01    2.117388e-04
2.441378e+01    2.058836e-04
2.442599e+01    1.999609e-04
2.443820e+01    1.939907e-04
2.445041e+01    1.879579e-04
2.446263e+01    1.818610e-04
2.447484e+01    1.757206e-04
2.448705e+01    1.695275e-04
2.449927e+01    1.632943e-04
2.451148e+01    1.570260e-04
2.452369e+01    1.506897e-04
2.453591e+01    1.443293e-04
2.454812e+01    1.379369e-04
2.456033e+01    1.315111e-04
2.457255e+01    1.250448e-04
2.458476e+01    1.185619e-04
2.459697e+01    1.120501e-04
2.460918e+01    1.055192e-04
2.462140e+01    9.897686e-05
2.463361e+01    9.241325e-05
2.464582e+01    8.580330e-05
2.465804e+01    7.923014e-05
2.467025e+01    7.263236e-05
2.468246e+01    6.601692e-05
2.469468e+01    5.940651e-05
2.470689e+01    5.279382e-05
2.471910e+01    4.617954e-05
2.473131e+01    3.956878e-05
2.474353e+01    3.296803e-05
2.475574e+01    2.637540e-05
2.476795e+01    1.978720e-05
2.478017e+01    1.322263e-05
2.479238e+01    6.665345e-06
2.480459e+01    1.245498e-07
2.481680e+01    -6.399525e-06
2.482902e+01    -1.289467e-05
2.484123e+01    -1.936186e-05
2.485344e+01    -2.581096e-05
2.486566e+01    -3.222312e-05
2.487787e+01    -3.861963e-05
2.489008e+01    -4.496730e-05
2.490230e+01    -5.130225e-05
2.491451e+01    -5.758551e-05
2.492672e+01    -6.383071e-05
2.493893e+01    -7.003936e-05
2.495115e+01    -7.620773e-05
2.496336e+01    -8.233517e-05
2.497557e+01    -8.841662e-05
2.498779e+01    -9.445063e-05
2.500000e+01    -1.004388e-04
