0.000000e+00    1.327740e-01
1.221299e-02    1.330874e-01
2.442599e-02    1.340235e-01
3.663898e-02    1.355701e-01
4.885198e-02    1.377069e-01
6.106497e-02    1.404057e-01
7.327797e-02    1.436308e-01
8.549096e-02    1.473389e-01
9.770396e-02    1.514802e-01
1.099169e-01    1.559979e-01
1.221299e-01    1.608295e-01
1.343429e-01    1.659069e-01
1.465559e-01    1.711570e-01
1.587689e-01    1.765027e-01
1.709819e-01    1.818628e-01
1.831949e-01    1.871535e-01
1.954079e-01    1.922886e-01
2.076209e-01    1.971805e-01
2.198339e-01    2.017404e-01
2.320469e-01    2.058798e-01
2.442599e-01    2.095107e-01
2.564729e-01    2.125463e-01
2.686859e-01    2.149020e-01
2.808989e-01    2.164958e-01
2.931119e-01    2.172492e-01
3.053249e-01    2.170872e-01
3.175378e-01    2.159400e-01
3.297509e-01    2.137421e-01
3.419639e-01    2.104341e-01
3.541768e-01    2.059623e-01
3.663898e-01    2.002793e-01
3.786028e-01    1.933445e-01
3.908158e-01    1.851241e-01
4.030288e-01    1.755914e-01
4.152418e-01    1.647272e-01
4.274548e-01    1.525196e-01
4.396678e-01    1.389640e-01
4.518808e-01    1.240634e-01
4.640938e-01    1.078279e-01
4.763068e-01    9.027520e-02
4.885198e-01    7.142976e-02
5.007328e-01    5.132295e-02
5.129458e-01    2.999279e-02
5.251588e-01    7.483418e-03
5.373718e-01    -1.615501e-02
5.495847e-01    -4.086673e-02
5.617977e-01    -6.659099e-02
5.740107e-01    -9.326218e-02
5.862237e-01    -1.208106e-01
5.984367e-01    -1.491625e-01
6.106497e-01    -1.782411e-01
6.228627e-01    -2.079668e-01
6.350757e-01    -2.382574e-01
6.472887e-01    -2.690293e-01
6.595017e-01    -3.001975e-01
6.717147e-01    -3.316756e-01
6.839277e-01    -3.633778e-01
6.961407e-01    -3.952180e-01
7.083537e-01    -4.271106e-01
7.205667e-01    -4.589713e-01
7.327797e-01    -4.907172e-01
7.449927e-01    -5.222672e-01
7.572057e-01    -5.535425e-01
7.694187e-01    -5.844669e-01
7.816316e-01    -6.149670e-01
7.938446e-01    -6.449729e-01
8.060576e-01    -6.744180e-01
8.182706e-01    -7.032392e-01
8.304836e-01    -7.313775e-01
8.426966e-01    -7.587782e-01
8.549096e-01    -7.853906e-01
8.671226e-01    -8.111681e-01
8.793356e-01    -8.360690e-01
8.915486e-01    -8.600558e-01
9.037616e-01    -8.830955e-01
9.159746e-01    -9.051599e-01
9.281876e-01    -9.262246e-01
9.404006e-01    -9.462703e-01
9.526136e-01    -9.652817e-01
9.648266e-01    -9.832481e-01
9.770396e-01    -1.000162e+00
9.892526e-01    -1.016022e+00
1.001466e+00    -1.030828e+00
1.013679e+00    -1.044585e+00
1.025892e+00    -1.057302e+00
1.038105e+00    -1.068990e+00
1.050318e+00    -1.079664e+00
1.062531e+00    -1.089342e+00
1.074744e+00    -1.098043e+00
1.086957e+00    -1.105792e+00
1.099169e+00    -1.112613e+00
1.111382e+00    -1.118533e+00
1.123595e+00    -1.123582e+00
1.135808e+00    -1.127790e+00
1.148021e+00    -1.131189e+00
1.160234e+00    -1.133813e+00
1.172447e+00    -1.135696e+00
1.184660e+00    -1.136872e+00
1.196873e+00    -1.137378e+00
1.209086e+00    -1.137248e+00
1.221299e+00    -1.136519e+00
1.233512e+00    -1.135227e+00
1.245725e+00    -1.133408e+00
1.257938e+00    -1.131097e+00
1.270151e+00    -1.128329e+00
1.282364e+00    -1.125138e+00
1.294577e+00    -1.121558e+00
1.306790e+00    -1.117621e+00
1.319003e+00    -1.113360e+00
1.331216e+00    -1.108805e+00
1.343429e+00    -1.103986e+00
1.355642e+00    -1.098929e+00
1.367855e+00    -1.093664e+00
1.380068e+00    -1.088214e+00
1.392281e+00    -1.082605e+00
1.404494e+00    -1.076859e+00
1.416707e+00    -1.070997e+00
1.428920e+00    -1.065040e+00
1.441133e+00    -1.059005e+00
1.453346e+00    -1.052910e+00
1.465559e+00    -1.046770e+00
1.477772e+00    -1.040599e+00
1.489985e+00    -1.034410e+00
1.502198e+00    -1.028213e+00
1.514411e+00    -1.022020e+00
1.526624e+00    -1.015838e+00
1.538837e+00    -1.009675e+00
1.551050e+00    -1.003537e+00
1.563263e+00    -9.974293e-01
1.575476e+00    -9.913551e-01
1.587689e+00    -9.853175e-01
1.599902e+00    -9.793187e-01
1.612115e+00    -9.733593e-01
1.624328e+00    -9.674397e-01
1.636541e+00    -9.615591e-01
1.648754e+00    -9.557160e-01
1.660967e+00    -9.499086e-01
1.673180e+00    -9.441343e-01
1.685393e+00    -9.383898e-01
1.697606e+00    -9.326718e-01
1.709819e+00    -9.269760e-01
1.722032e+00    -9.212984e-01
1.734245e+00    -9.156342e-01
1.746458e+00    -9.099787e-01
1.758671e+00    -9.043270e-01
1.770884e+00    -8.986741e-01
1.783097e+00    -8.930147e-01
1.795310e+00    -8.873439e-01
1.807523e+00    -8.816564e-01
1.819736e+00    -8.759473e-01
1.831949e+00    -8.702117e-01
1.844162e+00    -8.644447e-01
1.856375e+00    -8.586421e-01
1.868588e+00    -8.527992e-01
1.880801e+00    -8.469121e-01
1.893014e+00    -8.409767e-01
1.905227e+00    -8.349896e-01
1.917440e+00    -8.289474e-01
1.929653e+00    -8.228472e-01
1.941866e+00    -8.166862e-01
1.954079e+00    -8.104624e-01
1.966292e+00    -8.041734e-01
1.978505e+00    -7.978178e-01
1.990718e+00    -7.913944e-01
2.002931e+00    -7.849020e-01
2.015144e+00    -7.783403e-01
2.027357e+00    -7.717087e-01
2.039570e+00    -7.650075e-01
2.051783e+00    -7.582370e-01
2.063996e+00    -7.513980e-01
2.076209e+00    -7.444915e-01
2.088422e+00    -7.375187e-01
2.100635e+00    -7.304813e-01
2.112848e+00    -7.233811e-01
2.125061e+00    -7.162203e-01
2.137274e+00    -7.090010e-01
2.149487e+00    -7.017261e-01
2.161700e+00    -6.943982e-01
2.173913e+00    -6.870203e-01
2.186126e+00    -6.795955e-01
2.198339e+00    -6.721272e-01
2.210552e+00    -6.646186e-01
2.222765e+00    -6.570733e-01
2.234978e+00    -6.494951e-01
2.247191e+00    -6.418877e-01
2.259404e+00    -6.342547e-01
2.271617e+00    -6.266001e-01
2.283830e+00    -6.189278e-01
2.296043e+00    -6.112416e-01
2.308256e+00    -6.035456e-01
2.320469e+00    -5.958434e-01
2.332682e+00    -5.881392e-01
2.344895e+00    -5.804368e-01
2.357108e+00    -5.727399e-01
2.369321e+00    -5.650523e-01
2.381534e+00    -5.573778e-01
2.393747e+00    -5.497199e-01
2.405960e+00    -5.420821e-01
2.418173e+00    -5.344681e-01
2.430386e+00    -5.268811e-01
2.442599e+00    -5.193243e-01
2.454812e+00    -5.118009e-01
2.467025e+00    -5.043139e-01
2.479238e+00    -4.968663e-01
2.491451e+00    -4.894609e-01
2.503664e+00    -4.821002e-01
2.515877e+00    -4.747868e-01
2.528090e+00    -4.675233e-01
2.540303e+00    -4.603118e-01
2.552516e+00    -4.531545e-01
2.564729e+00    -4.460534e-01
2.576942e+00    -4.390105e-01
2.589155e+00    -4.320275e-01
2.601368e+00    -4.251059e-01
2.613581e+00    -4.182474e-01
2.625794e+00    -4.114535e-01
2.638007e+00    -4.047254e-01
2.650220e+00    -3.980642e-01
2.662433e+00    -3.914710e-01
2.674646e+00    -3.849469e-01
2.686859e+00    -3.784925e-01
2.699072e+00    -3.721087e-01
2.711285e+00    -3.657963e-01
2.723498e+00    -3.595556e-01
2.735711e+00    -3.533872e-01
2.747924e+00    -3.472916e-01
2.760137e+00    -3.412690e-01
2.772350e+00    -3.353196e-01
2.784563e+00    -3.294438e-01
2.796776e+00    -3.236415e-01
2.808989e+00    -3.179129e-01
2.821202e+00    -3.122579e-01
2.833415e+00    -3.066765e-01
2.845628e+00    -3.011686e-01
2.857841e+00    -2.957340e-01
2.870054e+00    -2.903726e-01
2.882267e+00    -2.850841e-01
2.894480e+00    -2.798683e-01
2.906693e+00    -2.747249e-01
2.918906e+00    -2.696535e-01
2.931119e+00    -2.646538e-01
2.943332e+00    -2.597255e-01
2.955545e+00    -2.548681e-01
2.967758e+00    -2.500814e-01
2.979971e+00    -2.453647e-01
2.992184e+00    -2.407178e-01
3.004397e+00    -2.361400e-01
3.016610e+00    -2.316311e-01
3.028823e+00    -2.271906e-01
3.041036e+00    -2.228178e-01
3.053249e+00    -2.185124e-01
3.065462e+00    -2.142740e-01
3.077675e+00    -2.101019e-01
3.089888e+00    -2.059958e-01
3.102101e+00    -2.019550e-01
3.114314e+00    -1.979792e-01
3.126527e+00    -1.940677e-01
3.138740e+00    -1.902202e-01
3.150953e+00    -1.864360e-01
3.163166e+00    -1.827148e-01
3.175379e+00    -1.790559e-01
3.187592e+00    -1.754589e-01
3.199805e+00    -1.719232e-01
3.212018e+00    -1.684484e-01
3.224231e+00    -1.650339e-01
3.236444e+00    -1.616791e-01
3.248657e+00    -1.583837e-01
3.260870e+00    -1.551470e-01
3.273082e+00    -1.519685e-01
3.285295e+00    -1.488477e-01
3.297508e+00    -1.457839e-01
3.309721e+00    -1.427769e-01
3.321934e+00    -1.398258e-01
3.334147e+00    -1.369303e-01
3.346360e+00    -1.340896e-01
3.358573e+00    -1.313034e-01
3.370786e+00    -1.285709e-01
3.382999e+00    -1.258917e-01
3.395212e+00    -1.232651e-01
3.407425e+00    -1.206906e-01
3.419638e+00    -1.181675e-01
3.431851e+00    -1.156953e-01
3.444064e+00    -1.132733e-01
3.456277e+00    -1.109010e-01
3.468490e+00    -1.085777e-01
3.480703e+00    -1.063028e-01
3.492916e+00    -1.040757e-01
3.505129e+00    -1.018957e-01
3.517342e+00    -9.976222e-02
3.529555e+00    -9.767457e-02
3.541768e+00    -9.563211e-02
3.553981e+00    -9.363416e-02
3.566194e+00    -9.168009e-02
3.578407e+00    -8.976923e-02
3.590620e+00    -8.790092e-02
3.602833e+00    -8.607444e-02
3.615046e+00    -8.428918e-02
3.627259e+00    -8.254442e-02
3.639472e+00    -8.083951e-02
3.651685e+00    -7.917371e-02
3.663898e+00    -7.754643e-02
3.676111e+00    -7.595693e-02
3.688324e+00    -7.440457e-02
3.700537e+00    -7.288863e-02
3.712750e+00    -7.140846e-02
3.724963e+00    -6.996337e-02
3.737176e+00    -6.855270e-02
3.749389e+00    -6.717577e-02
3.761602e+00    -6.583193e-02
3.773815e+00    -6.452050e-02
3.786028e+00    -6.324083e-02
3.798241e+00    -6.199228e-02
3.810454e+00    -6.077420e-02
3.822667e+00    -5.958594e-02
3.834880e+00    -5.842689e-02
3.847093e+00    -5.729641e-02
3.859306e+00    -5.619389e-02
3.871519e+00    -5.511873e-02
3.883732e+00    -5.407031e-02
3.895945e+00    -5.304806e-02
3.908158e+00    -5.205140e-02
3.920371e+00    -5.107973e-02
3.932584e+00    -5.013251e-02
3.944797e+00    -4.920919e-02
3.957010e+00    -4.830922e-02
3.969223e+00    -4.743206e-02
3.981436e+00    -4.657721e-02
3.993649e+00    -4.574415e-02
4.005862e+00    -4.493237e-02
4.018075e+00    -4.414140e-02
4.030288e+00    -4.337073e-02
4.042501e+00    -4.261995e-02
4.054714e+00    -4.188853e-02
4.066927e+00    -4.117609e-02
4.079140e+00    -4.048215e-02
4.091353e+00    -3.980632e-02
4.103566e+00    -3.914816e-02
4.115779e+00    -3.850729e-02
4.127992e+00    -3.788330e-02
4.140205e+00    -3.727584e-02
4.152418e+00    -3.668448e-02
4.164631e+00    -3.610893e-02
4.176844e+00    -3.554878e-02
4.189057e+00    -3.500372e-02
4.201270e+00    -3.447343e-02
4.213483e+00    -3.395756e-02
4.225696e+00    -3.345583e-02
4.237909e+00    -3.296789e-02
4.250122e+00    -3.249349e-02
4.262335e+00    -3.203230e-02
4.274548e+00    -3.158408e-02
4.286761e+00    -3.114852e-02
4.298974e+00    -3.072541e-02
4.311187e+00    -3.031442e-02
4.323400e+00    -2.991537e-02
4.335613e+00    -2.952797e-02
4.347826e+00    -2.915201e-02
4.360039e+00    -2.878723e-02
4.372252e+00    -2.843344e-02
4.384465e+00    -2.809039e-02
4.396678e+00    -2.775788e-02
4.408891e+00    -2.743568e-02
4.421104e+00    -2.712362e-02
4.433317e+00    -2.682147e-02
4.445530e+00    -2.652903e-02
4.457743e+00    -2.624613e-02
4.469956e+00    -2.597256e-02
4.482169e+00    -2.570814e-02
4.494382e+00    -2.545269e-02
4.506595e+00    -2.520602e-02
4.518808e+00    -2.496796e-02
4.531021e+00    -2.473832e-02
4.543234e+00    -2.451695e-02
4.555447e+00    -2.430366e-02
4.567660e+00    -2.409829e-02
4.579873e+00    -2.390067e-02
4.592086e+00    -2.371063e-02
4.604299e+00    -2.352800e-02
4.616512e+00    -2.335264e-02
4.628725e+00    -2.318436e-02
4.640938e+00    -2.302303e-02
4.653151e+00    -2.286845e-02
4.665364e+00    -2.272050e-02
4.677577e+00    -2.257898e-02
4.689790e+00    -2.244378e-02
4.702003e+00    -2.231470e-02
4.714216e+00    -2.219161e-02
4.726429e+00    -2.207434e-02
4.738642e+00    -2.196274e-02
4.750855e+00    -2.185663e-02
4.763068e+00    -2.175589e-02
4.775281e+00    -2.166035e-02
4.787494e+00    -2.156984e-02
4.799707e+00    -2.148423e-02
4.811920e+00    -2.140334e-02
4.824133e+00    -2.132703e-02
4.836346e+00    -2.125513e-02
4.848559e+00    -2.118750e-02
4.860772e+00    -2.112397e-02
4.872985e+00    -2.106440e-02
4.885198e+00    -2.100863e-02
4.897411e+00    -2.095650e-02
4.909624e+00    -2.090785e-02
4.921837e+00    -2.086254e-02
4.934050e+00    -2.082041e-02
4.946263e+00    -2.078131e-02
4.958476e+00    -2.074508e-02
4.970689e+00    -2.071157e-02
4.982902e+00    -2.068064e-02
4.995115e+00    -2.065212e-02
5.007328e+00    -2.062587e-02
5.019541e+00    -2.060174e-02
5.031754e+00    -2.057958e-02
5.043967e+00    -2.055923e-02
5.056180e+00    -2.054056e-02
5.068393e+00    -2.052341e-02
5.080606e+00    -2.050764e-02
5.092819e+00    -2.049312e-02
5.105031e+00    -2.047968e-02
5.117245e+00    -2.046719e-02
5.129457e+00    -2.045551e-02
5.141671e+00    -2.044449e-02
5.153883e+00    -2.043402e-02
5.166097e+00    -2.042393e-02
5.178309e+00    -2.041411e-02
5.190523e+00    -2.040440e-02
5.202735e+00    -2.039470e-02
5.214949e+00    -2.038486e-02
5.227162e+00    -2.037476e-02
5.239375e+00    -2.036427e-02
5.251588e+00    -2.035326e-02
5.263801e+00    -2.034162e-02
5.276014e+00    -2.032923e-02
5.288227e+00    -2.031597e-02
5.300440e+00    -2.030172e-02
5.312653e+00    -2.028636e-02
5.324866e+00    -2.026981e-02
5.337079e+00    -2.025194e-02
5.349292e+00    -2.023266e-02
5.361505e+00    -2.021185e-02
5.373718e+00    -2.018942e-02
5.385931e+00    -2.016527e-02
5.398144e+00    -2.013931e-02
5.410357e+00    -2.011146e-02
5.422570e+00    -2.008162e-02
5.434783e+00    -2.004970e-02
5.446996e+00    -2.001564e-02
5.459208e+00    -1.997934e-02
5.471422e+00    -1.994073e-02
5.483634e+00    -1.989976e-02
5.495848e+00    -1.985633e-02
5.508060e+00    -1.981039e-02
5.520274e+00    -1.976188e-02
5.532486e+00    -1.971073e-02
5.544700e+00    -1.965690e-02
5.556912e+00    -1.960032e-02
5.569126e+00    -1.954096e-02
5.581338e+00    -1.947877e-02
5.593552e+00    -1.941370e-02
5.605764e+00    -1.934572e-02
5.617978e+00    -1.927479e-02
5.630190e+00    -1.920089e-02
5.642404e+00    -1.912397e-02
5.654616e+00    -1.904403e-02
5.666830e+00    -1.896104e-02
5.679042e+00    -1.887498e-02
5.691256e+00    -1.878584e-02
5.703468e+00    -1.869361e-02
5.715682e+00    -1.859829e-02
5.727894e+00    -1.849987e-02
5.740108e+00    -1.839834e-02
5.752320e+00    -1.829373e-02
5.764534e+00    -1.818603e-02
5.776746e+00    -1.807525e-02
5.788960e+00    -1.796141e-02
5.801172e+00    -1.784454e-02
5.813385e+00    -1.772463e-02
5.825598e+00    -1.760172e-02
5.837811e+00    -1.747585e-02
5.850024e+00    -1.734703e-02
5.862237e+00    -1.721530e-02
5.874450e+00    -1.708070e-02
5.886663e+00    -1.694326e-02
5.898876e+00    -1.680303e-02
5.911089e+00    -1.666006e-02
5.923302e+00    -1.651439e-02
5.935515e+00    -1.636607e-02
5.947728e+00    -1.621515e-02
5.959941e+00    -1.606169e-02
5.972154e+00    -1.590575e-02
5.984367e+00    -1.574738e-02
5.996580e+00    -1.558665e-02
6.008793e+00    -1.542362e-02
6.021006e+00    -1.525836e-02
6.033219e+00    -1.509094e-02
6.045432e+00    -1.492142e-02
6.057645e+00    -1.474989e-02
6.069858e+00    -1.457641e-02
6.082071e+00    -1.440107e-02
6.094284e+00    -1.422393e-02
6.106497e+00    -1.404508e-02
6.118710e+00    -1.386461e-02
6.130923e+00    -1.368258e-02
6.143136e+00    -1.349909e-02
6.155349e+00    -1.331421e-02
6.167562e+00    -1.312804e-02
6.179775e+00    -1.294065e-02
6.191988e+00    -1.275214e-02
6.204201e+00    -1.256259e-02
6.216414e+00    -1.237210e-02
6.228627e+00    -1.218074e-02
6.240840e+00    -1.198862e-02
6.253053e+00    -1.179580e-02
6.265266e+00    -1.160239e-02
6.277479e+00    -1.140848e-02
6.289692e+00    -1.121415e-02
6.301905e+00    -1.101950e-02
6.314118e+00    -1.082461e-02
6.326331e+00    -1.062958e-02
6.338544e+00    -1.043448e-02
6.350757e+00    -1.023942e-02
6.362970e+00    -1.004446e-02
6.375183e+00    -9.849714e-03
6.387396e+00    -9.655255e-03
6.399609e+00    -9.461170e-03
6.411822e+00    -9.267531e-03
6.424035e+00    -9.074446e-03
6.436248e+00    -8.881971e-03
6.448461e+00    -8.690212e-03
6.460674e+00    -8.499228e-03
6.472887e+00    -8.309122e-03
6.485100e+00    -8.119941e-03
6.497313e+00    -7.931785e-03
6.509526e+00    -7.744714e-03
6.521739e+00    -7.558814e-03
6.533952e+00    -7.374144e-03
6.546165e+00    -7.190781e-03
6.558378e+00    -7.008789e-03
6.570591e+00    -6.828240e-03
6.582804e+00    -6.649190e-03
6.595017e+00    -6.471715e-03
6.607230e+00    -6.295855e-03
6.619443e+00    -6.121690e-03
6.631656e+00    -5.949258e-03
6.643869e+00    -5.778627e-03
6.656082e+00    -5.609842e-03
6.668295e+00    -5.442960e-03
6.680508e+00    -5.278020e-03
6.692721e+00    -5.115078e-03
6.704934e+00    -4.954170e-03
6.717147e+00    -4.795342e-03
6.729360e+00    -4.638628e-03
6.741573e+00    -4.484075e-03
6.753786e+00    -4.331708e-03
6.765999e+00    -4.181567e-03
6.778212e+00    -4.033679e-03
6.790425e+00    -3.888077e-03
6.802638e+00    -3.744779e-03
6.814851e+00    -3.603819e-03
6.827064e+00    -3.465206e-03
6.839277e+00    -3.328980e-03
6.851490e+00    -3.195135e-03
6.863703e+00    -3.063711e-03
6.875916e+00    -2.934701e-03
6.888129e+00    -2.808122e-03
6.900342e+00    -2.683991e-03
6.912555e+00    -2.562304e-03
6.924768e+00    -2.443071e-03
6.936981e+00    -2.326299e-03
6.949194e+00    -2.211972e-03
6.961407e+00    -2.100118e-03
6.973620e+00    -1.990712e-03
6.985833e+00    -1.883753e-03
6.998046e+00    -1.779231e-03
7.010259e+00    -1.677151e-03
7.022472e+00    -1.577484e-03
7.034685e+00    -1.480236e-03
7.046898e+00    -1.385376e-03
7.059111e+00    -1.292903e-03
7.071324e+00    -1.202790e-03
7.083537e+00    -1.115021e-03
7.095750e+00    -1.029580e-03
7.107963e+00    -9.464370e-04
7.120176e+00    -8.655745e-04
7.132389e+00    -7.869745e-04
7.144602e+00    -7.105893e-04
7.156815e+00    -6.364205e-04
7.169028e+00    -5.644227e-04
7.181241e+00    -4.945709e-04
7.193454e+00    -4.268343e-04
7.205667e+00    -3.611840e-04
7.217880e+00    -2.975834e-04
7.230093e+00    -2.360038e-04
7.242306e+00    -1.764107e-04
7.254519e+00    -1.187710e-04
7.266732e+00    -6.304876e-05
7.278944e+00    -9.203935e-06
7.291158e+00    4.279626e-05
7.303371e+00    9.298880e-05
7.315584e+00    1.414084e-04
7.327797e+00    1.881009e-04
7.340010e+00    2.330964e-04
7.352223e+00    2.764434e-04
7.364436e+00    3.181677e-04
7.376649e+00    3.583173e-04
7.388862e+00    3.969322e-04
7.401075e+00    4.340265e-04
7.413288e+00    4.697086e-04
7.425501e+00    5.039532e-04
7.437714e+00    5.368081e-04
7.449927e+00    5.683264e-04
7.462140e+00    5.985548e-04
7.474353e+00    6.275197e-04
7.486566e+00    6.552583e-04
7.498779e+00    6.818012e-04
7.510992e+00    7.072281e-04
7.523205e+00    7.315326e-04
7.535418e+00    7.547658e-04
7.547631e+00    7.769697e-04
7.559844e+00    7.981740e-04
7.572057e+00    8.184265e-04
7.584270e+00    8.377444e-04
7.596483e+00    8.561798e-04
7.608696e+00    8.737528e-04
7.620909e+00    8.905055e-04
7.633121e+00    9.064680e-04
7.645335e+00    9.216747e-04
7.657547e+00    9.361533e-04
7.669761e+00    9.499396e-04
7.681973e+00    9.630596e-04
7.694187e+00    9.755387e-04
7.706399e+00    9.874188e-04
7.718613e+00    9.987081e-04
7.730825e+00    1.009446e-03
7.743039e+00    1.019658e-03
7.755251e+00    1.029365e-03
7.767465e+00    1.038598e-03
7.779677e+00    1.047366e-03
7.791891e+00    1.055708e-03
7.804103e+00    1.063635e-03
7.816317e+00    1.071177e-03
7.828529e+00    1.078339e-03
7.840743e+00    1.085151e-03
7.852955e+00    1.091627e-03
7.865169e+00    1.097782e-03
7.877381e+00    1.103640e-03
7.889595e+00    1.109210e-03
7.901807e+00    1.114510e-03
7.914021e+00    1.119539e-03
7.926233e+00    1.124324e-03
7.938447e+00    1.128872e-03
7.950659e+00    1.133185e-03
7.962873e+00    1.137298e-03
7.975085e+00    1.141201e-03
7.987298e+00    1.144898e-03
7.999511e+00    1.148396e-03
8.011724e+00    1.151718e-03
8.023937e+00    1.154855e-03
8.036150e+00    1.157816e-03
8.048364e+00    1.160602e-03
8.060576e+00    1.163221e-03
8.072789e+00    1.165675e-03
8.085002e+00    1.167963e-03
8.097216e+00    1.170096e-03
8.109428e+00    1.172051e-03
8.121641e+00    1.173853e-03
8.133854e+00    1.175490e-03
8.146068e+00    1.176967e-03
8.158280e+00    1.178276e-03
8.170493e+00    1.179418e-03
8.182706e+00    1.180391e-03
8.194920e+00    1.181194e-03
8.207132e+00    1.181819e-03
8.219345e+00    1.182268e-03
8.231558e+00    1.182527e-03
8.243772e+00    1.182599e-03
8.255984e+00    1.182478e-03
8.268197e+00    1.182160e-03
8.280410e+00    1.181642e-03
8.292624e+00    1.180909e-03
8.304836e+00    1.179962e-03
8.317049e+00    1.178795e-03
8.329262e+00    1.177400e-03
8.341475e+00    1.175772e-03
8.353688e+00    1.173902e-03
8.365901e+00    1.171786e-03
8.378115e+00    1.169418e-03
8.390327e+00    1.166784e-03
8.402540e+00    1.163895e-03
8.414753e+00    1.160715e-03
8.426967e+00    1.157265e-03
8.439179e+00    1.153527e-03
8.451392e+00    1.149496e-03
8.463605e+00    1.145165e-03
8.475819e+00    1.140528e-03
8.488031e+00    1.135580e-03
8.500244e+00    1.130320e-03
8.512457e+00    1.124734e-03
8.524671e+00    1.118817e-03
8.536883e+00    1.112577e-03
8.549096e+00    1.105991e-03
8.561309e+00    1.099069e-03
8.573523e+00    1.091801e-03
8.585735e+00    1.084184e-03
8.597948e+00    1.076225e-03
8.610161e+00    1.067888e-03
8.622375e+00    1.059203e-03
8.634587e+00    1.050151e-03
8.646800e+00    1.040746e-03
8.659013e+00    1.030973e-03
8.671227e+00    1.020832e-03
8.683439e+00    1.010322e-03
8.695652e+00    9.994424e-04
8.707865e+00    9.882025e-04
8.720078e+00    9.765902e-04
8.732291e+00    9.646083e-04
8.744504e+00    9.522650e-04
8.756717e+00    9.395565e-04
8.768930e+00    9.264812e-04
8.781143e+00    9.130489e-04
8.793356e+00    8.992658e-04
8.805569e+00    8.851145e-04
8.817782e+00    8.706153e-04
8.829995e+00    8.557730e-04
8.842208e+00    8.405926e-04
8.854421e+00    8.250715e-04
8.866634e+00    8.092206e-04
8.878847e+00    7.930456e-04
8.891060e+00    7.765512e-04
8.903273e+00    7.597325e-04
8.915486e+00    7.426307e-04
8.927699e+00    7.252214e-04
8.939912e+00    7.075212e-04
8.952125e+00    6.895370e-04
8.964338e+00    6.712871e-04
8.976551e+00    6.527678e-04
8.988764e+00    6.339944e-04
9.000977e+00    6.149862e-04
9.013190e+00    5.957248e-04
9.025403e+00    5.762525e-04
9.037616e+00    5.565581e-04
9.049829e+00    5.366662e-04
9.062042e+00    5.165699e-04
9.074255e+00    4.962999e-04
9.086468e+00    4.758557e-04
9.098680e+00    4.552342e-04
9.110894e+00    4.344954e-04
9.123107e+00    4.136048e-04
9.135320e+00    3.925915e-04
9.147532e+00    3.714672e-04
9.159746e+00    3.502347e-04
9.171959e+00    3.289222e-04
9.184172e+00    3.075348e-04
9.196384e+00    2.860801e-04
9.208598e+00    2.645724e-04
9.220811e+00    2.430257e-04
9.233024e+00    2.214571e-04
9.245236e+00    1.998771e-04
9.257450e+00    1.782934e-04
9.269663e+00    1.567221e-04
9.281876e+00    1.351785e-04
9.294088e+00    1.136645e-04
9.306302e+00    9.220619e-05
9.318515e+00    7.081320e-05
9.330728e+00    4.948917e-05
9.342940e+00    2.824835e-05
9.355154e+00    7.103969e-06
9.367367e+00    -1.392522e-05
9.379580e+00    -3.483668e-05
9.391793e+00    -5.562020e-05
9.404006e+00    -7.625353e-05
9.416219e+00    -9.673993e-05
9.428432e+00    -1.170620e-04
9.440645e+00    -1.372108e-04
9.452858e+00    -1.571757e-04
9.465071e+00    -1.769444e-04
9.477283e+00    -1.965126e-04
9.489497e+00    -2.158641e-04
9.501710e+00    -2.350085e-04
9.513923e+00    -2.539173e-04
9.526135e+00    -2.725924e-04
9.538349e+00    -2.910235e-04
9.550562e+00    -3.091967e-04
9.562775e+00    -3.271165e-04
9.574987e+00    -3.447796e-04
9.587201e+00    -3.621595e-04
9.599414e+00    -3.792510e-04
9.611627e+00    -3.960914e-04
9.623839e+00    -4.126225e-04
9.636053e+00    -4.288716e-04
9.648266e+00    -4.448199e-04
9.660479e+00    -4.604630e-04
9.672691e+00    -4.758074e-04
9.684905e+00    -4.908459e-04
9.697118e+00    -5.055689e-04
9.709331e+00    -5.199921e-04
9.721543e+00    -5.340783e-04
9.733757e+00    -5.478650e-04
9.745970e+00    -5.613263e-04
9.758183e+00    -5.744753e-04
9.770395e+00    -5.873018e-04
9.782609e+00    -5.998160e-04
9.794822e+00    -6.120005e-04
9.807034e+00    -6.238853e-04
9.819247e+00    -6.354491e-04
9.831461e+00    -6.466998e-04
9.843674e+00    -6.576387e-04
9.855886e+00    -6.682663e-04
9.868099e+00    -6.785870e-04
9.880313e+00    -6.886070e-04
9.892526e+00    -6.983241e-04
9.904738e+00    -7.077426e-04
9.916951e+00    -7.168771e-04
9.929165e+00    -7.257207e-04
9.941378e+00    -7.342834e-04
9.953590e+00    -7.425639e-04
9.965803e+00    -7.505708e-04
9.978017e+00    -7.583128e-04
9.990230e+00    -7.657924e-04
1.000244e+01    -7.730117e-04
1.001466e+01    -7.799841e-04
1.002687e+01    -7.867127e-04
1.003908e+01    -7.932023e-04
1.005129e+01    -7.994639e-04
1.006351e+01    -8.054978e-04
1.007572e+01    -8.113133e-04
1.008793e+01    -8.169223e-04
1.010015e+01    -8.223418e-04
1.011236e+01    -8.275324e-04
1.012457e+01    -8.325560e-04
1.013679e+01    -8.373916e-04
1.014900e+01    -8.420615e-04
1.016121e+01    -8.465591e-04
1.017342e+01    -8.509019e-04
1.018564e+01    -8.550974e-04
1.019785e+01    -8.591526e-04
1.021006e+01    -8.630594e-04
1.022228e+01    -8.668500e-04
1.023449e+01    -8.705195e-04
1.024670e+01    -8.740789e-04
1.025891e+01    -8.775324e-04
1.027113e+01    -8.808924e-04
1.028334e+01    -8.841574e-04
1.029555e+01    -8.873456e-04
1.030777e+01    -8.904681e-04
1.031998e+01    -8.935044e-04
1.033219e+01    -8.964980e-04
1.034441e+01    -8.994274e-04
1.035662e+01    -9.023122e-04
1.036883e+01    -9.051561e-04
1.038105e+01    -9.079644e-04
1.039326e+01    -9.107496e-04
1.040547e+01    -9.135078e-04
1.041768e+01    -9.162440e-04
1.042990e+01    -9.189714e-04
1.044211e+01    -9.216940e-04
1.045432e+01    -9.244116e-04
1.046654e+01    -9.271310e-04
1.047875e+01    -9.298564e-04
1.049096e+01    -9.325995e-04
1.050318e+01    -9.353409e-04
1.051539e+01    -9.381170e-04
1.052760e+01    -9.409053e-04
1.053981e+01    -9.437213e-04
1.055203e+01    -9.465627e-04
1.056424e+01    -9.494346e-04
1.057645e+01    -9.523315e-04
1.058867e+01    -9.552629e-04
1.060088e+01    -9.582330e-04
1.061309e+01    -9.612372e-04
1.062531e+01    -9.642743e-04
1.063752e+01    -9.673507e-04
1.064973e+01    -9.704633e-04
1.066194e+01    -9.736089e-04
1.067416e+01    -9.767920e-04
1.068637e+01    -9.800122e-04
1.069858e+01    -9.832695e-04
1.071080e+01    -9.865467e-04
1.072301e+01    -9.898626e-04
1.073522e+01    -9.932045e-04
1.074744e+01    -9.965714e-04
1.075965e+01    -9.999652e-04
1.077186e+01    -1.003376e-03
1.078407e+01    -1.006805e-03
1.079629e+01    -1.010237e-03
1.080850e+01    -1.013696e-03
1.082071e+01    -1.017148e-03
1.083293e+01    -1.020607e-03
1.084514e+01    -1.024061e-03
1.085735e+01    -1.027501e-03
1.086957e+01    -1.030931e-03
1.088178e+01    -1.034338e-03
1.089399e+01    -1.037722e-03
1.090620e+01    -1.041077e-03
1.091842e+01    -1.044392e-03
1.093063e+01    -1.047666e-03
1.094284e+01    -1.050893e-03
1.095506e+01    -1.054062e-03
1.096727e+01    -1.057173e-03
1.097948e+01    -1.060207e-03
1.099170e+01    -1.063166e-03
1.100391e+01    -1.066053e-03
1.101612e+01    -1.068838e-03
1.102833e+01    -1.071532e-03
1.104055e+01    -1.074125e-03
1.105276e+01    -1.076598e-03
1.106497e+01    -1.078958e-03
1.107719e+01    -1.081190e-03
1.108940e+01    -1.083287e-03
1.110161e+01    -1.085244e-03
1.111382e+01    -1.087047e-03
1.112604e+01    -1.088698e-03
1.113825e+01    -1.090182e-03
1.115046e+01    -1.091498e-03
1.116268e+01    -1.092633e-03
1.117489e+01    -1.093578e-03
1.118710e+01    -1.094333e-03
1.119932e+01    -1.094887e-03
1.121153e+01    -1.095240e-03
1.122374e+01    -1.095367e-03
1.123596e+01    -1.095275e-03
1.124817e+01    -1.094958e-03
1.126038e+01    -1.094408e-03
1.127259e+01    -1.093610e-03
1.128481e+01    -1.092569e-03
1.129702e+01    -1.091276e-03
1.130923e+01    -1.089722e-03
1.132145e+01    -1.087910e-03
1.133366e+01    -1.085823e-03
1.134587e+01    -1.083460e-03
1.135808e+01    -1.080822e-03
1.137030e+01    -1.077903e-03
1.138251e+01    -1.074691e-03
1.139472e+01    -1.071189e-03
1.140694e+01    -1.067392e-03
1.141915e+01    -1.063298e-03
1.143136e+01    -1.058903e-03
1.144358e+01    -1.054203e-03
1.145579e+01    -1.049196e-03
1.146800e+01    -1.043878e-03
1.148022e+01    -1.038252e-03
1.149243e+01    -1.032310e-03
1.150464e+01    -1.026061e-03
1.151685e+01    -1.019492e-03
1.152907e+01    -1.012615e-03
1.154128e+01    -1.005421e-03
1.155349e+01    -9.979110e-04
1.156571e+01    -9.900903e-04
1.157792e+01    -9.819529e-04
1.159013e+01    -9.735054e-04
1.160234e+01    -9.647476e-04
1.161456e+01    -9.556861e-04
1.162677e+01    -9.463148e-04
1.163898e+01    -9.366451e-04
1.165120e+01    -9.266699e-04
1.166341e+01    -9.164068e-04
1.167562e+01    -9.058506e-04
1.168784e+01    -8.950098e-04
1.170005e+01    -8.838768e-04
1.171226e+01    -8.724745e-04
1.172447e+01    -8.607990e-04
1.173669e+01    -8.488612e-04
1.174890e+01    -8.366614e-04
1.176111e+01    -8.242020e-04
1.177333e+01    -8.115037e-04
1.178554e+01    -7.985610e-04
1.179775e+01    -7.853814e-04
1.180997e+01    -7.719899e-04
1.182218e+01    -7.583699e-04
1.183439e+01    -7.445481e-04
1.184660e+01    -7.305232e-04
1.185882e+01    -7.163084e-04
1.187103e+01    -7.019067e-04
1.188324e+01    -6.873389e-04
1.189546e+01    -6.726059e-04
1.190767e+01    -6.577180e-04
1.191988e+01    -6.426854e-04
1.193210e+01    -6.275231e-04
1.194431e+01    -6.122352e-04
1.195652e+01    -5.968329e-04
1.196873e+01    -5.813306e-04
1.198095e+01    -5.657421e-04
1.199316e+01    -5.500662e-04
1.200537e+01    -5.343326e-04
1.201759e+01    -5.185333e-04
1.202980e+01    -5.026939e-04
1.204201e+01    -4.868239e-04
1.205423e+01    -4.709269e-04
1.206644e+01    -4.550249e-04
1.207865e+01    -4.391163e-04
1.209086e+01    -4.232271e-04
1.210308e+01    -4.073494e-04
1.211529e+01    -3.915345e-04
1.212750e+01    -3.757601e-04
1.213972e+01    -3.600452e-04
1.215193e+01    -3.443999e-04
1.216414e+01    -3.288463e-04
1.217636e+01    -3.133867e-04
1.218857e+01    -2.980413e-04
1.220078e+01    -2.828094e-04
1.221299e+01    -2.677128e-04
1.222521e+01    -2.527591e-04
1.223742e+01    -2.379624e-04
1.224963e+01    -2.233321e-04
1.226185e+01    -2.088772e-04
1.227406e+01    -1.946111e-04
1.228627e+01    -1.805465e-04
1.229849e+01    -1.666916e-04
1.231070e+01    -1.530533e-04
1.232291e+01    -1.396509e-04
1.233512e+01    -1.264848e-04
1.234734e+01    -1.135641e-04
1.235955e+01    -1.009134e-04
1.237176e+01    -8.852674e-05
1.238398e+01    -7.641814e-05
1.239619e+01    -6.459517e-05
1.240840e+01    -5.306637e-05
1.242062e+01    -4.184401e-05
1.243283e+01    -3.092637e-05
1.244504e+01    -2.033668e-05
1.245725e+01    -1.006811e-05
1.246947e+01    -1.330336e-07
1.248168e+01    9.461175e-06
1.249389e+01    1.871606e-05
1.250611e+01    2.760813e-05
1.251832e+01    3.615067e-05
1.253053e+01    4.432896e-05
1.254275e+01    5.213628e-05
1.255496e+01    5.957588e-05
1.256717e+01    6.663796e-05
1.257938e+01    7.332242e-05
1.259160e+01    7.961920e-05
1.260381e+01    8.552613e-05
1.261602e+01    9.105780e-05
1.262824e+01    9.619272e-05
1.264045e+01    1.009334e-04
1.265266e+01    1.052807e-04
1.266488e+01    1.092328e-04
1.267709e+01    1.127893e-04
1.268930e+01    1.159431e-04
1.270151e+01    1.187040e-04
1.271373e+01    1.210783e-04
1.272594e+01    1.230490e-04
1.273815e+01    1.246277e-04
1.275037e+01    1.258210e-04
1.276258e+01    1.266131e-04
1.277479e+01    1.270204e-04
1.278701e+01    1.270449e-04
1.279922e+01    1.266916e-04
1.281143e+01    1.259514e-04
1.282364e+01    1.248406e-04
1.283586e+01    1.233562e-04
1.284807e+01    1.215095e-04
1.286028e+01    1.192976e-04
1.287250e+01    1.167324e-04
1.288471e+01    1.138152e-04
1.289692e+01    1.105492e-04
1.290914e+01    1.069518e-04
1.292135e+01    1.030049e-04
1.293356e+01    9.874535e-05
1.294577e+01    9.415871e-05
1.295799e+01    8.926674e-05
1.297020e+01    8.406747e-05
1.298241e+01    7.856663e-05
1.299463e+01    7.277852e-05
1.300684e+01    6.670755e-05
1.301905e+01    6.036442e-05
1.303127e+01    5.375288e-05
1.304348e+01    4.689080e-05
1.305569e+01    3.977263e-05
1.306790e+01    3.242322e-05
1.308012e+01    2.484127e-05
1.309233e+01    1.704312e-05
1.310454e+01    9.031100e-06
1.311676e+01    8.203206e-07
1.312897e+01    -7.578652e-06
1.314118e+01    -1.616571e-05
1.315340e+01    -2.491883e-05
1.316561e+01    -3.383213e-05
1.317782e+01    -4.290229e-05
1.319003e+01    -5.210991e-05
1.320225e+01    -6.145791e-05
1.321446e+01    -7.090588e-05
1.322667e+01    -8.047589e-05
1.323889e+01    -9.014610e-05
1.325110e+01    -9.991020e-05
1.326331e+01    -1.097444e-04
1.327553e+01    -1.196521e-04
1.328774e+01    -1.296200e-04
1.329995e+01    -1.396430e-04
1.331216e+01    -1.496926e-04
1.332438e+01    -1.597747e-04
1.333659e+01    -1.698804e-04
1.334880e+01    -1.799930e-04
1.336102e+01    -1.901051e-04
1.337323e+01    -2.002070e-04
1.338544e+01    -2.102897e-04
1.339766e+01    -2.203397e-04
1.340987e+01    -2.303397e-04
1.342208e+01    -2.403161e-04
1.343429e+01    -2.502238e-04
1.344651e+01    -2.600696e-04
1.345872e+01    -2.698360e-04
1.347093e+01    -2.795190e-04
1.348315e+01    -2.891152e-04
1.349536e+01    -2.986123e-04
1.350757e+01    -3.079934e-04
1.351978e+01    -3.172592e-04
1.353200e+01    -3.264121e-04
1.354421e+01    -3.354210e-04
1.355642e+01    -3.443052e-04
1.356864e+01    -3.530344e-04
1.358085e+01    -3.616241e-04
1.359306e+01    -3.700497e-04
1.360528e+01    -3.783151e-04
1.361749e+01    -3.863981e-04
1.362970e+01    -3.943160e-04
1.364192e+01    -4.020473e-04
1.365413e+01    -4.095897e-04
1.366634e+01    -4.169428e-04
1.367855e+01    -4.241015e-04
1.369077e+01    -4.310504e-04
1.370298e+01    -4.377985e-04
1.371519e+01    -4.443409e-04
1.372741e+01    -4.506656e-04
1.373962e+01    -4.567676e-04
1.375183e+01    -4.626538e-04
1.376404e+01    -4.683070e-04
1.377626e+01    -4.737407e-04
1.378847e+01    -4.789438e-04
1.380068e+01    -4.839106e-04
1.381290e+01    -4.886446e-04
1.382511e+01    -4.931403e-04
1.383732e+01    -4.973956e-04
1.384954e+01    -5.014136e-04
1.386175e+01    -5.051825e-04
1.387396e+01    -5.087150e-04
1.388618e+01    -5.120035e-04
1.389839e+01    -5.150462e-04
1.391060e+01    -5.178412e-04
1.392281e+01    -5.203904e-04
1.393503e+01    -5.226960e-04
1.394724e+01    -5.247582e-04
1.395945e+01    -5.265697e-04
1.397167e+01    -5.281394e-04
1.398388e+01    -5.294661e-04
1.399609e+01    -5.305536e-04
1.400830e+01    -5.313871e-04
1.402052e+01    -5.319830e-04
1.403273e+01    -5.323422e-04
1.404494e+01    -5.324605e-04
1.405716e+01    -5.323447e-04
1.406937e+01    -5.319886e-04
1.408158e+01    -5.313979e-04
1.409380e+01    -5.305824e-04
1.410601e+01    -5.295195e-04
1.411822e+01    -5.282520e-04
1.413043e+01    -5.267474e-04
1.414265e+01    -5.250210e-04
1.415486e+01    -5.230726e-04
1.416707e+01    -5.209041e-04
1.417929e+01    -5.185209e-04
1.419150e+01    -5.159109e-04
1.420371e+01    -5.131225e-04
1.421593e+01    -5.101082e-04
1.422814e+01    -5.068865e-04
1.424035e+01    -5.034697e-04
1.425256e+01    -4.998473e-04
1.426478e+01    -4.960325e-04
1.427699e+01    -4.920216e-04
1.428920e+01    -4.878186e-04
1.430142e+01    -4.834365e-04
1.431363e+01    -4.788581e-04
1.432584e+01    -4.740973e-04
1.433806e+01    -4.691663e-04
1.435027e+01    -4.640596e-04
1.436248e+01    -4.587772e-04
1.437469e+01    -4.533202e-04
1.438691e+01    -4.476999e-04
1.439912e+01    -4.419140e-04
1.441133e+01    -4.359701e-04
1.442355e+01    -4.298649e-04
1.443576e+01    -4.236058e-04
1.444797e+01    -4.171899e-04
1.446019e+01    -4.106264e-04
1.447240e+01    -4.039137e-04
1.448461e+01    -3.970539e-04
1.449682e+01    -3.900505e-04
1.450904e+01    -3.829086e-04
1.452125e+01    -3.756320e-04
1.453346e+01    -3.682187e-04
1.454568e+01    -3.606651e-04
1.455789e+01    -3.529852e-04
1.457010e+01    -3.451851e-04
1.458232e+01    -3.372415e-04
1.459453e+01    -3.291854e-04
1.460674e+01    -3.210038e-04
1.461895e+01    -3.126977e-04
1.463117e+01    -3.042785e-04
1.464338e+01    -2.957378e-04
1.465559e+01    -2.870865e-04
1.466781e+01    -2.783141e-04
1.468002e+01    -2.694399e-04
1.469223e+01    -2.604437e-04
1.470445e+01    -2.513488e-04
1.471666e+01    -2.421476e-04
1.472887e+01    -2.328348e-04
1.474109e+01    -2.234181e-04
1.475330e+01    -2.138994e-04
1.476551e+01    -2.042752e-04
1.477772e+01    -1.945553e-04
1.478994e+01    -1.847356e-04
1.480215e+01    -1.748141e-04
1.481436e+01    -1.647973e-04
1.482658e+01    -1.546832e-04
1.483879e+01    -1.444755e-04
1.485100e+01    -1.341718e-04
1.486321e+01    -1.237802e-04
1.487543e+01    -1.132916e-04
1.488764e+01    -1.027179e-04
1.489985e+01    -9.204787e-05
1.491207e+01    -8.128946e-05
1.492428e+01    -7.044943e-05
1.493649e+01    -5.952581e-05
1.494871e+01    -4.850584e-05
1.496092e+01    -3.740995e-05
1.497313e+01    -2.622915e-05
1.498534e+01    -1.496651e-05
1.499756e+01    -3.624202e-06
1.500977e+01    7.798459e-06
1.502198e+01    1.930185e-05
1.503420e+01    3.087990e-05
1.504641e+01    4.253006e-05
1.505862e+01    5.425658e-05
1.507084e+01    6.605667e-05
1.508305e+01    7.792761e-05
1.509526e+01    8.986871e-05
1.510747e+01    1.018781e-04
1.511969e+01    1.139480e-04
1.513190e+01    1.260819e-04
1.514411e+01    1.382816e-04
1.515633e+01    1.505395e-04
1.516854e+01    1.628626e-04
1.518075e+01    1.752355e-04
1.519297e+01    1.876619e-04
1.520518e+01    2.001369e-04
1.521739e+01    2.126636e-04
1.522960e+01    2.252388e-04
1.524182e+01    2.378536e-04
1.525403e+01    2.505080e-04
1.526624e+01    2.632015e-04
1.527846e+01    2.759323e-04
1.529067e+01    2.886910e-04
1.530288e+01    3.014781e-04
1.531509e+01    3.142848e-04
1.532731e+01    3.271223e-04
1.533952e+01    3.399703e-04
1.535173e+01    3.528346e-04
1.536395e+01    3.657014e-04
1.537616e+01    3.785794e-04
1.538837e+01    3.914585e-04
1.540059e+01    4.043322e-04
1.541280e+01    4.172060e-04
1.542501e+01    4.300544e-04
1.543723e+01    4.428902e-04
1.544944e+01    4.557089e-04
1.546165e+01    4.684942e-04
1.547386e+01    4.812497e-04
1.548608e+01    4.939742e-04
1.549829e+01    5.066640e-04
1.551050e+01    5.192791e-04
1.552272e+01    5.318606e-04
1.553493e+01    5.443785e-04
1.554714e+01    5.568353e-04
1.555935e+01    5.692190e-04
1.557157e+01    5.815287e-04
1.558378e+01    5.937560e-04
1.559599e+01    6.058992e-04
1.560821e+01    6.179421e-04
1.562042e+01    6.298847e-04
1.563263e+01    6.417291e-04
1.564485e+01    6.534521e-04
1.565706e+01    6.650600e-04
1.566927e+01    6.765390e-04
1.568149e+01    6.878858e-04
1.569370e+01    6.990880e-04
1.570591e+01    7.101577e-04
1.571812e+01    7.210599e-04
1.573034e+01    7.318166e-04
1.574255e+01    7.423997e-04
1.575476e+01    7.528133e-04
1.576698e+01    7.630472e-04
1.577919e+01    7.730909e-04
1.579140e+01    7.829439e-04
1.580362e+01    7.925938e-04
1.581583e+01    8.020437e-04
1.582804e+01    8.112776e-04
1.584025e+01    8.202939e-04
1.585247e+01    8.290787e-04
1.586468e+01    8.376350e-04
1.587689e+01    8.459484e-04
1.588911e+01    8.540163e-04
1.590132e+01    8.618353e-04
1.591353e+01    8.693966e-04
1.592575e+01    8.766906e-04
1.593796e+01    8.837167e-04
1.595017e+01    8.904621e-04
1.596238e+01    8.969305e-04
1.597460e+01    9.031085e-04
1.598681e+01    9.089903e-04
1.599902e+01    9.145772e-04
1.601124e+01    9.198544e-04
1.602345e+01    9.248232e-04
1.603566e+01    9.294742e-04
1.604787e+01    9.338111e-04
1.606009e+01    9.378212e-04
1.607230e+01    9.415001e-04
1.608451e+01    9.448424e-04
1.609673e+01    9.478486e-04
1.610894e+01    9.505071e-04
1.612115e+01    9.528322e-04
1.613337e+01    9.548004e-04
1.614558e+01    9.564170e-04
1.615779e+01    9.576729e-04
1.617001e+01    9.585742e-04
1.618222e+01    9.591083e-04
1.619443e+01    9.592801e-04
1.620664e+01    9.590860e-04
1.621886e+01    9.585203e-04
1.623107e+01    9.575840e-04
1.624328e+01    9.562726e-04
1.625550e+01    9.545910e-04
1.626771e+01    9.525310e-04
1.627992e+01    9.501009e-04
1.629214e+01    9.472886e-04
1.630435e+01    9.440955e-04
1.631656e+01    9.405360e-04
1.632877e+01    9.365936e-04
1.634099e+01    9.322769e-04
1.635320e+01    9.275802e-04
1.636541e+01    9.225168e-04
1.637763e+01    9.170717e-04
1.638984e+01    9.112644e-04
1.640205e+01    9.050730e-04
1.641426e+01    8.985243e-04
1.642648e+01    8.916049e-04
1.643869e+01    8.843227e-04
1.645090e+01    8.766809e-04
1.646312e+01    8.686789e-04
1.647533e+01    8.603226e-04
1.648754e+01    8.516168e-04
1.649976e+01    8.425656e-04
1.651197e+01    8.331669e-04
1.652418e+01    8.234312e-04
1.653639e+01    8.133596e-04
1.654861e+01    8.029644e-04
1.656082e+01    7.922383e-04
1.657303e+01    7.811973e-04
1.658525e+01    7.698425e-04
1.659746e+01    7.581846e-04
1.660967e+01    7.462125e-04
1.662189e+01    7.339593e-04
1.663410e+01    7.214063e-04
1.664631e+01    7.085791e-04
1.665853e+01    6.954726e-04
1.667074e+01    6.820959e-04
1.668295e+01    6.684593e-04
1.669516e+01    6.545699e-04
1.670738e+01    6.404305e-04
1.671959e+01    6.260569e-04
1.673180e+01    6.114529e-04
1.674402e+01    5.966205e-04
1.675623e+01    5.815789e-04
1.676844e+01    5.663277e-04
1.678065e+01    5.508776e-04
1.679287e+01    5.352410e-04
1.680508e+01    5.194161e-04
1.681729e+01    5.034348e-04
1.682951e+01    4.872798e-04
1.684172e+01    4.709702e-04
1.685393e+01    4.545158e-04
1.686615e+01    4.379272e-04
1.687836e+01    4.212101e-04
1.689057e+01    4.043751e-04
1.690278e+01    3.874341e-04
1.691500e+01    3.703909e-04
1.692721e+01    3.532591e-04
1.693942e+01    3.360388e-04
1.695164e+01    3.187588e-04
1.696385e+01    3.014169e-04
1.697606e+01    2.840225e-04
1.698828e+01    2.665762e-04
1.700049e+01    2.491065e-04
1.701270e+01    2.316050e-04
1.702491e+01    2.140943e-04
1.703713e+01    1.965760e-04
1.704934e+01    1.790658e-04
1.706155e+01    1.615658e-04
1.707377e+01    1.440920e-04
1.708598e+01    1.266430e-04
1.709819e+01    1.092340e-04
1.711040e+01    9.189345e-05
1.712262e+01    7.459144e-05
1.713483e+01    5.735809e-05
1.714705e+01    4.020054e-05
1.715926e+01    2.313603e-05
1.717147e+01    6.159782e-06
1.718368e+01    -1.071919e-05
1.719590e+01    -2.749595e-05
1.720811e+01    -4.414159e-05
1.722032e+01    -6.066696e-05
1.723254e+01    -7.706754e-05
1.724475e+01    -9.332116e-05
1.725696e+01    -1.094277e-04
1.726917e+01    -1.253823e-04
1.728139e+01    -1.411754e-04
1.729360e+01    -1.568025e-04
1.730581e+01    -1.722419e-04
1.731803e+01    -1.875233e-04
1.733024e+01    -2.026040e-04
1.734245e+01    -2.174907e-04
1.735467e+01    -2.321797e-04
1.736688e+01    -2.466630e-04
1.737909e+01    -2.609339e-04
1.739130e+01    -2.749866e-04
1.740352e+01    -2.888146e-04
1.741573e+01    -3.024265e-04
1.742794e+01    -3.158030e-04
1.744016e+01    -3.289396e-04
1.745237e+01    -3.418375e-04
1.746458e+01    -3.544911e-04
1.747680e+01    -3.668973e-04
1.748901e+01    -3.790495e-04
1.750122e+01    -3.909493e-04
1.751343e+01    -4.025843e-04
1.752565e+01    -4.139569e-04
1.753786e+01    -4.250715e-04
1.755007e+01    -4.359154e-04
1.756229e+01    -4.464837e-04
1.757450e+01    -4.567826e-04
1.758671e+01    -4.668114e-04
1.759892e+01    -4.765661e-04
1.761114e+01    -4.860320e-04
1.762335e+01    -4.952246e-04
1.763556e+01    -5.041412e-04
1.764778e+01    -5.127662e-04
1.765999e+01    -5.211131e-04
1.767220e+01    -5.291813e-04
1.768442e+01    -5.369547e-04
1.769663e+01    -5.444454e-04
1.770884e+01    -5.516629e-04
1.772106e+01    -5.585984e-04
1.773327e+01    -5.652289e-04
1.774548e+01    -5.715879e-04
1.775769e+01    -5.776574e-04
1.776991e+01    -5.834525e-04
1.778212e+01    -5.889615e-04
1.779433e+01    -5.941833e-04
1.780655e+01    -5.991383e-04
1.781876e+01    -6.037999e-04
1.783097e+01    -6.081886e-04
1.784319e+01    -6.123023e-04
1.785540e+01    -6.161357e-04
1.786761e+01    -6.197069e-04
1.787982e+01    -6.229952e-04
1.789204e+01    -6.260166e-04
1.790425e+01    -6.287805e-04
1.791646e+01    -6.312735e-04
1.792868e+01    -6.335046e-04
1.794089e+01    -6.354751e-04
1.795310e+01    -6.371837e-04
1.796531e+01    -6.386427e-04
1.797753e+01    -6.398436e-04
1.798974e+01    -6.408038e-04
1.800196e+01    -6.415106e-04
1.801417e+01    -6.419771e-04
1.802638e+01    -6.421974e-04
1.803859e+01    -6.421845e-04
1.805081e+01    -6.419321e-04
1.806302e+01    -6.414552e-04
1.807523e+01    -6.407415e-04
1.808744e+01    -6.398026e-04
1.809966e+01    -6.386370e-04
1.811187e+01    -6.372646e-04
1.812408e+01    -6.356594e-04
1.813630e+01    -6.338481e-04
1.814851e+01    -6.318289e-04
1.816072e+01    -6.296016e-04
1.817294e+01    -6.271693e-04
1.818515e+01    -6.245339e-04
1.819736e+01    -6.217043e-04
1.820958e+01    -6.186843e-04
1.822179e+01    -6.154678e-04
1.823400e+01    -6.120595e-04
1.824621e+01    -6.084789e-04
1.825843e+01    -6.047107e-04
1.827064e+01    -6.007623e-04
1.828285e+01    -5.966430e-04
1.829507e+01    -5.923606e-04
1.830728e+01    -5.878988e-04
1.831949e+01    -5.832699e-04
1.833171e+01    -5.784820e-04
1.834392e+01    -5.735409e-04
1.835613e+01    -5.684406e-04
1.836834e+01    -5.631921e-04
1.838056e+01    -5.577817e-04
1.839277e+01    -5.522352e-04
1.840498e+01    -5.465450e-04
1.841720e+01    -5.407152e-04
1.842941e+01    -5.347441e-04
1.844162e+01    -5.286381e-04
1.845383e+01    -5.224032e-04
1.846605e+01    -5.160390e-04
1.847826e+01    -5.095450e-04
1.849047e+01    -5.029287e-04
1.850269e+01    -4.962062e-04
1.851490e+01    -4.893381e-04
1.852711e+01    -4.823664e-04
1.853933e+01    -4.752815e-04
1.855154e+01    -4.680806e-04
1.856375e+01    -4.607792e-04
1.857596e+01    -4.533710e-04
1.858818e+01    -4.458524e-04
1.860039e+01    -4.382411e-04
1.861260e+01    -4.305303e-04
1.862482e+01    -4.227229e-04
1.863703e+01    -4.148099e-04
1.864924e+01    -4.068200e-04
1.866146e+01    -3.987364e-04
1.867367e+01    -3.905713e-04
1.868588e+01    -3.823150e-04
1.869810e+01    -3.739756e-04
1.871031e+01    -3.655576e-04
1.872252e+01    -3.570683e-04
1.873473e+01    -3.484944e-04
1.874695e+01    -3.398531e-04
1.875916e+01    -3.311414e-04
1.877137e+01    -3.223554e-04
1.878359e+01    -3.135094e-04
1.879580e+01    -3.045995e-04
1.880801e+01    -2.956279e-04
1.882022e+01    -2.865947e-04
1.883244e+01    -2.775039e-04
1.884465e+01    -2.683629e-04
1.885686e+01    -2.591657e-04
1.886908e+01    -2.499167e-04
1.888129e+01    -2.406200e-04
1.889350e+01    -2.312772e-04
1.890572e+01    -2.218944e-04
1.891793e+01    -2.124715e-04
1.893014e+01    -2.030064e-04
1.894235e+01    -1.935037e-04
1.895457e+01    -1.839700e-04
1.896678e+01    -1.744002e-04
1.897899e+01    -1.648061e-04
1.899121e+01    -1.551914e-04
1.900342e+01    -1.455422e-04
1.901563e+01    -1.358823e-04
1.902785e+01    -1.262005e-04
1.904006e+01    -1.164996e-04
1.905227e+01    -1.067922e-04
1.906449e+01    -9.706500e-05
1.907670e+01    -8.734176e-05
1.908891e+01    -7.760758e-05
1.910112e+01    -6.787246e-05
1.911334e+01    -5.813269e-05
1.912555e+01    -4.840898e-05
1.913776e+01    -3.868761e-05
1.914997e+01    -2.897927e-05
1.916219e+01    -1.928164e-05
1.917440e+01    -9.599258e-06
1.918661e+01    6.204937e-08
1.919883e+01    9.694835e-06
1.921104e+01    1.930259e-05
1.922325e+01    2.888602e-05
1.923547e+01    3.843370e-05
1.924768e+01    4.794402e-05
1.925989e+01    5.741382e-05
1.927211e+01    6.683986e-05
1.928432e+01    7.622200e-05
1.929653e+01    8.555432e-05
1.930874e+01    9.483041e-05
1.932096e+01    1.040448e-04
1.933317e+01    1.132055e-04
1.934538e+01    1.222935e-04
1.935760e+01    1.313242e-04
1.936981e+01    1.402722e-04
1.938202e+01    1.491453e-04
1.939424e+01    1.579435e-04
1.940645e+01    1.666597e-04
1.941866e+01    1.752885e-04
1.943087e+01    1.838231e-04
1.944309e+01    1.922639e-04
1.945530e+01    2.006027e-04
1.946751e+01    2.088415e-04
1.947973e+01    2.169776e-04
1.949194e+01    2.249985e-04
1.950415e+01    2.329130e-04
1.951637e+01    2.407035e-04
1.952858e+01    2.483724e-04
1.954079e+01    2.559241e-04
1.955301e+01    2.633380e-04
1.956522e+01    2.706287e-04
1.957743e+01    2.777733e-04
1.958964e+01    2.847840e-04
1.960186e+01    2.916495e-04
1.961407e+01    2.983680e-04
1.962628e+01    3.049409e-04
1.963849e+01    3.113563e-04
1.965071e+01    3.176220e-04
1.966292e+01    3.237217e-04
1.967513e+01    3.296567e-04
1.968735e+01    3.354252e-04
1.969956e+01    3.410193e-04
1.971177e+01    3.464488e-04
1.972399e+01    3.517046e-04
1.973620e+01    3.567661e-04
1.974841e+01    3.616600e-04
1.976063e+01    3.663646e-04
1.977284e+01    3.708796e-04
1.978505e+01    3.752018e-04
1.979726e+01    3.793433e-04
1.980948e+01    3.832797e-04
1.982169e+01    3.870191e-04
1.983390e+01    3.905624e-04
1.984612e+01    3.938998e-04
1.985833e+01    3.970358e-04
1.987054e+01    3.999685e-04
1.988276e+01    4.026918e-04
1.989497e+01    4.052142e-04
1.990718e+01    4.075048e-04
1.991939e+01    4.095935e-04
1.993161e+01    4.114719e-04
1.994382e+01    4.131343e-04
1.995603e+01    4.145773e-04
1.996825e+01    4.158022e-04
1.998046e+01    4.168193e-04
1.999267e+01    4.176097e-04
2.000488e+01    4.181781e-04
2.001710e+01    4.185353e-04
2.002931e+01    4.186771e-04
2.004152e+01    4.185827e-04
2.005374e+01    4.182780e-04
2.006595e+01    4.177607e-04
2.007816e+01    4.170099e-04
2.009038e+01    4.160440e-04
2.010259e+01    4.148594e-04
2.011480e+01    4.134714e-04
2.012702e+01    4.118503e-04
2.013923e+01    4.100151e-04
2.015144e+01    4.079677e-04
2.016365e+01    4.057069e-04
2.017587e+01    4.032332e-04
2.018808e+01    4.005543e-04
2.020029e+01    3.976620e-04
2.021251e+01    3.945614e-04
2.022472e+01    3.912570e-04
2.023693e+01    3.877500e-04
2.024915e+01    3.840381e-04
2.026136e+01    3.801327e-04
2.027357e+01    3.760293e-04
2.028578e+01    3.717407e-04
2.029800e+01    3.672437e-04
2.031021e+01    3.625702e-04
2.032242e+01    3.577122e-04
2.033464e+01    3.526657e-04
2.034685e+01    3.474501e-04
2.035906e+01    3.420553e-04
2.037127e+01    3.364898e-04
2.038349e+01    3.307522e-04
2.039570e+01    3.248475e-04
2.040791e+01    3.187936e-04
2.042013e+01    3.125707e-04
2.043234e+01    3.062002e-04
2.044455e+01    2.996862e-04
2.045677e+01    2.930197e-04
2.046898e+01    2.862110e-04
2.048119e+01    2.792705e-04
2.049340e+01    2.722007e-04
2.050562e+01    2.649858e-04
2.051783e+01    2.576782e-04
2.053004e+01    2.502342e-04
2.054226e+01    2.426850e-04
2.055447e+01    2.350170e-04
2.056668e+01    2.272534e-04
2.057890e+01    2.193876e-04
2.059111e+01    2.114302e-04
2.060332e+01    2.033827e-04
2.061554e+01    1.952399e-04
2.062775e+01    1.870272e-04
2.063996e+01    1.787368e-04
2.065217e+01    1.703829e-04
2.066439e+01    1.619637e-04
2.067660e+01    1.534787e-04
2.068881e+01    1.449401e-04
2.070103e+01    1.363598e-04
2.071324e+01    1.277284e-04
2.072545e+01    1.190626e-04
2.073767e+01    1.103590e-04
2.074988e+01    1.016379e-04
2.076209e+01    9.288285e-05
2.077430e+01    8.411288e-05
2.078652e+01    7.532534e-05
2.079873e+01    6.652887e-05
2.081094e+01    5.772806e-05
2.082316e+01    4.893824e-05
2.083537e+01    4.015143e-05
2.084758e+01    3.137720e-05
2.085979e+01    2.261301e-05
2.087201e+01    1.387275e-05
2.088422e+01    5.158625e-06
2.089643e+01    -3.517518e-06
2.090865e+01    -1.217374e-05
2.092086e+01    -2.078799e-05
2.093307e+01    -2.935529e-05
2.094529e+01    -3.786625e-05
2.095750e+01    -4.633841e-05
2.096971e+01    -5.474069e-05
2.098192e+01    -6.307889e-05
2.099414e+01    -7.136742e-05
2.100635e+01    -7.957932e-05
2.101856e+01    -8.771641e-05
2.103078e+01    -9.577375e-05
2.104299e+01    -1.037570e-04
2.105520e+01    -1.116522e-04
2.106742e+01    -1.194579e-04
2.107963e+01    -1.271690e-04
2.109184e+01    -1.347790e-04
2.110406e+01    -1.423036e-04
2.111627e+01    -1.497273e-04
2.112848e+01    -1.570381e-04
2.114069e+01    -1.642387e-04
2.115291e+01    -1.713323e-04
2.116512e+01    -1.783076e-04
2.117733e+01    -1.851785e-04
2.118955e+01    -1.919219e-04
2.120176e+01    -1.985427e-04
2.121397e+01    -2.050392e-04
2.122618e+01    -2.114121e-04
2.123840e+01    -2.176529e-04
2.125061e+01    -2.237655e-04
2.126282e+01    -2.297407e-04
2.127504e+01    -2.355866e-04
2.128725e+01    -2.412963e-04
2.129946e+01    -2.468622e-04
2.131168e+01    -2.522889e-04
2.132389e+01    -2.575804e-04
2.133610e+01    -2.627245e-04
2.134831e+01    -2.677212e-04
2.136053e+01    -2.725795e-04
2.137274e+01    -2.772893e-04
2.138495e+01    -2.818476e-04
2.139717e+01    -2.862654e-04
2.140938e+01    -2.905290e-04
2.142159e+01    -2.946394e-04
2.143381e+01    -2.986100e-04
2.144602e+01    -3.024238e-04
2.145823e+01    -3.060849e-04
2.147044e+01    -3.095933e-04
2.148266e+01    -3.129563e-04
2.149487e+01    -3.161599e-04
2.150708e+01    -3.192130e-04
2.151930e+01    -3.221204e-04
2.153151e+01    -3.248729e-04
2.154372e+01    -3.274694e-04
2.155593e+01    -3.299166e-04
2.156815e+01    -3.322132e-04
2.158036e+01    -3.343599e-04
2.159258e+01    -3.363568e-04
2.160479e+01    -3.381979e-04
2.161700e+01    -3.398892e-04
2.162921e+01    -3.414399e-04
2.164143e+01    -3.428354e-04
2.165364e+01    -3.440872e-04
2.166585e+01    -3.451949e-04
2.167807e+01    -3.461418e-04
2.169028e+01    -3.469611e-04
2.170249e+01    -3.476334e-04
2.171470e+01    -3.481515e-04
2.172692e+01    -3.485345e-04
2.173913e+01    -3.487805e-04
2.175134e+01    -3.488833e-04
2.176356e+01    -3.488503e-04
2.177577e+01    -3.486736e-04
2.178798e+01    -3.483640e-04
2.180020e+01    -3.479181e-04
2.181241e+01    -3.473460e-04
2.182462e+01    -3.466294e-04
2.183683e+01    -3.457904e-04
2.184905e+01    -3.448184e-04
2.186126e+01    -3.437109e-04
2.187347e+01    -3.424948e-04
2.188569e+01    -3.411403e-04
2.189790e+01    -3.396620e-04
2.191011e+01    -3.380621e-04
2.192233e+01    -3.363460e-04
2.193454e+01    -3.345087e-04
2.194675e+01    -3.325504e-04
2.195897e+01    -3.304735e-04
2.197118e+01    -3.282841e-04
2.198339e+01    -3.259835e-04
2.199560e+01    -3.235747e-04
2.200782e+01    -3.210509e-04
2.202003e+01    -3.184116e-04
2.203224e+01    -3.156717e-04
2.204445e+01    -3.128253e-04
2.205667e+01    -3.098745e-04
2.206888e+01    -3.068249e-04
2.208109e+01    -3.036666e-04
2.209331e+01    -3.004198e-04
2.210552e+01    -2.970629e-04
2.211773e+01    -2.936127e-04
2.212995e+01    -2.900682e-04
2.214216e+01    -2.864341e-04
2.215437e+01    -2.826997e-04
2.216659e+01    -2.788832e-04
2.217880e+01    -2.749762e-04
2.219101e+01    -2.709774e-04
2.220322e+01    -2.668992e-04
2.221544e+01    -2.627325e-04
2.222765e+01    -2.584850e-04
2.223986e+01    -2.541556e-04
2.225208e+01    -2.497445e-04
2.226429e+01    -2.452585e-04
2.227650e+01    -2.406929e-04
2.228872e+01    -2.360600e-04
2.230093e+01    -2.313521e-04
2.231314e+01    -2.265604e-04
2.232535e+01    -2.217119e-04
2.233757e+01    -2.167884e-04
2.234978e+01    -2.117983e-04
2.236199e+01    -2.067427e-04
2.237421e+01    -2.016072e-04
2.238642e+01    -1.964434e-04
2.239863e+01    -1.911911e-04
2.241084e+01    -1.858941e-04
2.242306e+01    -1.805316e-04
2.243527e+01    -1.751164e-04
2.244748e+01    -1.696424e-04
2.245970e+01    -1.641175e-04
2.247191e+01    -1.585377e-04
2.248412e+01    -1.529091e-04
2.249634e+01    -1.472346e-04
2.250855e+01    -1.415045e-04
2.252076e+01    -1.357405e-04
2.253297e+01    -1.299278e-04
2.254519e+01    -1.240769e-04
2.255740e+01    -1.181756e-04
2.256961e+01    -1.122396e-04
2.258183e+01    -1.062696e-04
2.259404e+01    -1.002683e-04
2.260625e+01    -9.422033e-05
2.261847e+01    -8.814561e-05
2.263068e+01    -8.204574e-05
2.264289e+01    -7.591012e-05
2.265511e+01    -6.974884e-05
2.266732e+01    -6.356544e-05
2.267953e+01    -5.736336e-05
2.269174e+01    -5.113683e-05
2.270396e+01    -4.488329e-05
2.271617e+01    -3.862573e-05
2.272838e+01    -3.234681e-05
2.274060e+01    -2.605096e-05
2.275281e+01    -1.974782e-05
2.276502e+01    -1.343410e-05
2.277724e+01    -7.110008e-06
2.278945e+01    -7.820781e-07
2.280166e+01    5.548005e-06
2.281387e+01    1.188391e-05
2.282609e+01    1.820817e-05
2.283830e+01    2.453889e-05
2.285051e+01    3.086048e-05
2.286273e+01    3.717816e-05
2.287494e+01    4.348514e-05
2.288715e+01    4.978402e-05
2.289936e+01    5.606917e-05
2.291158e+01    6.233860e-05
2.292379e+01    6.858958e-05
2.293600e+01    7.482129e-05
2.294822e+01    8.102774e-05
2.296043e+01    8.721283e-05
2.297264e+01    9.336893e-05
2.298486e+01    9.949884e-05
2.299707e+01    1.055949e-04
2.300928e+01    1.116627e-04
2.302150e+01    1.176844e-04
2.303371e+01    1.236711e-04
2.304592e+01    1.296187e-04
2.305813e+01    1.355226e-04
2.307035e+01    1.413827e-04
2.308256e+01    1.471913e-04
2.309477e+01    1.529535e-04
2.310699e+01    1.586551e-04
2.311920e+01    1.643093e-04
2.313141e+01    1.699033e-04
2.314363e+01    1.754357e-04
2.315584e+01    1.809082e-04
2.316805e+01    1.863213e-04
2.318026e+01    1.916553e-04
2.319248e+01    1.969244e-04
2.320469e+01    2.021281e-04
2.321690e+01    2.072496e-04
2.322912e+01    2.122969e-04
2.324133e+01    2.172684e-04
2.325354e+01    2.221559e-04
2.326575e+01    2.269625e-04
2.327797e+01    2.316829e-04
2.329018e+01    2.363259e-04
2.330239e+01    2.408559e-04
2.331461e+01    2.453082e-04
2.332682e+01    2.496651e-04
2.333903e+01    2.539288e-04
2.335125e+01    2.580892e-04
2.336346e+01    2.621486e-04
2.337567e+01    2.661120e-04
2.338788e+01    2.699696e-04
2.340010e+01    2.737165e-04
2.341231e+01    2.773587e-04
2.342452e+01    2.808912e-04
2.343674e+01    2.843097e-04
2.344895e+01    2.876203e-04
2.346116e+01    2.908157e-04
2.347338e+01    2.938853e-04
2.348559e+01    2.968470e-04
2.349780e+01    2.996837e-04
2.351002e+01    3.023929e-04
2.352223e+01    3.049917e-04
2.353444e+01    3.074637e-04
2.354665e+01    3.098108e-04
2.355887e+01    3.120263e-04
2.357108e+01    3.141153e-04
2.358329e+01    3.160782e-04
2.359550e+01    3.179110e-04
2.360772e+01    3.196119e-04
2.361993e+01    3.211796e-04
2.363214e+01    3.226225e-04
2.364436e+01    3.239242e-04
2.365657e+01    3.250927e-04
2.366878e+01    3.261304e-04
2.368100e+01    3.270312e-04
2.369321e+01    3.277981e-04
2.370542e+01    3.284276e-04
2.371764e+01    3.289274e-04
2.372985e+01    3.292729e-04
2.374206e+01    3.295042e-04
2.375427e+01    3.295909e-04
2.376649e+01    3.295416e-04
2.377870e+01    3.293494e-04
2.379091e+01    3.290249e-04
2.380313e+01    3.285671e-04
2.381534e+01    3.279696e-04
2.382755e+01    3.272402e-04
2.383977e+01    3.263746e-04
2.385198e+01    3.253783e-04
2.386419e+01    3.242411e-04
2.387640e+01    3.229748e-04
2.388862e+01    3.215715e-04
2.390083e+01    3.200345e-04
2.391304e+01    3.183748e-04
2.392526e+01    3.165817e-04
2.393747e+01    3.146638e-04
2.394968e+01    3.126144e-04
2.396189e+01    3.104377e-04
2.397411e+01    3.081406e-04
2.398632e+01    3.057224e-04
2.399854e+01    3.031717e-04
2.401075e+01    3.004999e-04
2.402296e+01    2.977205e-04
2.403517e+01    2.948148e-04
2.404739e+01    2.918005e-04
2.405960e+01    2.886682e-04
2.407181e+01    2.854216e-04
2.408403e+01    2.820685e-04
2.409624e+01    2.786088e-04
2.410845e+01    2.750343e-04
2.412066e+01    2.713636e-04
2.413288e+01    2.675824e-04
2.414509e+01    2.637033e-04
2.415730e+01    2.597288e-04
2.416952e+01    2.556577e-04
2.418173e+01    2.514890e-04
2.419394e+01    2.472357e-04
2.420616e+01    2.428881e-04
2.421837e+01    2.384556e-04
2.423058e+01    2.339403e-04
2.424279e+01    2.293460e-04
2.425501e+01    2.246594e-04
2.426722e+01    2.199054e-04
2.427943e+01    2.150706e-04
2.429165e+01    2.101668e-04
2.430386e+01    2.052011e-04
2.431607e+01    2.001654e-04
2.432829e+01    1.950570e-04
2.434050e+01    1.898993e-04
2.435271e+01    1.846772e-04
2.436492e+01    1.794006e-04
2.437714e+01    1.740534e-04
2.438935e+01    1.686836e-04
2.440156e+01    1.632529e-04
2.441378e+01    1.577803e-04
2.442599e+01    1.522612e-04
2.443820e+01    1.467071e-04
2.445041e+01    1.411111e-04
2.446263e+01    1.354831e-04
2.447484e+01    1.298283e-04
2.448705e+01    1.241316e-04
2.449927e+01    1.184207e-04
2.451148e+01    1.126721e-04
2.452369e+01    1.069252e-04
2.453591e+01    1.011466e-04
2.454812e+01    9.535352e-05
2.456033e+01    8.954571e-05
2.457255e+01    8.372858e-05
2.458476e+01    7.790356e-05
2.459697e+01    7.207470e-05
2.460918e+01    6.624230e-05
2.462140e+01    6.040896e-05
2.463361e+01    5.457367e-05
2.464582e+01    4.874694e-05
2.465804e+01    4.292378e-05
2.467025e+01    3.711096e-05
2.468246e+01    3.130615e-05
2.469468e+01    2.552170e-05
2.470689e+01    1.975225e-05
2.471910e+01    1.399642e-05
2.473131e+01    8.260817e-06
2.474353e+01    2.547778e-06
2.475574e+01    -3.135778e-06
2.476795e+01    -8.798699e-06
2.478017e+01    -1.443019e-05
2.479238e+01    -2.003118e-05
2.480459e+01    -2.560214e-05
2.481680e+01    -3.114094e-05
2.482902e+01    -3.663402e-05
2.484123e+01    -4.209786e-05
2.485344e+01    -4.752212e-05
2.486566e+01    -5.290122e-05
2.487787e+01    -5.824305e-05
2.489008e+01    -6.353381e-05
2.490230e+01    -6.878428e-05
2.491451e+01    -7.398444e-05
2.492672e+01    -7.913829e-05
2.493893e+01    -8.423670e-05
2.495115e+01    -8.928990e-05
2.496336e+01    -9.428711e-05
2.497557e+01    -9.923408e-05
2.498779e+01    -1.041167e-04
2.500000e+01    -1.089529e-04
