1  177.17340087890625
2  30294.47265625
3  1243.23583984375
4  8192.1875
5  18400.4375
6  14212.8427734375
7  4724.7197265625
8  227.91957092285156
9  3669.716064453125
10  8724.6328125
11  8607.236328125
12  4302.0302734375
13  727.333251953125
14  737.1890258789062
15  3165.77099609375
16  4979.5556640625
17  4448.1767578125
18  2286.27099609375
19  488.10467529296875
20  452.21282958984375
21  1771.7301025390625
22  2777.12646484375
23  2394.21533203125
24  1125.708740234375
25  264.8912353515625
26  470.59283447265625
27  1259.009033203125
28  1677.6668701171875
29  1310.9385986328125
30  581.1424560546875
31  207.00405883789062
32  452.3793640136719
33  906.22900390625
34  999.9036865234375
35  647.6041259765625
36  264.0693359375
37  227.69601440429688
38  481.3197021484375
39  670.0982666015625
40  574.11865234375
41  320.6612548828125
42  191.7853240966797
43  289.5721435546875
44  443.40826416015625
45  444.8271484375
46  299.49713134765625
47  187.3939971923828
48  220.0736541748047
49  319.69671630859375
50  343.7535095214844
51  265.8428955078125
52  188.75448608398438
53  199.00930786132812
54  261.1101989746094
55  280.14312744140625
56  232.06088256835938
57  183.60153198242188
58  190.9799041748047
59  228.81832885742188
60  237.1586151123047
61  205.5167999267578
62  178.48333740234375
63  187.8146209716797
64  211.48251342773438
65  211.84910583496094
66  189.91368103027344
67  177.6222686767578
68  188.0794677734375
69  200.5713653564453
70  195.29087829589844
71  180.97447204589844
72  177.835693359375
73  186.86822509765625
74  191.49281311035156
75  184.50863647460938
76  177.16619873046875
77  179.38333129882812
78  185.3173065185547
79  184.7571258544922
80  178.98330688476562
81  176.89669799804688
82  180.36643981933594
83  182.50985717773438
84  179.70654296875
85  176.64393615722656
86  177.63369750976562
87  179.98147583007812
88  179.42507934570312
89  177.02297973632812
90  176.57879638671875
91  178.17637634277344
92  178.63385009765625
93  177.1680450439453
94  176.2587890625
95  177.05242919921875
96  177.74720764160156
97  177.0440673828125
98  176.17330932617188
99  176.44789123535156
100  177.06764221191406
101  176.80596923828125
102  176.13880920410156
103  176.1060333251953
104  176.47293090820312
105  176.5093994140625
106  176.133056640625
107  175.92324829101562
108  176.10394287109375
109  176.2437744140625
110  176.06307983398438
111  175.8439178466797
112  175.88609313964844
113  176.01712036132812
114  175.95469665527344
115  175.78021240234375
116  175.74685668945312
117  175.831298828125
118  175.82325744628906
119  175.70396423339844
120  175.6414337158203
121  175.68165588378906
122  175.69435119628906
123  175.618896484375
124  175.55355834960938
125  175.56329345703125
126  175.57530212402344
127  175.52685546875
128  175.46844482421875
129  175.45899963378906
130  175.46383666992188
131  175.42897033691406
132  175.3813934326172
133  175.36654663085938
134  175.36288452148438
135  175.33526611328125
136  175.2959442138672
137  175.27584838867188
138  175.26766967773438
139  175.24200439453125
140  175.207275390625
141  175.18617248535156
142  175.17271423339844
143  175.1491241455078
144  175.1191864013672
145  175.0974884033203
146  175.0819549560547
147  175.05825805664062
148  175.02993774414062
149  175.009765625
150  174.99156188964844
151  174.96734619140625
152  174.941650390625
153  174.92034912109375
154  174.90048217773438
155  174.8768310546875
156  174.85150146484375
157  174.83056640625
158  174.80978393554688
159  174.78533935546875
160  174.76193237304688
161  174.7400665283203
162  174.71778869628906
163  174.6945037841797
164  174.67138671875
165  174.64932250976562
166  174.62655639648438
167  174.6029815673828
168  174.580078125
169  174.55752563476562
170  174.5350341796875
171  174.51162719726562
172  174.4880828857422
173  174.46620178222656
174  174.4430389404297
175  174.4188232421875
176  174.39593505859375
177  174.37344360351562
178  174.34988403320312
179  174.3269805908203
180  174.30455017089844
181  174.28199768066406
182  174.25906372070312
183  174.236083984375
184  174.21310424804688
185  174.19046020507812
186  174.16726684570312
187  174.14405822753906
188  174.1211700439453
189  174.0980682373047
190  174.0746612548828
191  174.0523681640625
192  174.0294647216797
193  174.00579833984375
194  173.9825897216797
195  173.95993041992188
196  173.9364776611328
197  173.91319274902344
198  173.89028930664062
199  173.86676025390625
200  173.84341430664062
201  173.8201141357422
202  173.7970428466797
203  173.77642822265625
204  173.75531005859375
205  173.73431396484375
206  173.71331787109375
207  173.69256591796875
208  173.67152404785156
209  173.65069580078125
210  173.6296844482422
211  173.60919189453125
212  173.58828735351562
213  173.5677947998047
214  173.5469207763672
215  173.52597045898438
216  173.50511169433594
217  173.48435974121094
218  173.46322631835938
219  173.44192504882812
220  173.42112731933594
221  173.40049743652344
222  173.379150390625
223  173.35826110839844
224  173.3375244140625
225  173.31585693359375
226  173.2948760986328
227  173.27374267578125
228  173.25262451171875
229  173.23126220703125
230  173.21009826660156
231  173.18887329101562
232  173.16734313964844
233  173.14645385742188
234  173.1249542236328
235  173.10406494140625
236  173.08218383789062
237  173.06114196777344
238  173.04031372070312
239  173.01864624023438
240  172.99679565429688
241  172.9757537841797
242  172.9541473388672
243  172.93258666992188
244  172.91189575195312
245  172.89144897460938
246  172.8705596923828
247  172.8494873046875
248  172.82884216308594
249  172.80807495117188
250  172.78746032714844
251  172.7666778564453
252  172.74546813964844
253  172.7245330810547
254  172.70391845703125
255  172.68341064453125
256  172.66256713867188
257  172.64149475097656
258  172.6206512451172
259  172.59959411621094
260  172.57882690429688
261  172.5580291748047
262  172.53700256347656
263  172.51593017578125
264  172.49444580078125
265  172.4737091064453
266  172.45262145996094
267  172.4318084716797
268  172.4110565185547
269  172.38980102539062
270  172.36831665039062
271  172.34747314453125
272  172.3265838623047
273  172.3053741455078
274  172.28408813476562
275  172.2652130126953
276  172.24720764160156
277  172.23040771484375
278  172.21383666992188
279  172.19664001464844
280  172.17857360839844
281  172.1609649658203
282  172.1422576904297
283  172.12387084960938
284  172.10525512695312
285  172.08616638183594
286  172.06863403320312
287  172.05184936523438
288  172.0350799560547
289  172.01776123046875
290  172.00038146972656
291  171.98297119140625
292  171.96493530273438
293  171.94728088378906
294  171.9292449951172
295  171.91098022460938
296  171.89443969726562
297  171.87762451171875
298  171.86151123046875
299  171.84689331054688
300  171.83160400390625
301  171.815673828125
302  171.80056762695312
303  171.78721618652344
304  171.77325439453125
305  171.75904846191406
306  171.74441528320312
307  171.72967529296875
308  171.71493530273438
309  171.70062255859375
310  171.68841552734375
311  171.67562866210938
312  171.66221618652344
313  171.64849853515625
314  171.6356201171875
315  171.6223907470703
316  171.60842895507812
317  171.59426879882812
318  171.57974243164062
319  171.5672607421875
320  171.55447387695312
321  171.5421142578125
322  171.52920532226562
323  171.51515197753906
324  171.5023193359375
325  171.4887237548828
326  171.4746551513672
327  171.46128845214844
328  171.4485626220703
329  171.4359588623047
330  171.42250061035156
331  171.4091796875
332  171.3961181640625
333  171.38360595703125
334  171.3704833984375
335  171.35723876953125
336  171.3443603515625
337  171.33132934570312
338  171.31854248046875
339  171.30593872070312
340  171.29373168945312
341  171.28028869628906
342  171.26748657226562
343  171.25448608398438
344  171.2418670654297
345  171.2286834716797
346  171.2163848876953
347  171.20367431640625
348  171.1903076171875
349  171.17845153808594
350  171.16529846191406
351  171.15237426757812
352  171.14022827148438
353  171.12698364257812
354  171.11456298828125
355  171.10202026367188
356  171.089599609375
357  171.07760620117188
358  171.06459045410156
359  171.05084228515625
360  171.0389404296875
361  171.0258331298828
362  171.0130615234375
363  171.00015258789062
364  170.9881134033203
365  170.97500610351562
366  170.9626007080078
367  170.9496612548828
368  170.937744140625
369  170.92489624023438
370  170.9123077392578
371  170.8997344970703
372  170.88746643066406
373  170.87501525878906
374  170.86294555664062
375  170.84991455078125
376  170.8374786376953
377  170.82571411132812
378  170.8133544921875
379  170.8007354736328
380  170.78890991210938
381  170.77696228027344
382  170.76385498046875
383  170.75177001953125
384  170.73974609375
385  170.72793579101562
386  170.71559143066406
387  170.70291137695312
388  170.6908416748047
389  170.67843627929688
390  170.66598510742188
391  170.65328979492188
392  170.64126586914062
393  170.63006591796875
394  170.61712646484375
395  170.6050262451172
396  170.59278869628906
397  170.58059692382812
398  170.56951904296875
399  170.5574188232422
400  170.54562377929688
401  170.53555297851562
402  170.5234375
403  170.51287841796875
404  170.50445556640625
405  170.49288940429688
406  170.48158264160156
407  170.47239685058594
408  170.460693359375
409  170.45144653320312
410  170.44171142578125
411  170.43002319335938
412  170.42044067382812
413  170.4108123779297
414  170.3993377685547
415  170.38922119140625
416  170.3800048828125
417  170.36904907226562
418  170.3590545654297
419  170.34930419921875
420  170.33885192871094
421  170.32864379882812
422  170.31802368164062
423  170.30804443359375
424  170.2986297607422
425  170.28785705566406
426  170.2770233154297
427  170.26718139648438
428  170.2568359375
429  170.24827575683594
430  170.2379913330078
431  170.22659301757812
432  170.21734619140625
433  170.20791625976562
434  170.1972198486328
435  170.18714904785156
436  170.1773681640625
437  170.16781616210938
438  170.15643310546875
439  170.14805603027344
440  170.1382293701172
441  170.12655639648438
442  170.11753845214844
443  170.10702514648438
444  170.0964813232422
445  170.08770751953125
446  170.07623291015625
447  170.06687927246094
448  170.05589294433594
449  170.04684448242188
450  170.03619384765625
451  170.02664184570312
452  170.01702880859375
453  170.00633239746094
454  169.99755859375
455  169.9862518310547
456  169.97787475585938
457  169.96746826171875
458  169.95697021484375
459  169.94920349121094
460  169.93917846679688
461  169.92767333984375
462  169.92001342773438
463  169.9104461669922
464  169.90011596679688
465  169.888671875
466  169.8804931640625
467  169.87149047851562
468  169.85879516601562
469  169.84939575195312
470  169.840576171875
471  169.82981872558594
472  169.8205108642578
473  169.8105926513672
474  169.7999267578125
475  169.7896728515625
476  169.78111267089844
477  169.7709197998047
478  169.75958251953125
479  169.75070190429688
480  169.74139404296875
481  169.7296905517578
482  169.72030639648438
483  169.7110137939453
484  169.69956970214844
485  169.68795776367188
486  169.67977905273438
487  169.669677734375
488  169.66050720214844
489  169.64991760253906
490  169.63824462890625
491  169.6293182373047
492  169.6200714111328
493  169.609130859375
494  169.59959411621094
495  169.5887908935547
496  169.5766143798828
497  169.56979370117188
498  169.55941772460938
499  169.5474395751953
500  169.53890991210938
