0.000000e+00    -7.334432e+00
1.221299e-02    -7.328055e+00
2.442599e-02    -7.308954e+00
3.663898e-02    -7.277209e+00
4.885198e-02    -7.232952e+00
6.106497e-02    -7.176371e+00
7.327797e-02    -7.107701e+00
8.549096e-02    -7.027230e+00
9.770396e-02    -6.935294e+00
1.099169e-01    -6.832272e+00
1.221299e-01    -6.718591e+00
1.343429e-01    -6.594716e+00
1.465559e-01    -6.461151e+00
1.587689e-01    -6.318439e+00
1.709819e-01    -6.167150e+00
1.831949e-01    -6.007889e+00
1.954079e-01    -5.841283e+00
2.076209e-01    -5.667983e+00
2.198339e-01    -5.488658e+00
2.320469e-01    -5.303992e+00
2.442599e-01    -5.114683e+00
2.564729e-01    -4.921430e+00
2.686859e-01    -4.724945e+00
2.808989e-01    -4.525934e+00
2.931119e-01    -4.325102e+00
3.053249e-01    -4.123147e+00
3.175378e-01    -3.920756e+00
3.297509e-01    -3.718605e+00
3.419639e-01    -3.517351e+00
3.541768e-01    -3.317635e+00
3.663898e-01    -3.120072e+00
3.786028e-01    -2.925255e+00
3.908158e-01    -2.733749e+00
4.030288e-01    -2.546091e+00
4.152418e-01    -2.362785e+00
4.274548e-01    -2.184306e+00
4.396678e-01    -2.011091e+00
4.518808e-01    -1.843544e+00
4.640938e-01    -1.682031e+00
4.763068e-01    -1.526885e+00
4.885198e-01    -1.378396e+00
5.007328e-01    -1.236822e+00
5.129458e-01    -1.102378e+00
5.251588e-01    -9.752458e-01
5.373718e-01    -8.555673e-01
5.495847e-01    -7.434493e-01
5.617977e-01    -6.389620e-01
5.740107e-01    -5.421410e-01
5.862237e-01    -4.529881e-01
5.984367e-01    -3.714727e-01
6.106497e-01    -2.975328e-01
6.228627e-01    -2.310767e-01
6.350757e-01    -1.719851e-01
6.472887e-01    -1.201117e-01
6.595017e-01    -7.528587e-02
6.717147e-01    -3.731464e-02
6.839277e-01    -5.983527e-03
6.961407e-01    1.894066e-02
7.083537e-01    3.770825e-02
7.205667e-01    5.058441e-02
7.327797e-01    5.784766e-02
7.449927e-01    5.978763e-02
7.572057e-01    5.670315e-02
7.694187e-01    4.890069e-02
7.816316e-01    3.669203e-02
7.938446e-01    2.039302e-02
8.060576e-01    3.213678e-04
8.182706e-01    -2.320457e-02
8.304836e-01    -4.986754e-02
8.426966e-01    -7.935306e-02
8.549096e-01    -1.113506e-01
8.671226e-01    -1.455547e-01
8.793356e-01    -1.816667e-01
8.915486e-01    -2.193956e-01
9.037616e-01    -2.584588e-01
9.159746e-01    -2.985840e-01
9.281876e-01    -3.395081e-01
9.404006e-01    -3.809803e-01
9.526136e-01    -4.227612e-01
9.648266e-01    -4.646236e-01
9.770396e-01    -5.063536e-01
9.892526e-01    -5.477500e-01
1.001466e+00    -5.886253e-01
1.013679e+00    -6.288052e-01
1.025892e+00    -6.681296e-01
1.038105e+00    -7.064519e-01
1.050318e+00    -7.436393e-01
1.062531e+00    -7.795724e-01
1.074744e+00    -8.141451e-01
1.086957e+00    -8.472651e-01
1.099169e+00    -8.788520e-01
1.111382e+00    -9.088385e-01
1.123595e+00    -9.371692e-01
1.135808e+00    -9.638003e-01
1.148021e+00    -9.886994e-01
1.160234e+00    -1.011845e+00
1.172447e+00    -1.033224e+00
1.184660e+00    -1.052836e+00
1.196873e+00    -1.070686e+00
1.209086e+00    -1.086791e+00
1.221299e+00    -1.101173e+00
1.233512e+00    -1.113863e+00
1.245725e+00    -1.124897e+00
1.257938e+00    -1.134318e+00
1.270151e+00    -1.142175e+00
1.282364e+00    -1.148521e+00
1.294577e+00    -1.153412e+00
1.306790e+00    -1.156910e+00
1.319003e+00    -1.159079e+00
1.331216e+00    -1.159985e+00
1.343429e+00    -1.159697e+00
1.355642e+00    -1.158284e+00
1.367855e+00    -1.155818e+00
1.380068e+00    -1.152372e+00
1.392281e+00    -1.148015e+00
1.404494e+00    -1.142820e+00
1.416707e+00    -1.136858e+00
1.428920e+00    -1.130199e+00
1.441133e+00    -1.122912e+00
1.453346e+00    -1.115063e+00
1.465559e+00    -1.106718e+00
1.477772e+00    -1.097940e+00
1.489985e+00    -1.088790e+00
1.502198e+00    -1.079326e+00
1.514411e+00    -1.069604e+00
1.526624e+00    -1.059677e+00
1.538837e+00    -1.049594e+00
1.551050e+00    -1.039403e+00
1.563263e+00    -1.029148e+00
1.575476e+00    -1.018868e+00
1.587689e+00    -1.008603e+00
1.599902e+00    -9.983858e-01
1.612115e+00    -9.882487e-01
1.624328e+00    -9.782196e-01
1.636541e+00    -9.683239e-01
1.648754e+00    -9.585835e-01
1.660967e+00    -9.490181e-01
1.673180e+00    -9.396443e-01
1.685393e+00    -9.304755e-01
1.697606e+00    -9.215231e-01
1.709819e+00    -9.127956e-01
1.722032e+00    -9.042994e-01
1.734245e+00    -8.960384e-01
1.746458e+00    -8.880143e-01
1.758671e+00    -8.802273e-01
1.770884e+00    -8.726752e-01
1.783097e+00    -8.653544e-01
1.795310e+00    -8.582596e-01
1.807523e+00    -8.513840e-01
1.819736e+00    -8.447199e-01
1.831949e+00    -8.382581e-01
1.844162e+00    -8.319886e-01
1.856375e+00    -8.259002e-01
1.868588e+00    -8.199814e-01
1.880801e+00    -8.142198e-01
1.893014e+00    -8.086028e-01
1.905227e+00    -8.031171e-01
1.917440e+00    -7.977492e-01
1.929653e+00    -7.924860e-01
1.941866e+00    -7.873133e-01
1.954079e+00    -7.822183e-01
1.966292e+00    -7.771871e-01
1.978505e+00    -7.722068e-01
1.990718e+00    -7.672647e-01
2.002931e+00    -7.623482e-01
2.015144e+00    -7.574453e-01
2.027357e+00    -7.525445e-01
2.039570e+00    -7.476350e-01
2.051783e+00    -7.427063e-01
2.063996e+00    -7.377487e-01
2.076209e+00    -7.327532e-01
2.088422e+00    -7.277112e-01
2.100635e+00    -7.226154e-01
2.112848e+00    -7.174587e-01
2.125061e+00    -7.122347e-01
2.137274e+00    -7.069380e-01
2.149487e+00    -7.015641e-01
2.161700e+00    -6.961087e-01
2.173913e+00    -6.905687e-01
2.186126e+00    -6.849413e-01
2.198339e+00    -6.792248e-01
2.210552e+00    -6.734180e-01
2.222765e+00    -6.675201e-01
2.234978e+00    -6.615313e-01
2.247191e+00    -6.554523e-01
2.259404e+00    -6.492842e-01
2.271617e+00    -6.430288e-01
2.283830e+00    -6.366884e-01
2.296043e+00    -6.302655e-01
2.308256e+00    -6.237636e-01
2.320469e+00    -6.171861e-01
2.332682e+00    -6.105368e-01
2.344895e+00    -6.038200e-01
2.357108e+00    -5.970405e-01
2.369321e+00    -5.902027e-01
2.381534e+00    -5.833119e-01
2.393747e+00    -5.763732e-01
2.405960e+00    -5.693918e-01
2.418173e+00    -5.623736e-01
2.430386e+00    -5.553238e-01
2.442599e+00    -5.482482e-01
2.454812e+00    -5.411522e-01
2.467025e+00    -5.340417e-01
2.479238e+00    -5.269223e-01
2.491451e+00    -5.197995e-01
2.503664e+00    -5.126787e-01
2.515877e+00    -5.055654e-01
2.528090e+00    -4.984649e-01
2.540303e+00    -4.913823e-01
2.552516e+00    -4.843225e-01
2.564729e+00    -4.772905e-01
2.576942e+00    -4.702908e-01
2.589155e+00    -4.633277e-01
2.601368e+00    -4.564057e-01
2.613581e+00    -4.495286e-01
2.625794e+00    -4.427005e-01
2.638007e+00    -4.359247e-01
2.650220e+00    -4.292047e-01
2.662433e+00    -4.225436e-01
2.674646e+00    -4.159443e-01
2.686859e+00    -4.094093e-01
2.699072e+00    -4.029412e-01
2.711285e+00    -3.965420e-01
2.723498e+00    -3.902139e-01
2.735711e+00    -3.839584e-01
2.747924e+00    -3.777773e-01
2.760137e+00    -3.716717e-01
2.772350e+00    -3.656428e-01
2.784563e+00    -3.596915e-01
2.796776e+00    -3.538185e-01
2.808989e+00    -3.480244e-01
2.821202e+00    -3.423094e-01
2.833415e+00    -3.366739e-01
2.845628e+00    -3.311179e-01
2.857841e+00    -3.256414e-01
2.870054e+00    -3.202439e-01
2.882267e+00    -3.149253e-01
2.894480e+00    -3.096851e-01
2.906693e+00    -3.045225e-01
2.918906e+00    -2.994371e-01
2.931119e+00    -2.944281e-01
2.943332e+00    -2.894945e-01
2.955545e+00    -2.846356e-01
2.967758e+00    -2.798503e-01
2.979971e+00    -2.751376e-01
2.992184e+00    -2.704965e-01
3.004397e+00    -2.659259e-01
3.016610e+00    -2.614246e-01
3.028823e+00    -2.569915e-01
3.041036e+00    -2.526255e-01
3.053249e+00    -2.483254e-01
3.065462e+00    -2.440901e-01
3.077675e+00    -2.399183e-01
3.089888e+00    -2.358089e-01
3.102101e+00    -2.317608e-01
3.114314e+00    -2.277730e-01
3.126527e+00    -2.238442e-01
3.138740e+00    -2.199733e-01
3.150953e+00    -2.161595e-01
3.163166e+00    -2.124016e-01
3.175379e+00    -2.086987e-01
3.187592e+00    -2.050497e-01
3.199805e+00    -2.014539e-01
3.212018e+00    -1.979103e-01
3.224231e+00    -1.944181e-01
3.236444e+00    -1.909765e-01
3.248657e+00    -1.875847e-01
3.260870e+00    -1.842419e-01
3.273082e+00    -1.809476e-01
3.285295e+00    -1.777010e-01
3.297508e+00    -1.745015e-01
3.309721e+00    -1.713485e-01
3.321934e+00    -1.682415e-01
3.334147e+00    -1.651799e-01
3.346360e+00    -1.621632e-01
3.358573e+00    -1.591911e-01
3.370786e+00    -1.562629e-01
3.382999e+00    -1.533784e-01
3.395212e+00    -1.505370e-01
3.407425e+00    -1.477385e-01
3.419638e+00    -1.449824e-01
3.431851e+00    -1.422686e-01
3.444064e+00    -1.395964e-01
3.456277e+00    -1.369658e-01
3.468490e+00    -1.343764e-01
3.480703e+00    -1.318279e-01
3.492916e+00    -1.293200e-01
3.505129e+00    -1.268524e-01
3.517342e+00    -1.244248e-01
3.529555e+00    -1.220371e-01
3.541768e+00    -1.196888e-01
3.553981e+00    -1.173798e-01
3.566194e+00    -1.151097e-01
3.578407e+00    -1.128784e-01
3.590620e+00    -1.106854e-01
3.602833e+00    -1.085305e-01
3.615046e+00    -1.064134e-01
3.627259e+00    -1.043339e-01
3.639472e+00    -1.022915e-01
3.651685e+00    -1.002860e-01
3.663898e+00    -9.831715e-02
3.676111e+00    -9.638450e-02
3.688324e+00    -9.448774e-02
3.700537e+00    -9.262647e-02
3.712750e+00    -9.080050e-02
3.724963e+00    -8.900928e-02
3.737176e+00    -8.725250e-02
3.749389e+00    -8.552977e-02
3.761602e+00    -8.384071e-02
3.773815e+00    -8.218487e-02
3.786028e+00    -8.056189e-02
3.798241e+00    -7.897131e-02
3.810454e+00    -7.741275e-02
3.822667e+00    -7.588573e-02
3.834880e+00    -7.438983e-02
3.847093e+00    -7.292461e-02
3.859306e+00    -7.148963e-02
3.871519e+00    -7.008443e-02
3.883732e+00    -6.870856e-02
3.895945e+00    -6.736156e-02
3.908158e+00    -6.604297e-02
3.920371e+00    -6.475232e-02
3.932584e+00    -6.348918e-02
3.944797e+00    -6.225306e-02
3.957010e+00    -6.104352e-02
3.969223e+00    -5.986011e-02
3.981436e+00    -5.870235e-02
3.993649e+00    -5.756981e-02
4.005862e+00    -5.646203e-02
4.018075e+00    -5.537858e-02
4.030288e+00    -5.431899e-02
4.042501e+00    -5.328288e-02
4.054714e+00    -5.226975e-02
4.066927e+00    -5.127925e-02
4.079140e+00    -5.031090e-02
4.091353e+00    -4.936436e-02
4.103566e+00    -4.843915e-02
4.115779e+00    -4.753495e-02
4.127992e+00    -4.665131e-02
4.140205e+00    -4.578793e-02
4.152418e+00    -4.494435e-02
4.164631e+00    -4.412029e-02
4.176844e+00    -4.331532e-02
4.189057e+00    -4.252915e-02
4.201270e+00    -4.176151e-02
4.213483e+00    -4.101189e-02
4.225696e+00    -4.028014e-02
4.237909e+00    -3.956588e-02
4.250122e+00    -3.886884e-02
4.262335e+00    -3.818868e-02
4.274548e+00    -3.752519e-02
4.286761e+00    -3.687804e-02
4.298974e+00    -3.624698e-02
4.311187e+00    -3.563173e-02
4.323400e+00    -3.503209e-02
4.335613e+00    -3.444776e-02
4.347826e+00    -3.387854e-02
4.360039e+00    -3.332416e-02
4.372252e+00    -3.278444e-02
4.384465e+00    -3.225912e-02
4.396678e+00    -3.174803e-02
4.408891e+00    -3.125089e-02
4.421104e+00    -3.076757e-02
4.433317e+00    -3.029782e-02
4.445530e+00    -2.984148e-02
4.457743e+00    -2.939832e-02
4.469956e+00    -2.896819e-02
4.482169e+00    -2.855088e-02
4.494382e+00    -2.814622e-02
4.506595e+00    -2.775401e-02
4.518808e+00    -2.737410e-02
4.531021e+00    -2.700628e-02
4.543234e+00    -2.665043e-02
4.555447e+00    -2.630631e-02
4.567660e+00    -2.597380e-02
4.579873e+00    -2.565269e-02
4.592086e+00    -2.534285e-02
4.604299e+00    -2.504408e-02
4.616512e+00    -2.475622e-02
4.628725e+00    -2.447909e-02
4.640938e+00    -2.421254e-02
4.653151e+00    -2.395638e-02
4.665364e+00    -2.371044e-02
4.677577e+00    -2.347455e-02
4.689790e+00    -2.324855e-02
4.702003e+00    -2.303227e-02
4.714216e+00    -2.282549e-02
4.726429e+00    -2.262806e-02
4.738642e+00    -2.243982e-02
4.750855e+00    -2.226056e-02
4.763068e+00    -2.209011e-02
4.775281e+00    -2.192830e-02
4.787494e+00    -2.177492e-02
4.799707e+00    -2.162978e-02
4.811920e+00    -2.149275e-02
4.824133e+00    -2.136358e-02
4.836346e+00    -2.124209e-02
4.848559e+00    -2.112810e-02
4.860772e+00    -2.102141e-02
4.872985e+00    -2.092183e-02
4.885198e+00    -2.082916e-02
4.897411e+00    -2.074321e-02
4.909624e+00    -2.066375e-02
4.921837e+00    -2.059062e-02
4.934050e+00    -2.052363e-02
4.946263e+00    -2.046253e-02
4.958476e+00    -2.040716e-02
4.970689e+00    -2.035730e-02
4.982902e+00    -2.031275e-02
4.995115e+00    -2.027332e-02
5.007328e+00    -2.023880e-02
5.019541e+00    -2.020900e-02
5.031754e+00    -2.018370e-02
5.043967e+00    -2.016271e-02
5.056180e+00    -2.014583e-02
5.068393e+00    -2.013286e-02
5.080606e+00    -2.012359e-02
5.092819e+00    -2.011784e-02
5.105031e+00    -2.011541e-02
5.117245e+00    -2.011609e-02
5.129457e+00    -2.011970e-02
5.141671e+00    -2.012604e-02
5.153883e+00    -2.013493e-02
5.166097e+00    -2.014614e-02
5.178309e+00    -2.015955e-02
5.190523e+00    -2.017492e-02
5.202735e+00    -2.019208e-02
5.214949e+00    -2.021085e-02
5.227162e+00    -2.023104e-02
5.239375e+00    -2.025249e-02
5.251588e+00    -2.027501e-02
5.263801e+00    -2.029844e-02
5.276014e+00    -2.032259e-02
5.288227e+00    -2.034733e-02
5.300440e+00    -2.037246e-02
5.312653e+00    -2.039782e-02
5.324866e+00    -2.042330e-02
5.337079e+00    -2.044868e-02
5.349292e+00    -2.047385e-02
5.361505e+00    -2.049866e-02
5.373718e+00    -2.052296e-02
5.385931e+00    -2.054659e-02
5.398144e+00    -2.056946e-02
5.410357e+00    -2.059136e-02
5.422570e+00    -2.061223e-02
5.434783e+00    -2.063191e-02
5.446996e+00    -2.065029e-02
5.459208e+00    -2.066725e-02
5.471422e+00    -2.068265e-02
5.483634e+00    -2.069641e-02
5.495848e+00    -2.070841e-02
5.508060e+00    -2.071854e-02
5.520274e+00    -2.072669e-02
5.532486e+00    -2.073279e-02
5.544700e+00    -2.073672e-02
5.556912e+00    -2.073841e-02
5.569126e+00    -2.073776e-02
5.581338e+00    -2.073468e-02
5.593552e+00    -2.072912e-02
5.605764e+00    -2.072099e-02
5.617978e+00    -2.071022e-02
5.630190e+00    -2.069673e-02
5.642404e+00    -2.068047e-02
5.654616e+00    -2.066138e-02
5.666830e+00    -2.063940e-02
5.679042e+00    -2.061451e-02
5.691256e+00    -2.058662e-02
5.703468e+00    -2.055568e-02
5.715682e+00    -2.052172e-02
5.727894e+00    -2.048462e-02
5.740108e+00    -2.044440e-02
5.752320e+00    -2.040101e-02
5.764534e+00    -2.035443e-02
5.776746e+00    -2.030463e-02
5.788960e+00    -2.025161e-02
5.801172e+00    -2.019535e-02
5.813385e+00    -2.013579e-02
5.825598e+00    -2.007300e-02
5.837811e+00    -2.000693e-02
5.850024e+00    -1.993759e-02
5.862237e+00    -1.986499e-02
5.874450e+00    -1.978911e-02
5.886663e+00    -1.970998e-02
5.898876e+00    -1.962760e-02
5.911089e+00    -1.954198e-02
5.923302e+00    -1.945314e-02
5.935515e+00    -1.936111e-02
5.947728e+00    -1.926589e-02
5.959941e+00    -1.916754e-02
5.972154e+00    -1.906604e-02
5.984367e+00    -1.896146e-02
5.996580e+00    -1.885381e-02
6.008793e+00    -1.874314e-02
6.021006e+00    -1.862947e-02
6.033219e+00    -1.851285e-02
6.045432e+00    -1.839332e-02
6.057645e+00    -1.827094e-02
6.069858e+00    -1.814573e-02
6.082071e+00    -1.801774e-02
6.094284e+00    -1.788703e-02
6.106497e+00    -1.775367e-02
6.118710e+00    -1.761770e-02
6.130923e+00    -1.747915e-02
6.143136e+00    -1.733811e-02
6.155349e+00    -1.719462e-02
6.167562e+00    -1.704875e-02
6.179775e+00    -1.690056e-02
6.191988e+00    -1.675012e-02
6.204201e+00    -1.659747e-02
6.216414e+00    -1.644271e-02
6.228627e+00    -1.628587e-02
6.240840e+00    -1.612704e-02
6.253053e+00    -1.596627e-02
6.265266e+00    -1.580364e-02
6.277479e+00    -1.563923e-02
6.289692e+00    -1.547309e-02
6.301905e+00    -1.530529e-02
6.314118e+00    -1.513592e-02
6.326331e+00    -1.496503e-02
6.338544e+00    -1.479270e-02
6.350757e+00    -1.461900e-02
6.362970e+00    -1.444400e-02
6.375183e+00    -1.426777e-02
6.387396e+00    -1.409040e-02
6.399609e+00    -1.391192e-02
6.411822e+00    -1.373245e-02
6.424035e+00    -1.355204e-02
6.436248e+00    -1.337074e-02
6.448461e+00    -1.318866e-02
6.460674e+00    -1.300582e-02
6.472887e+00    -1.282237e-02
6.485100e+00    -1.263830e-02
6.497313e+00    -1.245372e-02
6.509526e+00    -1.226868e-02
6.521739e+00    -1.208327e-02
6.533952e+00    -1.189753e-02
6.546165e+00    -1.171155e-02
6.558378e+00    -1.152539e-02
6.570591e+00    -1.133911e-02
6.582804e+00    -1.115276e-02
6.595017e+00    -1.096643e-02
6.607230e+00    -1.078015e-02
6.619443e+00    -1.059402e-02
6.631656e+00    -1.040808e-02
6.643869e+00    -1.022237e-02
6.656082e+00    -1.003696e-02
6.668295e+00    -9.851924e-03
6.680508e+00    -9.667302e-03
6.692721e+00    -9.483141e-03
6.704934e+00    -9.299557e-03
6.717147e+00    -9.116434e-03
6.729360e+00    -8.933979e-03
6.741573e+00    -8.752201e-03
6.753786e+00    -8.571137e-03
6.765999e+00    -8.390839e-03
6.778212e+00    -8.211343e-03
6.790425e+00    -8.032706e-03
6.802638e+00    -7.854942e-03
6.814851e+00    -7.678129e-03
6.827064e+00    -7.502281e-03
6.839277e+00    -7.327451e-03
6.851490e+00    -7.153660e-03
6.863703e+00    -6.980959e-03
6.875916e+00    -6.809385e-03
6.888129e+00    -6.638951e-03
6.900342e+00    -6.469703e-03
6.912555e+00    -6.301674e-03
6.924768e+00    -6.134881e-03
6.936981e+00    -5.969374e-03
6.949194e+00    -5.805149e-03
6.961407e+00    -5.642263e-03
6.973620e+00    -5.480714e-03
6.985833e+00    -5.320545e-03
6.998046e+00    -5.161755e-03
7.010259e+00    -5.004387e-03
7.022472e+00    -4.848449e-03
7.034685e+00    -4.693964e-03
7.046898e+00    -4.540938e-03
7.059111e+00    -4.389409e-03
7.071324e+00    -4.239365e-03
7.083537e+00    -4.090841e-03
7.095750e+00    -3.943906e-03
7.107963e+00    -3.798367e-03
7.120176e+00    -3.654445e-03
7.132389e+00    -3.512088e-03
7.144602e+00    -3.371287e-03
7.156815e+00    -3.232064e-03
7.169028e+00    -3.094426e-03
7.181241e+00    -2.958375e-03
7.193454e+00    -2.823917e-03
7.205667e+00    -2.691066e-03
7.217880e+00    -2.559817e-03
7.230093e+00    -2.430182e-03
7.242306e+00    -2.302159e-03
7.254519e+00    -2.175750e-03
7.266732e+00    -2.050964e-03
7.278944e+00    -1.927796e-03
7.291158e+00    -1.806245e-03
7.303371e+00    -1.686318e-03
7.315584e+00    -1.568015e-03
7.327797e+00    -1.451332e-03
7.340010e+00    -1.336280e-03
7.352223e+00    -1.222827e-03
7.364436e+00    -1.111008e-03
7.376649e+00    -1.000796e-03
7.388862e+00    -8.921984e-04
7.401075e+00    -7.852254e-04
7.413288e+00    -6.798252e-04
7.425501e+00    -5.760409e-04
7.437714e+00    -4.738664e-04
7.449927e+00    -3.732804e-04
7.462140e+00    -2.742832e-04
7.474353e+00    -1.768680e-04
7.486566e+00    -8.104155e-05
7.498779e+00    1.320655e-05
7.510992e+00    1.058913e-04
7.523205e+00    1.970047e-04
7.535418e+00    2.865533e-04
7.547631e+00    3.745510e-04
7.559844e+00    4.609898e-04
7.572057e+00    5.458922e-04
7.584270e+00    6.292422e-04
7.596483e+00    7.110558e-04
7.608696e+00    7.913444e-04
7.620909e+00    8.701003e-04
7.633121e+00    9.473269e-04
7.645335e+00    1.023050e-03
7.657547e+00    1.097255e-03
7.669761e+00    1.169953e-03
7.681973e+00    1.241148e-03
7.694187e+00    1.310841e-03
7.706399e+00    1.379036e-03
7.718613e+00    1.445763e-03
7.730825e+00    1.510993e-03
7.743039e+00    1.574752e-03
7.755251e+00    1.637032e-03
7.767465e+00    1.697849e-03
7.779677e+00    1.757200e-03
7.791891e+00    1.815100e-03
7.804103e+00    1.871528e-03
7.816317e+00    1.926529e-03
7.828529e+00    1.980071e-03
7.840743e+00    2.032181e-03
7.852955e+00    2.082852e-03
7.865169e+00    2.132086e-03
7.877381e+00    2.179912e-03
7.889595e+00    2.226310e-03
7.901807e+00    2.271304e-03
7.914021e+00    2.314861e-03
7.926233e+00    2.357017e-03
7.938447e+00    2.397773e-03
7.950659e+00    2.437118e-03
7.962873e+00    2.475083e-03
7.975085e+00    2.511658e-03
7.987298e+00    2.546835e-03
7.999511e+00    2.580624e-03
8.011724e+00    2.613042e-03
8.023937e+00    2.644085e-03
8.036150e+00    2.673756e-03
8.048364e+00    2.702061e-03
8.060576e+00    2.729004e-03
8.072789e+00    2.754589e-03
8.085002e+00    2.778825e-03
8.097216e+00    2.801723e-03
8.109428e+00    2.823255e-03
8.121641e+00    2.843465e-03
8.133854e+00    2.862341e-03
8.146068e+00    2.879897e-03
8.158280e+00    2.896127e-03
8.170493e+00    2.911042e-03
8.182706e+00    2.924650e-03
8.194920e+00    2.936964e-03
8.207132e+00    2.947978e-03
8.219345e+00    2.957706e-03
8.231558e+00    2.966155e-03
8.243772e+00    2.973326e-03
8.255984e+00    2.979233e-03
8.268197e+00    2.983879e-03
8.280410e+00    2.987269e-03
8.292624e+00    2.989432e-03
8.304836e+00    2.990346e-03
8.317049e+00    2.990038e-03
8.329262e+00    2.988514e-03
8.341475e+00    2.985781e-03
8.353688e+00    2.981848e-03
8.365901e+00    2.976725e-03
8.378115e+00    2.970421e-03
8.390327e+00    2.962945e-03
8.402540e+00    2.954348e-03
8.414753e+00    2.944526e-03
8.426967e+00    2.933611e-03
8.439179e+00    2.921560e-03
8.451392e+00    2.908400e-03
8.463605e+00    2.894133e-03
8.475819e+00    2.878780e-03
8.488031e+00    2.862349e-03
8.500244e+00    2.844864e-03
8.512457e+00    2.826315e-03
8.524671e+00    2.806731e-03
8.536883e+00    2.786134e-03
8.549096e+00    2.764527e-03
8.561309e+00    2.741930e-03
8.573523e+00    2.718352e-03
8.585735e+00    2.693817e-03
8.597948e+00    2.668354e-03
8.610161e+00    2.641928e-03
8.622375e+00    2.614607e-03
8.634587e+00    2.586379e-03
8.646800e+00    2.557291e-03
8.659013e+00    2.527337e-03
8.671227e+00    2.496536e-03
8.683439e+00    2.464906e-03
8.695652e+00    2.432469e-03
8.707865e+00    2.399238e-03
8.720078e+00    2.365260e-03
8.732291e+00    2.330509e-03
8.744504e+00    2.295028e-03
8.756717e+00    2.258839e-03
8.768930e+00    2.221948e-03
8.781143e+00    2.184384e-03
8.793356e+00    2.146178e-03
8.805569e+00    2.107314e-03
8.817782e+00    2.067843e-03
8.829995e+00    2.027781e-03
8.842208e+00    1.987154e-03
8.854421e+00    1.945968e-03
8.866634e+00    1.904245e-03
8.878847e+00    1.862021e-03
8.891060e+00    1.819315e-03
8.903273e+00    1.776152e-03
8.915486e+00    1.732511e-03
8.927699e+00    1.688468e-03
8.939912e+00    1.644021e-03
8.952125e+00    1.599194e-03
8.964338e+00    1.554015e-03
8.976551e+00    1.508498e-03
8.988764e+00    1.462668e-03
9.000977e+00    1.416556e-03
9.013190e+00    1.370157e-03
9.025403e+00    1.323527e-03
9.037616e+00    1.276667e-03
9.049829e+00    1.229612e-03
9.062042e+00    1.182350e-03
9.074255e+00    1.134946e-03
9.086468e+00    1.087399e-03
9.098680e+00    1.039732e-03
9.110894e+00    9.919652e-04
9.123107e+00    9.441271e-04
9.135320e+00    8.962332e-04
9.147532e+00    8.483046e-04
9.159746e+00    8.003593e-04
9.171959e+00    7.524304e-04
9.184172e+00    7.045204e-04
9.196384e+00    6.566636e-04
9.208598e+00    6.088623e-04
9.220811e+00    5.611501e-04
9.233024e+00    5.135555e-04
9.245236e+00    4.660835e-04
9.257450e+00    4.187538e-04
9.269663e+00    3.715869e-04
9.281876e+00    3.246101e-04
9.294088e+00    2.778248e-04
9.306302e+00    2.312660e-04
9.318515e+00    1.849492e-04
9.330728e+00    1.388888e-04
9.342940e+00    9.308357e-05
9.355154e+00    4.757562e-05
9.367367e+00    2.384646e-06
9.379580e+00    -4.249557e-05
9.391793e+00    -8.704221e-05
9.404006e+00    -1.312224e-04
9.416219e+00    -1.750457e-04
9.428432e+00    -2.184884e-04
9.440645e+00    -2.615288e-04
9.452858e+00    -3.041585e-04
9.465071e+00    -3.463640e-04
9.477283e+00    -3.881369e-04
9.489497e+00    -4.294598e-04
9.501710e+00    -4.703320e-04
9.513923e+00    -5.107183e-04
9.526135e+00    -5.506250e-04
9.538349e+00    -5.900406e-04
9.550562e+00    -6.289426e-04
9.562775e+00    -6.673357e-04
9.574987e+00    -7.052096e-04
9.587201e+00    -7.425365e-04
9.599414e+00    -7.793178e-04
9.611627e+00    -8.155564e-04
9.623839e+00    -8.512275e-04
9.636053e+00    -8.863374e-04
9.648266e+00    -9.208735e-04
9.660479e+00    -9.548158e-04
9.672691e+00    -9.881724e-04
9.684905e+00    -1.020942e-03
9.697118e+00    -1.053103e-03
9.709331e+00    -1.084677e-03
9.721543e+00    -1.115600e-03
9.733757e+00    -1.145932e-03
9.745970e+00    -1.175634e-03
9.758183e+00    -1.204718e-03
9.770395e+00    -1.233173e-03
9.782609e+00    -1.261003e-03
9.794822e+00    -1.288189e-03
9.807034e+00    -1.314754e-03
9.819247e+00    -1.340680e-03
9.831461e+00    -1.365972e-03
9.843674e+00    -1.390622e-03
9.855886e+00    -1.414630e-03
9.868099e+00    -1.438003e-03
9.880313e+00    -1.460731e-03
9.892526e+00    -1.482830e-03
9.904738e+00    -1.504286e-03
9.916951e+00    -1.525117e-03
9.929165e+00    -1.545310e-03
9.941378e+00    -1.564873e-03
9.953590e+00    -1.583802e-03
9.965803e+00    -1.602098e-03
9.978017e+00    -1.619776e-03
9.990230e+00    -1.636827e-03
1.000244e+01    -1.653264e-03
1.001466e+01    -1.669087e-03
1.002687e+01    -1.684285e-03
1.003908e+01    -1.698885e-03
1.005129e+01    -1.712878e-03
1.006351e+01    -1.726268e-03
1.007572e+01    -1.739059e-03
1.008793e+01    -1.751264e-03
1.010015e+01    -1.762915e-03
1.011236e+01    -1.773921e-03
1.012457e+01    -1.784386e-03
1.013679e+01    -1.794271e-03
1.014900e+01    -1.803600e-03
1.016121e+01    -1.812363e-03
1.017342e+01    -1.820581e-03
1.018564e+01    -1.828251e-03
1.019785e+01    -1.835388e-03
1.021006e+01    -1.841975e-03
1.022228e+01    -1.848045e-03
1.023449e+01    -1.853592e-03
1.024670e+01    -1.858632e-03
1.025891e+01    -1.863163e-03
1.027113e+01    -1.867199e-03
1.028334e+01    -1.870733e-03
1.029555e+01    -1.873802e-03
1.030777e+01    -1.876381e-03
1.031998e+01    -1.878484e-03
1.033219e+01    -1.880140e-03
1.034441e+01    -1.881321e-03
1.035662e+01    -1.882071e-03
1.036883e+01    -1.882373e-03
1.038105e+01    -1.882241e-03
1.039326e+01    -1.881690e-03
1.040547e+01    -1.880728e-03
1.041768e+01    -1.879322e-03
1.042990e+01    -1.877532e-03
1.044211e+01    -1.875346e-03
1.045432e+01    -1.872760e-03
1.046654e+01    -1.869797e-03
1.047875e+01    -1.866458e-03
1.049096e+01    -1.862780e-03
1.050318e+01    -1.858677e-03
1.051539e+01    -1.854260e-03
1.052760e+01    -1.849487e-03
1.053981e+01    -1.844375e-03
1.055203e+01    -1.838933e-03
1.056424e+01    -1.833160e-03
1.057645e+01    -1.827072e-03
1.058867e+01    -1.820664e-03
1.060088e+01    -1.813947e-03
1.061309e+01    -1.806949e-03
1.062531e+01    -1.799640e-03
1.063752e+01    -1.792050e-03
1.064973e+01    -1.784188e-03
1.066194e+01    -1.776040e-03
1.067416e+01    -1.767631e-03
1.068637e+01    -1.758960e-03
1.069858e+01    -1.750036e-03
1.071080e+01    -1.740854e-03
1.072301e+01    -1.731425e-03
1.073522e+01    -1.721758e-03
1.074744e+01    -1.711858e-03
1.075965e+01    -1.701735e-03
1.077186e+01    -1.691386e-03
1.078407e+01    -1.680815e-03
1.079629e+01    -1.670022e-03
1.080850e+01    -1.659033e-03
1.082071e+01    -1.647833e-03
1.083293e+01    -1.636437e-03
1.084514e+01    -1.624850e-03
1.085735e+01    -1.613067e-03
1.086957e+01    -1.601094e-03
1.088178e+01    -1.588940e-03
1.089399e+01    -1.576610e-03
1.090620e+01    -1.564105e-03
1.091842e+01    -1.551428e-03
1.093063e+01    -1.538593e-03
1.094284e+01    -1.525589e-03
1.095506e+01    -1.512430e-03
1.096727e+01    -1.499120e-03
1.097948e+01    -1.485651e-03
1.099170e+01    -1.472032e-03
1.100391e+01    -1.458282e-03
1.101612e+01    -1.444381e-03
1.102833e+01    -1.430349e-03
1.104055e+01    -1.416181e-03
1.105276e+01    -1.401882e-03
1.106497e+01    -1.387456e-03
1.107719e+01    -1.372907e-03
1.108940e+01    -1.358227e-03
1.110161e+01    -1.343435e-03
1.111382e+01    -1.328527e-03
1.112604e+01    -1.313511e-03
1.113825e+01    -1.298373e-03
1.115046e+01    -1.283132e-03
1.116268e+01    -1.267782e-03
1.117489e+01    -1.252329e-03
1.118710e+01    -1.236779e-03
1.119932e+01    -1.221129e-03
1.121153e+01    -1.205387e-03
1.122374e+01    -1.189552e-03
1.123596e+01    -1.173615e-03
1.124817e+01    -1.157597e-03
1.126038e+01    -1.141498e-03
1.127259e+01    -1.125310e-03
1.128481e+01    -1.109043e-03
1.129702e+01    -1.092686e-03
1.130923e+01    -1.076280e-03
1.132145e+01    -1.059792e-03
1.133366e+01    -1.043233e-03
1.134587e+01    -1.026607e-03
1.135808e+01    -1.009922e-03
1.137030e+01    -9.931742e-04
1.138251e+01    -9.763676e-04
1.139472e+01    -9.595043e-04
1.140694e+01    -9.426007e-04
1.141915e+01    -9.256317e-04
1.143136e+01    -9.086268e-04
1.144358e+01    -8.915766e-04
1.145579e+01    -8.744902e-04
1.146800e+01    -8.573634e-04
1.148022e+01    -8.402049e-04
1.149243e+01    -8.230144e-04
1.150464e+01    -8.058056e-04
1.151685e+01    -7.885693e-04
1.152907e+01    -7.713142e-04
1.154128e+01    -7.540452e-04
1.155349e+01    -7.367614e-04
1.156571e+01    -7.194664e-04
1.157792e+01    -7.021770e-04
1.159013e+01    -6.848724e-04
1.160234e+01    -6.675935e-04
1.161456e+01    -6.502895e-04
1.162677e+01    -6.330134e-04
1.163898e+01    -6.157511e-04
1.165120e+01    -5.985011e-04
1.166341e+01    -5.812879e-04
1.167562e+01    -5.640992e-04
1.168784e+01    -5.469378e-04
1.170005e+01    -5.298152e-04
1.171226e+01    -5.127276e-04
1.172447e+01    -4.957106e-04
1.173669e+01    -4.787363e-04
1.174890e+01    -4.618135e-04
1.176111e+01    -4.449518e-04
1.177333e+01    -4.281633e-04
1.178554e+01    -4.114398e-04
1.179775e+01    -3.947956e-04
1.180997e+01    -3.782438e-04
1.182218e+01    -3.617673e-04
1.183439e+01    -3.453884e-04
1.184660e+01    -3.291086e-04
1.185882e+01    -3.129380e-04
1.187103e+01    -2.968693e-04
1.188324e+01    -2.809087e-04
1.189546e+01    -2.650867e-04
1.190767e+01    -2.493790e-04
1.191988e+01    -2.338113e-04
1.193210e+01    -2.183714e-04
1.194431e+01    -2.030778e-04
1.195652e+01    -1.879348e-04
1.196873e+01    -1.729424e-04
1.198095e+01    -1.581140e-04
1.199316e+01    -1.434504e-04
1.200537e+01    -1.289600e-04
1.201759e+01    -1.146081e-04
1.202980e+01    -1.005050e-04
1.204201e+01    -8.657333e-05
1.205423e+01    -7.282551e-05
1.206644e+01    -5.927226e-05
1.207865e+01    -4.592842e-05
1.209086e+01    -3.279651e-05
1.210308e+01    -1.986536e-05
1.211529e+01    -7.193084e-06
1.212750e+01    5.268055e-06
1.213972e+01    1.750149e-05
1.215193e+01    2.949561e-05
1.216414e+01    4.123722e-05
1.217636e+01    5.273464e-05
1.218857e+01    6.394499e-05
1.220078e+01    7.495582e-05
1.221299e+01    8.566950e-05
1.222521e+01    9.612041e-05
1.223742e+01    1.062916e-04
1.224963e+01    1.161852e-04
1.226185e+01    1.257950e-04
1.227406e+01    1.351189e-04
1.228627e+01    1.441496e-04
1.229849e+01    1.528732e-04
1.231070e+01    1.613218e-04
1.232291e+01    1.694466e-04
1.233512e+01    1.772577e-04
1.234734e+01    1.847859e-04
1.235955e+01    1.919805e-04
1.237176e+01    1.988547e-04
1.238398e+01    2.054107e-04
1.239619e+01    2.116444e-04
1.240840e+01    2.175444e-04
1.242062e+01    2.231298e-04
1.243283e+01    2.283777e-04
1.244504e+01    2.332818e-04
1.245725e+01    2.378563e-04
1.246947e+01    2.420912e-04
1.248168e+01    2.459839e-04
1.249389e+01    2.495105e-04
1.250611e+01    2.527418e-04
1.251832e+01    2.556020e-04
1.253053e+01    2.581234e-04
1.254275e+01    2.602968e-04
1.255496e+01    2.621194e-04
1.256717e+01    2.636040e-04
1.257938e+01    2.647331e-04
1.259160e+01    2.655173e-04
1.260381e+01    2.659749e-04
1.261602e+01    2.660406e-04
1.262824e+01    2.657967e-04
1.264045e+01    2.652103e-04
1.265266e+01    2.642709e-04
1.266488e+01    2.629925e-04
1.267709e+01    2.613802e-04
1.268930e+01    2.594234e-04
1.270151e+01    2.571353e-04
1.271373e+01    2.545177e-04
1.272594e+01    2.515736e-04
1.273815e+01    2.482945e-04
1.275037e+01    2.447090e-04
1.276258e+01    2.407855e-04
1.277479e+01    2.365461e-04
1.278701e+01    2.319997e-04
1.279922e+01    2.271555e-04
1.281143e+01    2.219794e-04
1.282364e+01    2.165199e-04
1.283586e+01    2.107556e-04
1.284807e+01    2.047070e-04
1.286028e+01    1.983683e-04
1.287250e+01    1.917522e-04
1.288471e+01    1.848474e-04
1.289692e+01    1.776870e-04
1.290914e+01    1.702608e-04
1.292135e+01    1.625585e-04
1.293356e+01    1.546229e-04
1.294577e+01    1.464304e-04
1.295799e+01    1.380026e-04
1.297020e+01    1.293304e-04
1.298241e+01    1.204469e-04
1.299463e+01    1.113297e-04
1.300684e+01    1.020046e-04
1.301905e+01    9.247309e-05
1.303127e+01    8.273620e-05
1.304348e+01    7.283606e-05
1.305569e+01    6.271638e-05
1.306790e+01    5.242608e-05
1.308012e+01    4.197920e-05
1.309233e+01    3.137140e-05
1.310454e+01    2.061129e-05
1.311676e+01    9.701649e-06
1.312897e+01    -1.337114e-06
1.314118e+01    -1.251110e-05
1.315340e+01    -2.380358e-05
1.316561e+01    -3.519961e-05
1.317782e+01    -4.670916e-05
1.319003e+01    -5.831922e-05
1.320225e+01    -7.000192e-05
1.321446e+01    -8.174899e-05
1.322667e+01    -9.358110e-05
1.323889e+01    -1.054739e-04
1.325110e+01    -1.174191e-04
1.326331e+01    -1.293938e-04
1.327553e+01    -1.414096e-04
1.328774e+01    -1.534599e-04
1.329995e+01    -1.655297e-04
1.331216e+01    -1.775883e-04
1.332438e+01    -1.896538e-04
1.333659e+01    -2.017083e-04
1.334880e+01    -2.137588e-04
1.336102e+01    -2.257754e-04
1.337323e+01    -2.377592e-04
1.338544e+01    -2.496963e-04
1.339766e+01    -2.615705e-04
1.340987e+01    -2.734129e-04
1.342208e+01    -2.851675e-04
1.343429e+01    -2.968500e-04
1.344651e+01    -3.084555e-04
1.345872e+01    -3.199608e-04
1.347093e+01    -3.313681e-04
1.348315e+01    -3.426732e-04
1.349536e+01    -3.538697e-04
1.350757e+01    -3.649307e-04
1.351978e+01    -3.758640e-04
1.353200e+01    -3.866680e-04
1.354421e+01    -3.973213e-04
1.355642e+01    -4.078334e-04
1.356864e+01    -4.181756e-04
1.358085e+01    -4.283561e-04
1.359306e+01    -4.383830e-04
1.360528e+01    -4.482292e-04
1.361749e+01    -4.578780e-04
1.362970e+01    -4.673458e-04
1.364192e+01    -4.766186e-04
1.365413e+01    -4.856932e-04
1.366634e+01    -4.945574e-04
1.367855e+01    -5.032075e-04
1.369077e+01    -5.116478e-04
1.370298e+01    -5.198595e-04
1.371519e+01    -5.278483e-04
1.372741e+01    -5.356037e-04
1.373962e+01    -5.431397e-04
1.375183e+01    -5.504283e-04
1.376404e+01    -5.574595e-04
1.377626e+01    -5.642562e-04
1.378847e+01    -5.707970e-04
1.380068e+01    -5.770760e-04
1.381290e+01    -5.831097e-04
1.382511e+01    -5.888743e-04
1.383732e+01    -5.943731e-04
1.384954e+01    -5.996083e-04
1.386175e+01    -6.045637e-04
1.387396e+01    -6.092506e-04
1.388618e+01    -6.136615e-04
1.389839e+01    -6.178118e-04
1.391060e+01    -6.216683e-04
1.392281e+01    -6.252484e-04
1.393503e+01    -6.285427e-04
1.394724e+01    -6.315568e-04
1.395945e+01    -6.342864e-04
1.397167e+01    -6.367275e-04
1.398388e+01    -6.388871e-04
1.399609e+01    -6.407521e-04
1.400830e+01    -6.423428e-04
1.402052e+01    -6.436291e-04
1.403273e+01    -6.446500e-04
1.404494e+01    -6.453650e-04
1.405716e+01    -6.458012e-04
1.406937e+01    -6.459434e-04
1.408158e+01    -6.458007e-04
1.409380e+01    -6.453767e-04
1.410601e+01    -6.446572e-04
1.411822e+01    -6.436584e-04
1.413043e+01    -6.423760e-04
1.414265e+01    -6.408121e-04
1.415486e+01    -6.389653e-04
1.416707e+01    -6.368380e-04
1.417929e+01    -6.344330e-04
1.419150e+01    -6.317192e-04
1.420371e+01    -6.287979e-04
1.421593e+01    -6.255712e-04
1.422814e+01    -6.220659e-04
1.424035e+01    -6.183013e-04
1.425256e+01    -6.142638e-04
1.426478e+01    -6.099692e-04
1.427699e+01    -6.054005e-04
1.428920e+01    -6.005777e-04
1.430142e+01    -5.955047e-04
1.431363e+01    -5.901663e-04
1.432584e+01    -5.845810e-04
1.433806e+01    -5.787452e-04
1.435027e+01    -5.726634e-04
1.436248e+01    -5.663372e-04
1.437469e+01    -5.597718e-04
1.438691e+01    -5.529643e-04
1.439912e+01    -5.459313e-04
1.441133e+01    -5.386528e-04
1.442355e+01    -5.311556e-04
1.443576e+01    -5.234319e-04
1.444797e+01    -5.154828e-04
1.446019e+01    -5.073190e-04
1.447240e+01    -4.989379e-04
1.448461e+01    -4.903361e-04
1.449682e+01    -4.815350e-04
1.450904e+01    -4.725239e-04
1.452125e+01    -4.633125e-04
1.453346e+01    -4.539033e-04
1.454568e+01    -4.442934e-04
1.455789e+01    -4.344841e-04
1.457010e+01    -4.245097e-04
1.458232e+01    -4.143308e-04
1.459453e+01    -4.039782e-04
1.460674e+01    -3.934438e-04
1.461895e+01    -3.827344e-04
1.463117e+01    -3.718486e-04
1.464338e+01    -3.607990e-04
1.465559e+01    -3.495872e-04
1.466781e+01    -3.382105e-04
1.468002e+01    -3.266828e-04
1.469223e+01    -3.149860e-04
1.470445e+01    -3.031516e-04
1.471666e+01    -2.911735e-04
1.472887e+01    -2.790350e-04
1.474109e+01    -2.667732e-04
1.475330e+01    -2.543562e-04
1.476551e+01    -2.418124e-04
1.477772e+01    -2.291367e-04
1.478994e+01    -2.163387e-04
1.480215e+01    -2.034145e-04
1.481436e+01    -1.903642e-04
1.482658e+01    -1.771960e-04
1.483879e+01    -1.639187e-04
1.485100e+01    -1.505300e-04
1.486321e+01    -1.370377e-04
1.487543e+01    -1.234298e-04
1.488764e+01    -1.097346e-04
1.489985e+01    -9.592663e-05
1.491207e+01    -8.203430e-05
1.492428e+01    -6.804586e-05
1.493649e+01    -5.398875e-05
1.494871e+01    -3.982912e-05
1.496092e+01    -2.557751e-05
1.497313e+01    -1.128443e-05
1.498534e+01    3.094232e-06
1.499756e+01    1.754396e-05
1.500977e+01    3.206824e-05
1.502198e+01    4.665084e-05
1.503420e+01    6.129680e-05
1.504641e+01    7.599039e-05
1.505862e+01    9.074100e-05
1.507084e+01    1.055391e-04
1.508305e+01    1.203883e-04
1.509526e+01    1.352717e-04
1.510747e+01    1.501853e-04
1.511969e+01    1.651531e-04
1.513190e+01    1.801395e-04
1.514411e+01    1.951568e-04
1.515633e+01    2.101963e-04
1.516854e+01    2.252548e-04
1.518075e+01    2.403300e-04
1.519297e+01    2.554203e-04
1.520518e+01    2.705079e-04
1.521739e+01    2.856078e-04
1.522960e+01    3.007089e-04
1.524182e+01    3.158028e-04
1.525403e+01    3.308897e-04
1.526624e+01    3.459641e-04
1.527846e+01    3.610273e-04
1.529067e+01    3.760636e-04
1.530288e+01    3.910741e-04
1.531509e+01    4.060550e-04
1.532731e+01    4.210095e-04
1.533952e+01    4.359189e-04
1.535173e+01    4.507891e-04
1.536395e+01    4.656085e-04
1.537616e+01    4.803786e-04
1.538837e+01    4.950932e-04
1.540059e+01    5.097418e-04
1.541280e+01    5.243336e-04
1.542501e+01    5.388410e-04
1.543723e+01    5.532830e-04
1.544944e+01    5.676422e-04
1.546165e+01    5.819126e-04
1.547386e+01    5.960951e-04
1.548608e+01    6.101861e-04
1.549829e+01    6.241790e-04
1.551050e+01    6.380491e-04
1.552272e+01    6.518250e-04
1.553493e+01    6.654888e-04
1.554714e+01    6.790183e-04
1.555935e+01    6.924304e-04
1.557157e+01    7.057033e-04
1.558378e+01    7.188476e-04
1.559599e+01    7.318521e-04
1.560821e+01    7.446984e-04
1.562042e+01    7.574006e-04
1.563263e+01    7.699452e-04
1.564485e+01    7.823211e-04
1.565706e+01    7.945352e-04
1.566927e+01    8.065673e-04
1.568149e+01    8.184215e-04
1.569370e+01    8.300846e-04
1.570591e+01    8.415677e-04
1.571812e+01    8.528841e-04
1.573034e+01    8.639207e-04
1.574255e+01    8.747983e-04
1.575476e+01    8.854574e-04
1.576698e+01    8.958987e-04
1.577919e+01    9.061132e-04
1.579140e+01    9.161000e-04
1.580362e+01    9.258534e-04
1.581583e+01    9.353629e-04
1.582804e+01    9.446278e-04
1.584025e+01    9.536387e-04
1.585247e+01    9.624079e-04
1.586468e+01    9.709101e-04
1.587689e+01    9.791430e-04
1.588911e+01    9.870951e-04
1.590132e+01    9.947995e-04
1.591353e+01    1.002211e-03
1.592575e+01    1.009336e-03
1.593796e+01    1.016176e-03
1.595017e+01    1.022718e-03
1.596238e+01    1.028965e-03
1.597460e+01    1.034914e-03
1.598681e+01    1.040550e-03
1.599902e+01    1.045871e-03
1.601124e+01    1.050881e-03
1.602345e+01    1.055580e-03
1.603566e+01    1.059947e-03
1.604787e+01    1.063987e-03
1.606009e+01    1.067704e-03
1.607230e+01    1.071082e-03
1.608451e+01    1.074123e-03
1.609673e+01    1.076824e-03
1.610894e+01    1.079204e-03
1.612115e+01    1.081205e-03
1.613337e+01    1.082869e-03
1.614558e+01    1.084190e-03
1.615779e+01    1.085153e-03
1.617001e+01    1.085761e-03
1.618222e+01    1.086009e-03
1.619443e+01    1.085916e-03
1.620664e+01    1.085442e-03
1.621886e+01    1.084612e-03
1.623107e+01    1.083424e-03
1.624328e+01    1.081869e-03
1.625550e+01    1.079955e-03
1.626771e+01    1.077674e-03
1.627992e+01    1.075030e-03
1.629214e+01    1.072022e-03
1.630435e+01    1.068641e-03
1.631656e+01    1.064898e-03
1.632877e+01    1.060798e-03
1.634099e+01    1.056315e-03
1.635320e+01    1.051496e-03
1.636541e+01    1.046302e-03
1.637763e+01    1.040749e-03
1.638984e+01    1.034843e-03
1.640205e+01    1.028568e-03
1.641426e+01    1.021943e-03
1.642648e+01    1.014968e-03
1.643869e+01    1.007641e-03
1.645090e+01    9.999586e-04
1.646312e+01    9.919332e-04
1.647533e+01    9.835635e-04
1.648754e+01    9.748540e-04
1.649976e+01    9.658181e-04
1.651197e+01    9.564332e-04
1.652418e+01    9.467223e-04
1.653639e+01    9.366868e-04
1.654861e+01    9.263341e-04
1.656082e+01    9.156550e-04
1.657303e+01    9.046711e-04
1.658525e+01    8.933791e-04
1.659746e+01    8.817862e-04
1.660967e+01    8.698835e-04
1.662189e+01    8.576996e-04
1.663410e+01    8.452180e-04
1.664631e+01    8.324703e-04
1.665853e+01    8.194377e-04
1.667074e+01    8.061320e-04
1.668295e+01    7.925744e-04
1.669516e+01    7.787521e-04
1.670738e+01    7.646824e-04
1.671959e+01    7.503646e-04
1.673180e+01    7.358136e-04
1.674402e+01    7.210275e-04
1.675623e+01    7.060210e-04
1.676844e+01    6.907971e-04
1.678065e+01    6.753608e-04
1.679287e+01    6.597293e-04
1.680508e+01    6.439002e-04
1.681729e+01    6.278774e-04
1.682951e+01    6.116746e-04
1.684172e+01    5.953067e-04
1.685393e+01    5.787663e-04
1.686615e+01    5.620736e-04
1.687836e+01    5.452314e-04
1.689057e+01    5.282585e-04
1.690278e+01    5.111330e-04
1.691500e+01    4.938963e-04
1.692721e+01    4.765363e-04
1.693942e+01    4.590672e-04
1.695164e+01    4.414982e-04
1.696385e+01    4.238393e-04
1.697606e+01    4.061097e-04
1.698828e+01    3.882815e-04
1.700049e+01    3.704058e-04
1.701270e+01    3.524560e-04
1.702491e+01    3.344617e-04
1.703713e+01    3.164232e-04
1.704934e+01    2.983577e-04
1.706155e+01    2.802612e-04
1.707377e+01    2.621543e-04
1.708598e+01    2.440292e-04
1.709819e+01    2.259026e-04
1.711040e+01    2.077774e-04
1.712262e+01    1.896969e-04
1.713483e+01    1.716146e-04
1.714705e+01    1.535695e-04
1.715926e+01    1.355725e-04
1.717147e+01    1.176097e-04
1.718368e+01    9.970151e-05
1.719590e+01    8.184154e-05
1.720811e+01    6.407440e-05
1.722032e+01    4.638097e-05
1.723254e+01    2.875201e-05
1.724475e+01    1.122716e-05
1.725696e+01    -6.198272e-06
1.726917e+01    -2.352505e-05
1.728139e+01    -4.073922e-05
1.729360e+01    -5.783279e-05
1.730581e+01    -7.478529e-05
1.731803e+01    -9.164006e-05
1.733024e+01    -1.083423e-04
1.734245e+01    -1.249037e-04
1.735467e+01    -1.413099e-04
1.736688e+01    -1.575652e-04
1.737909e+01    -1.736565e-04
1.739130e+01    -1.895784e-04
1.740352e+01    -2.053260e-04
1.741573e+01    -2.208920e-04
1.742794e+01    -2.362867e-04
1.744016e+01    -2.514898e-04
1.745237e+01    -2.664903e-04
1.746458e+01    -2.813019e-04
1.747680e+01    -2.959103e-04
1.748901e+01    -3.103017e-04
1.750122e+01    -3.244950e-04
1.751343e+01    -3.384597e-04
1.752565e+01    -3.522134e-04
1.753786e+01    -3.657477e-04
1.755007e+01    -3.790520e-04
1.756229e+01    -3.921155e-04
1.757450e+01    -4.049556e-04
1.758671e+01    -4.175597e-04
1.759892e+01    -4.299266e-04
1.761114e+01    -4.420436e-04
1.762335e+01    -4.539224e-04
1.763556e+01    -4.655593e-04
1.764778e+01    -4.769377e-04
1.765999e+01    -4.880676e-04
1.767220e+01    -4.989418e-04
1.768442e+01    -5.095602e-04
1.769663e+01    -5.199198e-04
1.770884e+01    -5.300264e-04
1.772106e+01    -5.398323e-04
1.773327e+01    -5.494510e-04
1.774548e+01    -5.587701e-04
1.775769e+01    -5.678227e-04
1.776991e+01    -5.766127e-04
1.778212e+01    -5.851360e-04
1.779433e+01    -5.933845e-04
1.780655e+01    -6.013836e-04
1.781876e+01    -6.090978e-04
1.783097e+01    -6.165479e-04
1.784319e+01    -6.237320e-04
1.785540e+01    -6.306317e-04
1.786761e+01    -6.372885e-04
1.787982e+01    -6.436646e-04
1.789204e+01    -6.497743e-04
1.790425e+01    -6.556170e-04
1.791646e+01    -6.611947e-04
1.792868e+01    -6.664958e-04
1.794089e+01    -6.715457e-04
1.795310e+01    -6.763187e-04
1.796531e+01    -6.808322e-04
1.797753e+01    -6.850829e-04
1.798974e+01    -6.890660e-04
1.800196e+01    -6.927850e-04
1.801417e+01    -6.962646e-04
1.802638e+01    -6.994557e-04
1.803859e+01    -7.024186e-04
1.805081e+01    -7.051034e-04
1.806302e+01    -7.075500e-04
1.807523e+01    -7.097200e-04
1.808744e+01    -7.116516e-04
1.809966e+01    -7.133280e-04
1.811187e+01    -7.147682e-04
1.812408e+01    -7.159357e-04
1.813630e+01    -7.168719e-04
1.814851e+01    -7.175597e-04
1.816072e+01    -7.180037e-04
1.817294e+01    -7.182048e-04
1.818515e+01    -7.181659e-04
1.819736e+01    -7.178916e-04
1.820958e+01    -7.173776e-04
1.822179e+01    -7.166337e-04
1.823400e+01    -7.156447e-04
1.824621e+01    -7.144398e-04
1.825843e+01    -7.129898e-04
1.827064e+01    -7.113206e-04
1.828285e+01    -7.094301e-04
1.829507e+01    -7.073198e-04
1.830728e+01    -7.049746e-04
1.831949e+01    -7.024125e-04
1.833171e+01    -6.996274e-04
1.834392e+01    -6.966422e-04
1.835613e+01    -6.934394e-04
1.836834e+01    -6.900124e-04
1.838056e+01    -6.863884e-04
1.839277e+01    -6.825660e-04
1.840498e+01    -6.785163e-04
1.841720e+01    -6.742770e-04
1.842941e+01    -6.698251e-04
1.844162e+01    -6.651973e-04
1.845383e+01    -6.603522e-04
1.846605e+01    -6.553167e-04
1.847826e+01    -6.500843e-04
1.849047e+01    -6.446646e-04
1.850269e+01    -6.390564e-04
1.851490e+01    -6.332608e-04
1.852711e+01    -6.272756e-04
1.853933e+01    -6.211194e-04
1.855154e+01    -6.147613e-04
1.856375e+01    -6.082315e-04
1.857596e+01    -6.015328e-04
1.858818e+01    -5.946436e-04
1.860039e+01    -5.875935e-04
1.861260e+01    -5.803693e-04
1.862482e+01    -5.729673e-04
1.863703e+01    -5.654152e-04
1.864924e+01    -5.576925e-04
1.866146e+01    -5.498076e-04
1.867367e+01    -5.417489e-04
1.868588e+01    -5.335540e-04
1.869810e+01    -5.251921e-04
1.871031e+01    -5.166775e-04
1.872252e+01    -5.080181e-04
1.873473e+01    -4.992047e-04
1.874695e+01    -4.902470e-04
1.875916e+01    -4.811520e-04
1.877137e+01    -4.719067e-04
1.878359e+01    -4.625290e-04
1.879580e+01    -4.530160e-04
1.880801e+01    -4.433729e-04
1.882022e+01    -4.336040e-04
1.883244e+01    -4.236926e-04
1.884465e+01    -4.136672e-04
1.885686e+01    -4.035193e-04
1.886908e+01    -3.932510e-04
1.888129e+01    -3.828644e-04
1.889350e+01    -3.723623e-04
1.890572e+01    -3.617629e-04
1.891793e+01    -3.510497e-04
1.893014e+01    -3.402289e-04
1.894235e+01    -3.293110e-04
1.895457e+01    -3.182928e-04
1.896678e+01    -3.071774e-04
1.897899e+01    -2.959827e-04
1.899121e+01    -2.846885e-04
1.900342e+01    -2.733110e-04
1.901563e+01    -2.618621e-04
1.902785e+01    -2.503353e-04
1.904006e+01    -2.387282e-04
1.905227e+01    -2.270563e-04
1.906449e+01    -2.153139e-04
1.907670e+01    -2.035189e-04
1.908891e+01    -1.916568e-04
1.910112e+01    -1.797548e-04
1.911334e+01    -1.677973e-04
1.912555e+01    -1.557869e-04
1.913776e+01    -1.437438e-04
1.914997e+01    -1.316677e-04
1.916219e+01    -1.195475e-04
1.917440e+01    -1.074037e-04
1.918661e+01    -9.523897e-05
1.919883e+01    -8.306047e-05
1.921104e+01    -7.086608e-05
1.922325e+01    -5.865667e-05
1.923547e+01    -4.644517e-05
1.924768e+01    -3.423239e-05
1.925989e+01    -2.202968e-05
1.927211e+01    -9.839307e-06
1.928432e+01    2.358865e-06
1.929653e+01    1.450567e-05
1.930874e+01    2.664368e-05
1.932096e+01    3.875053e-05
1.933317e+01    5.082169e-05
1.934538e+01    6.285281e-05
1.935760e+01    7.484143e-05
1.936981e+01    8.677732e-05
1.938202e+01    9.865634e-05
1.939424e+01    1.104898e-04
1.940645e+01    1.222388e-04
1.941866e+01    1.339350e-04
1.943087e+01    1.455284e-04
1.944309e+01    1.570533e-04
1.945530e+01    1.684951e-04
1.946751e+01    1.798364e-04
1.947973e+01    1.910897e-04
1.949194e+01    2.022325e-04
1.950415e+01    2.132695e-04
1.951637e+01    2.241864e-04
1.952858e+01    2.349901e-04
1.954079e+01    2.456688e-04
1.955301e+01    2.561935e-04
1.956522e+01    2.666335e-04
1.957743e+01    2.768977e-04
1.958964e+01    2.870368e-04
1.960186e+01    2.970081e-04
1.961407e+01    3.068242e-04
1.962628e+01    3.164895e-04
1.963849e+01    3.259890e-04
1.965071e+01    3.353207e-04
1.966292e+01    3.444694e-04
1.967513e+01    3.534469e-04
1.968735e+01    3.622295e-04
1.969956e+01    3.708302e-04
1.971177e+01    3.792431e-04
1.972399e+01    3.874456e-04
1.973620e+01    3.954602e-04
1.974841e+01    4.032650e-04
1.976063e+01    4.108658e-04
1.977284e+01    4.182373e-04
1.978505e+01    4.254000e-04
1.979726e+01    4.323432e-04
1.980948e+01    4.390634e-04
1.982169e+01    4.455356e-04
1.983390e+01    4.517992e-04
1.984612e+01    4.578140e-04
1.985833e+01    4.635875e-04
1.987054e+01    4.691244e-04
1.988276e+01    4.744118e-04
1.989497e+01    4.794421e-04
1.990718e+01    4.842442e-04
1.991939e+01    4.887849e-04
1.993161e+01    4.930678e-04
1.994382e+01    4.970899e-04
1.995603e+01    5.008525e-04
1.996825e+01    5.043533e-04
1.998046e+01    5.075947e-04
1.999267e+01    5.105697e-04
2.000488e+01    5.132738e-04
2.001710e+01    5.157219e-04
2.002931e+01    5.179134e-04
2.004152e+01    5.198068e-04
2.005374e+01    5.214277e-04
2.006595e+01    5.227982e-04
2.007816e+01    5.238837e-04
2.009038e+01    5.246901e-04
2.010259e+01    5.252364e-04
2.011480e+01    5.255297e-04
2.012702e+01    5.255278e-04
2.013923e+01    5.252601e-04
2.015144e+01    5.247238e-04
2.016365e+01    5.239196e-04
2.017587e+01    5.228408e-04
2.018808e+01    5.215026e-04
2.020029e+01    5.198959e-04
2.021251e+01    5.180198e-04
2.022472e+01    5.158822e-04
2.023693e+01    5.134997e-04
2.024915e+01    5.108293e-04
2.026136e+01    5.079169e-04
2.027357e+01    5.047477e-04
2.028578e+01    5.013266e-04
2.029800e+01    4.976508e-04
2.031021e+01    4.937340e-04
2.032242e+01    4.895698e-04
2.033464e+01    4.851598e-04
2.034685e+01    4.805262e-04
2.035906e+01    4.756575e-04
2.037127e+01    4.705314e-04
2.038349e+01    4.652080e-04
2.039570e+01    4.596420e-04
2.040791e+01    4.538669e-04
2.042013e+01    4.478725e-04
2.043234e+01    4.416540e-04
2.044455e+01    4.352417e-04
2.045677e+01    4.286243e-04
2.046898e+01    4.218051e-04
2.048119e+01    4.147997e-04
2.049340e+01    4.076003e-04
2.050562e+01    4.001915e-04
2.051783e+01    3.926502e-04
2.053004e+01    3.849082e-04
2.054226e+01    3.770027e-04
2.055447e+01    3.689264e-04
2.056668e+01    3.607020e-04
2.057890e+01    3.523169e-04
2.059111e+01    3.437865e-04
2.060332e+01    3.351147e-04
2.061554e+01    3.262954e-04
2.062775e+01    3.173463e-04
2.063996e+01    3.082718e-04
2.065217e+01    2.990845e-04
2.066439e+01    2.897814e-04
2.067660e+01    2.803962e-04
2.068881e+01    2.708463e-04
2.070103e+01    2.612340e-04
2.071324e+01    2.515226e-04
2.072545e+01    2.417292e-04
2.073767e+01    2.318584e-04
2.074988e+01    2.219226e-04
2.076209e+01    2.118934e-04
2.077430e+01    2.018205e-04
2.078652e+01    1.916892e-04
2.079873e+01    1.815000e-04
2.081094e+01    1.712546e-04
2.082316e+01    1.610041e-04
2.083537e+01    1.507098e-04
2.084758e+01    1.404017e-04
2.085979e+01    1.300258e-04
2.087201e+01    1.196608e-04
2.088422e+01    1.092838e-04
2.089643e+01    9.891126e-05
2.090865e+01    8.852500e-05
2.092086e+01    7.814920e-05
2.093307e+01    6.778492e-05
2.094529e+01    5.744022e-05
2.095750e+01    4.711430e-05
2.096971e+01    3.682348e-05
2.098192e+01    2.656474e-05
2.099414e+01    1.633445e-05
2.100635e+01    6.150884e-06
2.101856e+01    -3.976231e-06
2.103078e+01    -1.405583e-05
2.104299e+01    -2.409102e-05
2.105520e+01    -3.404690e-05
2.106742e+01    -4.394416e-05
2.107963e+01    -5.377209e-05
2.109184e+01    -6.351888e-05
2.110406e+01    -7.319018e-05
2.111627e+01    -8.279663e-05
2.112848e+01    -9.227369e-05
2.114069e+01    -1.016822e-04
2.115291e+01    -1.109918e-04
2.116512e+01    -1.201940e-04
2.117733e+01    -1.293135e-04
2.118955e+01    -1.383208e-04
2.120176e+01    -1.472071e-04
2.121397e+01    -1.559867e-04
2.122618e+01    -1.646462e-04
2.123840e+01    -1.731889e-04
2.125061e+01    -1.816180e-04
2.126282e+01    -1.899014e-04
2.127504e+01    -1.980653e-04
2.128725e+01    -2.060878e-04
2.129946e+01    -2.140054e-04
2.131168e+01    -2.217698e-04
2.132389e+01    -2.293985e-04
2.133610e+01    -2.368791e-04
2.134831e+01    -2.442159e-04
2.136053e+01    -2.514180e-04
2.137274e+01    -2.584671e-04
2.138495e+01    -2.653686e-04
2.139717e+01    -2.721279e-04
2.140938e+01    -2.787148e-04
2.142159e+01    -2.851740e-04
2.143381e+01    -2.914584e-04
2.144602e+01    -2.975946e-04
2.145823e+01    -3.035739e-04
2.147044e+01    -3.093890e-04
2.148266e+01    -3.150538e-04
2.149487e+01    -3.205562e-04
2.150708e+01    -3.258933e-04
2.151930e+01    -3.310746e-04
2.153151e+01    -3.360927e-04
2.154372e+01    -3.409418e-04
2.155593e+01    -3.456370e-04
2.156815e+01    -3.501601e-04
2.158036e+01    -3.545266e-04
2.159258e+01    -3.587302e-04
2.160479e+01    -3.627607e-04
2.161700e+01    -3.666320e-04
2.162921e+01    -3.703415e-04
2.164143e+01    -3.738866e-04
2.165364e+01    -3.772631e-04
2.166585e+01    -3.804801e-04
2.167807e+01    -3.835309e-04
2.169028e+01    -3.864216e-04
2.170249e+01    -3.891489e-04
2.171470e+01    -3.917066e-04
2.172692e+01    -3.941458e-04
2.173913e+01    -3.963500e-04
2.175134e+01    -3.984380e-04
2.176356e+01    -4.003500e-04
2.177577e+01    -4.021174e-04
2.178798e+01    -4.037182e-04
2.180020e+01    -4.051595e-04
2.181241e+01    -4.064462e-04
2.182462e+01    -4.075840e-04
2.183683e+01    -4.085589e-04
2.184905e+01    -4.093841e-04
2.186126e+01    -4.100223e-04
2.187347e+01    -4.105678e-04
2.188569e+01    -4.109383e-04
2.189790e+01    -4.111409e-04
2.191011e+01    -4.112149e-04
2.192233e+01    -4.111356e-04
2.193454e+01    -4.108998e-04
2.194675e+01    -4.105266e-04
2.195897e+01    -4.100034e-04
2.197118e+01    -4.093384e-04
2.198339e+01    -4.085406e-04
2.199560e+01    -4.075852e-04
2.200782e+01    -4.065030e-04
2.202003e+01    -4.052725e-04
2.203224e+01    -4.039163e-04
2.204445e+01    -4.024046e-04
2.205667e+01    -4.007659e-04
2.206888e+01    -3.989788e-04
2.208109e+01    -3.970928e-04
2.209331e+01    -3.950533e-04
2.210552e+01    -3.928929e-04
2.211773e+01    -3.905885e-04
2.212995e+01    -3.881652e-04
2.214216e+01    -3.856230e-04
2.215437e+01    -3.829345e-04
2.216659e+01    -3.801332e-04
2.217880e+01    -3.772126e-04
2.219101e+01    -3.741591e-04
2.220322e+01    -3.710042e-04
2.221544e+01    -3.677067e-04
2.222765e+01    -3.643096e-04
2.223986e+01    -3.607835e-04
2.225208e+01    -3.571437e-04
2.226429e+01    -3.534005e-04
2.227650e+01    -3.495344e-04
2.228872e+01    -3.455658e-04
2.230093e+01    -3.414853e-04
2.231314e+01    -3.372819e-04
2.232535e+01    -3.329877e-04
2.233757e+01    -3.285730e-04
2.234978e+01    -3.240747e-04
2.236199e+01    -3.194624e-04
2.237421e+01    -3.147513e-04
2.238642e+01    -3.099334e-04
2.239863e+01    -3.050125e-04
2.241084e+01    -3.000124e-04
2.242306e+01    -2.949000e-04
2.243527e+01    -2.897024e-04
2.244748e+01    -2.844042e-04
2.245970e+01    -2.790189e-04
2.247191e+01    -2.735341e-04
2.248412e+01    -2.679832e-04
2.249634e+01    -2.623308e-04
2.250855e+01    -2.565907e-04
2.252076e+01    -2.507757e-04
2.253297e+01    -2.448649e-04
2.254519e+01    -2.389326e-04
2.255740e+01    -2.328212e-04
2.256961e+01    -2.266800e-04
2.258183e+01    -2.204654e-04
2.259404e+01    -2.141804e-04
2.260625e+01    -2.078127e-04
2.261847e+01    -2.013770e-04
2.263068e+01    -1.948871e-04
2.264289e+01    -1.883157e-04
2.265511e+01    -1.816879e-04
2.266732e+01    -1.749913e-04
2.267953e+01    -1.682406e-04
2.269174e+01    -1.614363e-04
2.270396e+01    -1.545606e-04
2.271617e+01    -1.476444e-04
2.272838e+01    -1.406717e-04
2.274060e+01    -1.336501e-04
2.275281e+01    -1.265805e-04
2.276502e+01    -1.194617e-04
2.277724e+01    -1.122996e-04
2.278945e+01    -1.050998e-04
2.280166e+01    -9.786122e-05
2.281387e+01    -9.059004e-05
2.282609e+01    -8.328498e-05
2.283830e+01    -7.594295e-05
2.285051e+01    -6.857479e-05
2.286273e+01    -6.118329e-05
2.287494e+01    -5.376671e-05
2.288715e+01    -4.632480e-05
2.289936e+01    -3.886170e-05
2.291158e+01    -3.138772e-05
2.292379e+01    -2.389896e-05
2.293600e+01    -1.639704e-05
2.294822e+01    -8.884002e-06
2.296043e+01    -1.378823e-06
2.297264e+01    6.136252e-06
2.298486e+01    1.365627e-05
2.299707e+01    2.116355e-05
2.300928e+01    2.867554e-05
2.302150e+01    3.616308e-05
2.303371e+01    4.365738e-05
2.304592e+01    5.112705e-05
2.305813e+01    5.857705e-05
2.307035e+01    6.601529e-05
2.308256e+01    7.342506e-05
2.309477e+01    8.080370e-05
2.310699e+01    8.814677e-05
2.311920e+01    9.547308e-05
2.313141e+01    1.027501e-04
2.314363e+01    1.099890e-04
2.315584e+01    1.171975e-04
2.316805e+01    1.243451e-04
2.318026e+01    1.314455e-04
2.319248e+01    1.384938e-04
2.320469e+01    1.454946e-04
2.321690e+01    1.524325e-04
2.322912e+01    1.593161e-04
2.324133e+01    1.661314e-04
2.325354e+01    1.728756e-04
2.326575e+01    1.795508e-04
2.327797e+01    1.861601e-04
2.329018e+01    1.926858e-04
2.330239e+01    1.991336e-04
2.331461e+01    2.055011e-04
2.332682e+01    2.117846e-04
2.333903e+01    2.179822e-04
2.335125e+01    2.240815e-04
2.336346e+01    2.300853e-04
2.337567e+01    2.359989e-04
2.338788e+01    2.418077e-04
2.340010e+01    2.475175e-04
2.341231e+01    2.531217e-04
2.342452e+01    2.586232e-04
2.343674e+01    2.640039e-04
2.344895e+01    2.692775e-04
2.346116e+01    2.744262e-04
2.347338e+01    2.794705e-04
2.348559e+01    2.843892e-04
2.349780e+01    2.891796e-04
2.351002e+01    2.938394e-04
2.352223e+01    2.983834e-04
2.353444e+01    3.027917e-04
2.354665e+01    3.070643e-04
2.355887e+01    3.112164e-04
2.357108e+01    3.152097e-04
2.358329e+01    3.190656e-04
2.359550e+01    3.227968e-04
2.360772e+01    3.263818e-04
2.361993e+01    3.298197e-04
2.363214e+01    3.331315e-04
2.364436e+01    3.362598e-04
2.365657e+01    3.392606e-04
2.366878e+01    3.421055e-04
2.368100e+01    3.448008e-04
2.369321e+01    3.473386e-04
2.370542e+01    3.497308e-04
2.371764e+01    3.519679e-04
2.372985e+01    3.540307e-04
2.374206e+01    3.559612e-04
2.375427e+01    3.577227e-04
2.376649e+01    3.593083e-04
2.377870e+01    3.607729e-04
2.379091e+01    3.620502e-04
2.380313e+01    3.631841e-04
2.381534e+01    3.641419e-04
2.382755e+01    3.649400e-04
2.383977e+01    3.655842e-04
2.385198e+01    3.660680e-04
2.386419e+01    3.663818e-04
2.387640e+01    3.665352e-04
2.388862e+01    3.665278e-04
2.390083e+01    3.663611e-04
2.391304e+01    3.660272e-04
2.392526e+01    3.655390e-04
2.393747e+01    3.648901e-04
2.394968e+01    3.640807e-04
2.396189e+01    3.631135e-04
2.397411e+01    3.619897e-04
2.398632e+01    3.607114e-04
2.399854e+01    3.592673e-04
2.401075e+01    3.576739e-04
2.402296e+01    3.559345e-04
2.403517e+01    3.540209e-04
2.404739e+01    3.519861e-04
2.405960e+01    3.497922e-04
2.407181e+01    3.474591e-04
2.408403e+01    3.449481e-04
2.409624e+01    3.423134e-04
2.410845e+01    3.395287e-04
2.412066e+01    3.366066e-04
2.413288e+01    3.335458e-04
2.414509e+01    3.303424e-04
2.415730e+01    3.270083e-04
2.416952e+01    3.235582e-04
2.418173e+01    3.199399e-04
2.419394e+01    3.162113e-04
2.420616e+01    3.123521e-04
2.421837e+01    3.083703e-04
2.423058e+01    3.042628e-04
2.424279e+01    3.000976e-04
2.425501e+01    2.956929e-04
2.426722e+01    2.912345e-04
2.427943e+01    2.866615e-04
2.429165e+01    2.819958e-04
2.430386e+01    2.771973e-04
2.431607e+01    2.723038e-04
2.432829e+01    2.673017e-04
2.434050e+01    2.622165e-04
2.435271e+01    2.570375e-04
2.436492e+01    2.517426e-04
2.437714e+01    2.463596e-04
2.438935e+01    2.409017e-04
2.440156e+01    2.353646e-04
2.441378e+01    2.297385e-04
2.442599e+01    2.240299e-04
2.443820e+01    2.182570e-04
2.445041e+01    2.124090e-04
2.446263e+01    2.064822e-04
2.447484e+01    2.004983e-04
2.448705e+01    1.944472e-04
2.449927e+01    1.883428e-04
2.451148e+01    1.821892e-04
2.452369e+01    1.759563e-04
2.453591e+01    1.696863e-04
2.454812e+01    1.633722e-04
2.456033e+01    1.570125e-04
2.457255e+01    1.506014e-04
2.458476e+01    1.441613e-04
2.459697e+01    1.376828e-04
2.460918e+01    1.311745e-04
2.462140e+01    1.246443e-04
2.463361e+01    1.180834e-04
2.464582e+01    1.114677e-04
2.465804e+01    1.048784e-04
2.467025e+01    9.825666e-05
2.468246e+01    9.161033e-05
2.469468e+01    8.496037e-05
2.470689e+01    7.830121e-05
2.471910e+01    7.163454e-05
2.473131e+01    6.496464e-05
2.474353e+01    5.829829e-05
2.475574e+01    5.163523e-05
2.476795e+01    4.497130e-05
2.478017e+01    3.832646e-05
2.479238e+01    3.168444e-05
2.480459e+01    2.505656e-05
2.481680e+01    1.844086e-05
2.482902e+01    1.185243e-05
2.484123e+01    5.288166e-06
2.485344e+01    -1.259847e-06
2.486566e+01    -7.772382e-06
2.487787e+01    -1.426983e-05
2.489008e+01    -2.071941e-05
2.490230e+01    -2.715710e-05
2.491451e+01    -3.354243e-05
2.492672e+01    -3.988970e-05
2.493893e+01    -4.619974e-05
2.495115e+01    -5.246818e-05
2.496336e+01    -5.869377e-05
2.497557e+01    -6.487276e-05
2.498779e+01    -7.100152e-05
2.500000e+01    -7.708199e-05
