0.000000e+00    -4.382620e-01
1.221299e-02    -4.374620e-01
2.442599e-02    -4.350682e-01
3.663898e-02    -4.310985e-01
4.885198e-02    -4.255824e-01
6.106497e-02    -4.185612e-01
7.327797e-02    -4.100873e-01
8.549096e-02    -4.002240e-01
9.770396e-02    -3.890449e-01
1.099169e-01    -3.766333e-01
1.221299e-01    -3.630818e-01
1.343429e-01    -3.484914e-01
1.465559e-01    -3.329706e-01
1.587689e-01    -3.166351e-01
1.709819e-01    -2.996062e-01
1.831949e-01    -2.820107e-01
1.954079e-01    -2.639794e-01
2.076209e-01    -2.456462e-01
2.198339e-01    -2.271476e-01
2.320469e-01    -2.086210e-01
2.442599e-01    -1.902045e-01
2.564729e-01    -1.720351e-01
2.686859e-01    -1.542488e-01
2.808989e-01    -1.369786e-01
2.931119e-01    -1.203544e-01
3.053249e-01    -1.045017e-01
3.175378e-01    -8.954117e-02
3.297509e-01    -7.558741e-02
3.419639e-01    -6.274880e-02
3.541768e-01    -5.112652e-02
3.663898e-01    -4.081393e-02
3.786028e-01    -3.189643e-02
3.908158e-01    -2.445053e-02
4.030288e-01    -1.854389e-02
4.152418e-01    -1.423478e-02
4.274548e-01    -1.157201e-02
4.396678e-01    -1.059468e-02
4.518808e-01    -1.133212e-02
4.640938e-01    -1.380390e-02
4.763068e-01    -1.801987e-02
4.885198e-01    -2.398022e-02
5.007328e-01    -3.167586e-02
5.129458e-01    -4.108845e-02
5.251588e-01    -5.219078e-02
5.373718e-01    -6.494718e-02
5.495847e-01    -7.931384e-02
5.617977e-01    -9.523925e-02
5.740107e-01    -1.126647e-01
5.862237e-01    -1.315249e-01
5.984367e-01    -1.517483e-01
6.106497e-01    -1.732578e-01
6.228627e-01    -1.959714e-01
6.350757e-01    -2.198025e-01
6.472887e-01    -2.446610e-01
6.595017e-01    -2.704535e-01
6.717147e-01    -2.970839e-01
6.839277e-01    -3.244542e-01
6.961407e-01    -3.524650e-01
7.083537e-01    -3.810164e-01
7.205667e-01    -4.100080e-01
7.327797e-01    -4.393398e-01
7.449927e-01    -4.689127e-01
7.572057e-01    -4.986289e-01
7.694187e-01    -5.283926e-01
7.816316e-01    -5.581101e-01
7.938446e-01    -5.876905e-01
8.060576e-01    -6.170461e-01
8.182706e-01    -6.460923e-01
8.304836e-01    -6.747485e-01
8.426966e-01    -7.029384e-01
8.549096e-01    -7.305894e-01
8.671226e-01    -7.576338e-01
8.793356e-01    -7.840084e-01
8.915486e-01    -8.096550e-01
9.037616e-01    -8.345200e-01
9.159746e-01    -8.585551e-01
9.281876e-01    -8.817166e-01
9.404006e-01    -9.039664e-01
9.526136e-01    -9.252711e-01
9.648266e-01    -9.456022e-01
9.770396e-01    -9.649364e-01
9.892526e-01    -9.832550e-01
1.001466e+00    -1.000544e+00
1.013679e+00    -1.016794e+00
1.025892e+00    -1.032000e+00
1.038105e+00    -1.046161e+00
1.050318e+00    -1.059281e+00
1.062531e+00    -1.071367e+00
1.074744e+00    -1.082428e+00
1.086957e+00    -1.092480e+00
1.099169e+00    -1.101539e+00
1.111382e+00    -1.109626e+00
1.123595e+00    -1.116764e+00
1.135808e+00    -1.122977e+00
1.148021e+00    -1.128293e+00
1.160234e+00    -1.132742e+00
1.172447e+00    -1.136355e+00
1.184660e+00    -1.139163e+00
1.196873e+00    -1.141202e+00
1.209086e+00    -1.142505e+00
1.221299e+00    -1.143108e+00
1.233512e+00    -1.143048e+00
1.245725e+00    -1.142360e+00
1.257938e+00    -1.141082e+00
1.270151e+00    -1.139250e+00
1.282364e+00    -1.136900e+00
1.294577e+00    -1.134068e+00
1.306790e+00    -1.130790e+00
1.319003e+00    -1.127101e+00
1.331216e+00    -1.123034e+00
1.343429e+00    -1.118622e+00
1.355642e+00    -1.113899e+00
1.367855e+00    -1.108893e+00
1.380068e+00    -1.103636e+00
1.392281e+00    -1.098155e+00
1.404494e+00    -1.092478e+00
1.416707e+00    -1.086630e+00
1.428920e+00    -1.080636e+00
1.441133e+00    -1.074517e+00
1.453346e+00    -1.068296e+00
1.465559e+00    -1.061991e+00
1.477772e+00    -1.055621e+00
1.489985e+00    -1.049203e+00
1.502198e+00    -1.042752e+00
1.514411e+00    -1.036282e+00
1.526624e+00    -1.029804e+00
1.538837e+00    -1.023330e+00
1.551050e+00    -1.016870e+00
1.563263e+00    -1.010430e+00
1.575476e+00    -1.004019e+00
1.587689e+00    -9.976417e-01
1.599902e+00    -9.913026e-01
1.612115e+00    -9.850053e-01
1.624328e+00    -9.787520e-01
1.636541e+00    -9.725443e-01
1.648754e+00    -9.663825e-01
1.660967e+00    -9.602662e-01
1.673180e+00    -9.541945e-01
1.685393e+00    -9.481654e-01
1.697606e+00    -9.421765e-01
1.709819e+00    -9.362246e-01
1.722032e+00    -9.303063e-01
1.734245e+00    -9.244176e-01
1.746458e+00    -9.185543e-01
1.758671e+00    -9.127116e-01
1.770884e+00    -9.068847e-01
1.783097e+00    -9.010684e-01
1.795310e+00    -8.952576e-01
1.807523e+00    -8.894467e-01
1.819736e+00    -8.836310e-01
1.831949e+00    -8.778046e-01
1.844162e+00    -8.719626e-01
1.856375e+00    -8.660998e-01
1.868588e+00    -8.602110e-01
1.880801e+00    -8.542916e-01
1.893014e+00    -8.483368e-01
1.905227e+00    -8.423424e-01
1.917440e+00    -8.363039e-01
1.929653e+00    -8.302178e-01
1.941866e+00    -8.240805e-01
1.954079e+00    -8.178887e-01
1.966292e+00    -8.116393e-01
1.978505e+00    -8.053302e-01
1.990718e+00    -7.989588e-01
2.002931e+00    -7.925236e-01
2.015144e+00    -7.860226e-01
2.027357e+00    -7.794551e-01
2.039570e+00    -7.728202e-01
2.051783e+00    -7.661173e-01
2.063996e+00    -7.593467e-01
2.076209e+00    -7.525082e-01
2.088422e+00    -7.456027e-01
2.100635e+00    -7.386310e-01
2.112848e+00    -7.315944e-01
2.125061e+00    -7.244944e-01
2.137274e+00    -7.173327e-01
2.149487e+00    -7.101114e-01
2.161700e+00    -7.028328e-01
2.173913e+00    -6.954996e-01
2.186126e+00    -6.881145e-01
2.198339e+00    -6.806802e-01
2.210552e+00    -6.732001e-01
2.222765e+00    -6.656774e-01
2.234978e+00    -6.581157e-01
2.247191e+00    -6.505185e-01
2.259404e+00    -6.428895e-01
2.271617e+00    -6.352323e-01
2.283830e+00    -6.275510e-01
2.296043e+00    -6.198494e-01
2.308256e+00    -6.121315e-01
2.320469e+00    -6.044012e-01
2.332682e+00    -5.966627e-01
2.344895e+00    -5.889198e-01
2.357108e+00    -5.811765e-01
2.369321e+00    -5.734367e-01
2.381534e+00    -5.657045e-01
2.393747e+00    -5.579837e-01
2.405960e+00    -5.502778e-01
2.418173e+00    -5.425909e-01
2.430386e+00    -5.349264e-01
2.442599e+00    -5.272878e-01
2.454812e+00    -5.196787e-01
2.467025e+00    -5.121023e-01
2.479238e+00    -5.045618e-01
2.491451e+00    -4.970604e-01
2.503664e+00    -4.896009e-01
2.515877e+00    -4.821863e-01
2.528090e+00    -4.748192e-01
2.540303e+00    -4.675023e-01
2.552516e+00    -4.602379e-01
2.564729e+00    -4.530285e-01
2.576942e+00    -4.458761e-01
2.589155e+00    -4.387828e-01
2.601368e+00    -4.317506e-01
2.613581e+00    -4.247810e-01
2.625794e+00    -4.178760e-01
2.638007e+00    -4.110370e-01
2.650220e+00    -4.042654e-01
2.662433e+00    -3.975624e-01
2.674646e+00    -3.909292e-01
2.686859e+00    -3.843668e-01
2.699072e+00    -3.778761e-01
2.711285e+00    -3.714581e-01
2.723498e+00    -3.651132e-01
2.735711e+00    -3.588422e-01
2.747924e+00    -3.526457e-01
2.760137e+00    -3.465240e-01
2.772350e+00    -3.404774e-01
2.784563e+00    -3.345063e-01
2.796776e+00    -3.286108e-01
2.808989e+00    -3.227910e-01
2.821202e+00    -3.170469e-01
2.833415e+00    -3.113786e-01
2.845628e+00    -3.057860e-01
2.857841e+00    -3.002688e-01
2.870054e+00    -2.948269e-01
2.882267e+00    -2.894603e-01
2.894480e+00    -2.841684e-01
2.906693e+00    -2.789510e-01
2.918906e+00    -2.738078e-01
2.931119e+00    -2.687384e-01
2.943332e+00    -2.637424e-01
2.955545e+00    -2.588193e-01
2.967758e+00    -2.539687e-01
2.979971e+00    -2.491902e-01
2.992184e+00    -2.444831e-01
3.004397e+00    -2.398471e-01
3.016610e+00    -2.352816e-01
3.028823e+00    -2.307861e-01
3.041036e+00    -2.263600e-01
3.053249e+00    -2.220027e-01
3.065462e+00    -2.177139e-01
3.077675e+00    -2.134928e-01
3.089888e+00    -2.093389e-01
3.102101e+00    -2.052517e-01
3.114314e+00    -2.012306e-01
3.126527e+00    -1.972750e-01
3.138740e+00    -1.933843e-01
3.150953e+00    -1.895580e-01
3.163166e+00    -1.857956e-01
3.175379e+00    -1.820964e-01
3.187592e+00    -1.784599e-01
3.199805e+00    -1.748855e-01
3.212018e+00    -1.713726e-01
3.224231e+00    -1.679208e-01
3.236444e+00    -1.645293e-01
3.248657e+00    -1.611977e-01
3.260870e+00    -1.579254e-01
3.273082e+00    -1.547118e-01
3.285295e+00    -1.515564e-01
3.297508e+00    -1.484585e-01
3.309721e+00    -1.454176e-01
3.321934e+00    -1.424332e-01
3.334147e+00    -1.395046e-01
3.346360e+00    -1.366313e-01
3.358573e+00    -1.338127e-01
3.370786e+00    -1.310481e-01
3.382999e+00    -1.283371e-01
3.395212e+00    -1.256789e-01
3.407425e+00    -1.230731e-01
3.419638e+00    -1.205190e-01
3.431851e+00    -1.180160e-01
3.444064e+00    -1.155635e-01
3.456277e+00    -1.131608e-01
3.468490e+00    -1.108074e-01
3.480703e+00    -1.085026e-01
3.492916e+00    -1.062457e-01
3.505129e+00    -1.040363e-01
3.517342e+00    -1.018735e-01
3.529555e+00    -9.975671e-02
3.541768e+00    -9.768536e-02
3.553981e+00    -9.565875e-02
3.566194e+00    -9.367621e-02
3.578407e+00    -9.173708e-02
3.590620e+00    -8.984072e-02
3.602833e+00    -8.798641e-02
3.615046e+00    -8.617350e-02
3.627259e+00    -8.440132e-02
3.639472e+00    -8.266921e-02
3.651685e+00    -8.097640e-02
3.663898e+00    -7.932232e-02
3.676111e+00    -7.770624e-02
3.688324e+00    -7.612749e-02
3.700537e+00    -7.458536e-02
3.712750e+00    -7.307924e-02
3.724963e+00    -7.160837e-02
3.737176e+00    -7.017212e-02
3.749389e+00    -6.876981e-02
3.761602e+00    -6.740078e-02
3.773815e+00    -6.606434e-02
3.786028e+00    -6.475985e-02
3.798241e+00    -6.348664e-02
3.810454e+00    -6.224408e-02
3.822667e+00    -6.103151e-02
3.834880e+00    -5.984828e-02
3.847093e+00    -5.869379e-02
3.859306e+00    -5.756740e-02
3.871519e+00    -5.646848e-02
3.883732e+00    -5.539647e-02
3.895945e+00    -5.435071e-02
3.908158e+00    -5.333066e-02
3.920371e+00    -5.233571e-02
3.932584e+00    -5.136530e-02
3.944797e+00    -5.041888e-02
3.957010e+00    -4.949588e-02
3.969223e+00    -4.859577e-02
3.981436e+00    -4.771803e-02
3.993649e+00    -4.686213e-02
4.005862e+00    -4.602756e-02
4.018075e+00    -4.521386e-02
4.030288e+00    -4.442047e-02
4.042501e+00    -4.364699e-02
4.054714e+00    -4.289290e-02
4.066927e+00    -4.215782e-02
4.079140e+00    -4.144122e-02
4.091353e+00    -4.074275e-02
4.103566e+00    -4.006195e-02
4.115779e+00    -3.939844e-02
4.127992e+00    -3.875179e-02
4.140205e+00    -3.812166e-02
4.152418e+00    -3.750763e-02
4.164631e+00    -3.690939e-02
4.176844e+00    -3.632653e-02
4.189057e+00    -3.575875e-02
4.201270e+00    -3.520573e-02
4.213483e+00    -3.466710e-02
4.225696e+00    -3.414260e-02
4.237909e+00    -3.363188e-02
4.250122e+00    -3.313470e-02
4.262335e+00    -3.265071e-02
4.274548e+00    -3.217970e-02
4.286761e+00    -3.172136e-02
4.298974e+00    -3.127546e-02
4.311187e+00    -3.084172e-02
4.323400e+00    -3.041993e-02
4.335613e+00    -3.000980e-02
4.347826e+00    -2.961116e-02
4.360039e+00    -2.922374e-02
4.372252e+00    -2.884736e-02
4.384465e+00    -2.848177e-02
4.396678e+00    -2.812681e-02
4.408891e+00    -2.778223e-02
4.421104e+00    -2.744787e-02
4.433317e+00    -2.712352e-02
4.445530e+00    -2.680900e-02
4.457743e+00    -2.650412e-02
4.469956e+00    -2.620872e-02
4.482169e+00    -2.592259e-02
4.494382e+00    -2.564559e-02
4.506595e+00    -2.537754e-02
4.518808e+00    -2.511827e-02
4.531021e+00    -2.486761e-02
4.543234e+00    -2.462542e-02
4.555447e+00    -2.439152e-02
4.567660e+00    -2.416576e-02
4.579873e+00    -2.394798e-02
4.592086e+00    -2.373804e-02
4.604299e+00    -2.353576e-02
4.616512e+00    -2.334102e-02
4.628725e+00    -2.315364e-02
4.640938e+00    -2.297350e-02
4.653151e+00    -2.280043e-02
4.665364e+00    -2.263428e-02
4.677577e+00    -2.247490e-02
4.689790e+00    -2.232217e-02
4.702003e+00    -2.217592e-02
4.714216e+00    -2.203600e-02
4.726429e+00    -2.190226e-02
4.738642e+00    -2.177457e-02
4.750855e+00    -2.165277e-02
4.763068e+00    -2.153672e-02
4.775281e+00    -2.142627e-02
4.787494e+00    -2.132127e-02
4.799707e+00    -2.122157e-02
4.811920e+00    -2.112703e-02
4.824133e+00    -2.103749e-02
4.836346e+00    -2.095280e-02
4.848559e+00    -2.087282e-02
4.860772e+00    -2.079739e-02
4.872985e+00    -2.072637e-02
4.885198e+00    -2.065961e-02
4.897411e+00    -2.059695e-02
4.909624e+00    -2.053824e-02
4.921837e+00    -2.048333e-02
4.934050e+00    -2.043208e-02
4.946263e+00    -2.038434e-02
4.958476e+00    -2.033994e-02
4.970689e+00    -2.029874e-02
4.982902e+00    -2.026059e-02
4.995115e+00    -2.022534e-02
5.007328e+00    -2.019283e-02
5.019541e+00    -2.016293e-02
5.031754e+00    -2.013547e-02
5.043967e+00    -2.011030e-02
5.056180e+00    -2.008729e-02
5.068393e+00    -2.006628e-02
5.080606e+00    -2.004712e-02
5.092819e+00    -2.002966e-02
5.105031e+00    -2.001376e-02
5.117245e+00    -1.999928e-02
5.129457e+00    -1.998606e-02
5.141671e+00    -1.997397e-02
5.153883e+00    -1.996286e-02
5.166097e+00    -1.995259e-02
5.178309e+00    -1.994302e-02
5.190523e+00    -1.993401e-02
5.202735e+00    -1.992542e-02
5.214949e+00    -1.991712e-02
5.227162e+00    -1.990897e-02
5.239375e+00    -1.990084e-02
5.251588e+00    -1.989260e-02
5.263801e+00    -1.988412e-02
5.276014e+00    -1.987526e-02
5.288227e+00    -1.986592e-02
5.300440e+00    -1.985596e-02
5.312653e+00    -1.984526e-02
5.324866e+00    -1.983371e-02
5.337079e+00    -1.982118e-02
5.349292e+00    -1.980757e-02
5.361505e+00    -1.979276e-02
5.373718e+00    -1.977664e-02
5.385931e+00    -1.975911e-02
5.398144e+00    -1.974007e-02
5.410357e+00    -1.971941e-02
5.422570e+00    -1.969704e-02
5.434783e+00    -1.967286e-02
5.446996e+00    -1.964678e-02
5.459208e+00    -1.961871e-02
5.471422e+00    -1.958856e-02
5.483634e+00    -1.955626e-02
5.495848e+00    -1.952172e-02
5.508060e+00    -1.948486e-02
5.520274e+00    -1.944562e-02
5.532486e+00    -1.940392e-02
5.544700e+00    -1.935970e-02
5.556912e+00    -1.931289e-02
5.569126e+00    -1.926343e-02
5.581338e+00    -1.921127e-02
5.593552e+00    -1.915636e-02
5.605764e+00    -1.909863e-02
5.617978e+00    -1.903806e-02
5.630190e+00    -1.897460e-02
5.642404e+00    -1.890819e-02
5.654616e+00    -1.883883e-02
5.666830e+00    -1.876646e-02
5.679042e+00    -1.869107e-02
5.691256e+00    -1.861262e-02
5.703468e+00    -1.853110e-02
5.715682e+00    -1.844649e-02
5.727894e+00    -1.835878e-02
5.740108e+00    -1.826795e-02
5.752320e+00    -1.817401e-02
5.764534e+00    -1.807695e-02
5.776746e+00    -1.797676e-02
5.788960e+00    -1.787345e-02
5.801172e+00    -1.776705e-02
5.813385e+00    -1.765752e-02
5.825598e+00    -1.754493e-02
5.837811e+00    -1.742926e-02
5.850024e+00    -1.731056e-02
5.862237e+00    -1.718882e-02
5.874450e+00    -1.706410e-02
5.886663e+00    -1.693640e-02
5.898876e+00    -1.680578e-02
5.911089e+00    -1.667227e-02
5.923302e+00    -1.653590e-02
5.935515e+00    -1.639672e-02
5.947728e+00    -1.625478e-02
5.959941e+00    -1.611011e-02
5.972154e+00    -1.596278e-02
5.984367e+00    -1.581283e-02
5.996580e+00    -1.566033e-02
6.008793e+00    -1.550531e-02
6.021006e+00    -1.534787e-02
6.033219e+00    -1.518804e-02
6.045432e+00    -1.502590e-02
6.057645e+00    -1.486152e-02
6.069858e+00    -1.469497e-02
6.082071e+00    -1.452631e-02
6.094284e+00    -1.435562e-02
6.106497e+00    -1.418298e-02
6.118710e+00    -1.400847e-02
6.130923e+00    -1.383215e-02
6.143136e+00    -1.365412e-02
6.155349e+00    -1.347444e-02
6.167562e+00    -1.329322e-02
6.179775e+00    -1.311052e-02
6.191988e+00    -1.292644e-02
6.204201e+00    -1.274105e-02
6.216414e+00    -1.255446e-02
6.228627e+00    -1.236673e-02
6.240840e+00    -1.217797e-02
6.253053e+00    -1.198826e-02
6.265266e+00    -1.179767e-02
6.277479e+00    -1.160633e-02
6.289692e+00    -1.141431e-02
6.301905e+00    -1.122169e-02
6.314118e+00    -1.102857e-02
6.326331e+00    -1.083504e-02
6.338544e+00    -1.064118e-02
6.350757e+00    -1.044710e-02
6.362970e+00    -1.025286e-02
6.375183e+00    -1.005857e-02
6.387396e+00    -9.864327e-03
6.399609e+00    -9.670197e-03
6.411822e+00    -9.476264e-03
6.424035e+00    -9.282640e-03
6.436248e+00    -9.089384e-03
6.448461e+00    -8.896601e-03
6.460674e+00    -8.704361e-03
6.472887e+00    -8.512762e-03
6.485100e+00    -8.321862e-03
6.497313e+00    -8.131765e-03
6.509526e+00    -7.942531e-03
6.521739e+00    -7.754255e-03
6.533952e+00    -7.566999e-03
6.546165e+00    -7.380845e-03
6.558378e+00    -7.195860e-03
6.570591e+00    -7.012123e-03
6.582804e+00    -6.829700e-03
6.595017e+00    -6.648663e-03
6.607230e+00    -6.469063e-03
6.619443e+00    -6.290989e-03
6.631656e+00    -6.114476e-03
6.643869e+00    -5.939607e-03
6.656082e+00    -5.766425e-03
6.668295e+00    -5.595000e-03
6.680508e+00    -5.425374e-03
6.692721e+00    -5.257610e-03
6.704934e+00    -5.091752e-03
6.717147e+00    -4.927841e-03
6.729360e+00    -4.765932e-03
6.741573e+00    -4.606073e-03
6.753786e+00    -4.448295e-03
6.765999e+00    -4.292645e-03
6.778212e+00    -4.139156e-03
6.790425e+00    -3.987870e-03
6.802638e+00    -3.838808e-03
6.814851e+00    -3.692012e-03
6.827064e+00    -3.547498e-03
6.839277e+00    -3.405313e-03
6.851490e+00    -3.265455e-03
6.863703e+00    -3.127973e-03
6.875916e+00    -2.992868e-03
6.888129e+00    -2.860161e-03
6.900342e+00    -2.729874e-03
6.912555e+00    -2.602012e-03
6.924768e+00    -2.476591e-03
6.936981e+00    -2.353624e-03
6.949194e+00    -2.233102e-03
6.961407e+00    -2.115058e-03
6.973620e+00    -1.999471e-03
6.985833e+00    -1.886352e-03
6.998046e+00    -1.775692e-03
7.010259e+00    -1.667501e-03
7.022472e+00    -1.561761e-03
7.034685e+00    -1.458477e-03
7.046898e+00    -1.357630e-03
7.059111e+00    -1.259221e-03
7.071324e+00    -1.163228e-03
7.083537e+00    -1.069642e-03
7.095750e+00    -9.784563e-04
7.107963e+00    -8.896295e-04
7.120176e+00    -8.031657e-04
7.132389e+00    -7.190465e-04
7.144602e+00    -6.372296e-04
7.156815e+00    -5.577171e-04
7.169028e+00    -4.804720e-04
7.181241e+00    -4.054724e-04
7.193454e+00    -3.326927e-04
7.205667e+00    -2.621067e-04
7.217880e+00    -1.936813e-04
7.230093e+00    -1.273921e-04
7.242306e+00    -6.320873e-05
7.254519e+00    -1.100492e-06
7.266732e+00    5.896523e-05
7.278944e+00    1.170252e-04
7.291158e+00    1.731105e-04
7.303371e+00    2.272511e-04
7.315584e+00    2.794838e-04
7.327797e+00    3.298480e-04
7.340010e+00    3.783732e-04
7.352223e+00    4.251088e-04
7.364436e+00    4.700726e-04
7.376649e+00    5.133154e-04
7.388862e+00    5.548727e-04
7.401075e+00    5.947566e-04
7.413288e+00    6.330770e-04
7.425501e+00    6.698071e-04
7.437714e+00    7.049889e-04
7.449927e+00    7.386791e-04
7.462140e+00    7.709232e-04
7.474353e+00    8.017457e-04
7.486566e+00    8.311819e-04
7.498779e+00    8.592646e-04
7.510992e+00    8.860707e-04
7.523205e+00    9.115956e-04
7.535418e+00    9.358898e-04
7.547631e+00    9.589950e-04
7.559844e+00    9.809418e-04
7.572057e+00    1.001776e-03
7.584270e+00    1.021519e-03
7.596483e+00    1.040222e-03
7.608696e+00    1.057904e-03
7.620909e+00    1.074611e-03
7.633121e+00    1.090373e-03
7.645335e+00    1.105225e-03
7.657547e+00    1.119195e-03
7.669761e+00    1.132322e-03
7.681973e+00    1.144632e-03
7.694187e+00    1.156153e-03
7.706399e+00    1.166927e-03
7.718613e+00    1.176967e-03
7.730825e+00    1.186313e-03
7.743039e+00    1.194990e-03
7.755251e+00    1.203026e-03
7.767465e+00    1.210448e-03
7.779677e+00    1.217272e-03
7.791891e+00    1.223537e-03
7.804103e+00    1.229258e-03
7.816317e+00    1.234467e-03
7.828529e+00    1.239170e-03
7.840743e+00    1.243402e-03
7.852955e+00    1.247180e-03
7.865169e+00    1.250519e-03
7.877381e+00    1.253448e-03
7.889595e+00    1.255980e-03
7.901807e+00    1.258133e-03
7.914021e+00    1.259912e-03
7.926233e+00    1.261343e-03
7.938447e+00    1.262441e-03
7.950659e+00    1.263209e-03
7.962873e+00    1.263686e-03
7.975085e+00    1.263862e-03
7.987298e+00    1.263748e-03
7.999511e+00    1.263354e-03
8.011724e+00    1.262704e-03
8.023937e+00    1.261797e-03
8.036150e+00    1.260641e-03
8.048364e+00    1.259241e-03
8.060576e+00    1.257611e-03
8.072789e+00    1.255754e-03
8.085002e+00    1.253674e-03
8.097216e+00    1.251384e-03
8.109428e+00    1.248866e-03
8.121641e+00    1.246149e-03
8.133854e+00    1.243223e-03
8.146068e+00    1.240098e-03
8.158280e+00    1.236768e-03
8.170493e+00    1.233237e-03
8.182706e+00    1.229508e-03
8.194920e+00    1.225584e-03
8.207132e+00    1.221460e-03
8.219345e+00    1.217140e-03
8.231558e+00    1.212617e-03
8.243772e+00    1.207893e-03
8.255984e+00    1.202970e-03
8.268197e+00    1.197843e-03
8.280410e+00    1.192514e-03
8.292624e+00    1.186972e-03
8.304836e+00    1.181220e-03
8.317049e+00    1.175257e-03
8.329262e+00    1.169078e-03
8.341475e+00    1.162678e-03
8.353688e+00    1.156056e-03
8.365901e+00    1.149208e-03
8.378115e+00    1.142129e-03
8.390327e+00    1.134812e-03
8.402540e+00    1.127272e-03
8.414753e+00    1.119468e-03
8.426967e+00    1.111432e-03
8.439179e+00    1.103145e-03
8.451392e+00    1.094606e-03
8.463605e+00    1.085811e-03
8.475819e+00    1.076752e-03
8.488031e+00    1.067434e-03
8.500244e+00    1.057854e-03
8.512457e+00    1.047999e-03
8.524671e+00    1.037869e-03
8.536883e+00    1.027476e-03
8.549096e+00    1.016795e-03
8.561309e+00    1.005840e-03
8.573523e+00    9.946027e-04
8.585735e+00    9.830822e-04
8.597948e+00    9.712889e-04
8.610161e+00    9.591865e-04
8.622375e+00    9.468073e-04
8.634587e+00    9.341354e-04
8.646800e+00    9.211840e-04
8.659013e+00    9.079429e-04
8.671227e+00    8.944107e-04
8.683439e+00    8.805889e-04
8.695652e+00    8.664779e-04
8.707865e+00    8.520880e-04
8.720078e+00    8.374102e-04
8.732291e+00    8.224463e-04
8.744504e+00    8.072047e-04
8.756717e+00    7.916858e-04
8.768930e+00    7.758879e-04
8.781143e+00    7.598185e-04
8.793356e+00    7.434885e-04
8.805569e+00    7.268783e-04
8.817782e+00    7.100107e-04
8.829995e+00    6.928907e-04
8.842208e+00    6.755241e-04
8.854421e+00    6.579066e-04
8.866634e+00    6.400502e-04
8.878847e+00    6.219622e-04
8.891060e+00    6.036483e-04
8.903273e+00    5.851025e-04
8.915486e+00    5.663624e-04
8.927699e+00    5.474084e-04
8.939912e+00    5.282569e-04
8.952125e+00    5.089119e-04
8.964338e+00    4.893937e-04
8.976551e+00    4.696968e-04
8.988764e+00    4.498374e-04
9.000977e+00    4.298325e-04
9.013190e+00    4.096668e-04
9.025403e+00    3.893789e-04
9.037616e+00    3.689578e-04
9.049829e+00    3.484290e-04
9.062042e+00    3.277824e-04
9.074255e+00    3.070490e-04
9.086468e+00    2.862296e-04
9.098680e+00    2.653175e-04
9.110894e+00    2.443719e-04
9.123107e+00    2.233587e-04
9.135320e+00    2.023048e-04
9.147532e+00    1.812222e-04
9.159746e+00    1.601118e-04
9.171959e+00    1.390018e-04
9.184172e+00    1.178943e-04
9.196384e+00    9.679901e-05
9.208598e+00    7.572448e-05
9.220811e+00    5.468638e-05
9.233024e+00    3.370043e-05
9.245236e+00    1.277526e-05
9.257450e+00    -8.082776e-06
9.269663e+00    -2.885793e-05
9.281876e+00    -4.953670e-05
9.294088e+00    -7.011867e-05
9.306302e+00    -9.057978e-05
9.318515e+00    -1.109119e-04
9.330728e+00    -1.311112e-04
9.342940e+00    -1.511672e-04
9.355154e+00    -1.710645e-04
9.367367e+00    -1.907899e-04
9.379580e+00    -2.103393e-04
9.391793e+00    -2.297057e-04
9.404006e+00    -2.488683e-04
9.416219e+00    -2.678305e-04
9.428432e+00    -2.865785e-04
9.440645e+00    -3.051013e-04
9.452858e+00    -3.233938e-04
9.465071e+00    -3.414428e-04
9.477283e+00    -3.592467e-04
9.489497e+00    -3.767893e-04
9.501710e+00    -3.940839e-04
9.513923e+00    -4.111019e-04
9.526135e+00    -4.278461e-04
9.538349e+00    -4.443086e-04
9.550562e+00    -4.604779e-04
9.562775e+00    -4.763590e-04
9.574987e+00    -4.919491e-04
9.587201e+00    -5.072241e-04
9.599414e+00    -5.221796e-04
9.611627e+00    -5.368546e-04
9.623839e+00    -5.511927e-04
9.636053e+00    -5.652227e-04
9.648266e+00    -5.789261e-04
9.660479e+00    -5.922994e-04
9.672691e+00    -6.053517e-04
9.684905e+00    -6.180762e-04
9.697118e+00    -6.304660e-04
9.709331e+00    -6.425363e-04
9.721543e+00    -6.542502e-04
9.733757e+00    -6.656480e-04
9.745970e+00    -6.767046e-04
9.758183e+00    -6.874342e-04
9.770395e+00    -6.978281e-04
9.782609e+00    -7.078960e-04
9.794822e+00    -7.176229e-04
9.807034e+00    -7.270395e-04
9.819247e+00    -7.361251e-04
9.831461e+00    -7.448883e-04
9.843674e+00    -7.533319e-04
9.855886e+00    -7.614572e-04
9.868099e+00    -7.692694e-04
9.880313e+00    -7.767736e-04
9.892526e+00    -7.839722e-04
9.904738e+00    -7.908675e-04
9.916951e+00    -7.974752e-04
9.929165e+00    -8.037894e-04
9.941378e+00    -8.098210e-04
9.953590e+00    -8.155678e-04
9.965803e+00    -8.210419e-04
9.978017e+00    -8.262492e-04
9.990230e+00    -8.311946e-04
1.000244e+01    -8.358810e-04
1.001466e+01    -8.403223e-04
1.002687e+01    -8.445204e-04
1.003908e+01    -8.484814e-04
1.005129e+01    -8.522167e-04
1.006351e+01    -8.557278e-04
1.007572e+01    -8.590232e-04
1.008793e+01    -8.621161e-04
1.010015e+01    -8.650238e-04
1.011236e+01    -8.677048e-04
1.012457e+01    -8.702243e-04
1.013679e+01    -8.725606e-04
1.014900e+01    -8.747353e-04
1.016121e+01    -8.767436e-04
1.017342e+01    -8.786018e-04
1.018564e+01    -8.803180e-04
1.019785e+01    -8.818998e-04
1.021006e+01    -8.833395e-04
1.022228e+01    -8.846681e-04
1.023449e+01    -8.858813e-04
1.024670e+01    -8.869912e-04
1.025891e+01    -8.880026e-04
1.027113e+01    -8.889257e-04
1.028334e+01    -8.897614e-04
1.029555e+01    -8.905260e-04
1.030777e+01    -8.912323e-04
1.031998e+01    -8.918592e-04
1.033219e+01    -8.924498e-04
1.034441e+01    -8.929813e-04
1.035662e+01    -8.934798e-04
1.036883e+01    -8.939421e-04
1.038105e+01    -8.943749e-04
1.039326e+01    -8.947935e-04
1.040547e+01    -8.951938e-04
1.041768e+01    -8.955774e-04
1.042990e+01    -8.959603e-04
1.044211e+01    -8.963466e-04
1.045432e+01    -8.967354e-04
1.046654e+01    -8.971337e-04
1.047875e+01    -8.975470e-04
1.049096e+01    -8.979881e-04
1.050318e+01    -8.984322e-04
1.051539e+01    -8.989213e-04
1.052760e+01    -8.994316e-04
1.053981e+01    -8.999775e-04
1.055203e+01    -9.005587e-04
1.056424e+01    -9.011791e-04
1.057645e+01    -9.018356e-04
1.058867e+01    -9.025350e-04
1.060088e+01    -9.032842e-04
1.061309e+01    -9.040789e-04
1.062531e+01    -9.049152e-04
1.063752e+01    -9.058021e-04
1.064973e+01    -9.067386e-04
1.066194e+01    -9.077187e-04
1.067416e+01    -9.087489e-04
1.068637e+01    -9.098276e-04
1.069858e+01    -9.109573e-04
1.071080e+01    -9.121211e-04
1.072301e+01    -9.133356e-04
1.073522e+01    -9.145910e-04
1.074744e+01    -9.158865e-04
1.075965e+01    -9.172247e-04
1.077186e+01    -9.185959e-04
1.078407e+01    -9.199993e-04
1.079629e+01    -9.214242e-04
1.080850e+01    -9.228925e-04
1.082071e+01    -9.243730e-04
1.083293e+01    -9.258788e-04
1.084514e+01    -9.273981e-04
1.085735e+01    -9.289235e-04
1.086957e+01    -9.304589e-04
1.088178e+01    -9.319943e-04
1.089399e+01    -9.335271e-04
1.090620e+01    -9.350529e-04
1.091842e+01    -9.365616e-04
1.093063e+01    -9.380554e-04
1.094284e+01    -9.395233e-04
1.095506e+01    -9.409601e-04
1.096727e+01    -9.423660e-04
1.097948e+01    -9.437207e-04
1.099170e+01    -9.450281e-04
1.100391e+01    -9.462904e-04
1.101612e+01    -9.474820e-04
1.102833e+01    -9.486113e-04
1.104055e+01    -9.496701e-04
1.105276e+01    -9.506402e-04
1.106497e+01    -9.515289e-04
1.107719e+01    -9.523228e-04
1.108940e+01    -9.530141e-04
1.110161e+01    -9.536026e-04
1.111382e+01    -9.540694e-04
1.112604e+01    -9.544221e-04
1.113825e+01    -9.546414e-04
1.115046e+01    -9.547313e-04
1.116268e+01    -9.546787e-04
1.117489e+01    -9.544735e-04
1.118710e+01    -9.541190e-04
1.119932e+01    -9.536013e-04
1.121153e+01    -9.529251e-04
1.122374e+01    -9.520630e-04
1.123596e+01    -9.510238e-04
1.124817e+01    -9.498013e-04
1.126038e+01    -9.483889e-04
1.127259e+01    -9.467723e-04
1.128481e+01    -9.449570e-04
1.129702e+01    -9.429327e-04
1.130923e+01    -9.406944e-04
1.132145e+01    -9.382417e-04
1.133366e+01    -9.355606e-04
1.134587e+01    -9.326494e-04
1.135808e+01    -9.295104e-04
1.137030e+01    -9.261364e-04
1.138251e+01    -9.225176e-04
1.139472e+01    -9.186561e-04
1.140694e+01    -9.145475e-04
1.141915e+01    -9.101887e-04
1.143136e+01    -9.055783e-04
1.144358e+01    -9.007093e-04
1.145579e+01    -8.955831e-04
1.146800e+01    -8.901934e-04
1.148022e+01    -8.845434e-04
1.149243e+01    -8.786270e-04
1.150464e+01    -8.724509e-04
1.151685e+01    -8.660037e-04
1.152907e+01    -8.592958e-04
1.154128e+01    -8.523187e-04
1.155349e+01    -8.450722e-04
1.156571e+01    -8.375633e-04
1.157792e+01    -8.297841e-04
1.159013e+01    -8.217408e-04
1.160234e+01    -8.134348e-04
1.161456e+01    -8.048670e-04
1.162677e+01    -7.960372e-04
1.163898e+01    -7.869528e-04
1.165120e+01    -7.776067e-04
1.166341e+01    -7.680173e-04
1.167562e+01    -7.581770e-04
1.168784e+01    -7.480922e-04
1.170005e+01    -7.377583e-04
1.171226e+01    -7.271927e-04
1.172447e+01    -7.163971e-04
1.173669e+01    -7.053760e-04
1.174890e+01    -6.941300e-04
1.176111e+01    -6.826630e-04
1.177333e+01    -6.709919e-04
1.178554e+01    -6.591108e-04
1.179775e+01    -6.470268e-04
1.180997e+01    -6.347643e-04
1.182218e+01    -6.223039e-04
1.183439e+01    -6.096730e-04
1.184660e+01    -5.968670e-04
1.185882e+01    -5.839008e-04
1.187103e+01    -5.707725e-04
1.188324e+01    -5.575036e-04
1.189546e+01    -5.440948e-04
1.190767e+01    -5.305536e-04
1.191988e+01    -5.168894e-04
1.193210e+01    -5.031140e-04
1.194431e+01    -4.892334e-04
1.195652e+01    -4.752550e-04
1.196873e+01    -4.611915e-04
1.198095e+01    -4.470574e-04
1.199316e+01    -4.328478e-04
1.200537e+01    -4.185921e-04
1.201759e+01    -4.042790e-04
1.202980e+01    -3.899376e-04
1.204201e+01    -3.755715e-04
1.205423e+01    -3.611841e-04
1.206644e+01    -3.467927e-04
1.207865e+01    -3.323997e-04
1.209086e+01    -3.180258e-04
1.210308e+01    -3.036633e-04
1.211529e+01    -2.893616e-04
1.212750e+01    -2.750959e-04
1.213972e+01    -2.608843e-04
1.215193e+01    -2.467371e-04
1.216414e+01    -2.326713e-04
1.217636e+01    -2.186920e-04
1.218857e+01    -2.048166e-04
1.220078e+01    -1.910384e-04
1.221299e+01    -1.773836e-04
1.222521e+01    -1.638563e-04
1.223742e+01    -1.504680e-04
1.224963e+01    -1.372297e-04
1.226185e+01    -1.241467e-04
1.227406e+01    -1.112321e-04
1.228627e+01    -9.849606e-05
1.229849e+01    -8.594766e-05
1.231070e+01    -7.358951e-05
1.232291e+01    -6.144378e-05
1.233512e+01    -4.950641e-05
1.234734e+01    -3.778689e-05
1.235955e+01    -2.630705e-05
1.237176e+01    -1.506207e-05
1.238398e+01    -4.063433e-06
1.239619e+01    6.679766e-06
1.240840e+01    1.716293e-05
1.242062e+01    2.737462e-05
1.243283e+01    3.731519e-05
1.244504e+01    4.696156e-05
1.245725e+01    5.632482e-05
1.246947e+01    6.539080e-05
1.248168e+01    7.415386e-05
1.249389e+01    8.261335e-05
1.250611e+01    9.075168e-05
1.251832e+01    9.857772e-05
1.253053e+01    1.060794e-04
1.254275e+01    1.132497e-04
1.255496e+01    1.200916e-04
1.256717e+01    1.265982e-04
1.257938e+01    1.327658e-04
1.259160e+01    1.385880e-04
1.260381e+01    1.440611e-04
1.261602e+01    1.491960e-04
1.262824e+01    1.539788e-04
1.264045e+01    1.584080e-04
1.265266e+01    1.624836e-04
1.266488e+01    1.662042e-04
1.267709e+01    1.695704e-04
1.268930e+01    1.725742e-04
1.270151e+01    1.752231e-04
1.271373e+01    1.775260e-04
1.272594e+01    1.794643e-04
1.273815e+01    1.810487e-04
1.275037e+01    1.822852e-04
1.276258e+01    1.831575e-04
1.277479e+01    1.836818e-04
1.278701e+01    1.838607e-04
1.279922e+01    1.836961e-04
1.281143e+01    1.831775e-04
1.282364e+01    1.823244e-04
1.283586e+01    1.811285e-04
1.284807e+01    1.796028e-04
1.286028e+01    1.777415e-04
1.287250e+01    1.755578e-04
1.288471e+01    1.730518e-04
1.289692e+01    1.702240e-04
1.290914e+01    1.670917e-04
1.292135e+01    1.636343e-04
1.293356e+01    1.598890e-04
1.294577e+01    1.558405e-04
1.295799e+01    1.515081e-04
1.297020e+01    1.468881e-04
1.298241e+01    1.419866e-04
1.299463e+01    1.368154e-04
1.300684e+01    1.313790e-04
1.301905e+01    1.256852e-04
1.303127e+01    1.197364e-04
1.304348e+01    1.135518e-04
1.305569e+01    1.071199e-04
1.306790e+01    1.004655e-04
1.308012e+01    9.358818e-05
1.309233e+01    8.650190e-05
1.310454e+01    7.920676e-05
1.311676e+01    7.171699e-05
1.312897e+01    6.404139e-05
1.314118e+01    5.617880e-05
1.315340e+01    4.814891e-05
1.316561e+01    3.995731e-05
1.317782e+01    3.160569e-05
1.319003e+01    2.311140e-05
1.320225e+01    1.447118e-05
1.321446e+01    5.723457e-06
1.322667e+01    -3.156216e-06
1.323889e+01    -1.214681e-05
1.325110e+01    -2.124133e-05
1.326331e+01    -3.042086e-05
1.327553e+01    -3.968890e-05
1.328774e+01    -4.903327e-05
1.329995e+01    -5.844980e-05
1.331216e+01    -6.791035e-05
1.332438e+01    -7.742405e-05
1.333659e+01    -8.698198e-05
1.334880e+01    -9.656933e-05
1.336102e+01    -1.061791e-04
1.337323e+01    -1.158037e-04
1.338544e+01    -1.254353e-04
1.339766e+01    -1.350593e-04
1.340987e+01    -1.446634e-04
1.342208e+01    -1.542697e-04
1.343429e+01    -1.638395e-04
1.344651e+01    -1.733761e-04
1.345872e+01    -1.828666e-04
1.347093e+01    -1.923043e-04
1.348315e+01    -2.016886e-04
1.349536e+01    -2.110083e-04
1.350757e+01    -2.202464e-04
1.351978e+01    -2.294024e-04
1.353200e+01    -2.384833e-04
1.354421e+01    -2.474569e-04
1.355642e+01    -2.563422e-04
1.356864e+01    -2.651088e-04
1.358085e+01    -2.737733e-04
1.359306e+01    -2.823132e-04
1.360528e+01    -2.907299e-04
1.361749e+01    -2.990048e-04
1.362970e+01    -3.071509e-04
1.364192e+01    -3.151504e-04
1.365413e+01    -3.230005e-04
1.366634e+01    -3.307007e-04
1.367855e+01    -3.382439e-04
1.369077e+01    -3.456183e-04
1.370298e+01    -3.528295e-04
1.371519e+01    -3.598741e-04
1.372741e+01    -3.667397e-04
1.373962e+01    -3.734231e-04
1.375183e+01    -3.799279e-04
1.376404e+01    -3.862362e-04
1.377626e+01    -3.923631e-04
1.378847e+01    -3.982963e-04
1.380068e+01    -4.040293e-04
1.381290e+01    -4.095664e-04
1.382511e+01    -4.149011e-04
1.383732e+01    -4.200280e-04
1.384954e+01    -4.249544e-04
1.386175e+01    -4.296643e-04
1.387396e+01    -4.341705e-04
1.388618e+01    -4.384641e-04
1.389839e+01    -4.425445e-04
1.391060e+01    -4.464072e-04
1.392281e+01    -4.500533e-04
1.393503e+01    -4.534853e-04
1.394724e+01    -4.567013e-04
1.395945e+01    -4.596932e-04
1.397167e+01    -4.624690e-04
1.398388e+01    -4.650273e-04
1.399609e+01    -4.673697e-04
1.400830e+01    -4.694806e-04
1.402052e+01    -4.713757e-04
1.403273e+01    -4.730557e-04
1.404494e+01    -4.745136e-04
1.405716e+01    -4.757556e-04
1.406937e+01    -4.767749e-04
1.408158e+01    -4.775758e-04
1.409380e+01    -4.781655e-04
1.410601e+01    -4.785231e-04
1.411822e+01    -4.786851e-04
1.413043e+01    -4.786230e-04
1.414265e+01    -4.783499e-04
1.415486e+01    -4.778636e-04
1.416707e+01    -4.771646e-04
1.417929e+01    -4.762562e-04
1.419150e+01    -4.751250e-04
1.420371e+01    -4.738231e-04
1.421593e+01    -4.722956e-04
1.422814e+01    -4.705615e-04
1.424035e+01    -4.686333e-04
1.425256e+01    -4.664993e-04
1.426478e+01    -4.641706e-04
1.427699e+01    -4.616423e-04
1.428920e+01    -4.589171e-04
1.430142e+01    -4.560071e-04
1.431363e+01    -4.528952e-04
1.432584e+01    -4.495929e-04
1.433806e+01    -4.461112e-04
1.435027e+01    -4.424433e-04
1.436248e+01    -4.385896e-04
1.437469e+01    -4.345496e-04
1.438691e+01    -4.303314e-04
1.439912e+01    -4.259363e-04
1.441133e+01    -4.213661e-04
1.442355e+01    -4.166195e-04
1.443576e+01    -4.117024e-04
1.444797e+01    -4.066112e-04
1.446019e+01    -4.013545e-04
1.447240e+01    -3.959295e-04
1.448461e+01    -3.903357e-04
1.449682e+01    -3.845788e-04
1.450904e+01    -3.786624e-04
1.452125e+01    -3.725886e-04
1.453346e+01    -3.663560e-04
1.454568e+01    -3.599595e-04
1.455789e+01    -3.534133e-04
1.457010e+01    -3.467218e-04
1.458232e+01    -3.398624e-04
1.459453e+01    -3.328663e-04
1.460674e+01    -3.257180e-04
1.461895e+01    -3.184189e-04
1.463117e+01    -3.109802e-04
1.464338e+01    -3.033938e-04
1.465559e+01    -2.956693e-04
1.466781e+01    -2.877985e-04
1.468002e+01    -2.797969e-04
1.469223e+01    -2.716447e-04
1.470445e+01    -2.633676e-04
1.471666e+01    -2.549564e-04
1.472887e+01    -2.464049e-04
1.474109e+01    -2.377229e-04
1.475330e+01    -2.289099e-04
1.476551e+01    -2.199626e-04
1.477772e+01    -2.108930e-04
1.478994e+01    -2.016966e-04
1.480215e+01    -1.923703e-04
1.481436e+01    -1.829221e-04
1.482658e+01    -1.733479e-04
1.483879e+01    -1.636537e-04
1.485100e+01    -1.538375e-04
1.486321e+01    -1.439069e-04
1.487543e+01    -1.338523e-04
1.488764e+01    -1.236883e-04
1.489985e+01    -1.134010e-04
1.491207e+01    -1.030021e-04
1.492428e+01    -9.249509e-05
1.493649e+01    -8.188243e-05
1.494871e+01    -7.114836e-05
1.496092e+01    -6.031466e-05
1.497313e+01    -4.937651e-05
1.498534e+01    -3.833330e-05
1.499756e+01    -2.718759e-05
1.500977e+01    -1.594083e-05
1.502198e+01    -4.593043e-06
1.503420e+01    6.849605e-06
1.504641e+01    1.838367e-05
1.505862e+01    3.001318e-05
1.507084e+01    4.173331e-05
1.508305e+01    5.354296e-05
1.509526e+01    6.543838e-05
1.510747e+01    7.741885e-05
1.511969e+01    8.947642e-05
1.513190e+01    1.016122e-04
1.514411e+01    1.138282e-04
1.515633e+01    1.261172e-04
1.516854e+01    1.384841e-04
1.518075e+01    1.509126e-04
1.519297e+01    1.634070e-04
1.520518e+01    1.759616e-04
1.521739e+01    1.885788e-04
1.522960e+01    2.012523e-04
1.524182e+01    2.139778e-04
1.525403e+01    2.267503e-04
1.526624e+01    2.395710e-04
1.527846e+01    2.524359e-04
1.529067e+01    2.653361e-04
1.530288e+01    2.782714e-04
1.531509e+01    2.912327e-04
1.532731e+01    3.042298e-04
1.533952e+01    3.172422e-04
1.535173e+01    3.302764e-04
1.536395e+01    3.433174e-04
1.537616e+01    3.563708e-04
1.538837e+01    3.694311e-04
1.540059e+01    3.824871e-04
1.541280e+01    3.955470e-04
1.542501e+01    4.085814e-04
1.543723e+01    4.216069e-04
1.544944e+01    4.346163e-04
1.546165e+01    4.475932e-04
1.547386e+01    4.605405e-04
1.548608e+01    4.734547e-04
1.549829e+01    4.863390e-04
1.551050e+01    4.991466e-04
1.552272e+01    5.119200e-04
1.553493e+01    5.246303e-04
1.554714e+01    5.372789e-04
1.555935e+01    5.498516e-04
1.557157e+01    5.623511e-04
1.558378e+01    5.747671e-04
1.559599e+01    5.870980e-04
1.560821e+01    5.993283e-04
1.562042e+01    6.114563e-04
1.563263e+01    6.234843e-04
1.564485e+01    6.353923e-04
1.565706e+01    6.471824e-04
1.566927e+01    6.588440e-04
1.568149e+01    6.703726e-04
1.569370e+01    6.817539e-04
1.570591e+01    6.930041e-04
1.571812e+01    7.040894e-04
1.573034e+01    7.150219e-04
1.574255e+01    7.257845e-04
1.575476e+01    7.363793e-04
1.576698e+01    7.467928e-04
1.577919e+01    7.570170e-04
1.579140e+01    7.670511e-04
1.580362e+01    7.768853e-04
1.581583e+01    7.865201e-04
1.582804e+01    7.959390e-04
1.584025e+01    8.051436e-04
1.585247e+01    8.141210e-04
1.586468e+01    8.228706e-04
1.587689e+01    8.313825e-04
1.588911e+01    8.396500e-04
1.590132e+01    8.476762e-04
1.591353e+01    8.554462e-04
1.592575e+01    8.629553e-04
1.593796e+01    8.702008e-04
1.595017e+01    8.771719e-04
1.596238e+01    8.838721e-04
1.597460e+01    8.902892e-04
1.598681e+01    8.964144e-04
1.599902e+01    9.022533e-04
1.601124e+01    9.077900e-04
1.602345e+01    9.130280e-04
1.603566e+01    9.179548e-04
1.604787e+01    9.225769e-04
1.606009e+01    9.268826e-04
1.607230e+01    9.308656e-04
1.608451e+01    9.345231e-04
1.609673e+01    9.378538e-04
1.610894e+01    9.408524e-04
1.612115e+01    9.435216e-04
1.613337e+01    9.458499e-04
1.614558e+01    9.478385e-04
1.615779e+01    9.494785e-04
1.617001e+01    9.507761e-04
1.618222e+01    9.517180e-04
1.619443e+01    9.523152e-04
1.620664e+01    9.525567e-04
1.621886e+01    9.524407e-04
1.623107e+01    9.519708e-04
1.624328e+01    9.511391e-04
1.625550e+01    9.499498e-04
1.626771e+01    9.483999e-04
1.627992e+01    9.464918e-04
1.629214e+01    9.442200e-04
1.630435e+01    9.415820e-04
1.631656e+01    9.385905e-04
1.632877e+01    9.352343e-04
1.634099e+01    9.315177e-04
1.635320e+01    9.274376e-04
1.636541e+01    9.230074e-04
1.637763e+01    9.182114e-04
1.638984e+01    9.130659e-04
1.640205e+01    9.075549e-04
1.641426e+01    9.017008e-04
1.642648e+01    8.954909e-04
1.643869e+01    8.889346e-04
1.645090e+01    8.820343e-04
1.646312e+01    8.747877e-04
1.647533e+01    8.672028e-04
1.648754e+01    8.592810e-04
1.649976e+01    8.510308e-04
1.651197e+01    8.424459e-04
1.652418e+01    8.335365e-04
1.653639e+01    8.243086e-04
1.654861e+01    8.147647e-04
1.656082e+01    8.049036e-04
1.657303e+01    7.947428e-04
1.658525e+01    7.842768e-04
1.659746e+01    7.735221e-04
1.660967e+01    7.624626e-04
1.662189e+01    7.511314e-04
1.663410e+01    7.395094e-04
1.664631e+01    7.276260e-04
1.665853e+01    7.154707e-04
1.667074e+01    7.030519e-04
1.668295e+01    6.903812e-04
1.669516e+01    6.774654e-04
1.670738e+01    6.643056e-04
1.671959e+01    6.509151e-04
1.673180e+01    6.373011e-04
1.674402e+01    6.234634e-04
1.675623e+01    6.094174e-04
1.676844e+01    5.951669e-04
1.678065e+01    5.807189e-04
1.679287e+01    5.660852e-04
1.680508e+01    5.512628e-04
1.681729e+01    5.362812e-04
1.682951e+01    5.211273e-04
1.684172e+01    5.058171e-04
1.685393e+01    4.903553e-04
1.686615e+01    4.747575e-04
1.687836e+01    4.590277e-04
1.689057e+01    4.431712e-04
1.690278e+01    4.272036e-04
1.691500e+01    4.111280e-04
1.692721e+01    3.949541e-04
1.693942e+01    3.786824e-04
1.695164e+01    3.623382e-04
1.696385e+01    3.459223e-04
1.697606e+01    3.294444e-04
1.698828e+01    3.129009e-04
1.700049e+01    2.963183e-04
1.701270e+01    2.796898e-04
1.702491e+01    2.630362e-04
1.703713e+01    2.463586e-04
1.704934e+01    2.296715e-04
1.706155e+01    2.129762e-04
1.707377e+01    1.962902e-04
1.708598e+01    1.796068e-04
1.709819e+01    1.629427e-04
1.711040e+01    1.463239e-04
1.712262e+01    1.297217e-04
1.713483e+01    1.131665e-04
1.714705e+01    9.666574e-05
1.715926e+01    8.022922e-05
1.717147e+01    6.385220e-05
1.718368e+01    4.754959e-05
1.719590e+01    3.132162e-05
1.720811e+01    1.519689e-05
1.722032e+01    -8.341958e-07
1.723254e+01    -1.677223e-05
1.724475e+01    -3.259478e-05
1.725696e+01    -4.829768e-05
1.726917e+01    -6.388109e-05
1.728139e+01    -7.933846e-05
1.729360e+01    -9.465750e-05
1.730581e+01    -1.098224e-04
1.731803e+01    -1.248617e-04
1.733024e+01    -1.397378e-04
1.734245e+01    -1.544543e-04
1.735467e+01    -1.690050e-04
1.736688e+01    -1.833850e-04
1.737909e+01    -1.975927e-04
1.739130e+01    -2.116132e-04
1.740352e+01    -2.254475e-04
1.741573e+01    -2.391012e-04
1.742794e+01    -2.525588e-04
1.744016e+01    -2.658093e-04
1.745237e+01    -2.788619e-04
1.746458e+01    -2.917061e-04
1.747680e+01    -3.043404e-04
1.748901e+01    -3.167567e-04
1.750122e+01    -3.289590e-04
1.751343e+01    -3.409341e-04
1.752565e+01    -3.526881e-04
1.753786e+01    -3.642163e-04
1.755007e+01    -3.755111e-04
1.756229e+01    -3.865724e-04
1.757450e+01    -3.973972e-04
1.758671e+01    -4.079922e-04
1.759892e+01    -4.183466e-04
1.761114e+01    -4.284519e-04
1.762335e+01    -4.383197e-04
1.763556e+01    -4.479440e-04
1.764778e+01    -4.573198e-04
1.765999e+01    -4.664476e-04
1.767220e+01    -4.753298e-04
1.768442e+01    -4.839554e-04
1.769663e+01    -4.923308e-04
1.770884e+01    -5.004663e-04
1.772106e+01    -5.083489e-04
1.773327e+01    -5.159646e-04
1.774548e+01    -5.233384e-04
1.775769e+01    -5.304557e-04
1.776991e+01    -5.373241e-04
1.778212e+01    -5.439393e-04
1.779433e+01    -5.502995e-04
1.780655e+01    -5.564175e-04
1.781876e+01    -5.622709e-04
1.783097e+01    -5.678770e-04
1.784319e+01    -5.732354e-04
1.785540e+01    -5.783378e-04
1.786761e+01    -5.831999e-04
1.787982e+01    -5.878058e-04
1.789204e+01    -5.921652e-04
1.790425e+01    -5.962945e-04
1.791646e+01    -6.001688e-04
1.792868e+01    -6.037995e-04
1.794089e+01    -6.071916e-04
1.795310e+01    -6.103367e-04
1.796531e+01    -6.132504e-04
1.797753e+01    -6.159188e-04
1.798974e+01    -6.183616e-04
1.800196e+01    -6.205669e-04
1.801417e+01    -6.225460e-04
1.802638e+01    -6.242865e-04
1.803859e+01    -6.258051e-04
1.805081e+01    -6.270951e-04
1.806302e+01    -6.281673e-04
1.807523e+01    -6.290064e-04
1.808744e+01    -6.296278e-04
1.809966e+01    -6.300306e-04
1.811187e+01    -6.302265e-04
1.812408e+01    -6.301960e-04
1.813630e+01    -6.299583e-04
1.814851e+01    -6.295094e-04
1.816072e+01    -6.288524e-04
1.817294e+01    -6.279917e-04
1.818515e+01    -6.269244e-04
1.819736e+01    -6.256536e-04
1.820958e+01    -6.241873e-04
1.822179e+01    -6.225185e-04
1.823400e+01    -6.206546e-04
1.824621e+01    -6.186030e-04
1.825843e+01    -6.163558e-04
1.827064e+01    -6.139138e-04
1.828285e+01    -6.112918e-04
1.829507e+01    -6.084916e-04
1.830728e+01    -6.055008e-04
1.831949e+01    -6.023226e-04
1.833171e+01    -5.989661e-04
1.834392e+01    -5.954438e-04
1.835613e+01    -5.917378e-04
1.836834e+01    -5.878698e-04
1.838056e+01    -5.838145e-04
1.839277e+01    -5.796015e-04
1.840498e+01    -5.752213e-04
1.841720e+01    -5.706795e-04
1.842941e+01    -5.659662e-04
1.844162e+01    -5.611003e-04
1.845383e+01    -5.560733e-04
1.846605e+01    -5.508914e-04
1.847826e+01    -5.455485e-04
1.849047e+01    -5.400536e-04
1.850269e+01    -5.344230e-04
1.851490e+01    -5.286161e-04
1.852711e+01    -5.226752e-04
1.853933e+01    -5.165875e-04
1.855154e+01    -5.103510e-04
1.856375e+01    -5.039816e-04
1.857596e+01    -4.974667e-04
1.858818e+01    -4.908042e-04
1.860039e+01    -4.840194e-04
1.861260e+01    -4.770941e-04
1.862482e+01    -4.700380e-04
1.863703e+01    -4.628397e-04
1.864924e+01    -4.555215e-04
1.866146e+01    -4.480773e-04
1.867367e+01    -4.405030e-04
1.868588e+01    -4.328046e-04
1.869810e+01    -4.249823e-04
1.871031e+01    -4.170451e-04
1.872252e+01    -4.089910e-04
1.873473e+01    -4.008119e-04
1.874695e+01    -3.925245e-04
1.875916e+01    -3.841303e-04
1.877137e+01    -3.756192e-04
1.878359e+01    -3.670033e-04
1.879580e+01    -3.582833e-04
1.880801e+01    -3.494606e-04
1.882022e+01    -3.405318e-04
1.883244e+01    -3.315066e-04
1.884465e+01    -3.223894e-04
1.885686e+01    -3.131717e-04
1.886908e+01    -3.038647e-04
1.888129e+01    -2.944679e-04
1.889350e+01    -2.849794e-04
1.890572e+01    -2.754112e-04
1.891793e+01    -2.657638e-04
1.893014e+01    -2.560329e-04
1.894235e+01    -2.462242e-04
1.895457e+01    -2.363478e-04
1.896678e+01    -2.263859e-04
1.897899e+01    -2.163670e-04
1.899121e+01    -2.062842e-04
1.900342e+01    -1.961307e-04
1.901563e+01    -1.859304e-04
1.902785e+01    -1.756616e-04
1.904006e+01    -1.653438e-04
1.905227e+01    -1.549816e-04
1.906449e+01    -1.445659e-04
1.907670e+01    -1.341139e-04
1.908891e+01    -1.236142e-04
1.910112e+01    -1.130865e-04
1.911334e+01    -1.025130e-04
1.912555e+01    -9.192806e-05
1.913776e+01    -8.130772e-05
1.914997e+01    -7.067178e-05
1.916219e+01    -6.001606e-05
1.917440e+01    -4.934333e-05
1.918661e+01    -3.866665e-05
1.919883e+01    -2.798403e-05
1.921104e+01    -1.729897e-05
1.922325e+01    -6.614719e-06
1.923547e+01    4.059868e-06
1.924768e+01    1.472281e-05
1.925989e+01    2.536934e-05
1.927211e+01    3.599550e-05
1.928432e+01    4.660222e-05
1.929653e+01    5.717983e-05
1.930874e+01    6.772263e-05
1.932096e+01    7.822423e-05
1.933317e+01    8.868752e-05
1.934538e+01    9.909854e-05
1.935760e+01    1.094611e-04
1.936981e+01    1.197665e-04
1.938202e+01    1.300102e-04
1.939424e+01    1.401884e-04
1.940645e+01    1.502967e-04
1.941866e+01    1.603339e-04
1.943087e+01    1.702849e-04
1.944309e+01    1.801521e-04
1.945530e+01    1.899242e-04
1.946751e+01    1.996052e-04
1.947973e+01    2.091919e-04
1.949194e+01    2.186628e-04
1.950415e+01    2.280348e-04
1.951637e+01    2.372838e-04
1.952858e+01    2.464170e-04
1.954079e+01    2.554260e-04
1.955301e+01    2.643051e-04
1.956522e+01    2.730591e-04
1.957743e+01    2.816623e-04
1.958964e+01    2.901317e-04
1.960186e+01    2.984461e-04
1.961407e+01    3.066121e-04
1.962628e+01    3.146227e-04
1.963849e+01    3.224750e-04
1.965071e+01    3.301651e-04
1.966292e+01    3.376793e-04
1.967513e+01    3.450191e-04
1.968735e+01    3.521808e-04
1.969956e+01    3.591571e-04
1.971177e+01    3.659569e-04
1.972399e+01    3.725672e-04
1.973620e+01    3.789668e-04
1.974841e+01    3.851845e-04
1.976063e+01    3.912013e-04
1.977284e+01    3.970026e-04
1.978505e+01    4.026032e-04
1.979726e+01    4.079968e-04
1.980948e+01    4.131619e-04
1.982169e+01    4.181161e-04
1.983390e+01    4.228521e-04
1.984612e+01    4.273606e-04
1.985833e+01    4.316430e-04
1.987054e+01    4.356975e-04
1.988276e+01    4.395208e-04
1.989497e+01    4.431179e-04
1.990718e+01    4.464594e-04
1.991939e+01    4.495722e-04
1.993161e+01    4.524465e-04
1.994382e+01    4.550779e-04
1.995603e+01    4.574642e-04
1.996825e+01    4.596033e-04
1.998046e+01    4.615060e-04
1.999267e+01    4.631513e-04
2.000488e+01    4.645466e-04
2.001710e+01    4.657033e-04
2.002931e+01    4.666164e-04
2.004152e+01    4.672569e-04
2.005374e+01    4.676593e-04
2.006595e+01    4.678141e-04
2.007816e+01    4.677074e-04
2.009038e+01    4.673565e-04
2.010259e+01    4.667561e-04
2.011480e+01    4.659143e-04
2.012702e+01    4.648108e-04
2.013923e+01    4.634638e-04
2.015144e+01    4.618698e-04
2.016365e+01    4.600306e-04
2.017587e+01    4.579452e-04
2.018808e+01    4.556245e-04
2.020029e+01    4.530558e-04
2.021251e+01    4.502480e-04
2.022472e+01    4.472044e-04
2.023693e+01    4.439284e-04
2.024915e+01    4.404118e-04
2.026136e+01    4.366700e-04
2.027357e+01    4.327003e-04
2.028578e+01    4.285121e-04
2.029800e+01    4.240869e-04
2.031021e+01    4.194542e-04
2.032242e+01    4.146049e-04
2.033464e+01    4.095362e-04
2.034685e+01    4.042695e-04
2.035906e+01    3.987951e-04
2.037127e+01    3.931214e-04
2.038349e+01    3.872440e-04
2.039570e+01    3.811709e-04
2.040791e+01    3.749234e-04
2.042013e+01    3.684787e-04
2.043234e+01    3.618552e-04
2.044455e+01    3.550645e-04
2.045677e+01    3.480947e-04
2.046898e+01    3.409583e-04
2.048119e+01    3.336673e-04
2.049340e+01    3.262200e-04
2.050562e+01    3.186012e-04
2.051783e+01    3.108670e-04
2.053004e+01    3.029763e-04
2.054226e+01    2.949532e-04
2.055447e+01    2.867950e-04
2.056668e+01    2.785196e-04
2.057890e+01    2.701153e-04
2.059111e+01    2.616074e-04
2.060332e+01    2.529882e-04
2.061554e+01    2.442521e-04
2.062775e+01    2.354325e-04
2.063996e+01    2.265148e-04
2.065217e+01    2.175151e-04
2.066439e+01    2.084395e-04
2.067660e+01    1.992841e-04
2.068881e+01    1.900549e-04
2.070103e+01    1.807761e-04
2.071324e+01    1.714298e-04
2.072545e+01    1.620362e-04
2.073767e+01    1.525977e-04
2.074988e+01    1.431247e-04
2.076209e+01    1.336064e-04
2.077430e+01    1.240725e-04
2.078652e+01    1.145069e-04
2.079873e+01    1.049249e-04
2.081094e+01    9.533214e-05
2.082316e+01    8.574231e-05
2.083537e+01    7.614803e-05
2.084758e+01    6.656641e-05
2.085979e+01    5.698265e-05
2.087201e+01    4.742404e-05
2.088422e+01    3.788651e-05
2.089643e+01    2.838319e-05
2.090865e+01    1.889965e-05
2.092086e+01    9.456213e-06
2.093307e+01    6.123446e-08
2.094529e+01    -9.282507e-06
2.095750e+01    -1.858547e-05
2.096971e+01    -2.781917e-05
2.098192e+01    -3.698468e-05
2.099414e+01    -4.610035e-05
2.100635e+01    -5.513312e-05
2.101856e+01    -6.409171e-05
2.103078e+01    -7.296883e-05
2.104299e+01    -8.176299e-05
2.105520e+01    -9.046533e-05
2.106742e+01    -9.907605e-05
2.107963e+01    -1.075891e-04
2.109184e+01    -1.159925e-04
2.110406e+01    -1.243035e-04
2.111627e+01    -1.325064e-04
2.112848e+01    -1.405908e-04
2.114069e+01    -1.485558e-04
2.115291e+01    -1.564082e-04
2.116512e+01    -1.641348e-04
2.117733e+01    -1.717458e-04
2.118955e+01    -1.792237e-04
2.120176e+01    -1.865688e-04
2.121397e+01    -1.937830e-04
2.122618e+01    -2.008594e-04
2.123840e+01    -2.077945e-04
2.125061e+01    -2.145982e-04
2.126282e+01    -2.212504e-04
2.127504e+01    -2.277595e-04
2.128725e+01    -2.341218e-04
2.129946e+01    -2.403410e-04
2.131168e+01    -2.464036e-04
2.132389e+01    -2.523182e-04
2.133610e+01    -2.580757e-04
2.134831e+01    -2.636778e-04
2.136053e+01    -2.691281e-04
2.137274e+01    -2.744207e-04
2.138495e+01    -2.795519e-04
2.139717e+01    -2.845281e-04
2.140938e+01    -2.893410e-04
2.142159e+01    -2.939955e-04
2.143381e+01    -2.984920e-04
2.144602e+01    -3.028260e-04
2.145823e+01    -3.069942e-04
2.147044e+01    -3.109979e-04
2.148266e+01    -3.148493e-04
2.149487e+01    -3.185295e-04
2.150708e+01    -3.220472e-04
2.151930e+01    -3.254134e-04
2.153151e+01    -3.286113e-04
2.154372e+01    -3.316452e-04
2.155593e+01    -3.345218e-04
2.156815e+01    -3.372337e-04
2.158036e+01    -3.397908e-04
2.159258e+01    -3.421939e-04
2.160479e+01    -3.444229e-04
2.161700e+01    -3.465002e-04
2.162921e+01    -3.484240e-04
2.164143e+01    -3.501908e-04
2.165364e+01    -3.518003e-04
2.166585e+01    -3.532548e-04
2.167807e+01    -3.545527e-04
2.169028e+01    -3.557068e-04
2.170249e+01    -3.567133e-04
2.171470e+01    -3.575545e-04
2.172692e+01    -3.582566e-04
2.173913e+01    -3.588109e-04
2.175134e+01    -3.592214e-04
2.176356e+01    -3.594913e-04
2.177577e+01    -3.596067e-04
2.178798e+01    -3.595864e-04
2.180020e+01    -3.594260e-04
2.181241e+01    -3.591369e-04
2.182462e+01    -3.586991e-04
2.183683e+01    -3.581311e-04
2.184905e+01    -3.574262e-04
2.186126e+01    -3.565866e-04
2.187347e+01    -3.556284e-04
2.188569e+01    -3.545369e-04
2.189790e+01    -3.533107e-04
2.191011e+01    -3.519649e-04
2.192233e+01    -3.505014e-04
2.193454e+01    -3.489080e-04
2.194675e+01    -3.471971e-04
2.195897e+01    -3.453631e-04
2.197118e+01    -3.434161e-04
2.198339e+01    -3.413560e-04
2.199560e+01    -3.391842e-04
2.200782e+01    -3.368976e-04
2.202003e+01    -3.344931e-04
2.203224e+01    -3.319908e-04
2.204445e+01    -3.293753e-04
2.205667e+01    -3.266596e-04
2.206888e+01    -3.238392e-04
2.208109e+01    -3.209135e-04
2.209331e+01    -3.178985e-04
2.210552e+01    -3.147714e-04
2.211773e+01    -3.115511e-04
2.212995e+01    -3.082310e-04
2.214216e+01    -3.048269e-04
2.215437e+01    -3.013217e-04
2.216659e+01    -2.977299e-04
2.217880e+01    -2.940496e-04
2.219101e+01    -2.902744e-04
2.220322e+01    -2.864228e-04
2.221544e+01    -2.824779e-04
2.222765e+01    -2.784530e-04
2.223986e+01    -2.743478e-04
2.225208e+01    -2.701578e-04
2.226429e+01    -2.658906e-04
2.227650e+01    -2.615445e-04
2.228872e+01    -2.571261e-04
2.230093e+01    -2.526362e-04
2.231314e+01    -2.480575e-04
2.232535e+01    -2.434190e-04
2.233757e+01    -2.387068e-04
2.234978e+01    -2.339250e-04
2.236199e+01    -2.290737e-04
2.237421e+01    -2.241407e-04
2.238642e+01    -2.191776e-04
2.239863e+01    -2.141202e-04
2.241084e+01    -2.090184e-04
2.242306e+01    -2.038437e-04
2.243527e+01    -1.986152e-04
2.244748e+01    -1.933221e-04
2.245970e+01    -1.879742e-04
2.247191e+01    -1.825667e-04
2.248412e+01    -1.771078e-04
2.249634e+01    -1.715951e-04
2.250855e+01    -1.660207e-04
2.252076e+01    -1.604104e-04
2.253297e+01    -1.547428e-04
2.254519e+01    -1.490346e-04
2.255740e+01    -1.432594e-04
2.256961e+01    -1.374503e-04
2.258183e+01    -1.315981e-04
2.259404e+01    -1.257068e-04
2.260625e+01    -1.197626e-04
2.261847e+01    -1.137810e-04
2.263068e+01    -1.077647e-04
2.264289e+01    -1.017072e-04
2.265511e+01    -9.561441e-05
2.266732e+01    -8.948898e-05
2.267953e+01    -8.333422e-05
2.269174e+01    -7.714680e-05
2.270396e+01    -7.092097e-05
2.271617e+01    -6.468181e-05
2.272838e+01    -5.840755e-05
2.274060e+01    -5.210825e-05
2.275281e+01    -4.578766e-05
2.276502e+01    -3.944617e-05
2.277724e+01    -3.308337e-05
2.278945e+01    -2.670177e-05
2.280166e+01    -2.030795e-05
2.281387e+01    -1.389493e-05
2.282609e+01    -7.481431e-06
2.283830e+01    -1.045584e-06
2.285051e+01    5.392940e-06
2.286273e+01    1.184037e-05
2.287494e+01    1.829065e-05
2.288715e+01    2.474681e-05
2.289936e+01    3.120676e-05
2.291158e+01    3.766135e-05
2.292379e+01    4.411268e-05
2.293600e+01    5.055807e-05
2.294822e+01    5.699508e-05
2.296043e+01    6.342592e-05
2.297264e+01    6.983906e-05
2.298486e+01    7.624488e-05
2.299707e+01    8.262740e-05
2.300928e+01    8.899654e-05
2.302150e+01    9.533542e-05
2.303371e+01    1.016575e-04
2.304592e+01    1.079510e-04
2.305813e+01    1.142178e-04
2.307035e+01    1.204556e-04
2.308256e+01    1.266555e-04
2.309477e+01    1.328260e-04
2.310699e+01    1.389479e-04
2.311920e+01    1.450346e-04
2.313141e+01    1.510757e-04
2.314363e+01    1.570742e-04
2.315584e+01    1.630230e-04
2.316805e+01    1.689267e-04
2.318026e+01    1.747649e-04
2.319248e+01    1.805514e-04
2.320469e+01    1.862833e-04
2.321690e+01    1.919508e-04
2.322912e+01    1.975526e-04
2.324133e+01    2.030905e-04
2.325354e+01    2.085583e-04
2.326575e+01    2.139544e-04
2.327797e+01    2.192779e-04
2.329018e+01    2.245333e-04
2.330239e+01    2.296876e-04
2.331461e+01    2.347747e-04
2.332682e+01    2.397753e-04
2.333903e+01    2.446910e-04
2.335125e+01    2.495138e-04
2.336346e+01    2.542441e-04
2.337567e+01    2.588863e-04
2.338788e+01    2.634300e-04
2.340010e+01    2.678699e-04
2.341231e+01    2.722119e-04
2.342452e+01    2.764495e-04
2.343674e+01    2.805814e-04
2.344895e+01    2.846080e-04
2.346116e+01    2.885269e-04
2.347338e+01    2.923213e-04
2.348559e+01    2.960120e-04
2.349780e+01    2.995824e-04
2.351002e+01    3.030268e-04
2.352223e+01    3.063618e-04
2.353444e+01    3.095723e-04
2.354665e+01    3.126581e-04
2.355887e+01    3.156134e-04
2.357108e+01    3.184405e-04
2.358329e+01    3.211416e-04
2.359550e+01    3.237113e-04
2.360772e+01    3.261479e-04
2.361993e+01    3.284487e-04
2.363214e+01    3.306216e-04
2.364436e+01    3.326472e-04
2.365657e+01    3.345375e-04
2.366878e+01    3.362916e-04
2.368100e+01    3.379025e-04
2.369321e+01    3.393748e-04
2.370542e+01    3.407030e-04
2.371764e+01    3.418936e-04
2.372985e+01    3.429223e-04
2.374206e+01    3.438289e-04
2.375427e+01    3.445835e-04
2.376649e+01    3.451896e-04
2.377870e+01    3.456462e-04
2.379091e+01    3.459594e-04
2.380313e+01    3.461274e-04
2.381534e+01    3.461447e-04
2.382755e+01    3.460174e-04
2.383977e+01    3.457433e-04
2.385198e+01    3.453266e-04
2.386419e+01    3.447524e-04
2.387640e+01    3.440374e-04
2.388862e+01    3.431716e-04
2.390083e+01    3.421578e-04
2.391304e+01    3.410052e-04
2.392526e+01    3.397050e-04
2.393747e+01    3.382619e-04
2.394968e+01    3.366729e-04
2.396189e+01    3.349413e-04
2.397411e+01    3.330716e-04
2.398632e+01    3.310634e-04
2.399854e+01    3.289047e-04
2.401075e+01    3.266092e-04
2.402296e+01    3.241873e-04
2.403517e+01    3.216190e-04
2.404739e+01    3.189278e-04
2.405960e+01    3.160975e-04
2.407181e+01    3.131362e-04
2.408403e+01    3.100469e-04
2.409624e+01    3.068329e-04
2.410845e+01    3.034848e-04
2.412066e+01    3.000213e-04
2.413288e+01    2.964289e-04
2.414509e+01    2.927188e-04
2.415730e+01    2.888922e-04
2.416952e+01    2.849521e-04
2.418173e+01    2.808915e-04
2.419394e+01    2.767289e-04
2.420616e+01    2.724522e-04
2.421837e+01    2.680703e-04
2.423058e+01    2.635866e-04
2.424279e+01    2.590089e-04
2.425501e+01    2.543111e-04
2.426722e+01    2.495303e-04
2.427943e+01    2.446506e-04
2.429165e+01    2.396840e-04
2.430386e+01    2.346348e-04
2.431607e+01    2.294971e-04
2.432829e+01    2.242688e-04
2.434050e+01    2.189735e-04
2.435271e+01    2.135969e-04
2.436492e+01    2.081456e-04
2.437714e+01    2.026082e-04
2.438935e+01    1.970306e-04
2.440156e+01    1.913762e-04
2.441378e+01    1.856626e-04
2.442599e+01    1.798861e-04
2.443820e+01    1.740597e-04
2.445041e+01    1.681769e-04
2.446263e+01    1.622454e-04
2.447484e+01    1.562735e-04
2.448705e+01    1.502451e-04
2.449927e+01    1.441898e-04
2.451148e+01    1.380842e-04
2.452369e+01    1.319643e-04
2.453591e+01    1.258023e-04
2.454812e+01    1.196136e-04
2.456033e+01    1.133997e-04
2.457255e+01    1.071633e-04
2.458476e+01    1.009100e-04
2.459697e+01    9.464170e-05
2.460918e+01    8.836150e-05
2.462140e+01    8.207210e-05
2.463361e+01    7.577147e-05
2.464582e+01    6.946924e-05
2.465804e+01    6.316710e-05
2.467025e+01    5.686750e-05
2.468246e+01    5.056782e-05
2.469468e+01    4.428414e-05
2.470689e+01    3.800892e-05
2.471910e+01    3.174314e-05
2.473131e+01    2.549389e-05
2.474353e+01    1.926410e-05
2.475574e+01    1.305940e-05
2.476795e+01    6.873350e-06
2.478017e+01    7.180352e-07
2.479238e+01    -5.409296e-06
2.480459e+01    -1.150824e-05
2.481680e+01    -1.757407e-05
2.482902e+01    -2.359525e-05
2.484123e+01    -2.958444e-05
2.485344e+01    -3.553406e-05
2.486566e+01    -4.143594e-05
2.487787e+01    -4.729856e-05
2.489008e+01    -5.310707e-05
2.490230e+01    -5.887318e-05
2.491451e+01    -6.458335e-05
2.492672e+01    -7.024295e-05
2.493893e+01    -7.584268e-05
2.495115e+01    -8.139196e-05
2.496336e+01    -8.687920e-05
2.497557e+01    -9.230952e-05
2.498779e+01    -9.766915e-05
2.500000e+01    -1.029752e-04
