0.000000e+00    -8.239637e+00
1.221299e-02    -8.232652e+00
2.442599e-02    -8.211720e+00
3.663898e-02    -8.176925e+00
4.885198e-02    -8.128400e+00
6.106497e-02    -8.066334e+00
7.327797e-02    -7.990965e+00
8.549096e-02    -7.902586e+00
9.770396e-02    -7.801533e+00
1.099169e-01    -7.688193e+00
1.221299e-01    -7.562996e+00
1.343429e-01    -7.426416e+00
1.465559e-01    -7.278967e+00
1.587689e-01    -7.121197e+00
1.709819e-01    -6.953689e+00
1.831949e-01    -6.777062e+00
1.954079e-01    -6.591956e+00
2.076209e-01    -6.399037e+00
2.198339e-01    -6.198995e+00
2.320469e-01    -5.992534e+00
2.442599e-01    -5.780372e+00
2.564729e-01    -5.563239e+00
2.686859e-01    -5.341869e+00
2.808989e-01    -5.117002e+00
2.931119e-01    -4.889373e+00
3.053249e-01    -4.659718e+00
3.175378e-01    -4.428760e+00
3.297509e-01    -4.197216e+00
3.419639e-01    -3.965788e+00
3.541768e-01    -3.735161e+00
3.663898e-01    -3.506001e+00
3.786028e-01    -3.278949e+00
3.908158e-01    -3.054624e+00
4.030288e-01    -2.833620e+00
4.152418e-01    -2.616497e+00
4.274548e-01    -2.403789e+00
4.396678e-01    -2.195994e+00
4.518808e-01    -1.993580e+00
4.640938e-01    -1.796977e+00
4.763068e-01    -1.606580e+00
4.885198e-01    -1.422749e+00
5.007328e-01    -1.245804e+00
5.129458e-01    -1.076030e+00
5.251588e-01    -9.136736e-01
5.373718e-01    -7.589439e-01
5.495847e-01    -6.120137e-01
5.617977e-01    -4.730184e-01
5.740107e-01    -3.420582e-01
5.862237e-01    -2.191978e-01
5.984367e-01    -1.044682e-01
6.106497e-01    2.132680e-03
6.228627e-01    1.006386e-01
6.350757e-01    1.911135e-01
6.472887e-01    2.736500e-01
6.595017e-01    3.483686e-01
6.717147e-01    4.154140e-01
6.839277e-01    4.749561e-01
6.961407e-01    5.271861e-01
7.083537e-01    5.723159e-01
7.205667e-01    6.105756e-01
7.327797e-01    6.422120e-01
7.449927e-01    6.674865e-01
7.572057e-01    6.866734e-01
7.694187e-01    7.000581e-01
7.816316e-01    7.079353e-01
7.938446e-01    7.106067e-01
8.060576e-01    7.083803e-01
8.182706e-01    7.015680e-01
8.304836e-01    6.904838e-01
8.426966e-01    6.754428e-01
8.549096e-01    6.567597e-01
8.671226e-01    6.347467e-01
8.793356e-01    6.097129e-01
8.915486e-01    5.819627e-01
9.037616e-01    5.517949e-01
9.159746e-01    5.195011e-01
9.281876e-01    4.853655e-01
9.404006e-01    4.496631e-01
9.526136e-01    4.126597e-01
9.648266e-01    3.746106e-01
9.770396e-01    3.357603e-01
9.892526e-01    2.963418e-01
1.001466e+00    2.565763e-01
1.013679e+00    2.166726e-01
1.025892e+00    1.768272e-01
1.038105e+00    1.372236e-01
1.050318e+00    9.803230e-02
1.062531e+00    5.941122e-02
1.074744e+00    2.150500e-02
1.086957e+00    -1.555440e-02
1.099169e+00    -5.164782e-02
1.111382e+00    -8.666871e-02
1.123595e+00    -1.205227e-01
1.135808e+00    -1.531276e-01
1.148021e+00    -1.844127e-01
1.160234e+00    -2.143187e-01
1.172447e+00    -2.427972e-01
1.184660e+00    -2.698101e-01
1.196873e+00    -2.953297e-01
1.209086e+00    -3.193369e-01
1.221299e+00    -3.418226e-01
1.233512e+00    -3.627854e-01
1.245725e+00    -3.822320e-01
1.257938e+00    -4.001765e-01
1.270151e+00    -4.166397e-01
1.282364e+00    -4.316487e-01
1.294577e+00    -4.452361e-01
1.306790e+00    -4.574400e-01
1.319003e+00    -4.683025e-01
1.331216e+00    -4.778702e-01
1.343429e+00    -4.861931e-01
1.355642e+00    -4.933241e-01
1.367855e+00    -4.993187e-01
1.380068e+00    -5.042347e-01
1.392281e+00    -5.081308e-01
1.404494e+00    -5.110678e-01
1.416707e+00    -5.131064e-01
1.428920e+00    -5.143081e-01
1.441133e+00    -5.147343e-01
1.453346e+00    -5.144459e-01
1.465559e+00    -5.135033e-01
1.477772e+00    -5.119658e-01
1.489985e+00    -5.098917e-01
1.502198e+00    -5.073374e-01
1.514411e+00    -5.043579e-01
1.526624e+00    -5.010060e-01
1.538837e+00    -4.973329e-01
1.551050e+00    -4.933870e-01
1.563263e+00    -4.892147e-01
1.575476e+00    -4.848598e-01
1.587689e+00    -4.803635e-01
1.599902e+00    -4.757644e-01
1.612115e+00    -4.710985e-01
1.624328e+00    -4.663991e-01
1.636541e+00    -4.616967e-01
1.648754e+00    -4.570189e-01
1.660967e+00    -4.523911e-01
1.673180e+00    -4.478357e-01
1.685393e+00    -4.433727e-01
1.697606e+00    -4.390194e-01
1.709819e+00    -4.347907e-01
1.722032e+00    -4.306990e-01
1.734245e+00    -4.267547e-01
1.746458e+00    -4.229657e-01
1.758671e+00    -4.193379e-01
1.770884e+00    -4.158753e-01
1.783097e+00    -4.125801e-01
1.795310e+00    -4.094523e-01
1.807523e+00    -4.064910e-01
1.819736e+00    -4.036931e-01
1.831949e+00    -4.010545e-01
1.844162e+00    -3.985699e-01
1.856375e+00    -3.962326e-01
1.868588e+00    -3.940350e-01
1.880801e+00    -3.919688e-01
1.893014e+00    -3.900247e-01
1.905227e+00    -3.881929e-01
1.917440e+00    -3.864629e-01
1.929653e+00    -3.848240e-01
1.941866e+00    -3.832648e-01
1.954079e+00    -3.817743e-01
1.966292e+00    -3.803408e-01
1.978505e+00    -3.789527e-01
1.990718e+00    -3.775987e-01
2.002931e+00    -3.762674e-01
2.015144e+00    -3.749475e-01
2.027357e+00    -3.736283e-01
2.039570e+00    -3.722992e-01
2.051783e+00    -3.709500e-01
2.063996e+00    -3.695710e-01
2.076209e+00    -3.681531e-01
2.088422e+00    -3.666873e-01
2.100635e+00    -3.651657e-01
2.112848e+00    -3.635807e-01
2.125061e+00    -3.619252e-01
2.137274e+00    -3.601929e-01
2.149487e+00    -3.583782e-01
2.161700e+00    -3.564759e-01
2.173913e+00    -3.544817e-01
2.186126e+00    -3.523917e-01
2.198339e+00    -3.502030e-01
2.210552e+00    -3.479130e-01
2.222765e+00    -3.455198e-01
2.234978e+00    -3.430224e-01
2.247191e+00    -3.404199e-01
2.259404e+00    -3.377123e-01
2.271617e+00    -3.349001e-01
2.283830e+00    -3.319844e-01
2.296043e+00    -3.289666e-01
2.308256e+00    -3.258488e-01
2.320469e+00    -3.226333e-01
2.332682e+00    -3.193229e-01
2.344895e+00    -3.159211e-01
2.357108e+00    -3.124314e-01
2.369321e+00    -3.088574e-01
2.381534e+00    -3.052036e-01
2.393747e+00    -3.014745e-01
2.405960e+00    -2.976744e-01
2.418173e+00    -2.938086e-01
2.430386e+00    -2.898819e-01
2.442599e+00    -2.858994e-01
2.454812e+00    -2.818665e-01
2.467025e+00    -2.777885e-01
2.479238e+00    -2.736706e-01
2.491451e+00    -2.695184e-01
2.503664e+00    -2.653372e-01
2.515877e+00    -2.611324e-01
2.528090e+00    -2.569092e-01
2.540303e+00    -2.526729e-01
2.552516e+00    -2.484286e-01
2.564729e+00    -2.441814e-01
2.576942e+00    -2.399361e-01
2.589155e+00    -2.356974e-01
2.601368e+00    -2.314699e-01
2.613581e+00    -2.272580e-01
2.625794e+00    -2.230661e-01
2.638007e+00    -2.188981e-01
2.650220e+00    -2.147579e-01
2.662433e+00    -2.106491e-01
2.674646e+00    -2.065751e-01
2.686859e+00    -2.025391e-01
2.699072e+00    -1.985442e-01
2.711285e+00    -1.945931e-01
2.723498e+00    -1.906884e-01
2.735711e+00    -1.868324e-01
2.747924e+00    -1.830272e-01
2.760137e+00    -1.792749e-01
2.772350e+00    -1.755770e-01
2.784563e+00    -1.719351e-01
2.796776e+00    -1.683504e-01
2.808989e+00    -1.648242e-01
2.821202e+00    -1.613573e-01
2.833415e+00    -1.579505e-01
2.845628e+00    -1.546043e-01
2.857841e+00    -1.513192e-01
2.870054e+00    -1.480954e-01
2.882267e+00    -1.449331e-01
2.894480e+00    -1.418321e-01
2.906693e+00    -1.387923e-01
2.918906e+00    -1.358135e-01
2.931119e+00    -1.328952e-01
2.943332e+00    -1.300370e-01
2.955545e+00    -1.272382e-01
2.967758e+00    -1.244981e-01
2.979971e+00    -1.218161e-01
2.992184e+00    -1.191912e-01
3.004397e+00    -1.166226e-01
3.016610e+00    -1.141093e-01
3.028823e+00    -1.116503e-01
3.041036e+00    -1.092446e-01
3.053249e+00    -1.068912e-01
3.065462e+00    -1.045889e-01
3.077675e+00    -1.023366e-01
3.089888e+00    -1.001333e-01
3.102101e+00    -9.797775e-02
3.114314e+00    -9.586888e-02
3.126527e+00    -9.380552e-02
3.138740e+00    -9.178659e-02
3.150953e+00    -8.981095e-02
3.163166e+00    -8.787755e-02
3.175379e+00    -8.598527e-02
3.187592e+00    -8.413308e-02
3.199805e+00    -8.231991e-02
3.212018e+00    -8.054485e-02
3.224231e+00    -7.880682e-02
3.236444e+00    -7.710491e-02
3.248657e+00    -7.543821e-02
3.260870e+00    -7.380581e-02
3.273082e+00    -7.220687e-02
3.285295e+00    -7.064056e-02
3.297508e+00    -6.910607e-02
3.309721e+00    -6.760266e-02
3.321934e+00    -6.612961e-02
3.334147e+00    -6.468622e-02
3.346360e+00    -6.327178e-02
3.358573e+00    -6.188571e-02
3.370786e+00    -6.052736e-02
3.382999e+00    -5.919618e-02
3.395212e+00    -5.789159e-02
3.407425e+00    -5.661307e-02
3.419638e+00    -5.536012e-02
3.431851e+00    -5.413225e-02
3.444064e+00    -5.292900e-02
3.456277e+00    -5.174992e-02
3.468490e+00    -5.059460e-02
3.480703e+00    -4.946262e-02
3.492916e+00    -4.835358e-02
3.505129e+00    -4.726712e-02
3.517342e+00    -4.620286e-02
3.529555e+00    -4.516045e-02
3.541768e+00    -4.413954e-02
3.553981e+00    -4.313979e-02
3.566194e+00    -4.216086e-02
3.578407e+00    -4.120243e-02
3.590620e+00    -4.026419e-02
3.602833e+00    -3.934580e-02
3.615046e+00    -3.844694e-02
3.627259e+00    -3.756732e-02
3.639472e+00    -3.670661e-02
3.651685e+00    -3.586449e-02
3.663898e+00    -3.504065e-02
3.676111e+00    -3.423480e-02
3.688324e+00    -3.344660e-02
3.700537e+00    -3.267566e-02
3.712750e+00    -3.192188e-02
3.724963e+00    -3.118472e-02
3.737176e+00    -3.046394e-02
3.749389e+00    -2.975919e-02
3.761602e+00    -2.907017e-02
3.773815e+00    -2.839654e-02
3.786028e+00    -2.773795e-02
3.798241e+00    -2.709408e-02
3.810454e+00    -2.646460e-02
3.822667e+00    -2.584918e-02
3.834880e+00    -2.524747e-02
3.847093e+00    -2.465914e-02
3.859306e+00    -2.408386e-02
3.871519e+00    -2.352128e-02
3.883732e+00    -2.297108e-02
3.895945e+00    -2.243294e-02
3.908158e+00    -2.190650e-02
3.920371e+00    -2.139145e-02
3.932584e+00    -2.088748e-02
3.944797e+00    -2.039426e-02
3.957010e+00    -1.991147e-02
3.969223e+00    -1.943881e-02
3.981436e+00    -1.897598e-02
3.993649e+00    -1.852269e-02
4.005862e+00    -1.807862e-02
4.018075e+00    -1.764352e-02
4.030288e+00    -1.721710e-02
4.042501e+00    -1.679909e-02
4.054714e+00    -1.638924e-02
4.066927e+00    -1.598730e-02
4.079140e+00    -1.559301e-02
4.091353e+00    -1.520617e-02
4.103566e+00    -1.482653e-02
4.115779e+00    -1.445391e-02
4.127992e+00    -1.408806e-02
4.140205e+00    -1.372886e-02
4.152418e+00    -1.337604e-02
4.164631e+00    -1.302950e-02
4.176844e+00    -1.268905e-02
4.189057e+00    -1.235456e-02
4.201270e+00    -1.202592e-02
4.213483e+00    -1.170289e-02
4.225696e+00    -1.138547e-02
4.237909e+00    -1.107350e-02
4.250122e+00    -1.076691e-02
4.262335e+00    -1.046558e-02
4.274548e+00    -1.016947e-02
4.286761e+00    -9.878485e-03
4.298974e+00    -9.592587e-03
4.311187e+00    -9.311709e-03
4.323400e+00    -9.035832e-03
4.335613e+00    -8.764898e-03
4.347826e+00    -8.498911e-03
4.360039e+00    -8.237828e-03
4.372252e+00    -7.981657e-03
4.384465e+00    -7.730382e-03
4.396678e+00    -7.484024e-03
4.408891e+00    -7.242559e-03
4.421104e+00    -7.006031e-03
4.433317e+00    -6.774438e-03
4.445530e+00    -6.547827e-03
4.457743e+00    -6.326194e-03
4.469956e+00    -6.109593e-03
4.482169e+00    -5.898044e-03
4.494382e+00    -5.691588e-03
4.506595e+00    -5.490247e-03
4.518808e+00    -5.294093e-03
4.531021e+00    -5.103130e-03
4.543234e+00    -4.917431e-03
4.555447e+00    -4.737004e-03
4.567660e+00    -4.561916e-03
4.579873e+00    -4.392185e-03
4.592086e+00    -4.227889e-03
4.604299e+00    -4.069028e-03
4.616512e+00    -3.915657e-03
4.628725e+00    -3.767809e-03
4.640938e+00    -3.625518e-03
4.653151e+00    -3.488811e-03
4.665364e+00    -3.357723e-03
4.677577e+00    -3.232265e-03
4.689790e+00    -3.112475e-03
4.702003e+00    -2.998375e-03
4.714216e+00    -2.889939e-03
4.726429e+00    -2.787217e-03
4.738642e+00    -2.690210e-03
4.750855e+00    -2.598907e-03
4.763068e+00    -2.513304e-03
4.775281e+00    -2.433404e-03
4.787494e+00    -2.359176e-03
4.799707e+00    -2.290608e-03
4.811920e+00    -2.227722e-03
4.824133e+00    -2.170430e-03
4.836346e+00    -2.118716e-03
4.848559e+00    -2.072555e-03
4.860772e+00    -2.031890e-03
4.872985e+00    -1.996682e-03
4.885198e+00    -1.966878e-03
4.897411e+00    -1.942433e-03
4.909624e+00    -1.923233e-03
4.921837e+00    -1.909261e-03
4.934050e+00    -1.900450e-03
4.946263e+00    -1.896676e-03
4.958476e+00    -1.897908e-03
4.970689e+00    -1.904025e-03
4.982902e+00    -1.914960e-03
4.995115e+00    -1.930602e-03
5.007328e+00    -1.950861e-03
5.019541e+00    -1.975640e-03
5.031754e+00    -2.004816e-03
5.043967e+00    -2.038291e-03
5.056180e+00    -2.075952e-03
5.068393e+00    -2.117682e-03
5.080606e+00    -2.163346e-03
5.092819e+00    -2.212850e-03
5.105031e+00    -2.266044e-03
5.117245e+00    -2.322806e-03
5.129457e+00    -2.383000e-03
5.141671e+00    -2.446509e-03
5.153883e+00    -2.513175e-03
5.166097e+00    -2.582862e-03
5.178309e+00    -2.655465e-03
5.190523e+00    -2.730808e-03
5.202735e+00    -2.808752e-03
5.214949e+00    -2.889162e-03
5.227162e+00    -2.971886e-03
5.239375e+00    -3.056781e-03
5.251588e+00    -3.143698e-03
5.263801e+00    -3.232494e-03
5.276014e+00    -3.323018e-03
5.288227e+00    -3.415130e-03
5.300440e+00    -3.508672e-03
5.312653e+00    -3.603494e-03
5.324866e+00    -3.699478e-03
5.337079e+00    -3.796444e-03
5.349292e+00    -3.894256e-03
5.361505e+00    -3.992788e-03
5.373718e+00    -4.091875e-03
5.385931e+00    -4.191369e-03
5.398144e+00    -4.291192e-03
5.410357e+00    -4.391085e-03
5.422570e+00    -4.491008e-03
5.434783e+00    -4.590797e-03
5.446996e+00    -4.690319e-03
5.459208e+00    -4.789442e-03
5.471422e+00    -4.888024e-03
5.483634e+00    -4.985949e-03
5.495848e+00    -5.083092e-03
5.508060e+00    -5.179331e-03
5.520274e+00    -5.274524e-03
5.532486e+00    -5.368586e-03
5.544700e+00    -5.461385e-03
5.556912e+00    -5.552804e-03
5.569126e+00    -5.642741e-03
5.581338e+00    -5.731078e-03
5.593552e+00    -5.817727e-03
5.605764e+00    -5.902585e-03
5.617978e+00    -5.985556e-03
5.630190e+00    -6.066527e-03
5.642404e+00    -6.145428e-03
5.654616e+00    -6.222165e-03
5.666830e+00    -6.296656e-03
5.679042e+00    -6.368837e-03
5.691256e+00    -6.438611e-03
5.703468e+00    -6.505894e-03
5.715682e+00    -6.570680e-03
5.727894e+00    -6.632834e-03
5.740108e+00    -6.692334e-03
5.752320e+00    -6.749108e-03
5.764534e+00    -6.803112e-03
5.776746e+00    -6.854292e-03
5.788960e+00    -6.902606e-03
5.801172e+00    -6.948018e-03
5.813385e+00    -6.990454e-03
5.825598e+00    -7.029931e-03
5.837811e+00    -7.066397e-03
5.850024e+00    -7.099822e-03
5.862237e+00    -7.130196e-03
5.874450e+00    -7.157486e-03
5.886663e+00    -7.181686e-03
5.898876e+00    -7.202797e-03
5.911089e+00    -7.220765e-03
5.923302e+00    -7.235631e-03
5.935515e+00    -7.247388e-03
5.947728e+00    -7.256021e-03
5.959941e+00    -7.261565e-03
5.972154e+00    -7.263992e-03
5.984367e+00    -7.263357e-03
5.996580e+00    -7.259640e-03
6.008793e+00    -7.252891e-03
6.021006e+00    -7.243112e-03
6.033219e+00    -7.230335e-03
6.045432e+00    -7.214596e-03
6.057645e+00    -7.195932e-03
6.069858e+00    -7.174361e-03
6.082071e+00    -7.149932e-03
6.094284e+00    -7.122677e-03
6.106497e+00    -7.092665e-03
6.118710e+00    -7.059927e-03
6.130923e+00    -7.024502e-03
6.143136e+00    -6.986454e-03
6.155349e+00    -6.945830e-03
6.167562e+00    -6.902693e-03
6.179775e+00    -6.857094e-03
6.191988e+00    -6.809103e-03
6.204201e+00    -6.758770e-03
6.216414e+00    -6.706170e-03
6.228627e+00    -6.651354e-03
6.240840e+00    -6.594401e-03
6.253053e+00    -6.535374e-03
6.265266e+00    -6.474340e-03
6.277479e+00    -6.411376e-03
6.289692e+00    -6.346548e-03
6.301905e+00    -6.279929e-03
6.314118e+00    -6.211603e-03
6.326331e+00    -6.141626e-03
6.338544e+00    -6.070084e-03
6.350757e+00    -5.997050e-03
6.362970e+00    -5.922612e-03
6.375183e+00    -5.846827e-03
6.387396e+00    -5.769783e-03
6.399609e+00    -5.691539e-03
6.411822e+00    -5.612209e-03
6.424035e+00    -5.531843e-03
6.436248e+00    -5.450515e-03
6.448461e+00    -5.368318e-03
6.460674e+00    -5.285301e-03
6.472887e+00    -5.201592e-03
6.485100e+00    -5.117220e-03
6.497313e+00    -5.032266e-03
6.509526e+00    -4.946815e-03
6.521739e+00    -4.860939e-03
6.533952e+00    -4.774700e-03
6.546165e+00    -4.688186e-03
6.558378e+00    -4.601455e-03
6.570591e+00    -4.514583e-03
6.582804e+00    -4.427628e-03
6.595017e+00    -4.340667e-03
6.607230e+00    -4.253754e-03
6.619443e+00    -4.166968e-03
6.631656e+00    -4.080371e-03
6.643869e+00    -3.993994e-03
6.656082e+00    -3.907917e-03
6.668295e+00    -3.822215e-03
6.680508e+00    -3.736922e-03
6.692721e+00    -3.652092e-03
6.704934e+00    -3.567844e-03
6.717147e+00    -3.484041e-03
6.729360e+00    -3.400913e-03
6.741573e+00    -3.318453e-03
6.753786e+00    -3.236701e-03
6.765999e+00    -3.155703e-03
6.778212e+00    -3.075492e-03
6.790425e+00    -2.996120e-03
6.802638e+00    -2.917598e-03
6.814851e+00    -2.839993e-03
6.827064e+00    -2.763318e-03
6.839277e+00    -2.687609e-03
6.851490e+00    -2.612892e-03
6.863703e+00    -2.539195e-03
6.875916e+00    -2.466557e-03
6.888129e+00    -2.394972e-03
6.900342e+00    -2.324481e-03
6.912555e+00    -2.255101e-03
6.924768e+00    -2.186839e-03
6.936981e+00    -2.119730e-03
6.949194e+00    -2.053761e-03
6.961407e+00    -1.988963e-03
6.973620e+00    -1.925329e-03
6.985833e+00    -1.862881e-03
6.998046e+00    -1.801609e-03
7.010259e+00    -1.741525e-03
7.022472e+00    -1.682634e-03
7.034685e+00    -1.624928e-03
7.046898e+00    -1.568405e-03
7.059111e+00    -1.513072e-03
7.071324e+00    -1.458906e-03
7.083537e+00    -1.405921e-03
7.095750e+00    -1.354168e-03
7.107963e+00    -1.303406e-03
7.120176e+00    -1.253866e-03
7.132389e+00    -1.205459e-03
7.144602e+00    -1.158162e-03
7.156815e+00    -1.111959e-03
7.169028e+00    -1.066846e-03
7.181241e+00    -1.022793e-03
7.193454e+00    -9.797866e-04
7.205667e+00    -9.378099e-04
7.217880e+00    -8.968418e-04
7.230093e+00    -8.568629e-04
7.242306e+00    -8.178485e-04
7.254519e+00    -7.797683e-04
7.266732e+00    -7.426135e-04
7.278944e+00    -7.063521e-04
7.291158e+00    -6.709569e-04
7.303371e+00    -6.364064e-04
7.315584e+00    -6.026718e-04
7.327797e+00    -5.697355e-04
7.340010e+00    -5.375698e-04
7.352223e+00    -5.061296e-04
7.364436e+00    -4.754093e-04
7.376649e+00    -4.453693e-04
7.388862e+00    -4.159872e-04
7.401075e+00    -3.872405e-04
7.413288e+00    -3.590823e-04
7.425501e+00    -3.315034e-04
7.437714e+00    -3.044735e-04
7.449927e+00    -2.779604e-04
7.462140e+00    -2.519407e-04
7.474353e+00    -2.263818e-04
7.486566e+00    -2.012650e-04
7.498779e+00    -1.765534e-04
7.510992e+00    -1.522408e-04
7.523205e+00    -1.282809e-04
7.535418e+00    -1.046600e-04
7.547631e+00    -8.134770e-05
7.559844e+00    -5.832851e-05
7.572057e+00    -3.556701e-05
7.584270e+00    -1.305466e-05
7.596483e+00    9.230662e-06
7.608696e+00    3.133406e-05
7.620909e+00    5.324282e-05
7.633121e+00    7.498692e-05
7.645335e+00    9.659980e-05
7.657547e+00    1.180870e-04
7.669761e+00    1.394585e-04
7.681973e+00    1.607440e-04
7.694187e+00    1.819456e-04
7.706399e+00    2.030709e-04
7.718613e+00    2.241840e-04
7.730825e+00    2.452367e-04
7.743039e+00    2.662720e-04
7.755251e+00    2.872872e-04
7.767465e+00    3.082973e-04
7.779677e+00    3.293162e-04
7.791891e+00    3.503505e-04
7.804103e+00    3.713804e-04
7.816317e+00    3.924544e-04
7.828529e+00    4.135480e-04
7.840743e+00    4.346790e-04
7.852955e+00    4.558413e-04
7.865169e+00    4.770337e-04
7.877381e+00    4.982789e-04
7.889595e+00    5.195549e-04
7.901807e+00    5.408827e-04
7.914021e+00    5.622191e-04
7.926233e+00    5.835938e-04
7.938447e+00    6.049990e-04
7.950659e+00    6.264203e-04
7.962873e+00    6.478670e-04
7.975085e+00    6.693242e-04
7.987298e+00    6.907759e-04
7.999511e+00    7.122203e-04
8.011724e+00    7.336513e-04
8.023937e+00    7.550582e-04
8.036150e+00    7.764293e-04
8.048364e+00    7.977548e-04
8.060576e+00    8.190178e-04
8.072789e+00    8.402084e-04
8.085002e+00    8.613186e-04
8.097216e+00    8.823352e-04
8.109428e+00    9.032239e-04
8.121641e+00    9.239942e-04
8.133854e+00    9.446219e-04
8.146068e+00    9.650945e-04
8.158280e+00    9.853881e-04
8.170493e+00    1.005493e-03
8.182706e+00    1.025389e-03
8.194920e+00    1.045070e-03
8.207132e+00    1.064503e-03
8.219345e+00    1.083679e-03
8.231558e+00    1.102586e-03
8.243772e+00    1.121195e-03
8.255984e+00    1.139494e-03
8.268197e+00    1.157461e-03
8.280410e+00    1.175074e-03
8.292624e+00    1.192342e-03
8.304836e+00    1.209210e-03
8.317049e+00    1.225680e-03
8.329262e+00    1.241731e-03
8.341475e+00    1.257346e-03
8.353688e+00    1.272505e-03
8.365901e+00    1.287191e-03
8.378115e+00    1.301386e-03
8.390327e+00    1.315076e-03
8.402540e+00    1.328279e-03
8.414753e+00    1.340864e-03
8.426967e+00    1.352938e-03
8.439179e+00    1.364432e-03
8.451392e+00    1.375344e-03
8.463605e+00    1.385652e-03
8.475819e+00    1.395351e-03
8.488031e+00    1.404418e-03
8.500244e+00    1.412852e-03
8.512457e+00    1.420619e-03
8.524671e+00    1.427726e-03
8.536883e+00    1.434158e-03
8.549096e+00    1.439902e-03
8.561309e+00    1.444952e-03
8.573523e+00    1.449293e-03
8.585735e+00    1.452922e-03
8.597948e+00    1.455846e-03
8.610161e+00    1.458004e-03
8.622375e+00    1.459449e-03
8.634587e+00    1.460142e-03
8.646800e+00    1.460103e-03
8.659013e+00    1.459306e-03
8.671227e+00    1.457760e-03
8.683439e+00    1.455450e-03
8.695652e+00    1.452386e-03
8.707865e+00    1.448550e-03
8.720078e+00    1.443989e-03
8.732291e+00    1.438644e-03
8.744504e+00    1.432542e-03
8.756717e+00    1.425692e-03
8.768930e+00    1.418085e-03
8.781143e+00    1.409726e-03
8.793356e+00    1.400634e-03
8.805569e+00    1.390786e-03
8.817782e+00    1.380213e-03
8.829995e+00    1.368911e-03
8.842208e+00    1.356899e-03
8.854421e+00    1.344171e-03
8.866634e+00    1.330738e-03
8.878847e+00    1.316620e-03
8.891060e+00    1.301828e-03
8.903273e+00    1.286387e-03
8.915486e+00    1.270242e-03
8.927699e+00    1.253478e-03
8.939912e+00    1.236082e-03
8.952125e+00    1.218072e-03
8.964338e+00    1.199465e-03
8.976551e+00    1.180270e-03
8.988764e+00    1.160504e-03
9.000977e+00    1.140191e-03
9.013190e+00    1.119330e-03
9.025403e+00    1.097962e-03
9.037616e+00    1.076091e-03
9.049829e+00    1.053741e-03
9.062042e+00    1.030911e-03
9.074255e+00    1.007647e-03
9.086468e+00    9.839559e-04
9.098680e+00    9.598699e-04
9.110894e+00    9.353770e-04
9.123107e+00    9.105310e-04
9.135320e+00    8.853379e-04
9.147532e+00    8.598209e-04
9.159746e+00    8.340036e-04
9.171959e+00    8.079094e-04
9.184172e+00    7.815474e-04
9.196384e+00    7.549555e-04
9.208598e+00    7.281389e-04
9.220811e+00    7.011265e-04
9.233024e+00    6.739543e-04
9.245236e+00    6.466274e-04
9.257450e+00    6.191730e-04
9.269663e+00    5.916090e-04
9.281876e+00    5.639676e-04
9.294088e+00    5.362578e-04
9.306302e+00    5.085132e-04
9.318515e+00    4.807516e-04
9.330728e+00    4.529989e-04
9.342940e+00    4.252538e-04
9.355154e+00    3.975634e-04
9.367367e+00    3.699461e-04
9.379580e+00    3.424075e-04
9.391793e+00    3.149770e-04
9.404006e+00    2.876784e-04
9.416219e+00    2.605219e-04
9.428432e+00    2.335261e-04
9.440645e+00    2.067227e-04
9.452858e+00    1.801210e-04
9.465071e+00    1.537373e-04
9.477283e+00    1.275898e-04
9.489497e+00    1.016956e-04
9.501710e+00    7.606641e-05
9.513923e+00    5.073456e-05
9.526135e+00    2.569974e-05
9.538349e+00    9.789283e-07
9.550562e+00    -2.340545e-05
9.562775e+00    -4.745211e-05
9.574987e+00    -7.114149e-05
9.587201e+00    -9.445505e-05
9.599414e+00    -1.173915e-04
9.611627e+00    -1.399243e-04
9.623839e+00    -1.620604e-04
9.636053e+00    -1.837807e-04
9.648266e+00    -2.050832e-04
9.660479e+00    -2.259424e-04
9.672691e+00    -2.463606e-04
9.684905e+00    -2.663363e-04
9.697118e+00    -2.858509e-04
9.709331e+00    -3.049161e-04
9.721543e+00    -3.234853e-04
9.733757e+00    -3.415959e-04
9.745970e+00    -3.592242e-04
9.758183e+00    -3.763722e-04
9.770395e+00    -3.930351e-04
9.782609e+00    -4.092131e-04
9.794822e+00    -4.248959e-04
9.807034e+00    -4.400912e-04
9.819247e+00    -4.547969e-04
9.831461e+00    -4.690138e-04
9.843674e+00    -4.827352e-04
9.855886e+00    -4.959650e-04
9.868099e+00    -5.087123e-04
9.880313e+00    -5.209674e-04
9.892526e+00    -5.327500e-04
9.904738e+00    -5.440491e-04
9.916951e+00    -5.548827e-04
9.929165e+00    -5.652429e-04
9.941378e+00    -5.751419e-04
9.953590e+00    -5.845810e-04
9.965803e+00    -5.935609e-04
9.978017e+00    -6.020988e-04
9.990230e+00    -6.101974e-04
1.000244e+01    -6.178704e-04
1.001466e+01    -6.251216e-04
1.002687e+01    -6.319396e-04
1.003908e+01    -6.383656e-04
1.005129e+01    -6.443879e-04
1.006351e+01    -6.500197e-04
1.007572e+01    -6.552706e-04
1.008793e+01    -6.601534e-04
1.010015e+01    -6.647084e-04
1.011236e+01    -6.688566e-04
1.012457e+01    -6.726963e-04
1.013679e+01    -6.762009e-04
1.014900e+01    -6.793927e-04
1.016121e+01    -6.822764e-04
1.017342e+01    -6.848710e-04
1.018564e+01    -6.871795e-04
1.019785e+01    -6.892253e-04
1.021006e+01    -6.910015e-04
1.022228e+01    -6.925330e-04
1.023449e+01    -6.938304e-04
1.024670e+01    -6.949082e-04
1.025891e+01    -6.957726e-04
1.027113e+01    -6.964406e-04
1.028334e+01    -6.969136e-04
1.029555e+01    -6.972323e-04
1.030777e+01    -6.973637e-04
1.031998e+01    -6.973524e-04
1.033219e+01    -6.972055e-04
1.034441e+01    -6.969135e-04
1.035662e+01    -6.965230e-04
1.036883e+01    -6.960178e-04
1.038105e+01    -6.954174e-04
1.039326e+01    -6.947376e-04
1.040547e+01    -6.939936e-04
1.041768e+01    -6.931527e-04
1.042990e+01    -6.922764e-04
1.044211e+01    -6.913593e-04
1.045432e+01    -6.903957e-04
1.046654e+01    -6.894117e-04
1.047875e+01    -6.884125e-04
1.049096e+01    -6.874335e-04
1.050318e+01    -6.863917e-04
1.051539e+01    -6.853939e-04
1.052760e+01    -6.844043e-04
1.053981e+01    -6.834392e-04
1.055203e+01    -6.825065e-04
1.056424e+01    -6.816041e-04
1.057645e+01    -6.807527e-04
1.058867e+01    -6.799391e-04
1.060088e+01    -6.791736e-04
1.061309e+01    -6.784846e-04
1.062531e+01    -6.778426e-04
1.063752e+01    -6.772734e-04
1.064973e+01    -6.767829e-04
1.066194e+01    -6.763549e-04
1.067416e+01    -6.760102e-04
1.068637e+01    -6.757434e-04
1.069858e+01    -6.755596e-04
1.071080e+01    -6.754576e-04
1.072301e+01    -6.754313e-04
1.073522e+01    -6.754931e-04
1.074744e+01    -6.756403e-04
1.075965e+01    -6.758778e-04
1.077186e+01    -6.761990e-04
1.078407e+01    -6.765978e-04
1.079629e+01    -6.770755e-04
1.080850e+01    -6.776369e-04
1.082071e+01    -6.782761e-04
1.083293e+01    -6.789897e-04
1.084514e+01    -6.797823e-04
1.085735e+01    -6.806420e-04
1.086957e+01    -6.815596e-04
1.088178e+01    -6.825413e-04
1.089399e+01    -6.835855e-04
1.090620e+01    -6.846776e-04
1.091842e+01    -6.858183e-04
1.093063e+01    -6.870085e-04
1.094284e+01    -6.882294e-04
1.095506e+01    -6.894866e-04
1.096727e+01    -6.907705e-04
1.097948e+01    -6.920717e-04
1.099170e+01    -6.933815e-04
1.100391e+01    -6.947097e-04
1.101612e+01    -6.960296e-04
1.102833e+01    -6.973476e-04
1.104055e+01    -6.986487e-04
1.105276e+01    -6.999308e-04
1.106497e+01    -7.011815e-04
1.107719e+01    -7.023977e-04
1.108940e+01    -7.035629e-04
1.110161e+01    -7.046767e-04
1.111382e+01    -7.057359e-04
1.112604e+01    -7.067302e-04
1.113825e+01    -7.076388e-04
1.115046e+01    -7.084608e-04
1.116268e+01    -7.091878e-04
1.117489e+01    -7.098177e-04
1.118710e+01    -7.103404e-04
1.119932e+01    -7.107399e-04
1.121153e+01    -7.110100e-04
1.122374e+01    -7.111557e-04
1.123596e+01    -7.111428e-04
1.124817e+01    -7.109858e-04
1.126038e+01    -7.106729e-04
1.127259e+01    -7.101925e-04
1.128481e+01    -7.095367e-04
1.129702e+01    -7.086819e-04
1.130923e+01    -7.076717e-04
1.132145e+01    -7.064517e-04
1.133366e+01    -7.050331e-04
1.134587e+01    -7.034023e-04
1.135808e+01    -7.015608e-04
1.137030e+01    -6.994926e-04
1.138251e+01    -6.972007e-04
1.139472e+01    -6.946723e-04
1.140694e+01    -6.919195e-04
1.141915e+01    -6.889015e-04
1.143136e+01    -6.856478e-04
1.144358e+01    -6.821393e-04
1.145579e+01    -6.783761e-04
1.146800e+01    -6.743506e-04
1.148022e+01    -6.700607e-04
1.149243e+01    -6.655016e-04
1.150464e+01    -6.606759e-04
1.151685e+01    -6.555771e-04
1.152907e+01    -6.501984e-04
1.154128e+01    -6.445473e-04
1.155349e+01    -6.386157e-04
1.156571e+01    -6.323982e-04
1.157792e+01    -6.259138e-04
1.159013e+01    -6.191314e-04
1.160234e+01    -6.120974e-04
1.161456e+01    -6.047385e-04
1.162677e+01    -5.971239e-04
1.163898e+01    -5.892253e-04
1.165120e+01    -5.810457e-04
1.166341e+01    -5.725993e-04
1.167562e+01    -5.638775e-04
1.168784e+01    -5.548764e-04
1.170005e+01    -5.456152e-04
1.171226e+01    -5.360795e-04
1.172447e+01    -5.263071e-04
1.173669e+01    -5.162654e-04
1.174890e+01    -5.059706e-04
1.176111e+01    -4.954301e-04
1.177333e+01    -4.846501e-04
1.178554e+01    -4.736298e-04
1.179775e+01    -4.623839e-04
1.180997e+01    -4.509197e-04
1.182218e+01    -4.392319e-04
1.183439e+01    -4.273333e-04
1.184660e+01    -4.152371e-04
1.185882e+01    -4.029500e-04
1.187103e+01    -3.904698e-04
1.188324e+01    -3.777993e-04
1.189546e+01    -3.649797e-04
1.190767e+01    -3.519854e-04
1.191988e+01    -3.388485e-04
1.193210e+01    -3.255555e-04
1.194431e+01    -3.121337e-04
1.195652e+01    -2.985890e-04
1.196873e+01    -2.849261e-04
1.198095e+01    -2.711590e-04
1.199316e+01    -2.573028e-04
1.200537e+01    -2.433548e-04
1.201759e+01    -2.292981e-04
1.202980e+01    -2.152469e-04
1.204201e+01    -2.011220e-04
1.205423e+01    -1.869469e-04
1.206644e+01    -1.727326e-04
1.207865e+01    -1.585076e-04
1.209086e+01    -1.442724e-04
1.210308e+01    -1.300291e-04
1.211529e+01    -1.158272e-04
1.212750e+01    -1.016365e-04
1.213972e+01    -8.747617e-05
1.215193e+01    -7.336843e-05
1.216414e+01    -5.932411e-05
1.217636e+01    -4.534894e-05
1.218857e+01    -3.148648e-05
1.220078e+01    -1.765133e-05
1.221299e+01    -3.959001e-06
1.222521e+01    9.624913e-06
1.223742e+01    2.308008e-05
1.224963e+01    3.640148e-05
1.226185e+01    4.957159e-05
1.227406e+01    6.258775e-05
1.228627e+01    7.543454e-05
1.229849e+01    8.809373e-05
1.231070e+01    1.005891e-04
1.232291e+01    1.128689e-04
1.233512e+01    1.249306e-04
1.234734e+01    1.368087e-04
1.235955e+01    1.484452e-04
1.237176e+01    1.598408e-04
1.238398e+01    1.709966e-04
1.239619e+01    1.819029e-04
1.240840e+01    1.925420e-04
1.242062e+01    2.029303e-04
1.243283e+01    2.130357e-04
1.244504e+01    2.228549e-04
1.245725e+01    2.323881e-04
1.246947e+01    2.416250e-04
1.248168e+01    2.505576e-04
1.249389e+01    2.591470e-04
1.250611e+01    2.674908e-04
1.251832e+01    2.754765e-04
1.253053e+01    2.831463e-04
1.254275e+01    2.904859e-04
1.255496e+01    2.974835e-04
1.256717e+01    3.041579e-04
1.257938e+01    3.104757e-04
1.259160e+01    3.164550e-04
1.260381e+01    3.221141e-04
1.261602e+01    3.273594e-04
1.262824e+01    3.322965e-04
1.264045e+01    3.368824e-04
1.265266e+01    3.411008e-04
1.266488e+01    3.449654e-04
1.267709e+01    3.484781e-04
1.268930e+01    3.516293e-04
1.270151e+01    3.544257e-04
1.271373e+01    3.568647e-04
1.272594e+01    3.589542e-04
1.273815e+01    3.606811e-04
1.275037e+01    3.620683e-04
1.276258e+01    3.630932e-04
1.277479e+01    3.637683e-04
1.278701e+01    3.641001e-04
1.279922e+01    3.641009e-04
1.281143e+01    3.637370e-04
1.282364e+01    3.630501e-04
1.283586e+01    3.620252e-04
1.284807e+01    3.606742e-04
1.286028e+01    3.589981e-04
1.287250e+01    3.570052e-04
1.288471e+01    3.546813e-04
1.289692e+01    3.520680e-04
1.290914e+01    3.491450e-04
1.292135e+01    3.459142e-04
1.293356e+01    3.424033e-04
1.294577e+01    3.386000e-04
1.295799e+01    3.345185e-04
1.297020e+01    3.301516e-04
1.298241e+01    3.255424e-04
1.299463e+01    3.206523e-04
1.300684e+01    3.155217e-04
1.301905e+01    3.101449e-04
1.303127e+01    3.045248e-04
1.304348e+01    2.987054e-04
1.305569e+01    2.926299e-04
1.306790e+01    2.863418e-04
1.308012e+01    2.798677e-04
1.309233e+01    2.731939e-04
1.310454e+01    2.663342e-04
1.311676e+01    2.592873e-04
1.312897e+01    2.520783e-04
1.314118e+01    2.447019e-04
1.315340e+01    2.371719e-04
1.316561e+01    2.295050e-04
1.317782e+01    2.216956e-04
1.319003e+01    2.137474e-04
1.320225e+01    2.057053e-04
1.321446e+01    1.975526e-04
1.322667e+01    1.892912e-04
1.323889e+01    1.809358e-04
1.325110e+01    1.724997e-04
1.326331e+01    1.639983e-04
1.327553e+01    1.554273e-04
1.328774e+01    1.467885e-04
1.329995e+01    1.381040e-04
1.331216e+01    1.293892e-04
1.332438e+01    1.206419e-04
1.333659e+01    1.118743e-04
1.334880e+01    1.030738e-04
1.336102e+01    9.427613e-05
1.337323e+01    8.547572e-05
1.338544e+01    7.668993e-05
1.339766e+01    6.793208e-05
1.340987e+01    5.915472e-05
1.342208e+01    5.044968e-05
1.343429e+01    4.176860e-05
1.344651e+01    3.312817e-05
1.345872e+01    2.454618e-05
1.347093e+01    1.601926e-05
1.348315e+01    7.552277e-06
1.349536e+01    -8.503503e-07
1.350757e+01    -9.165973e-06
1.351978e+01    -1.740342e-05
1.353200e+01    -2.555596e-05
1.354421e+01    -3.361541e-05
1.355642e+01    -4.157992e-05
1.356864e+01    -4.943618e-05
1.358085e+01    -5.717826e-05
1.359306e+01    -6.483316e-05
1.360528e+01    -7.236785e-05
1.361749e+01    -7.977243e-05
1.362970e+01    -8.705801e-05
1.364192e+01    -9.421718e-05
1.365413e+01    -1.012544e-04
1.366634e+01    -1.081493e-04
1.367855e+01    -1.149054e-04
1.369077e+01    -1.215361e-04
1.370298e+01    -1.280168e-04
1.371519e+01    -1.343519e-04
1.372741e+01    -1.405490e-04
1.373962e+01    -1.466188e-04
1.375183e+01    -1.525280e-04
1.376404e+01    -1.582802e-04
1.377626e+01    -1.638938e-04
1.378847e+01    -1.693530e-04
1.380068e+01    -1.746538e-04
1.381290e+01    -1.798195e-04
1.382511e+01    -1.848254e-04
1.383732e+01    -1.896809e-04
1.384954e+01    -1.943855e-04
1.386175e+01    -1.989346e-04
1.387396e+01    -2.033351e-04
1.388618e+01    -2.075833e-04
1.389839e+01    -2.117028e-04
1.391060e+01    -2.156593e-04
1.392281e+01    -2.194737e-04
1.393503e+01    -2.231378e-04
1.394724e+01    -2.266612e-04
1.395945e+01    -2.300451e-04
1.397167e+01    -2.332841e-04
1.398388e+01    -2.363916e-04
1.399609e+01    -2.393461e-04
1.400830e+01    -2.421941e-04
1.402052e+01    -2.448880e-04
1.403273e+01    -2.474725e-04
1.404494e+01    -2.499124e-04
1.405716e+01    -2.522340e-04
1.406937e+01    -2.544296e-04
1.408158e+01    -2.565072e-04
1.409380e+01    -2.584700e-04
1.410601e+01    -2.603125e-04
1.411822e+01    -2.620413e-04
1.413043e+01    -2.636655e-04
1.414265e+01    -2.651810e-04
1.415486e+01    -2.665907e-04
1.416707e+01    -2.679010e-04
1.417929e+01    -2.691125e-04
1.419150e+01    -2.701978e-04
1.420371e+01    -2.712478e-04
1.421593e+01    -2.721818e-04
1.422814e+01    -2.730187e-04
1.424035e+01    -2.737783e-04
1.425256e+01    -2.744491e-04
1.426478e+01    -2.750469e-04
1.427699e+01    -2.755559e-04
1.428920e+01    -2.759928e-04
1.430142e+01    -2.763594e-04
1.431363e+01    -2.766525e-04
1.432584e+01    -2.768814e-04
1.433806e+01    -2.770347e-04
1.435027e+01    -2.771232e-04
1.436248e+01    -2.771518e-04
1.437469e+01    -2.771209e-04
1.438691e+01    -2.770228e-04
1.439912e+01    -2.768787e-04
1.441133e+01    -2.766578e-04
1.442355e+01    -2.763973e-04
1.443576e+01    -2.760776e-04
1.444797e+01    -2.757036e-04
1.446019e+01    -2.752825e-04
1.447240e+01    -2.748077e-04
1.448461e+01    -2.742745e-04
1.449682e+01    -2.737048e-04
1.450904e+01    -2.730748e-04
1.452125e+01    -2.724003e-04
1.453346e+01    -2.716787e-04
1.454568e+01    -2.709068e-04
1.455789e+01    -2.700758e-04
1.457010e+01    -2.692192e-04
1.458232e+01    -2.683002e-04
1.459453e+01    -2.673358e-04
1.460674e+01    -2.663211e-04
1.461895e+01    -2.652572e-04
1.463117e+01    -2.641333e-04
1.464338e+01    -2.629668e-04
1.465559e+01    -2.617488e-04
1.466781e+01    -2.604759e-04
1.468002e+01    -2.591509e-04
1.469223e+01    -2.577619e-04
1.470445e+01    -2.563247e-04
1.471666e+01    -2.548340e-04
1.472887e+01    -2.532657e-04
1.474109e+01    -2.516585e-04
1.475330e+01    -2.499649e-04
1.476551e+01    -2.482184e-04
1.477772e+01    -2.464002e-04
1.478994e+01    -2.445206e-04
1.480215e+01    -2.425690e-04
1.481436e+01    -2.405356e-04
1.482658e+01    -2.384302e-04
1.483879e+01    -2.362530e-04
1.485100e+01    -2.339947e-04
1.486321e+01    -2.316573e-04
1.487543e+01    -2.292286e-04
1.488764e+01    -2.267260e-04
1.489985e+01    -2.241191e-04
1.491207e+01    -2.214342e-04
1.492428e+01    -2.186468e-04
1.493649e+01    -2.157845e-04
1.494871e+01    -2.128093e-04
1.496092e+01    -2.097187e-04
1.497313e+01    -2.065686e-04
1.498534e+01    -2.032995e-04
1.499756e+01    -1.999266e-04
1.500977e+01    -1.964323e-04
1.502198e+01    -1.928399e-04
1.503420e+01    -1.891294e-04
1.504641e+01    -1.853116e-04
1.505862e+01    -1.813777e-04
1.507084e+01    -1.773269e-04
1.508305e+01    -1.731527e-04
1.509526e+01    -1.688663e-04
1.510747e+01    -1.644694e-04
1.511969e+01    -1.599237e-04
1.513190e+01    -1.552689e-04
1.514411e+01    -1.504854e-04
1.515633e+01    -1.455754e-04
1.516854e+01    -1.405445e-04
1.518075e+01    -1.353813e-04
1.519297e+01    -1.300825e-04
1.520518e+01    -1.246715e-04
1.521739e+01    -1.191194e-04
1.522960e+01    -1.134395e-04
1.524182e+01    -1.076314e-04
1.525403e+01    -1.016920e-04
1.526624e+01    -9.562451e-05
1.527846e+01    -8.942535e-05
1.529067e+01    -8.310043e-05
1.530288e+01    -7.664963e-05
1.531509e+01    -7.007163e-05
1.532731e+01    -6.336552e-05
1.533952e+01    -5.653644e-05
1.535173e+01    -4.958722e-05
1.536395e+01    -4.251458e-05
1.537616e+01    -3.532261e-05
1.538837e+01    -2.801330e-05
1.540059e+01    -2.059115e-05
1.541280e+01    -1.305081e-05
1.542501e+01    -5.409833e-06
1.543723e+01    2.347644e-06
1.544944e+01    1.020477e-05
1.546165e+01    1.816585e-05
1.547386e+01    2.622640e-05
1.548608e+01    3.438242e-05
1.549829e+01    4.262538e-05
1.551050e+01    5.095755e-05
1.552272e+01    5.937893e-05
1.553493e+01    6.788626e-05
1.554714e+01    7.645188e-05
1.555935e+01    8.510108e-05
1.557157e+01    9.380749e-05
1.558378e+01    1.025857e-04
1.559599e+01    1.114228e-04
1.560821e+01    1.203020e-04
1.562042e+01    1.292376e-04
1.563263e+01    1.382115e-04
1.564485e+01    1.472204e-04
1.565706e+01    1.562686e-04
1.566927e+01    1.653318e-04
1.568149e+01    1.744199e-04
1.569370e+01    1.835176e-04
1.570591e+01    1.926285e-04
1.571812e+01    2.017869e-04
1.573034e+01    2.108357e-04
1.574255e+01    2.199399e-04
1.575476e+01    2.290176e-04
1.576698e+01    2.380714e-04
1.577919e+01    2.470952e-04
1.579140e+01    2.560838e-04
1.580362e+01    2.650326e-04
1.581583e+01    2.739237e-04
1.582804e+01    2.827603e-04
1.584025e+01    2.915284e-04
1.585247e+01    3.002453e-04
1.586468e+01    3.088771e-04
1.587689e+01    3.174242e-04
1.588911e+01    3.258657e-04
1.590132e+01    3.342499e-04
1.591353e+01    3.425116e-04
1.592575e+01    3.506643e-04
1.593796e+01    3.587039e-04
1.595017e+01    3.666222e-04
1.596238e+01    3.744096e-04
1.597460e+01    3.820690e-04
1.598681e+01    3.895829e-04
1.599902e+01    3.969420e-04
1.601124e+01    4.041574e-04
1.602345e+01    4.112174e-04
1.603566e+01    4.181051e-04
1.604787e+01    4.248172e-04
1.606009e+01    4.313635e-04
1.607230e+01    4.377212e-04
1.608451e+01    4.438917e-04
1.609673e+01    4.498699e-04
1.610894e+01    4.556745e-04
1.612115e+01    4.612301e-04
1.613337e+01    4.665958e-04
1.614558e+01    4.717559e-04
1.615779e+01    4.766933e-04
1.617001e+01    4.814111e-04
1.618222e+01    4.859002e-04
1.619443e+01    4.901767e-04
1.620664e+01    4.941957e-04
1.621886e+01    4.979862e-04
1.623107e+01    5.015402e-04
1.624328e+01    5.048489e-04
1.625550e+01    5.079124e-04
1.626771e+01    5.107320e-04
1.627992e+01    5.132926e-04
1.629214e+01    5.156077e-04
1.630435e+01    5.176592e-04
1.631656e+01    5.194525e-04
1.632877e+01    5.209930e-04
1.634099e+01    5.222516e-04
1.635320e+01    5.232859e-04
1.636541e+01    5.240364e-04
1.637763e+01    5.245288e-04
1.638984e+01    5.247584e-04
1.640205e+01    5.247210e-04
1.641426e+01    5.244158e-04
1.642648e+01    5.238545e-04
1.643869e+01    5.230311e-04
1.645090e+01    5.219338e-04
1.646312e+01    5.205795e-04
1.647533e+01    5.189650e-04
1.648754e+01    5.170922e-04
1.649976e+01    5.149684e-04
1.651197e+01    5.125739e-04
1.652418e+01    5.099316e-04
1.653639e+01    5.070367e-04
1.654861e+01    5.038956e-04
1.656082e+01    5.005018e-04
1.657303e+01    4.968700e-04
1.658525e+01    4.929983e-04
1.659746e+01    4.888845e-04
1.660967e+01    4.845361e-04
1.662189e+01    4.799621e-04
1.663410e+01    4.751536e-04
1.664631e+01    4.701361e-04
1.665853e+01    4.648913e-04
1.667074e+01    4.594319e-04
1.668295e+01    4.537764e-04
1.669516e+01    4.479062e-04
1.670738e+01    4.418445e-04
1.671959e+01    4.355806e-04
1.673180e+01    4.291315e-04
1.674402e+01    4.224989e-04
1.675623e+01    4.156868e-04
1.676844e+01    4.087046e-04
1.678065e+01    4.015489e-04
1.679287e+01    3.942400e-04
1.680508e+01    3.867787e-04
1.681729e+01    3.791493e-04
1.682951e+01    3.713822e-04
1.684172e+01    3.634857e-04
1.685393e+01    3.554499e-04
1.686615e+01    3.472910e-04
1.687836e+01    3.390128e-04
1.689057e+01    3.306385e-04
1.690278e+01    3.221283e-04
1.691500e+01    3.135344e-04
1.692721e+01    3.048407e-04
1.693942e+01    2.960662e-04
1.695164e+01    2.872013e-04
1.696385e+01    2.782636e-04
1.697606e+01    2.692747e-04
1.698828e+01    2.602047e-04
1.700049e+01    2.510948e-04
1.701270e+01    2.419243e-04
1.702491e+01    2.327141e-04
1.703713e+01    2.234691e-04
1.704934e+01    2.141991e-04
1.706155e+01    2.049033e-04
1.707377e+01    1.955913e-04
1.708598e+01    1.862629e-04
1.709819e+01    1.769330e-04
1.711040e+01    1.675845e-04
1.712262e+01    1.582857e-04
1.713483e+01    1.489731e-04
1.714705e+01    1.396828e-04
1.715926e+01    1.304223e-04
1.717147e+01    1.211801e-04
1.718368e+01    1.119757e-04
1.719590e+01    1.027997e-04
1.720811e+01    9.368624e-05
1.722032e+01    8.461846e-05
1.723254e+01    7.559200e-05
1.724475e+01    6.663291e-05
1.725696e+01    5.773985e-05
1.726917e+01    4.890935e-05
1.728139e+01    4.015416e-05
1.729360e+01    3.147582e-05
1.730581e+01    2.289261e-05
1.731803e+01    1.436152e-05
1.733024e+01    5.932043e-06
1.734245e+01    -2.407651e-06
1.735467e+01    -1.064893e-05
1.736688e+01    -1.879313e-05
1.737909e+01    -2.683965e-05
1.739130e+01    -3.478034e-05
1.740352e+01    -4.261605e-05
1.741573e+01    -5.032632e-05
1.742794e+01    -5.794934e-05
1.744016e+01    -6.544881e-05
1.745237e+01    -7.282711e-05
1.746458e+01    -8.009633e-05
1.747680e+01    -8.724419e-05
1.748901e+01    -9.426054e-05
1.750122e+01    -1.011688e-04
1.751343e+01    -1.079412e-04
1.752565e+01    -1.145938e-04
1.753786e+01    -1.211262e-04
1.755007e+01    -1.275236e-04
1.756229e+01    -1.337947e-04
1.757450e+01    -1.399415e-04
1.758671e+01    -1.459533e-04
1.759892e+01    -1.518416e-04
1.761114e+01    -1.575966e-04
1.762335e+01    -1.632285e-04
1.763556e+01    -1.687318e-04
1.764778e+01    -1.741055e-04
1.765999e+01    -1.793505e-04
1.767220e+01    -1.844667e-04
1.768442e+01    -1.894564e-04
1.769663e+01    -1.943184e-04
1.770884e+01    -1.990563e-04
1.772106e+01    -2.036181e-04
1.773327e+01    -2.081633e-04
1.774548e+01    -2.125282e-04
1.775769e+01    -2.167752e-04
1.776991e+01    -2.208976e-04
1.778212e+01    -2.249037e-04
1.779433e+01    -2.287840e-04
1.780655e+01    -2.325640e-04
1.781876e+01    -2.362141e-04
1.783097e+01    -2.397560e-04
1.784319e+01    -2.431836e-04
1.785540e+01    -2.464915e-04
1.786761e+01    -2.497105e-04
1.787982e+01    -2.528122e-04
1.789204e+01    -2.558137e-04
1.790425e+01    -2.587049e-04
1.791646e+01    -2.614980e-04
1.792868e+01    -2.641818e-04
1.794089e+01    -2.667845e-04
1.795310e+01    -2.692798e-04
1.796531e+01    -2.716814e-04
1.797753e+01    -2.739955e-04
1.798974e+01    -2.762108e-04
1.800196e+01    -2.783334e-04
1.801417e+01    -2.803907e-04
1.802638e+01    -2.823317e-04
1.803859e+01    -2.842222e-04
1.805081e+01    -2.860064e-04
1.806302e+01    -2.877207e-04
1.807523e+01    -2.893437e-04
1.808744e+01    -2.909001e-04
1.809966e+01    -2.923755e-04
1.811187e+01    -2.937885e-04
1.812408e+01    -2.951021e-04
1.813630e+01    -2.963640e-04
1.814851e+01    -2.975441e-04
1.816072e+01    -2.986520e-04
1.817294e+01    -2.996984e-04
1.818515e+01    -3.006789e-04
1.819736e+01    -3.015870e-04
1.820958e+01    -3.024271e-04
1.822179e+01    -3.032067e-04
1.823400e+01    -3.039145e-04
1.824621e+01    -3.045671e-04
1.825843e+01    -3.051476e-04
1.827064e+01    -3.056730e-04
1.828285e+01    -3.061325e-04
1.829507e+01    -3.065349e-04
1.830728e+01    -3.068675e-04
1.831949e+01    -3.071422e-04
1.833171e+01    -3.073504e-04
1.834392e+01    -3.075085e-04
1.835613e+01    -3.076044e-04
1.836834e+01    -3.076235e-04
1.838056e+01    -3.076047e-04
1.839277e+01    -3.075262e-04
1.840498e+01    -3.073597e-04
1.841720e+01    -3.071502e-04
1.842941e+01    -3.068642e-04
1.844162e+01    -3.065394e-04
1.845383e+01    -3.061346e-04
1.846605e+01    -3.056632e-04
1.847826e+01    -3.051328e-04
1.849047e+01    -3.045358e-04
1.850269e+01    -3.038608e-04
1.851490e+01    -3.031411e-04
1.852711e+01    -3.023398e-04
1.853933e+01    -3.014796e-04
1.855154e+01    -3.005303e-04
1.856375e+01    -2.995127e-04
1.857596e+01    -2.984349e-04
1.858818e+01    -2.972661e-04
1.860039e+01    -2.960344e-04
1.861260e+01    -2.947225e-04
1.862482e+01    -2.933230e-04
1.863703e+01    -2.918739e-04
1.864924e+01    -2.903177e-04
1.866146e+01    -2.886940e-04
1.867367e+01    -2.869732e-04
1.868588e+01    -2.851852e-04
1.869810e+01    -2.833044e-04
1.871031e+01    -2.813357e-04
1.872252e+01    -2.792842e-04
1.873473e+01    -2.771406e-04
1.874695e+01    -2.749055e-04
1.875916e+01    -2.725881e-04
1.877137e+01    -2.701691e-04
1.878359e+01    -2.676606e-04
1.879580e+01    -2.650582e-04
1.880801e+01    -2.623614e-04
1.882022e+01    -2.595740e-04
1.883244e+01    -2.566793e-04
1.884465e+01    -2.536904e-04
1.885686e+01    -2.506033e-04
1.886908e+01    -2.474192e-04
1.888129e+01    -2.441283e-04
1.889350e+01    -2.407366e-04
1.890572e+01    -2.372555e-04
1.891793e+01    -2.336650e-04
1.893014e+01    -2.299728e-04
1.894235e+01    -2.261772e-04
1.895457e+01    -2.222773e-04
1.896678e+01    -2.182736e-04
1.897899e+01    -2.141782e-04
1.899121e+01    -2.099644e-04
1.900342e+01    -2.056534e-04
1.901563e+01    -2.012411e-04
1.902785e+01    -1.967304e-04
1.904006e+01    -1.921125e-04
1.905227e+01    -1.873939e-04
1.906449e+01    -1.825750e-04
1.907670e+01    -1.776642e-04
1.908891e+01    -1.726443e-04
1.910112e+01    -1.675403e-04
1.911334e+01    -1.623464e-04
1.912555e+01    -1.570285e-04
1.913776e+01    -1.516378e-04
1.914997e+01    -1.461558e-04
1.916219e+01    -1.405735e-04
1.917440e+01    -1.349084e-04
1.918661e+01    -1.291573e-04
1.919883e+01    -1.233275e-04
1.921104e+01    -1.174123e-04
1.922325e+01    -1.114145e-04
1.923547e+01    -1.053403e-04
1.924768e+01    -9.918700e-05
1.925989e+01    -9.297195e-05
1.927211e+01    -8.668868e-05
1.928432e+01    -8.030981e-05
1.929653e+01    -7.391023e-05
1.930874e+01    -6.743034e-05
1.932096e+01    -6.089071e-05
1.933317e+01    -5.429905e-05
1.934538e+01    -4.765649e-05
1.935760e+01    -4.096650e-05
1.936981e+01    -3.423203e-05
1.938202e+01    -2.745923e-05
1.939424e+01    -2.063633e-05
1.940645e+01    -1.380235e-05
1.941866e+01    -6.922492e-06
1.943087e+01    -3.597233e-08
1.944309e+01    6.877119e-06
1.945530e+01    1.382045e-05
1.946751e+01    2.075662e-05
1.947973e+01    2.771587e-05
1.949194e+01    3.466727e-05
1.950415e+01    4.162116e-05
1.951637e+01    4.856790e-05
1.952858e+01    5.550970e-05
1.954079e+01    6.243623e-05
1.955301e+01    6.931703e-05
1.956522e+01    7.622129e-05
1.957743e+01    8.307226e-05
1.958964e+01    8.990240e-05
1.960186e+01    9.667930e-05
1.961407e+01    1.034146e-04
1.962628e+01    1.101101e-04
1.963849e+01    1.167558e-04
1.965071e+01    1.233428e-04
1.966292e+01    1.298649e-04
1.967513e+01    1.363287e-04
1.968735e+01    1.427176e-04
1.969956e+01    1.490371e-04
1.971177e+01    1.552768e-04
1.972399e+01    1.614190e-04
1.973620e+01    1.675026e-04
1.974841e+01    1.734745e-04
1.976063e+01    1.793641e-04
1.977284e+01    1.851365e-04
1.978505e+01    1.908138e-04
1.979726e+01    1.963840e-04
1.980948e+01    2.018493e-04
1.982169e+01    2.071727e-04
1.983390e+01    2.123991e-04
1.984612e+01    2.174879e-04
1.985833e+01    2.224487e-04
1.987054e+01    2.272873e-04
1.988276e+01    2.319793e-04
1.989497e+01    2.365176e-04
1.990718e+01    2.409571e-04
1.991939e+01    2.452338e-04
1.993161e+01    2.493605e-04
1.994382e+01    2.533323e-04
1.995603e+01    2.571507e-04
1.996825e+01    2.608136e-04
1.998046e+01    2.643232e-04
1.999267e+01    2.676679e-04
2.000488e+01    2.708544e-04
2.001710e+01    2.738714e-04
2.002931e+01    2.767391e-04
2.004152e+01    2.794196e-04
2.005374e+01    2.819210e-04
2.006595e+01    2.842624e-04
2.007816e+01    2.864252e-04
2.009038e+01    2.884106e-04
2.010259e+01    2.902331e-04
2.011480e+01    2.918885e-04
2.012702e+01    2.933499e-04
2.013923e+01    2.946359e-04
2.015144e+01    2.957494e-04
2.016365e+01    2.966874e-04
2.017587e+01    2.974369e-04
2.018808e+01    2.980182e-04
2.020029e+01    2.984250e-04
2.021251e+01    2.986447e-04
2.022472e+01    2.986896e-04
2.023693e+01    2.985764e-04
2.024915e+01    2.982624e-04
2.026136e+01    2.977861e-04
2.027357e+01    2.971377e-04
2.028578e+01    2.963132e-04
2.029800e+01    2.953261e-04
2.031021e+01    2.941710e-04
2.032242e+01    2.928430e-04
2.033464e+01    2.913527e-04
2.034685e+01    2.897101e-04
2.035906e+01    2.879078e-04
2.037127e+01    2.859209e-04
2.038349e+01    2.838162e-04
2.039570e+01    2.815404e-04
2.040791e+01    2.791148e-04
2.042013e+01    2.765488e-04
2.043234e+01    2.738258e-04
2.044455e+01    2.709682e-04
2.045677e+01    2.679784e-04
2.046898e+01    2.648523e-04
2.048119e+01    2.615929e-04
2.049340e+01    2.582092e-04
2.050562e+01    2.546861e-04
2.051783e+01    2.510721e-04
2.053004e+01    2.473226e-04
2.054226e+01    2.434660e-04
2.055447e+01    2.394976e-04
2.056668e+01    2.354301e-04
2.057890e+01    2.312599e-04
2.059111e+01    2.269908e-04
2.060332e+01    2.226318e-04
2.061554e+01    2.181796e-04
2.062775e+01    2.136430e-04
2.063996e+01    2.090280e-04
2.065217e+01    2.043420e-04
2.066439e+01    1.995842e-04
2.067660e+01    1.947933e-04
2.068881e+01    1.898632e-04
2.070103e+01    1.849214e-04
2.071324e+01    1.799149e-04
2.072545e+01    1.748699e-04
2.073767e+01    1.697768e-04
2.074988e+01    1.646458e-04
2.076209e+01    1.594602e-04
2.077430e+01    1.542582e-04
2.078652e+01    1.490301e-04
2.079873e+01    1.437719e-04
2.081094e+01    1.384790e-04
2.082316e+01    1.332041e-04
2.083537e+01    1.279120e-04
2.084758e+01    1.226245e-04
2.085979e+01    1.172885e-04
2.087201e+01    1.119807e-04
2.088422e+01    1.066762e-04
2.089643e+01    1.013857e-04
2.090865e+01    9.610373e-05
2.092086e+01    9.083760e-05
2.093307e+01    8.559250e-05
2.094529e+01    8.037122e-05
2.095750e+01    7.517962e-05
2.096971e+01    7.002224e-05
2.098192e+01    6.489467e-05
2.099414e+01    5.980645e-05
2.100635e+01    5.475391e-05
2.101856e+01    4.975678e-05
2.103078e+01    4.479999e-05
2.104299e+01    3.988133e-05
2.105520e+01    3.503286e-05
2.106742e+01    3.022782e-05
2.107963e+01    2.548250e-05
2.109184e+01    2.079946e-05
2.110406e+01    1.617777e-05
2.111627e+01    1.160288e-05
2.112848e+01    7.135270e-06
2.114069e+01    2.710469e-06
2.115291e+01    -1.640816e-06
2.116512e+01    -5.911716e-06
2.117733e+01    -1.012260e-05
2.118955e+01    -1.425555e-05
2.120176e+01    -1.830830e-05
2.121397e+01    -2.228125e-05
2.122618e+01    -2.617383e-05
2.123840e+01    -2.998943e-05
2.125061e+01    -3.373078e-05
2.126282e+01    -3.737095e-05
2.127504e+01    -4.093283e-05
2.128725e+01    -4.440103e-05
2.129946e+01    -4.781957e-05
2.131168e+01    -5.113340e-05
2.132389e+01    -5.436467e-05
2.133610e+01    -5.750147e-05
2.134831e+01    -6.055502e-05
2.136053e+01    -6.352876e-05
2.137274e+01    -6.641197e-05
2.138495e+01    -6.921367e-05
2.139717e+01    -7.193374e-05
2.140938e+01    -7.454767e-05
2.142159e+01    -7.710687e-05
2.143381e+01    -7.955301e-05
2.144602e+01    -8.192995e-05
2.145823e+01    -8.422454e-05
2.147044e+01    -8.643158e-05
2.148266e+01    -8.856185e-05
2.149487e+01    -9.061220e-05
2.150708e+01    -9.257896e-05
2.151930e+01    -9.447063e-05
2.153151e+01    -9.628142e-05
2.154372e+01    -9.801340e-05
2.155593e+01    -9.968005e-05
2.156815e+01    -1.012613e-04
2.158036e+01    -1.027747e-04
2.159258e+01    -1.042160e-04
2.160479e+01    -1.055879e-04
2.161700e+01    -1.068877e-04
2.162921e+01    -1.081219e-04
2.164143e+01    -1.092949e-04
2.165364e+01    -1.103960e-04
2.166585e+01    -1.114374e-04
2.167807e+01    -1.124183e-04
2.169028e+01    -1.133365e-04
2.170249e+01    -1.141931e-04
2.171470e+01    -1.149975e-04
2.172692e+01    -1.157866e-04
2.173913e+01    -1.164348e-04
2.175134e+01    -1.170851e-04
2.176356e+01    -1.176605e-04
2.177577e+01    -1.182097e-04
2.178798e+01    -1.187011e-04
2.180020e+01    -1.191438e-04
2.181241e+01    -1.195380e-04
2.182462e+01    -1.199010e-04
2.183683e+01    -1.202184e-04
2.184905e+01    -1.204937e-04
2.186126e+01    -1.206992e-04
2.187347e+01    -1.209193e-04
2.188569e+01    -1.210871e-04
2.189790e+01    -1.211966e-04
2.191011e+01    -1.212954e-04
2.192233e+01    -1.213555e-04
2.193454e+01    -1.213731e-04
2.194675e+01    -1.213700e-04
2.195897e+01    -1.213341e-04
2.197118e+01    -1.212690e-04
2.198339e+01    -1.211844e-04
2.199560e+01    -1.210553e-04
2.200782e+01    -1.209145e-04
2.202003e+01    -1.207453e-04
2.203224e+01    -1.205657e-04
2.204445e+01    -1.203334e-04
2.205667e+01    -1.200913e-04
2.206888e+01    -1.198036e-04
2.208109e+01    -1.195441e-04
2.209331e+01    -1.192298e-04
2.210552e+01    -1.189102e-04
2.211773e+01    -1.185548e-04
2.212995e+01    -1.181901e-04
2.214216e+01    -1.178065e-04
2.215437e+01    -1.173895e-04
2.216659e+01    -1.169588e-04
2.217880e+01    -1.165127e-04
2.219101e+01    -1.160409e-04
2.220322e+01    -1.155628e-04
2.221544e+01    -1.150481e-04
2.222765e+01    -1.145266e-04
2.223986e+01    -1.139744e-04
2.225208e+01    -1.134054e-04
2.226429e+01    -1.128255e-04
2.227650e+01    -1.122142e-04
2.228872e+01    -1.115871e-04
2.230093e+01    -1.109407e-04
2.231314e+01    -1.102685e-04
2.232535e+01    -1.095754e-04
2.233757e+01    -1.088517e-04
2.234978e+01    -1.081238e-04
2.236199e+01    -1.073641e-04
2.237421e+01    -1.065939e-04
2.238642e+01    -1.057674e-04
2.239863e+01    -1.049262e-04
2.241084e+01    -1.040751e-04
2.242306e+01    -1.031803e-04
2.243527e+01    -1.022700e-04
2.244748e+01    -1.013232e-04
2.245970e+01    -1.003504e-04
2.247191e+01    -9.934006e-05
2.248412e+01    -9.832050e-05
2.249634e+01    -9.725656e-05
2.250855e+01    -9.616441e-05
2.252076e+01    -9.503886e-05
2.253297e+01    -9.387116e-05
2.254519e+01    -9.273172e-05
2.255740e+01    -9.145157e-05
2.256961e+01    -9.018384e-05
2.258183e+01    -8.888450e-05
2.259404e+01    -8.754761e-05
2.260625e+01    -8.616922e-05
2.261847e+01    -8.475329e-05
2.263068e+01    -8.330948e-05
2.264289e+01    -8.181194e-05
2.265511e+01    -8.028423e-05
2.266732e+01    -7.871137e-05
2.267953e+01    -7.709689e-05
2.269174e+01    -7.544935e-05
2.270396e+01    -7.374823e-05
2.271617e+01    -7.201164e-05
2.272838e+01    -7.023194e-05
2.274060e+01    -6.841155e-05
2.275281e+01    -6.654413e-05
2.276502e+01    -6.463219e-05
2.277724e+01    -6.267847e-05
2.278945e+01    -6.068245e-05
2.280166e+01    -5.864058e-05
2.281387e+01    -5.656143e-05
2.282609e+01    -5.443118e-05
2.283830e+01    -5.225965e-05
2.285051e+01    -5.004476e-05
2.286273e+01    -4.778773e-05
2.287494e+01    -4.548908e-05
2.288715e+01    -4.314276e-05
2.289936e+01    -4.075136e-05
2.291158e+01    -3.832474e-05
2.292379e+01    -3.585356e-05
2.293600e+01    -3.334030e-05
2.294822e+01    -3.078234e-05
2.296043e+01    -2.819821e-05
2.297264e+01    -2.556696e-05
2.298486e+01    -2.289168e-05
2.299707e+01    -2.019192e-05
2.300928e+01    -1.744204e-05
2.302150e+01    -1.467302e-05
2.303371e+01    -1.184802e-05
2.304592e+01    -9.001727e-06
2.305813e+01    -6.124290e-06
2.307035e+01    -3.210735e-06
2.308256e+01    -2.672896e-07
2.309477e+01    2.695364e-06
2.310699e+01    5.684153e-06
2.311920e+01    8.713687e-06
2.313141e+01    1.175195e-05
2.314363e+01    1.481554e-05
2.315584e+01    1.791227e-05
2.316805e+01    2.100517e-05
2.318026e+01    2.412481e-05
2.319248e+01    2.725772e-05
2.320469e+01    3.040832e-05
2.321690e+01    3.356711e-05
2.322912e+01    3.674280e-05
2.324133e+01    3.992402e-05
2.325354e+01    4.310216e-05
2.326575e+01    4.628813e-05
2.327797e+01    4.948463e-05
2.329018e+01    5.266452e-05
2.330239e+01    5.585857e-05
2.331461e+01    5.904061e-05
2.332682e+01    6.221930e-05
2.333903e+01    6.538918e-05
2.335125e+01    6.854083e-05
2.336346e+01    7.168218e-05
2.337567e+01    7.481070e-05
2.338788e+01    7.791547e-05
2.340010e+01    8.100830e-05
2.341231e+01    8.407488e-05
2.342452e+01    8.712517e-05
2.343674e+01    9.013555e-05
2.344895e+01    9.312204e-05
2.346116e+01    9.606563e-05
2.347338e+01    9.900250e-05
2.348559e+01    1.018883e-04
2.349780e+01    1.047322e-04
2.351002e+01    1.075352e-04
2.352223e+01    1.103060e-04
2.353444e+01    1.130254e-04
2.354665e+01    1.156937e-04
2.355887e+01    1.183373e-04
2.357108e+01    1.208974e-04
2.358329e+01    1.234080e-04
2.359550e+01    1.258816e-04
2.360772e+01    1.282958e-04
2.361993e+01    1.306491e-04
2.363214e+01    1.329581e-04
2.364436e+01    1.351703e-04
2.365657e+01    1.373412e-04
2.366878e+01    1.394400e-04
2.368100e+01    1.414738e-04
2.369321e+01    1.434333e-04
2.370542e+01    1.453320e-04
2.371764e+01    1.471567e-04
2.372985e+01    1.488977e-04
2.374206e+01    1.505777e-04
2.375427e+01    1.521744e-04
2.376649e+01    1.536740e-04
2.377870e+01    1.551448e-04
2.379091e+01    1.565018e-04
2.380313e+01    1.577974e-04
2.381534e+01    1.589902e-04
2.382755e+01    1.601084e-04
2.383977e+01    1.611499e-04
2.385198e+01    1.621067e-04
2.386419e+01    1.629738e-04
2.387640e+01    1.637556e-04
2.388862e+01    1.644534e-04
2.390083e+01    1.650692e-04
2.391304e+01    1.655874e-04
2.392526e+01    1.660270e-04
2.393747e+01    1.663778e-04
2.394968e+01    1.666425e-04
2.396189e+01    1.668211e-04
2.397411e+01    1.669118e-04
2.398632e+01    1.669175e-04
2.399854e+01    1.668283e-04
2.401075e+01    1.666621e-04
2.402296e+01    1.664075e-04
2.403517e+01    1.660517e-04
2.404739e+01    1.656391e-04
2.405960e+01    1.651335e-04
2.407181e+01    1.645578e-04
2.408403e+01    1.638545e-04
2.409624e+01    1.630975e-04
2.410845e+01    1.622540e-04
2.412066e+01    1.613296e-04
2.413288e+01    1.603313e-04
2.414509e+01    1.592476e-04
2.415730e+01    1.580896e-04
2.416952e+01    1.568773e-04
2.418173e+01    1.555489e-04
2.419394e+01    1.541645e-04
2.420616e+01    1.527044e-04
2.421837e+01    1.511792e-04
2.423058e+01    1.495772e-04
2.424279e+01    1.479747e-04
2.425501e+01    1.461766e-04
2.426722e+01    1.443767e-04
2.427943e+01    1.425137e-04
2.429165e+01    1.406065e-04
2.430386e+01    1.386084e-04
2.431607e+01    1.365606e-04
2.432829e+01    1.344562e-04
2.434050e+01    1.323073e-04
2.435271e+01    1.301100e-04
2.436492e+01    1.278366e-04
2.437714e+01    1.255264e-04
2.438935e+01    1.231659e-04
2.440156e+01    1.207740e-04
2.441378e+01    1.183266e-04
2.442599e+01    1.158369e-04
2.443820e+01    1.133177e-04
2.445041e+01    1.107597e-04
2.446263e+01    1.081538e-04
2.447484e+01    1.055216e-04
2.448705e+01    1.028640e-04
2.449927e+01    1.001750e-04
2.451148e+01    9.747789e-05
2.452369e+01    9.470933e-05
2.453591e+01    9.194309e-05
2.454812e+01    8.915860e-05
2.456033e+01    8.635463e-05
2.457255e+01    8.352096e-05
2.458476e+01    8.068326e-05
2.459697e+01    7.782715e-05
2.460918e+01    7.496206e-05
2.462140e+01    7.209634e-05
2.463361e+01    6.922101e-05
2.464582e+01    6.629893e-05
2.465804e+01    6.343085e-05
2.467025e+01    6.054030e-05
2.468246e+01    5.764008e-05
2.469468e+01    5.474536e-05
2.470689e+01    5.185504e-05
2.471910e+01    4.896626e-05
2.473131e+01    4.608497e-05
2.474353e+01    4.321518e-05
2.475574e+01    4.035294e-05
2.476795e+01    3.749733e-05
2.478017e+01    3.466287e-05
2.479238e+01    3.183227e-05
2.480459e+01    2.902155e-05
2.481680e+01    2.622107e-05
2.482902e+01    2.344440e-05
2.484123e+01    2.069355e-05
2.485344e+01    1.795438e-05
2.486566e+01    1.524319e-05
2.487787e+01    1.254303e-05
2.489008e+01    9.880070e-06
2.490230e+01    7.221202e-06
2.491451e+01    4.605256e-06
2.492672e+01    2.016579e-06
2.493893e+01    -5.514157e-07
2.495115e+01    -3.088637e-06
2.496336e+01    -5.601931e-06
2.497557e+01    -8.081839e-06
2.498779e+01    -1.053366e-05
2.500000e+01    -1.295701e-05
