0.000000e+00    -2.914856e+01
1.221299e-02    -2.912314e+01
2.442599e-02    -2.904699e+01
3.663898e-02    -2.892040e+01
4.885198e-02    -2.874388e+01
6.106497e-02    -2.851810e+01
7.327797e-02    -2.824397e+01
8.549096e-02    -2.792252e+01
9.770396e-02    -2.755502e+01
1.099169e-01    -2.714287e+01
1.221299e-01    -2.668766e+01
1.343429e-01    -2.619114e+01
1.465559e-01    -2.565517e+01
1.587689e-01    -2.508179e+01
1.709819e-01    -2.447312e+01
1.831949e-01    -2.383143e+01
1.954079e-01    -2.315908e+01
2.076209e-01    -2.245850e+01
2.198339e-01    -2.173222e+01
2.320469e-01    -2.098282e+01
2.442599e-01    -2.021293e+01
2.564729e-01    -1.942522e+01
2.686859e-01    -1.862238e+01
2.808989e-01    -1.780709e+01
2.931119e-01    -1.698207e+01
3.053249e-01    -1.614997e+01
3.175378e-01    -1.531346e+01
3.297509e-01    -1.447514e+01
3.419639e-01    -1.363756e+01
3.541768e-01    -1.280322e+01
3.663898e-01    -1.197454e+01
3.786028e-01    -1.115385e+01
3.908158e-01    -1.034339e+01
4.030288e-01    -9.545311e+00
4.152418e-01    -8.761643e+00
4.274548e-01    -7.994311e+00
4.396678e-01    -7.245117e+00
4.518808e-01    -6.515735e+00
4.640938e-01    -5.807713e+00
4.763068e-01    -5.122467e+00
4.885198e-01    -4.461276e+00
5.007328e-01    -3.825283e+00
5.129458e-01    -3.215494e+00
5.251588e-01    -2.632777e+00
5.373718e-01    -2.077862e+00
5.495847e-01    -1.551344e+00
5.617977e-01    -1.053684e+00
5.740107e-01    -5.852124e-01
5.862237e-01    -1.461306e-01
5.984367e-01    2.634833e-01
6.106497e-01    6.436710e-01
6.228627e-01    9.945896e-01
6.350757e-01    1.316505e+00
6.472887e-01    1.609789e+00
6.595017e-01    1.874912e+00
6.717147e-01    2.112431e+00
6.839277e-01    2.322994e+00
6.961407e-01    2.507328e+00
7.083537e-01    2.666230e+00
7.205667e-01    2.800565e+00
7.327797e-01    2.911252e+00
7.449927e-01    2.999267e+00
7.572057e-01    3.065628e+00
7.694187e-01    3.111391e+00
7.816316e-01    3.137644e+00
7.938446e-01    3.145501e+00
8.060576e-01    3.136092e+00
8.182706e-01    3.110562e+00
8.304836e-01    3.070061e+00
8.426966e-01    3.015740e+00
8.549096e-01    2.948747e+00
8.671226e-01    2.870217e+00
8.793356e-01    2.781273e+00
8.915486e-01    2.683019e+00
9.037616e-01    2.576535e+00
9.159746e-01    2.462873e+00
9.281876e-01    2.343057e+00
9.404006e-01    2.218075e+00
9.526136e-01    2.088880e+00
9.648266e-01    1.956384e+00
9.770396e-01    1.821459e+00
9.892526e-01    1.684933e+00
1.001466e+00    1.547592e+00
1.013679e+00    1.410172e+00
1.025892e+00    1.273364e+00
1.038105e+00    1.137812e+00
1.050318e+00    1.004113e+00
1.062531e+00    8.728124e-01
1.074744e+00    7.444117e-01
1.086957e+00    6.193634e-01
1.099169e+00    4.980729e-01
1.111382e+00    3.809003e-01
1.123595e+00    2.681604e-01
1.135808e+00    1.601242e-01
1.148021e+00    5.702063e-02
1.160234e+00    -4.096285e-02
1.172447e+00    -1.336779e-01
1.184660e+00    -2.210136e-01
1.196873e+00    -3.028954e-01
1.209086e+00    -3.792820e-01
1.221299e+00    -4.501648e-01
1.233512e+00    -5.155646e-01
1.245725e+00    -5.755304e-01
1.257938e+00    -6.301372e-01
1.270151e+00    -6.794836e-01
1.282364e+00    -7.236899e-01
1.294577e+00    -7.628961e-01
1.306790e+00    -7.972603e-01
1.319003e+00    -8.269552e-01
1.331216e+00    -8.521681e-01
1.343429e+00    -8.730975e-01
1.355642e+00    -8.899522e-01
1.367855e+00    -9.029486e-01
1.380068e+00    -9.123096e-01
1.392281e+00    -9.182630e-01
1.404494e+00    -9.210395e-01
1.416707e+00    -9.208713e-01
1.428920e+00    -9.179913e-01
1.441133e+00    -9.126306e-01
1.453346e+00    -9.050182e-01
1.465559e+00    -8.953800e-01
1.477772e+00    -8.839366e-01
1.489985e+00    -8.709041e-01
1.502198e+00    -8.564914e-01
1.514411e+00    -8.409005e-01
1.526624e+00    -8.243256e-01
1.538837e+00    -8.069527e-01
1.551050e+00    -7.889587e-01
1.563263e+00    -7.705109e-01
1.575476e+00    -7.517673e-01
1.587689e+00    -7.328760e-01
1.599902e+00    -7.139743e-01
1.612115e+00    -6.951898e-01
1.624328e+00    -6.766396e-01
1.636541e+00    -6.584303e-01
1.648754e+00    -6.406585e-01
1.660967e+00    -6.234103e-01
1.673180e+00    -6.067622e-01
1.685393e+00    -5.907802e-01
1.697606e+00    -5.755219e-01
1.709819e+00    -5.610346e-01
1.722032e+00    -5.473572e-01
1.734245e+00    -5.345201e-01
1.746458e+00    -5.225453e-01
1.758671e+00    -5.114473e-01
1.770884e+00    -5.012334e-01
1.783097e+00    -4.919033e-01
1.795310e+00    -4.834514e-01
1.807523e+00    -4.758653e-01
1.819736e+00    -4.691274e-01
1.831949e+00    -4.632154e-01
1.844162e+00    -4.581017e-01
1.856375e+00    -4.537557e-01
1.868588e+00    -4.501424e-01
1.880801e+00    -4.472238e-01
1.893014e+00    -4.449596e-01
1.905227e+00    -4.433070e-01
1.917440e+00    -4.422208e-01
1.929653e+00    -4.416556e-01
1.941866e+00    -4.415638e-01
1.954079e+00    -4.418977e-01
1.966292e+00    -4.426092e-01
1.978505e+00    -4.436501e-01
1.990718e+00    -4.449727e-01
2.002931e+00    -4.465297e-01
2.015144e+00    -4.482747e-01
2.027357e+00    -4.501624e-01
2.039570e+00    -4.521492e-01
2.051783e+00    -4.541926e-01
2.063996e+00    -4.562519e-01
2.076209e+00    -4.582884e-01
2.088422e+00    -4.602654e-01
2.100635e+00    -4.621485e-01
2.112848e+00    -4.639050e-01
2.125061e+00    -4.655051e-01
2.137274e+00    -4.669212e-01
2.149487e+00    -4.681279e-01
2.161700e+00    -4.691025e-01
2.173913e+00    -4.698246e-01
2.186126e+00    -4.702764e-01
2.198339e+00    -4.704424e-01
2.210552e+00    -4.703094e-01
2.222765e+00    -4.698667e-01
2.234978e+00    -4.691059e-01
2.247191e+00    -4.680208e-01
2.259404e+00    -4.666070e-01
2.271617e+00    -4.648627e-01
2.283830e+00    -4.627879e-01
2.296043e+00    -4.603842e-01
2.308256e+00    -4.576551e-01
2.320469e+00    -4.546058e-01
2.332682e+00    -4.512432e-01
2.344895e+00    -4.475753e-01
2.357108e+00    -4.436116e-01
2.369321e+00    -4.393627e-01
2.381534e+00    -4.348404e-01
2.393747e+00    -4.300573e-01
2.405960e+00    -4.250268e-01
2.418173e+00    -4.197634e-01
2.430386e+00    -4.142817e-01
2.442599e+00    -4.085972e-01
2.454812e+00    -4.027255e-01
2.467025e+00    -3.966827e-01
2.479238e+00    -3.904850e-01
2.491451e+00    -3.841486e-01
2.503664e+00    -3.776899e-01
2.515877e+00    -3.711251e-01
2.528090e+00    -3.644702e-01
2.540303e+00    -3.577411e-01
2.552516e+00    -3.509534e-01
2.564729e+00    -3.441221e-01
2.576942e+00    -3.372619e-01
2.589155e+00    -3.303871e-01
2.601368e+00    -3.235114e-01
2.613581e+00    -3.166479e-01
2.625794e+00    -3.098094e-01
2.638007e+00    -3.030075e-01
2.650220e+00    -2.962536e-01
2.662433e+00    -2.895582e-01
2.674646e+00    -2.829312e-01
2.686859e+00    -2.763816e-01
2.699072e+00    -2.699182e-01
2.711285e+00    -2.635481e-01
2.723498e+00    -2.572789e-01
2.735711e+00    -2.511166e-01
2.747924e+00    -2.450669e-01
2.760137e+00    -2.391345e-01
2.772350e+00    -2.333239e-01
2.784563e+00    -2.276385e-01
2.796776e+00    -2.220812e-01
2.808989e+00    -2.166545e-01
2.821202e+00    -2.113600e-01
2.833415e+00    -2.061988e-01
2.845628e+00    -2.011717e-01
2.857841e+00    -1.962787e-01
2.870054e+00    -1.915194e-01
2.882267e+00    -1.868932e-01
2.894480e+00    -1.823987e-01
2.906693e+00    -1.780343e-01
2.918906e+00    -1.737983e-01
2.931119e+00    -1.696882e-01
2.943332e+00    -1.657015e-01
2.955545e+00    -1.618354e-01
2.967758e+00    -1.580870e-01
2.979971e+00    -1.544530e-01
2.992184e+00    -1.509299e-01
3.004397e+00    -1.475143e-01
3.016610e+00    -1.442026e-01
3.028823e+00    -1.409909e-01
3.041036e+00    -1.378757e-01
3.053249e+00    -1.348529e-01
3.065462e+00    -1.319189e-01
3.077675e+00    -1.290698e-01
3.089888e+00    -1.263018e-01
3.102101e+00    -1.236112e-01
3.114314e+00    -1.209942e-01
3.126527e+00    -1.184474e-01
3.138740e+00    -1.159671e-01
3.150953e+00    -1.135501e-01
3.163166e+00    -1.111929e-01
3.175379e+00    -1.088924e-01
3.187592e+00    -1.066457e-01
3.199805e+00    -1.044496e-01
3.212018e+00    -1.023018e-01
3.224231e+00    -1.001993e-01
3.236444e+00    -9.813970e-02
3.248657e+00    -9.612085e-02
3.260870e+00    -9.414051e-02
3.273082e+00    -9.219673e-02
3.285295e+00    -9.028760e-02
3.297508e+00    -8.841143e-02
3.309721e+00    -8.656666e-02
3.321934e+00    -8.475196e-02
3.334147e+00    -8.296601e-02
3.346360e+00    -8.120765e-02
3.358573e+00    -7.947589e-02
3.370786e+00    -7.776988e-02
3.382999e+00    -7.608879e-02
3.395212e+00    -7.443200e-02
3.407425e+00    -7.279897e-02
3.419638e+00    -7.118922e-02
3.431851e+00    -6.960239e-02
3.444064e+00    -6.803817e-02
3.456277e+00    -6.649636e-02
3.468490e+00    -6.497682e-02
3.480703e+00    -6.347946e-02
3.492916e+00    -6.200426e-02
3.505129e+00    -6.055123e-02
3.517342e+00    -5.912041e-02
3.529555e+00    -5.771191e-02
3.541768e+00    -5.632583e-02
3.553981e+00    -5.496231e-02
3.566194e+00    -5.362146e-02
3.578407e+00    -5.230350e-02
3.590620e+00    -5.100854e-02
3.602833e+00    -4.973676e-02
3.615046e+00    -4.848828e-02
3.627259e+00    -4.726327e-02
3.639472e+00    -4.606186e-02
3.651685e+00    -4.488414e-02
3.663898e+00    -4.373020e-02
3.676111e+00    -4.260013e-02
3.688324e+00    -4.149399e-02
3.700537e+00    -4.041149e-02
3.712750e+00    -3.935336e-02
3.724963e+00    -3.831883e-02
3.737176e+00    -3.730811e-02
3.749389e+00    -3.632104e-02
3.761602e+00    -3.535750e-02
3.773815e+00    -3.441733e-02
3.786028e+00    -3.350031e-02
3.798241e+00    -3.260619e-02
3.810454e+00    -3.173476e-02
3.822667e+00    -3.088571e-02
3.834880e+00    -3.005871e-02
3.847093e+00    -2.925343e-02
3.859306e+00    -2.846949e-02
3.871519e+00    -2.770649e-02
3.883732e+00    -2.696404e-02
3.895945e+00    -2.624172e-02
3.908158e+00    -2.553902e-02
3.920371e+00    -2.485554e-02
3.932584e+00    -2.419077e-02
3.944797e+00    -2.354424e-02
3.957010e+00    -2.291543e-02
3.969223e+00    -2.230384e-02
3.981436e+00    -2.170896e-02
3.993649e+00    -2.113030e-02
4.005862e+00    -2.056730e-02
4.018075e+00    -2.001949e-02
4.030288e+00    -1.948633e-02
4.042501e+00    -1.896733e-02
4.054714e+00    -1.846198e-02
4.066927e+00    -1.796980e-02
4.079140e+00    -1.749030e-02
4.091353e+00    -1.702303e-02
4.103566e+00    -1.656751e-02
4.115779e+00    -1.612332e-02
4.127992e+00    -1.569000e-02
4.140205e+00    -1.526723e-02
4.152418e+00    -1.485447e-02
4.164631e+00    -1.445147e-02
4.176844e+00    -1.405783e-02
4.189057e+00    -1.367322e-02
4.201270e+00    -1.329749e-02
4.213483e+00    -1.292990e-02
4.225696e+00    -1.257061e-02
4.237909e+00    -1.221923e-02
4.250122e+00    -1.187555e-02
4.262335e+00    -1.153929e-02
4.274548e+00    -1.121035e-02
4.286761e+00    -1.088852e-02
4.298974e+00    -1.057367e-02
4.311187e+00    -1.026563e-02
4.323400e+00    -9.964340e-03
4.335613e+00    -9.669680e-03
4.347826e+00    -9.381595e-03
4.360039e+00    -9.099999e-03
4.372252e+00    -8.824874e-03
4.384465e+00    -8.556185e-03
4.396678e+00    -8.293943e-03
4.408891e+00    -8.038076e-03
4.421104e+00    -7.788658e-03
4.433317e+00    -7.545677e-03
4.445530e+00    -7.309211e-03
4.457743e+00    -7.079243e-03
4.469956e+00    -6.855859e-03
4.482169e+00    -6.639110e-03
4.494382e+00    -6.429031e-03
4.506595e+00    -6.225687e-03
4.518808e+00    -6.029210e-03
4.531021e+00    -5.839594e-03
4.543234e+00    -5.656983e-03
4.555447e+00    -5.481377e-03
4.567660e+00    -5.312903e-03
4.579873e+00    -5.151589e-03
4.592086e+00    -4.997607e-03
4.604299e+00    -4.850931e-03
4.616512e+00    -4.711657e-03
4.628725e+00    -4.579858e-03
4.640938e+00    -4.455591e-03
4.653151e+00    -4.338901e-03
4.665364e+00    -4.229854e-03
4.677577e+00    -4.128461e-03
4.689790e+00    -4.034786e-03
4.702003e+00    -3.948903e-03
4.714216e+00    -3.870652e-03
4.726429e+00    -3.800228e-03
4.738642e+00    -3.737571e-03
4.750855e+00    -3.682675e-03
4.763068e+00    -3.635491e-03
4.775281e+00    -3.596043e-03
4.787494e+00    -3.564233e-03
4.799707e+00    -3.540023e-03
4.811920e+00    -3.523520e-03
4.824133e+00    -3.514467e-03
4.836346e+00    -3.512820e-03
4.848559e+00    -3.518543e-03
4.860772e+00    -3.531509e-03
4.872985e+00    -3.551634e-03
4.885198e+00    -3.578808e-03
4.897411e+00    -3.612962e-03
4.909624e+00    -3.653771e-03
4.921837e+00    -3.701292e-03
4.934050e+00    -3.755390e-03
4.946263e+00    -3.815744e-03
4.958476e+00    -3.882363e-03
4.970689e+00    -3.954990e-03
4.982902e+00    -4.033488e-03
4.995115e+00    -4.117670e-03
5.007328e+00    -4.207334e-03
5.019541e+00    -4.302331e-03
5.031754e+00    -4.402404e-03
5.043967e+00    -4.507385e-03
5.056180e+00    -4.617086e-03
5.068393e+00    -4.731282e-03
5.080606e+00    -4.849726e-03
5.092819e+00    -4.972278e-03
5.105031e+00    -5.098658e-03
5.117245e+00    -5.228663e-03
5.129457e+00    -5.362052e-03
5.141671e+00    -5.498644e-03
5.153883e+00    -5.638160e-03
5.166097e+00    -5.780347e-03
5.178309e+00    -5.925123e-03
5.190523e+00    -6.072128e-03
5.202735e+00    -6.221157e-03
5.214949e+00    -6.371987e-03
5.227162e+00    -6.524388e-03
5.239375e+00    -6.678141e-03
5.251588e+00    -6.833008e-03
5.263801e+00    -6.988784e-03
5.276014e+00    -7.145227e-03
5.288227e+00    -7.302149e-03
5.300440e+00    -7.459297e-03
5.312653e+00    -7.616468e-03
5.324866e+00    -7.773516e-03
5.337079e+00    -7.930147e-03
5.349292e+00    -8.086168e-03
5.361505e+00    -8.241478e-03
5.373718e+00    -8.395765e-03
5.385931e+00    -8.548861e-03
5.398144e+00    -8.700764e-03
5.410357e+00    -8.850908e-03
5.422570e+00    -8.999422e-03
5.434783e+00    -9.146074e-03
5.446996e+00    -9.290675e-03
5.459208e+00    -9.433082e-03
5.471422e+00    -9.573069e-03
5.483634e+00    -9.710558e-03
5.495848e+00    -9.845380e-03
5.508060e+00    -9.977411e-03
5.520274e+00    -1.010642e-02
5.532486e+00    -1.023242e-02
5.544700e+00    -1.035519e-02
5.556912e+00    -1.047462e-02
5.569126e+00    -1.059061e-02
5.581338e+00    -1.070302e-02
5.593552e+00    -1.081177e-02
5.605764e+00    -1.091678e-02
5.617978e+00    -1.101793e-02
5.630190e+00    -1.111510e-02
5.642404e+00    -1.120823e-02
5.654616e+00    -1.129727e-02
5.666830e+00    -1.138209e-02
5.679042e+00    -1.146273e-02
5.691256e+00    -1.153902e-02
5.703468e+00    -1.161089e-02
5.715682e+00    -1.167847e-02
5.727894e+00    -1.174151e-02
5.740108e+00    -1.180008e-02
5.752320e+00    -1.185410e-02
5.764534e+00    -1.190357e-02
5.776746e+00    -1.194846e-02
5.788960e+00    -1.198874e-02
5.801172e+00    -1.202444e-02
5.813385e+00    -1.205541e-02
5.825598e+00    -1.208182e-02
5.837811e+00    -1.210361e-02
5.850024e+00    -1.212076e-02
5.862237e+00    -1.213332e-02
5.874450e+00    -1.214127e-02
5.886663e+00    -1.214464e-02
5.898876e+00    -1.214350e-02
5.911089e+00    -1.213773e-02
5.923302e+00    -1.212750e-02
5.935515e+00    -1.211283e-02
5.947728e+00    -1.209369e-02
5.959941e+00    -1.207022e-02
5.972154e+00    -1.204235e-02
5.984367e+00    -1.201025e-02
5.996580e+00    -1.197385e-02
6.008793e+00    -1.193332e-02
6.021006e+00    -1.188865e-02
6.033219e+00    -1.183990e-02
6.045432e+00    -1.178719e-02
6.057645e+00    -1.173057e-02
6.069858e+00    -1.167007e-02
6.082071e+00    -1.160579e-02
6.094284e+00    -1.153780e-02
6.106497e+00    -1.146625e-02
6.118710e+00    -1.139116e-02
6.130923e+00    -1.131259e-02
6.143136e+00    -1.123067e-02
6.155349e+00    -1.114547e-02
6.167562e+00    -1.105710e-02
6.179775e+00    -1.096563e-02
6.191988e+00    -1.087118e-02
6.204201e+00    -1.077382e-02
6.216414e+00    -1.067367e-02
6.228627e+00    -1.057080e-02
6.240840e+00    -1.046532e-02
6.253053e+00    -1.035734e-02
6.265266e+00    -1.024694e-02
6.277479e+00    -1.013423e-02
6.289692e+00    -1.001931e-02
6.301905e+00    -9.902273e-03
6.314118e+00    -9.783243e-03
6.326331e+00    -9.662272e-03
6.338544e+00    -9.539502e-03
6.350757e+00    -9.415003e-03
6.362970e+00    -9.288945e-03
6.375183e+00    -9.161342e-03
6.387396e+00    -9.032325e-03
6.399609e+00    -8.901948e-03
6.411822e+00    -8.770445e-03
6.424035e+00    -8.637789e-03
6.436248e+00    -8.504093e-03
6.448461e+00    -8.369494e-03
6.460674e+00    -8.233999e-03
6.472887e+00    -8.097879e-03
6.485100e+00    -7.961076e-03
6.497313e+00    -7.823684e-03
6.509526e+00    -7.685847e-03
6.521739e+00    -7.547646e-03
6.533952e+00    -7.409126e-03
6.546165e+00    -7.270424e-03
6.558378e+00    -7.131597e-03
6.570591e+00    -6.992738e-03
6.582804e+00    -6.853896e-03
6.595017e+00    -6.715173e-03
6.607230e+00    -6.576629e-03
6.619443e+00    -6.438360e-03
6.631656e+00    -6.300457e-03
6.643869e+00    -6.162871e-03
6.656082e+00    -6.025753e-03
6.668295e+00    -5.889210e-03
6.680508e+00    -5.753252e-03
6.692721e+00    -5.617911e-03
6.704934e+00    -5.483506e-03
6.717147e+00    -5.349401e-03
6.729360e+00    -5.216315e-03
6.741573e+00    -5.084084e-03
6.753786e+00    -4.952758e-03
6.765999e+00    -4.822382e-03
6.778212e+00    -4.692984e-03
6.790425e+00    -4.564637e-03
6.802638e+00    -4.437296e-03
6.814851e+00    -4.311100e-03
6.827064e+00    -4.186029e-03
6.839277e+00    -4.062110e-03
6.851490e+00    -3.939393e-03
6.863703e+00    -3.817877e-03
6.875916e+00    -3.697661e-03
6.888129e+00    -3.578664e-03
6.900342e+00    -3.460960e-03
6.912555e+00    -3.344587e-03
6.924768e+00    -3.229511e-03
6.936981e+00    -3.115814e-03
6.949194e+00    -3.003450e-03
6.961407e+00    -2.892449e-03
6.973620e+00    -2.782803e-03
6.985833e+00    -2.674562e-03
6.998046e+00    -2.567675e-03
7.010259e+00    -2.462173e-03
7.022472e+00    -2.358085e-03
7.034685e+00    -2.255361e-03
7.046898e+00    -2.154019e-03
7.059111e+00    -2.054075e-03
7.071324e+00    -1.955481e-03
7.083537e+00    -1.858289e-03
7.095750e+00    -1.762719e-03
7.107963e+00    -1.667924e-03
7.120176e+00    -1.574767e-03
7.132389e+00    -1.482951e-03
7.144602e+00    -1.392462e-03
7.156815e+00    -1.303251e-03
7.169028e+00    -1.215369e-03
7.181241e+00    -1.128745e-03
7.193454e+00    -1.043398e-03
7.205667e+00    -9.593084e-04
7.217880e+00    -8.764670e-04
7.230093e+00    -7.948557e-04
7.242306e+00    -7.144550e-04
7.254519e+00    -6.352206e-04
7.266732e+00    -5.571919e-04
7.278944e+00    -4.803203e-04
7.291158e+00    -4.045802e-04
7.303371e+00    -3.299713e-04
7.315584e+00    -2.564586e-04
7.327797e+00    -1.840577e-04
7.340010e+00    -1.127450e-04
7.352223e+00    -4.245586e-05
7.364436e+00    2.677947e-05
7.376649e+00    9.500243e-05
7.388862e+00    1.622151e-04
7.401075e+00    2.284402e-04
7.413288e+00    2.937086e-04
7.425501e+00    3.580134e-04
7.437714e+00    4.213883e-04
7.449927e+00    4.838476e-04
7.462140e+00    5.453906e-04
7.474353e+00    6.060566e-04
7.486566e+00    6.658476e-04
7.498779e+00    7.248014e-04
7.510992e+00    7.828567e-04
7.523205e+00    8.401126e-04
7.535418e+00    8.965436e-04
7.547631e+00    9.521678e-04
7.559844e+00    1.006987e-03
7.572057e+00    1.061027e-03
7.584270e+00    1.114280e-03
7.596483e+00    1.166737e-03
7.608696e+00    1.218490e-03
7.620909e+00    1.269438e-03
7.633121e+00    1.319624e-03
7.645335e+00    1.369100e-03
7.657547e+00    1.417831e-03
7.669761e+00    1.465799e-03
7.681973e+00    1.513047e-03
7.694187e+00    1.559549e-03
7.706399e+00    1.605269e-03
7.718613e+00    1.650384e-03
7.730825e+00    1.694694e-03
7.743039e+00    1.738301e-03
7.755251e+00    1.781165e-03
7.767465e+00    1.823296e-03
7.779677e+00    1.864724e-03
7.791891e+00    1.905424e-03
7.804103e+00    1.945326e-03
7.816317e+00    1.984547e-03
7.828529e+00    2.023010e-03
7.840743e+00    2.060738e-03
7.852955e+00    2.097710e-03
7.865169e+00    2.133899e-03
7.877381e+00    2.169389e-03
7.889595e+00    2.204082e-03
7.901807e+00    2.238052e-03
7.914021e+00    2.271166e-03
7.926233e+00    2.303515e-03
7.938447e+00    2.335076e-03
7.950659e+00    2.365821e-03
7.962873e+00    2.395765e-03
7.975085e+00    2.424894e-03
7.987298e+00    2.453163e-03
7.999511e+00    2.480598e-03
8.011724e+00    2.507167e-03
8.023937e+00    2.532881e-03
8.036150e+00    2.557723e-03
8.048364e+00    2.581686e-03
8.060576e+00    2.604737e-03
8.072789e+00    2.626881e-03
8.085002e+00    2.648121e-03
8.097216e+00    2.668449e-03
8.109428e+00    2.687789e-03
8.121641e+00    2.706214e-03
8.133854e+00    2.723680e-03
8.146068e+00    2.740186e-03
8.158280e+00    2.755706e-03
8.170493e+00    2.770243e-03
8.182706e+00    2.783785e-03
8.194920e+00    2.796344e-03
8.207132e+00    2.807881e-03
8.219345e+00    2.818405e-03
8.231558e+00    2.827927e-03
8.243772e+00    2.836399e-03
8.255984e+00    2.843843e-03
8.268197e+00    2.850238e-03
8.280410e+00    2.855553e-03
8.292624e+00    2.859889e-03
8.304836e+00    2.863112e-03
8.317049e+00    2.865276e-03
8.329262e+00    2.866381e-03
8.341475e+00    2.866410e-03
8.353688e+00    2.865368e-03
8.365901e+00    2.863239e-03
8.378115e+00    2.860025e-03
8.390327e+00    2.855741e-03
8.402540e+00    2.850496e-03
8.414753e+00    2.843897e-03
8.426967e+00    2.836370e-03
8.439179e+00    2.827733e-03
8.451392e+00    2.818028e-03
8.463605e+00    2.807241e-03
8.475819e+00    2.795398e-03
8.488031e+00    2.782473e-03
8.500244e+00    2.768515e-03
8.512457e+00    2.753456e-03
8.524671e+00    2.737367e-03
8.536883e+00    2.720236e-03
8.549096e+00    2.702076e-03
8.561309e+00    2.682893e-03
8.573523e+00    2.662689e-03
8.585735e+00    2.641489e-03
8.597948e+00    2.619339e-03
8.610161e+00    2.596115e-03
8.622375e+00    2.571980e-03
8.634587e+00    2.546855e-03
8.646800e+00    2.520838e-03
8.659013e+00    2.493873e-03
8.671227e+00    2.466000e-03
8.683439e+00    2.437216e-03
8.695652e+00    2.407561e-03
8.707865e+00    2.376995e-03
8.720078e+00    2.345700e-03
8.732291e+00    2.313495e-03
8.744504e+00    2.280479e-03
8.756717e+00    2.246689e-03
8.768930e+00    2.212117e-03
8.781143e+00    2.176785e-03
8.793356e+00    2.140756e-03
8.805569e+00    2.103955e-03
8.817782e+00    2.066495e-03
8.829995e+00    2.028358e-03
8.842208e+00    1.989600e-03
8.854421e+00    1.950205e-03
8.866634e+00    1.910191e-03
8.878847e+00    1.869625e-03
8.891060e+00    1.828526e-03
8.903273e+00    1.786973e-03
8.915486e+00    1.744752e-03
8.927699e+00    1.702143e-03
8.939912e+00    1.659081e-03
8.952125e+00    1.615601e-03
8.964338e+00    1.571735e-03
8.976551e+00    1.527493e-03
8.988764e+00    1.482906e-03
9.000977e+00    1.438008e-03
9.013190e+00    1.392807e-03
9.025403e+00    1.347359e-03
9.037616e+00    1.301678e-03
9.049829e+00    1.255792e-03
9.062042e+00    1.209673e-03
9.074255e+00    1.163428e-03
9.086468e+00    1.117047e-03
9.098680e+00    1.070606e-03
9.110894e+00    1.023984e-03
9.123107e+00    9.773631e-04
9.135320e+00    9.306991e-04
9.147532e+00    8.840285e-04
9.159746e+00    8.373866e-04
9.171959e+00    7.908004e-04
9.184172e+00    7.442523e-04
9.196384e+00    6.978250e-04
9.208598e+00    6.514906e-04
9.220811e+00    6.052926e-04
9.233024e+00    5.593022e-04
9.245236e+00    5.134794e-04
9.257450e+00    4.678763e-04
9.269663e+00    4.224970e-04
9.281876e+00    3.774002e-04
9.294088e+00    3.325625e-04
9.306302e+00    2.880502e-04
9.318515e+00    2.438618e-04
9.330728e+00    2.000445e-04
9.342940e+00    1.565361e-04
9.355154e+00    1.134562e-04
9.367367e+00    7.080083e-05
9.379580e+00    2.854827e-05
9.391793e+00    -1.325450e-05
9.404006e+00    -5.457296e-05
9.416219e+00    -9.543559e-05
9.428432e+00    -1.358097e-04
9.440645e+00    -1.756375e-04
9.452858e+00    -2.149425e-04
9.465071e+00    -2.537121e-04
9.477283e+00    -2.919298e-04
9.489497e+00    -3.295795e-04
9.501710e+00    -3.666603e-04
9.513923e+00    -4.031092e-04
9.526135e+00    -4.389675e-04
9.538349e+00    -4.742147e-04
9.550562e+00    -5.088243e-04
9.562775e+00    -5.428110e-04
9.574987e+00    -5.761496e-04
9.587201e+00    -6.088158e-04
9.599414e+00    -6.408484e-04
9.611627e+00    -6.721562e-04
9.623839e+00    -7.028251e-04
9.636053e+00    -7.327996e-04
9.648266e+00    -7.621058e-04
9.660479e+00    -7.906901e-04
9.672691e+00    -8.185698e-04
9.684905e+00    -8.457677e-04
9.697118e+00    -8.722449e-04
9.709331e+00    -8.980619e-04
9.721543e+00    -9.230617e-04
9.733757e+00    -9.474001e-04
9.745970e+00    -9.710196e-04
9.758183e+00    -9.939210e-04
9.770395e+00    -1.016111e-03
9.782609e+00    -1.037587e-03
9.794822e+00    -1.058339e-03
9.807034e+00    -1.078385e-03
9.819247e+00    -1.097727e-03
9.831461e+00    -1.116375e-03
9.843674e+00    -1.134300e-03
9.855886e+00    -1.151524e-03
9.868099e+00    -1.168067e-03
9.880313e+00    -1.183896e-03
9.892526e+00    -1.199084e-03
9.904738e+00    -1.213578e-03
9.916951e+00    -1.227420e-03
9.929165e+00    -1.240587e-03
9.941378e+00    -1.253114e-03
9.953590e+00    -1.264991e-03
9.965803e+00    -1.276203e-03
9.978017e+00    -1.286797e-03
9.990230e+00    -1.296767e-03
1.000244e+01    -1.306147e-03
1.001466e+01    -1.314927e-03
1.002687e+01    -1.323046e-03
1.003908e+01    -1.330634e-03
1.005129e+01    -1.337625e-03
1.006351e+01    -1.344042e-03
1.007572e+01    -1.349899e-03
1.008793e+01    -1.355212e-03
1.010015e+01    -1.360080e-03
1.011236e+01    -1.364269e-03
1.012457e+01    -1.368013e-03
1.013679e+01    -1.371241e-03
1.014900e+01    -1.373982e-03
1.016121e+01    -1.376237e-03
1.017342e+01    -1.378038e-03
1.018564e+01    -1.379372e-03
1.019785e+01    -1.380273e-03
1.021006e+01    -1.380724e-03
1.022228e+01    -1.380752e-03
1.023449e+01    -1.380375e-03
1.024670e+01    -1.379611e-03
1.025891e+01    -1.378460e-03
1.027113e+01    -1.376939e-03
1.028334e+01    -1.375038e-03
1.029555e+01    -1.372852e-03
1.030777e+01    -1.370249e-03
1.031998e+01    -1.367367e-03
1.033219e+01    -1.364176e-03
1.034441e+01    -1.360631e-03
1.035662e+01    -1.356864e-03
1.036883e+01    -1.352787e-03
1.038105e+01    -1.348448e-03
1.039326e+01    -1.343865e-03
1.040547e+01    -1.339086e-03
1.041768e+01    -1.333945e-03
1.042990e+01    -1.328652e-03
1.044211e+01    -1.323152e-03
1.045432e+01    -1.317413e-03
1.046654e+01    -1.311501e-03
1.047875e+01    -1.305409e-03
1.049096e+01    -1.299243e-03
1.050318e+01    -1.292695e-03
1.051539e+01    -1.286107e-03
1.052760e+01    -1.279358e-03
1.053981e+01    -1.272475e-03
1.055203e+01    -1.265471e-03
1.056424e+01    -1.258327e-03
1.057645e+01    -1.251105e-03
1.058867e+01    -1.243742e-03
1.060088e+01    -1.236266e-03
1.061309e+01    -1.228752e-03
1.062531e+01    -1.221113e-03
1.063752e+01    -1.213409e-03
1.064973e+01    -1.205671e-03
1.066194e+01    -1.197829e-03
1.067416e+01    -1.189955e-03
1.068637e+01    -1.182021e-03
1.069858e+01    -1.174046e-03
1.071080e+01    -1.166034e-03
1.072301e+01    -1.157946e-03
1.073522e+01    -1.149843e-03
1.074744e+01    -1.141714e-03
1.075965e+01    -1.133572e-03
1.077186e+01    -1.125410e-03
1.078407e+01    -1.117209e-03
1.079629e+01    -1.108989e-03
1.080850e+01    -1.100753e-03
1.082071e+01    -1.092513e-03
1.083293e+01    -1.084252e-03
1.084514e+01    -1.076009e-03
1.085735e+01    -1.067750e-03
1.086957e+01    -1.059455e-03
1.088178e+01    -1.051163e-03
1.089399e+01    -1.042882e-03
1.090620e+01    -1.034577e-03
1.091842e+01    -1.026273e-03
1.093063e+01    -1.017986e-03
1.094284e+01    -1.009667e-03
1.095506e+01    -1.001361e-03
1.096727e+01    -9.930454e-04
1.097948e+01    -9.847252e-04
1.099170e+01    -9.763788e-04
1.100391e+01    -9.680516e-04
1.101612e+01    -9.597018e-04
1.102833e+01    -9.513500e-04
1.104055e+01    -9.429782e-04
1.105276e+01    -9.346052e-04
1.106497e+01    -9.262043e-04
1.107719e+01    -9.177930e-04
1.108940e+01    -9.093361e-04
1.110161e+01    -9.008650e-04
1.111382e+01    -8.923938e-04
1.112604e+01    -8.838973e-04
1.113825e+01    -8.753414e-04
1.115046e+01    -8.667458e-04
1.116268e+01    -8.581034e-04
1.117489e+01    -8.494405e-04
1.118710e+01    -8.407355e-04
1.119932e+01    -8.319700e-04
1.121153e+01    -8.231354e-04
1.122374e+01    -8.142861e-04
1.123596e+01    -8.053206e-04
1.124817e+01    -7.963088e-04
1.126038e+01    -7.872424e-04
1.127259e+01    -7.781025e-04
1.128481e+01    -7.688807e-04
1.129702e+01    -7.595170e-04
1.130923e+01    -7.501984e-04
1.132145e+01    -7.407347e-04
1.133366e+01    -7.312055e-04
1.134587e+01    -7.215743e-04
1.135808e+01    -7.118649e-04
1.137030e+01    -7.020400e-04
1.138251e+01    -6.921347e-04
1.139472e+01    -6.821171e-04
1.140694e+01    -6.720455e-04
1.141915e+01    -6.617948e-04
1.143136e+01    -6.514795e-04
1.144358e+01    -6.410471e-04
1.145579e+01    -6.305175e-04
1.146800e+01    -6.198707e-04
1.148022e+01    -6.091096e-04
1.149243e+01    -5.982246e-04
1.150464e+01    -5.872451e-04
1.151685e+01    -5.761462e-04
1.152907e+01    -5.649098e-04
1.154128e+01    -5.535729e-04
1.155349e+01    -5.421116e-04
1.156571e+01    -5.305071e-04
1.157792e+01    -5.188383e-04
1.159013e+01    -5.069868e-04
1.160234e+01    -4.951147e-04
1.161456e+01    -4.829755e-04
1.162677e+01    -4.708024e-04
1.163898e+01    -4.584912e-04
1.165120e+01    -4.460578e-04
1.166341e+01    -4.335354e-04
1.167562e+01    -4.208879e-04
1.168784e+01    -4.081002e-04
1.170005e+01    -3.952395e-04
1.171226e+01    -3.822198e-04
1.172447e+01    -3.691957e-04
1.173669e+01    -3.560144e-04
1.174890e+01    -3.427311e-04
1.176111e+01    -3.293621e-04
1.177333e+01    -3.159051e-04
1.178554e+01    -3.023475e-04
1.179775e+01    -2.887339e-04
1.180997e+01    -2.750358e-04
1.182218e+01    -2.612598e-04
1.183439e+01    -2.474060e-04
1.184660e+01    -2.335079e-04
1.185882e+01    -2.195657e-04
1.187103e+01    -2.055580e-04
1.188324e+01    -1.914571e-04
1.189546e+01    -1.773924e-04
1.190767e+01    -1.632539e-04
1.191988e+01    -1.491222e-04
1.193210e+01    -1.349245e-04
1.194431e+01    -1.207359e-04
1.195652e+01    -1.065496e-04
1.196873e+01    -9.234905e-05
1.198095e+01    -7.815733e-05
1.199316e+01    -6.400099e-05
1.200537e+01    -4.983989e-05
1.201759e+01    -3.558512e-05
1.202980e+01    -2.162374e-05
1.204201e+01    -7.621747e-06
1.205423e+01    6.352479e-06
1.206644e+01    2.029708e-05
1.207865e+01    3.413242e-05
1.209086e+01    4.789801e-05
1.210308e+01    6.159511e-05
1.211529e+01    7.513283e-05
1.212750e+01    8.860077e-05
1.213972e+01    1.019730e-04
1.215193e+01    1.152049e-04
1.216414e+01    1.282922e-04
1.217636e+01    1.412410e-04
1.218857e+01    1.539270e-04
1.220078e+01    1.666861e-04
1.221299e+01    1.791393e-04
1.222521e+01    1.914404e-04
1.223742e+01    2.035428e-04
1.224963e+01    2.154607e-04
1.226185e+01    2.271596e-04
1.227406e+01    2.386553e-04
1.228627e+01    2.499307e-04
1.229849e+01    2.609432e-04
1.231070e+01    2.717954e-04
1.232291e+01    2.823480e-04
1.233512e+01    2.926048e-04
1.234734e+01    3.027078e-04
1.235955e+01    3.125003e-04
1.237176e+01    3.219853e-04
1.238398e+01    3.311977e-04
1.239619e+01    3.401258e-04
1.240840e+01    3.487274e-04
1.242062e+01    3.570861e-04
1.243283e+01    3.650946e-04
1.244504e+01    3.727804e-04
1.245725e+01    3.801466e-04
1.246947e+01    3.871803e-04
1.248168e+01    3.938701e-04
1.249389e+01    4.001000e-04
1.250611e+01    4.062009e-04
1.251832e+01    4.118216e-04
1.253053e+01    4.171126e-04
1.254275e+01    4.220397e-04
1.255496e+01    4.265634e-04
1.256717e+01    4.307624e-04
1.257938e+01    4.345319e-04
1.259160e+01    4.379460e-04
1.260381e+01    4.410694e-04
1.261602e+01    4.435730e-04
1.262824e+01    4.458467e-04
1.264045e+01    4.477371e-04
1.265266e+01    4.491922e-04
1.266488e+01    4.502604e-04
1.267709e+01    4.509512e-04
1.268930e+01    4.512327e-04
1.270151e+01    4.511248e-04
1.271373e+01    4.506070e-04
1.272594e+01    4.497232e-04
1.273815e+01    4.484134e-04
1.275037e+01    4.467516e-04
1.276258e+01    4.446673e-04
1.277479e+01    4.421839e-04
1.278701e+01    4.393234e-04
1.279922e+01    4.361125e-04
1.281143e+01    4.324390e-04
1.282364e+01    4.284282e-04
1.283586e+01    4.240262e-04
1.284807e+01    4.192553e-04
1.286028e+01    4.141146e-04
1.287250e+01    4.086136e-04
1.288471e+01    4.026983e-04
1.289692e+01    3.964944e-04
1.290914e+01    3.899166e-04
1.292135e+01    3.829681e-04
1.293356e+01    3.757173e-04
1.294577e+01    3.681109e-04
1.295799e+01    3.601758e-04
1.297020e+01    3.518779e-04
1.298241e+01    3.433502e-04
1.299463e+01    3.344342e-04
1.300684e+01    3.252610e-04
1.301905e+01    3.157884e-04
1.303127e+01    3.060059e-04
1.304348e+01    2.960481e-04
1.305569e+01    2.857039e-04
1.306790e+01    2.750987e-04
1.308012e+01    2.643048e-04
1.309233e+01    2.532587e-04
1.310454e+01    2.419880e-04
1.311676e+01    2.304692e-04
1.312897e+01    2.187610e-04
1.314118e+01    2.068379e-04
1.315340e+01    1.947185e-04
1.316561e+01    1.824399e-04
1.317782e+01    1.699727e-04
1.319003e+01    1.572940e-04
1.320225e+01    1.445630e-04
1.321446e+01    1.316616e-04
1.322667e+01    1.186130e-04
1.323889e+01    1.054387e-04
1.325110e+01    9.216552e-05
1.326331e+01    7.882356e-05
1.327553e+01    6.537438e-05
1.328774e+01    5.181701e-05
1.329995e+01    3.820891e-05
1.331216e+01    2.457168e-05
1.332438e+01    1.089055e-05
1.333659e+01    -2.804622e-06
1.334880e+01    -1.658674e-05
1.336102e+01    -3.034071e-05
1.337323e+01    -4.410962e-05
1.338544e+01    -5.784199e-05
1.339766e+01    -7.151098e-05
1.340987e+01    -8.530015e-05
1.342208e+01    -9.889203e-05
1.343429e+01    -1.124815e-04
1.344651e+01    -1.260177e-04
1.345872e+01    -1.394591e-04
1.347093e+01    -1.528263e-04
1.348315e+01    -1.661076e-04
1.349536e+01    -1.793106e-04
1.350757e+01    -1.923624e-04
1.351978e+01    -2.053125e-04
1.353200e+01    -2.181254e-04
1.354421e+01    -2.308100e-04
1.355642e+01    -2.433466e-04
1.356864e+01    -2.557108e-04
1.358085e+01    -2.678833e-04
1.359306e+01    -2.799704e-04
1.360528e+01    -2.918552e-04
1.361749e+01    -3.035245e-04
1.362970e+01    -3.150043e-04
1.364192e+01    -3.262935e-04
1.365413e+01    -3.373956e-04
1.366634e+01    -3.482502e-04
1.367855e+01    -3.588696e-04
1.369077e+01    -3.693164e-04
1.370298e+01    -3.794942e-04
1.371519e+01    -3.894212e-04
1.372741e+01    -3.991142e-04
1.373962e+01    -4.086406e-04
1.375183e+01    -4.178648e-04
1.376404e+01    -4.268092e-04
1.377626e+01    -4.355229e-04
1.378847e+01    -4.439608e-04
1.380068e+01    -4.521122e-04
1.381290e+01    -4.600424e-04
1.382511e+01    -4.676742e-04
1.383732e+01    -4.750329e-04
1.384954e+01    -4.821146e-04
1.386175e+01    -4.889056e-04
1.387396e+01    -4.954145e-04
1.388618e+01    -5.016321e-04
1.389839e+01    -5.076405e-04
1.391060e+01    -5.133101e-04
1.392281e+01    -5.187090e-04
1.393503e+01    -5.238029e-04
1.394724e+01    -5.286192e-04
1.395945e+01    -5.331653e-04
1.397167e+01    -5.374039e-04
1.398388e+01    -5.413838e-04
1.399609e+01    -5.450262e-04
1.400830e+01    -5.484796e-04
1.402052e+01    -5.515728e-04
1.403273e+01    -5.544661e-04
1.404494e+01    -5.570184e-04
1.405716e+01    -5.593189e-04
1.406937e+01    -5.613345e-04
1.408158e+01    -5.630866e-04
1.409380e+01    -5.645780e-04
1.410601e+01    -5.658016e-04
1.411822e+01    -5.667323e-04
1.413043e+01    -5.674330e-04
1.414265e+01    -5.678703e-04
1.415486e+01    -5.680514e-04
1.416707e+01    -5.679873e-04
1.417929e+01    -5.676770e-04
1.419150e+01    -5.670239e-04
1.420371e+01    -5.663267e-04
1.421593e+01    -5.653093e-04
1.422814e+01    -5.640354e-04
1.424035e+01    -5.625550e-04
1.425256e+01    -5.608394e-04
1.426478e+01    -5.589239e-04
1.427699e+01    -5.567606e-04
1.428920e+01    -5.544040e-04
1.430142e+01    -5.518415e-04
1.431363e+01    -5.490805e-04
1.432584e+01    -5.461373e-04
1.433806e+01    -5.429672e-04
1.435027e+01    -5.396074e-04
1.436248e+01    -5.360773e-04
1.437469e+01    -5.323752e-04
1.438691e+01    -5.284695e-04
1.439912e+01    -5.244338e-04
1.441133e+01    -5.201604e-04
1.442355e+01    -5.157725e-04
1.443576e+01    -5.112130e-04
1.444797e+01    -5.064907e-04
1.446019e+01    -5.016302e-04
1.447240e+01    -4.966158e-04
1.448461e+01    -4.914281e-04
1.449682e+01    -4.861447e-04
1.450904e+01    -4.806900e-04
1.452125e+01    -4.751073e-04
1.453346e+01    -4.694025e-04
1.454568e+01    -4.635694e-04
1.455789e+01    -4.575696e-04
1.457010e+01    -4.515234e-04
1.458232e+01    -4.453218e-04
1.459453e+01    -4.390101e-04
1.460674e+01    -4.325844e-04
1.461895e+01    -4.260567e-04
1.463117e+01    -4.193827e-04
1.464338e+01    -4.126393e-04
1.465559e+01    -4.057913e-04
1.466781e+01    -3.988433e-04
1.468002e+01    -3.918013e-04
1.469223e+01    -3.846430e-04
1.470445e+01    -3.774101e-04
1.471666e+01    -3.700977e-04
1.472887e+01    -3.626456e-04
1.474109e+01    -3.551751e-04
1.475330e+01    -3.475369e-04
1.476551e+01    -3.398532e-04
1.477772e+01    -3.320668e-04
1.478994e+01    -3.242149e-04
1.480215e+01    -3.162773e-04
1.481436e+01    -3.082262e-04
1.482658e+01    -3.001023e-04
1.483879e+01    -2.919058e-04
1.485100e+01    -2.836261e-04
1.486321e+01    -2.752632e-04
1.487543e+01    -2.667984e-04
1.488764e+01    -2.582831e-04
1.489985e+01    -2.496394e-04
1.491207e+01    -2.409535e-04
1.492428e+01    -2.321433e-04
1.493649e+01    -2.233235e-04
1.494871e+01    -2.143683e-04
1.496092e+01    -2.052668e-04
1.497313e+01    -1.962321e-04
1.498534e+01    -1.870613e-04
1.499756e+01    -1.778055e-04
1.500977e+01    -1.684294e-04
1.502198e+01    -1.590028e-04
1.503420e+01    -1.494680e-04
1.504641e+01    -1.398712e-04
1.505862e+01    -1.301828e-04
1.507084e+01    -1.204129e-04
1.508305e+01    -1.105406e-04
1.509526e+01    -1.006075e-04
1.510747e+01    -9.063075e-05
1.511969e+01    -8.047148e-05
1.513190e+01    -7.027687e-05
1.514411e+01    -5.999124e-05
1.515633e+01    -4.961350e-05
1.516854e+01    -3.917567e-05
1.518075e+01    -2.863388e-05
1.519297e+01    -1.798594e-05
1.520518e+01    -7.299413e-06
1.521739e+01    3.507407e-06
1.522960e+01    1.439138e-05
1.524182e+01    2.535428e-05
1.525403e+01    3.640878e-05
1.526624e+01    4.754422e-05
1.527846e+01    5.876668e-05
1.529067e+01    7.005571e-05
1.530288e+01    8.142082e-05
1.531509e+01    9.287438e-05
1.532731e+01    1.044028e-04
1.533952e+01    1.160062e-04
1.535173e+01    1.276709e-04
1.536395e+01    1.394188e-04
1.537616e+01    1.512301e-04
1.538837e+01    1.631042e-04
1.540059e+01    1.750395e-04
1.541280e+01    1.870448e-04
1.542501e+01    1.990853e-04
1.543723e+01    2.112087e-04
1.544944e+01    2.233607e-04
1.546165e+01    2.355730e-04
1.547386e+01    2.478305e-04
1.548608e+01    2.601284e-04
1.549829e+01    2.724420e-04
1.551050e+01    2.848088e-04
1.552272e+01    2.972133e-04
1.553493e+01    3.096626e-04
1.554714e+01    3.220697e-04
1.555935e+01    3.345403e-04
1.557157e+01    3.469821e-04
1.558378e+01    3.594678e-04
1.559599e+01    3.719458e-04
1.560821e+01    3.843949e-04
1.562042e+01    3.968602e-04
1.563263e+01    4.092919e-04
1.564485e+01    4.216985e-04
1.565706e+01    4.340987e-04
1.566927e+01    4.464372e-04
1.568149e+01    4.587469e-04
1.569370e+01    4.709957e-04
1.570591e+01    4.831936e-04
1.571812e+01    4.954951e-04
1.573034e+01    5.073671e-04
1.574255e+01    5.193864e-04
1.575476e+01    5.312823e-04
1.576698e+01    5.430915e-04
1.577919e+01    5.547996e-04
1.579140e+01    5.664017e-04
1.580362e+01    5.779013e-04
1.581583e+01    5.892474e-04
1.582804e+01    6.004711e-04
1.584025e+01    6.115296e-04
1.585247e+01    6.225128e-04
1.586468e+01    6.333074e-04
1.587689e+01    6.439343e-04
1.588911e+01    6.543376e-04
1.590132e+01    6.646810e-04
1.591353e+01    6.747802e-04
1.592575e+01    6.846843e-04
1.593796e+01    6.943929e-04
1.595017e+01    7.038951e-04
1.596238e+01    7.131685e-04
1.597460e+01    7.222436e-04
1.598681e+01    7.310706e-04
1.599902e+01    7.396241e-04
1.601124e+01    7.479673e-04
1.602345e+01    7.560691e-04
1.603566e+01    7.638829e-04
1.604787e+01    7.714065e-04
1.606009e+01    7.786885e-04
1.607230e+01    7.856633e-04
1.608451e+01    7.923525e-04
1.609673e+01    7.987457e-04
1.610894e+01    8.049177e-04
1.612115e+01    8.106150e-04
1.613337e+01    8.160601e-04
1.614558e+01    8.212001e-04
1.615779e+01    8.259988e-04
1.617001e+01    8.304595e-04
1.618222e+01    8.345768e-04
1.619443e+01    8.384059e-04
1.620664e+01    8.417916e-04
1.621886e+01    8.448589e-04
1.623107e+01    8.475702e-04
1.624328e+01    8.499224e-04
1.625550e+01    8.519060e-04
1.626771e+01    8.535283e-04
1.627992e+01    8.547566e-04
1.629214e+01    8.556331e-04
1.630435e+01    8.561108e-04
1.631656e+01    8.561937e-04
1.632877e+01    8.559168e-04
1.634099e+01    8.551855e-04
1.635320e+01    8.541908e-04
1.636541e+01    8.527272e-04
1.637763e+01    8.509007e-04
1.638984e+01    8.486757e-04
1.640205e+01    8.460669e-04
1.641426e+01    8.430469e-04
1.642648e+01    8.396577e-04
1.643869e+01    8.358837e-04
1.645090e+01    8.316835e-04
1.646312e+01    8.271163e-04
1.647533e+01    8.221617e-04
1.648754e+01    8.168254e-04
1.649976e+01    8.111274e-04
1.651197e+01    8.050042e-04
1.652418e+01    7.985253e-04
1.653639e+01    7.916653e-04
1.654861e+01    7.844449e-04
1.656082e+01    7.768399e-04
1.657303e+01    7.688944e-04
1.658525e+01    7.605884e-04
1.659746e+01    7.519118e-04
1.660967e+01    7.428956e-04
1.662189e+01    7.335370e-04
1.663410e+01    7.238258e-04
1.664631e+01    7.138245e-04
1.665853e+01    7.034703e-04
1.667074e+01    6.927922e-04
1.668295e+01    6.818444e-04
1.669516e+01    6.705634e-04
1.670738e+01    6.590088e-04
1.671959e+01    6.471382e-04
1.673180e+01    6.349985e-04
1.674402e+01    6.225859e-04
1.675623e+01    6.099127e-04
1.676844e+01    5.969863e-04
1.678065e+01    5.837949e-04
1.679287e+01    5.703873e-04
1.680508e+01    5.567698e-04
1.681729e+01    5.428538e-04
1.682951e+01    5.287557e-04
1.684172e+01    5.144796e-04
1.685393e+01    4.999833e-04
1.686615e+01    4.853157e-04
1.687836e+01    4.704671e-04
1.689057e+01    4.555103e-04
1.690278e+01    4.403031e-04
1.691500e+01    4.250054e-04
1.692721e+01    4.095548e-04
1.693942e+01    3.939982e-04
1.695164e+01    3.782993e-04
1.696385e+01    3.624959e-04
1.697606e+01    3.466627e-04
1.698828e+01    3.306664e-04
1.700049e+01    3.146513e-04
1.701270e+01    2.985414e-04
1.702491e+01    2.823841e-04
1.703713e+01    2.661885e-04
1.704934e+01    2.499800e-04
1.706155e+01    2.337347e-04
1.707377e+01    2.174836e-04
1.708598e+01    2.012188e-04
1.709819e+01    1.849804e-04
1.711040e+01    1.686603e-04
1.712262e+01    1.525521e-04
1.713483e+01    1.363835e-04
1.714705e+01    1.202758e-04
1.715926e+01    1.042373e-04
1.717147e+01    8.823235e-05
1.718368e+01    7.231916e-05
1.719590e+01    5.645541e-05
1.720811e+01    4.071832e-05
1.722032e+01    2.509229e-05
1.723254e+01    9.529125e-06
1.724475e+01    -5.904512e-06
1.725696e+01    -2.119326e-05
1.726917e+01    -3.636849e-05
1.728139e+01    -5.140364e-05
1.729360e+01    -6.627506e-05
1.730581e+01    -8.096585e-05
1.731803e+01    -9.557961e-05
1.733024e+01    -1.099905e-04
1.734245e+01    -1.242317e-04
1.735467e+01    -1.382818e-04
1.736688e+01    -1.521517e-04
1.737909e+01    -1.658405e-04
1.739130e+01    -1.793232e-04
1.740352e+01    -1.926209e-04
1.741573e+01    -2.056435e-04
1.742794e+01    -2.185349e-04
1.744016e+01    -2.311928e-04
1.745237e+01    -2.436038e-04
1.746458e+01    -2.558208e-04
1.747680e+01    -2.678078e-04
1.748901e+01    -2.795320e-04
1.750122e+01    -2.910648e-04
1.751343e+01    -3.023295e-04
1.752565e+01    -3.133733e-04
1.753786e+01    -3.241907e-04
1.755007e+01    -3.347409e-04
1.756229e+01    -3.450577e-04
1.757450e+01    -3.551383e-04
1.758671e+01    -3.649496e-04
1.759892e+01    -3.745230e-04
1.761114e+01    -3.838446e-04
1.762335e+01    -3.929351e-04
1.763556e+01    -4.017700e-04
1.764778e+01    -4.103617e-04
1.765999e+01    -4.187009e-04
1.767220e+01    -4.267803e-04
1.768442e+01    -4.346257e-04
1.769663e+01    -4.422245e-04
1.770884e+01    -4.495647e-04
1.772106e+01    -4.564939e-04
1.773327e+01    -4.635490e-04
1.774548e+01    -4.701610e-04
1.775769e+01    -4.765509e-04
1.776991e+01    -4.826816e-04
1.778212e+01    -4.885859e-04
1.779433e+01    -4.942357e-04
1.780655e+01    -4.996952e-04
1.781876e+01    -5.048856e-04
1.783097e+01    -5.098584e-04
1.784319e+01    -5.146043e-04
1.785540e+01    -5.190877e-04
1.786761e+01    -5.234238e-04
1.787982e+01    -5.275146e-04
1.789204e+01    -5.314018e-04
1.790425e+01    -5.350508e-04
1.791646e+01    -5.385084e-04
1.792868e+01    -5.417346e-04
1.794089e+01    -5.448123e-04
1.795310e+01    -5.476575e-04
1.796531e+01    -5.503098e-04
1.797753e+01    -5.527965e-04
1.798974e+01    -5.550591e-04
1.800196e+01    -5.571349e-04
1.801417e+01    -5.591042e-04
1.802638e+01    -5.607829e-04
1.803859e+01    -5.624176e-04
1.805081e+01    -5.637989e-04
1.806302e+01    -5.650451e-04
1.807523e+01    -5.660874e-04
1.808744e+01    -5.670108e-04
1.809966e+01    -5.677659e-04
1.811187e+01    -5.683852e-04
1.812408e+01    -5.687927e-04
1.813630e+01    -5.691185e-04
1.814851e+01    -5.692588e-04
1.816072e+01    -5.692468e-04
1.817294e+01    -5.691226e-04
1.818515e+01    -5.688685e-04
1.819736e+01    -5.684522e-04
1.820958e+01    -5.679106e-04
1.822179e+01    -5.672461e-04
1.823400e+01    -5.664279e-04
1.824621e+01    -5.655192e-04
1.825843e+01    -5.644517e-04
1.827064e+01    -5.632951e-04
1.828285e+01    -5.619999e-04
1.829507e+01    -5.605920e-04
1.830728e+01    -5.590607e-04
1.831949e+01    -5.574193e-04
1.833171e+01    -5.556414e-04
1.834392e+01    -5.537944e-04
1.835613e+01    -5.518284e-04
1.836834e+01    -5.497028e-04
1.838056e+01    -5.475478e-04
1.839277e+01    -5.452870e-04
1.840498e+01    -5.428228e-04
1.841720e+01    -5.403266e-04
1.842941e+01    -5.376816e-04
1.844162e+01    -5.350120e-04
1.845383e+01    -5.321766e-04
1.846605e+01    -5.292292e-04
1.847826e+01    -5.261998e-04
1.849047e+01    -5.230639e-04
1.850269e+01    -5.197684e-04
1.851490e+01    -5.164577e-04
1.852711e+01    -5.129991e-04
1.853933e+01    -5.094667e-04
1.855154e+01    -5.057536e-04
1.856375e+01    -5.019531e-04
1.857596e+01    -4.980755e-04
1.858818e+01    -4.940465e-04
1.860039e+01    -4.899283e-04
1.861260e+01    -4.856925e-04
1.862482e+01    -4.813006e-04
1.863703e+01    -4.768973e-04
1.864924e+01    -4.722970e-04
1.866146e+01    -4.676057e-04
1.867367e+01    -4.627530e-04
1.868588e+01    -4.578438e-04
1.869810e+01    -4.527902e-04
1.871031e+01    -4.476041e-04
1.872252e+01    -4.423088e-04
1.873473e+01    -4.368818e-04
1.874695e+01    -4.313220e-04
1.875916e+01    -4.256577e-04
1.877137e+01    -4.198451e-04
1.878359e+01    -4.139079e-04
1.879580e+01    -4.078480e-04
1.880801e+01    -4.016603e-04
1.882022e+01    -3.953516e-04
1.883244e+01    -3.888886e-04
1.884465e+01    -3.822980e-04
1.885686e+01    -3.755768e-04
1.886908e+01    -3.687273e-04
1.888129e+01    -3.617171e-04
1.889350e+01    -3.545795e-04
1.890572e+01    -3.473400e-04
1.891793e+01    -3.399325e-04
1.893014e+01    -3.323956e-04
1.894235e+01    -3.247121e-04
1.895457e+01    -3.168940e-04
1.896678e+01    -3.089295e-04
1.897899e+01    -3.008647e-04
1.899121e+01    -2.926154e-04
1.900342e+01    -2.842477e-04
1.901563e+01    -2.757349e-04
1.902785e+01    -2.671140e-04
1.904006e+01    -2.583288e-04
1.905227e+01    -2.494156e-04
1.906449e+01    -2.403693e-04
1.907670e+01    -2.312104e-04
1.908891e+01    -2.219022e-04
1.910112e+01    -2.124954e-04
1.911334e+01    -2.029936e-04
1.912555e+01    -1.932711e-04
1.913776e+01    -1.834889e-04
1.914997e+01    -1.736061e-04
1.916219e+01    -1.635595e-04
1.917440e+01    -1.534292e-04
1.918661e+01    -1.431844e-04
1.919883e+01    -1.328563e-04
1.921104e+01    -1.224112e-04
1.922325e+01    -1.118605e-04
1.923547e+01    -1.012173e-04
1.924768e+01    -9.047452e-05
1.925989e+01    -7.967855e-05
1.927211e+01    -6.880303e-05
1.928432e+01    -5.776004e-05
1.929653e+01    -4.677969e-05
1.930874e+01    -3.567070e-05
1.932096e+01    -2.448424e-05
1.933317e+01    -1.325412e-05
1.934538e+01    -1.973007e-06
1.935760e+01    9.352108e-06
1.936981e+01    2.072635e-05
1.938202e+01    3.213179e-05
1.939424e+01    4.361593e-05
1.940645e+01    5.503581e-05
1.941866e+01    6.655068e-05
1.943087e+01    7.799128e-05
1.944309e+01    8.947076e-05
1.945530e+01    1.009898e-04
1.946751e+01    1.124407e-04
1.947973e+01    1.239158e-04
1.949194e+01    1.353419e-04
1.950415e+01    1.467414e-04
1.951637e+01    1.580967e-04
1.952858e+01    1.694320e-04
1.954079e+01    1.807069e-04
1.955301e+01    1.918222e-04
1.956522e+01    2.030467e-04
1.957743e+01    2.141029e-04
1.958964e+01    2.251162e-04
1.960186e+01    2.359967e-04
1.961407e+01    2.467814e-04
1.962628e+01    2.574760e-04
1.963849e+01    2.680753e-04
1.965071e+01    2.785450e-04
1.966292e+01    2.888636e-04
1.967513e+01    2.990859e-04
1.968735e+01    3.091418e-04
1.969956e+01    3.190834e-04
1.971177e+01    3.288494e-04
1.972399e+01    3.384103e-04
1.973620e+01    3.479000e-04
1.974841e+01    3.571497e-04
1.976063e+01    3.662633e-04
1.977284e+01    3.751381e-04
1.978505e+01    3.838453e-04
1.979726e+01    3.923441e-04
1.980948e+01    4.006804e-04
1.982169e+01    4.087064e-04
1.983390e+01    4.165971e-04
1.984612e+01    4.242219e-04
1.985833e+01    4.316054e-04
1.987054e+01    4.387738e-04
1.988276e+01    4.456751e-04
1.989497e+01    4.522675e-04
1.990718e+01    4.587588e-04
1.991939e+01    4.649237e-04
1.993161e+01    4.708241e-04
1.994382e+01    4.764288e-04
1.995603e+01    4.817750e-04
1.996825e+01    4.868470e-04
1.998046e+01    4.916424e-04
1.999267e+01    4.961598e-04
2.000488e+01    5.003847e-04
2.001710e+01    5.043386e-04
2.002931e+01    5.080393e-04
2.004152e+01    5.113762e-04
2.005374e+01    5.143825e-04
2.006595e+01    5.171450e-04
2.007816e+01    5.195837e-04
2.009038e+01    5.217204e-04
2.010259e+01    5.235664e-04
2.011480e+01    5.251574e-04
2.012702e+01    5.263869e-04
2.013923e+01    5.273081e-04
2.015144e+01    5.279397e-04
2.016365e+01    5.282803e-04
2.017587e+01    5.282657e-04
2.018808e+01    5.279866e-04
2.020029e+01    5.274162e-04
2.021251e+01    5.265063e-04
2.022472e+01    5.252974e-04
2.023693e+01    5.238591e-04
2.024915e+01    5.220177e-04
2.026136e+01    5.199287e-04
2.027357e+01    5.175413e-04
2.028578e+01    5.148445e-04
2.029800e+01    5.118860e-04
2.031021e+01    5.086397e-04
2.032242e+01    5.051030e-04
2.033464e+01    5.012761e-04
2.034685e+01    4.972096e-04
2.035906e+01    4.928925e-04
2.037127e+01    4.882038e-04
2.038349e+01    4.833838e-04
2.039570e+01    4.782420e-04
2.040791e+01    4.728469e-04
2.042013e+01    4.672392e-04
2.043234e+01    4.613320e-04
2.044455e+01    4.552176e-04
2.045677e+01    4.488934e-04
2.046898e+01    4.423452e-04
2.048119e+01    4.355649e-04
2.049340e+01    4.285767e-04
2.050562e+01    4.213438e-04
2.051783e+01    4.140122e-04
2.053004e+01    4.064192e-04
2.054226e+01    3.986619e-04
2.055447e+01    3.907140e-04
2.056668e+01    3.826218e-04
2.057890e+01    3.743554e-04
2.059111e+01    3.659246e-04
2.060332e+01    3.573569e-04
2.061554e+01    3.486371e-04
2.062775e+01    3.397802e-04
2.063996e+01    3.307974e-04
2.065217e+01    3.217193e-04
2.066439e+01    3.125271e-04
2.067660e+01    3.033418e-04
2.068881e+01    2.938131e-04
2.070103e+01    2.843394e-04
2.071324e+01    2.747623e-04
2.072545e+01    2.651332e-04
2.073767e+01    2.554425e-04
2.074988e+01    2.457047e-04
2.076209e+01    2.358558e-04
2.077430e+01    2.260156e-04
2.078652e+01    2.161518e-04
2.079873e+01    2.062370e-04
2.081094e+01    1.962544e-04
2.082316e+01    1.863674e-04
2.083537e+01    1.764523e-04
2.084758e+01    1.665891e-04
2.085979e+01    1.565729e-04
2.087201e+01    1.466714e-04
2.088422e+01    1.367848e-04
2.089643e+01    1.269399e-04
2.090865e+01    1.171312e-04
2.092086e+01    1.073682e-04
2.093307e+01    9.764909e-05
2.094529e+01    8.797643e-05
2.095750e+01    7.839006e-05
2.096971e+01    6.888388e-05
2.098192e+01    5.943084e-05
2.099414e+01    5.007035e-05
2.100635e+01    4.077842e-05
2.101856e+01    3.162120e-05
2.103078e+01    2.253405e-05
2.104299e+01    1.351815e-05
2.105520e+01    4.669651e-06
2.106742e+01    -4.106667e-06
2.107963e+01    -1.276657e-05
2.109184e+01    -2.129492e-05
2.110406e+01    -2.970453e-05
2.111627e+01    -3.803335e-05
2.112848e+01    -4.609418e-05
2.114069e+01    -5.411310e-05
2.115291e+01    -6.198091e-05
2.116512e+01    -6.967969e-05
2.117733e+01    -7.728126e-05
2.118955e+01    -8.472532e-05
2.120176e+01    -9.200850e-05
2.121397e+01    -9.912951e-05
2.122618e+01    -1.060918e-04
2.123840e+01    -1.129131e-04
2.125061e+01    -1.196029e-04
2.126282e+01    -1.260698e-04
2.127504e+01    -1.323918e-04
2.128725e+01    -1.385166e-04
2.129946e+01    -1.445978e-04
2.131168e+01    -1.504483e-04
2.132389e+01    -1.561394e-04
2.133610e+01    -1.616391e-04
2.134831e+01    -1.669689e-04
2.136053e+01    -1.721687e-04
2.137274e+01    -1.771760e-04
2.138495e+01    -1.820389e-04
2.139717e+01    -1.867399e-04
2.140938e+01    -1.912190e-04
2.142159e+01    -1.956271e-04
2.143381e+01    -1.997771e-04
2.144602e+01    -2.038084e-04
2.145823e+01    -2.076839e-04
2.147044e+01    -2.113830e-04
2.148266e+01    -2.149452e-04
2.149487e+01    -2.183469e-04
2.150708e+01    -2.215815e-04
2.151930e+01    -2.246697e-04
2.153151e+01    -2.276023e-04
2.154372e+01    -2.303817e-04
2.155593e+01    -2.330358e-04
2.156815e+01    -2.355141e-04
2.158036e+01    -2.378678e-04
2.159258e+01    -2.400734e-04
2.160479e+01    -2.421492e-04
2.161700e+01    -2.440834e-04
2.162921e+01    -2.458755e-04
2.164143e+01    -2.475617e-04
2.165364e+01    -2.490944e-04
2.166585e+01    -2.505109e-04
2.167807e+01    -2.518197e-04
2.169028e+01    -2.529833e-04
2.170249e+01    -2.540275e-04
2.171470e+01    -2.549770e-04
2.172692e+01    -2.559548e-04
2.173913e+01    -2.565128e-04
2.175134e+01    -2.571574e-04
2.176356e+01    -2.576162e-04
2.177577e+01    -2.580523e-04
2.178798e+01    -2.583607e-04
2.180020e+01    -2.585661e-04
2.181241e+01    -2.586527e-04
2.182462e+01    -2.587085e-04
2.183683e+01    -2.586577e-04
2.184905e+01    -2.585167e-04
2.186126e+01    -2.581793e-04
2.187347e+01    -2.579600e-04
2.188569e+01    -2.575983e-04
2.189790e+01    -2.570897e-04
2.191011e+01    -2.565812e-04
2.192233e+01    -2.559815e-04
2.193454e+01    -2.552785e-04
2.194675e+01    -2.545469e-04
2.195897e+01    -2.537367e-04
2.197118e+01    -2.528619e-04
2.198339e+01    -2.519513e-04
2.199560e+01    -2.509191e-04
2.200782e+01    -2.498858e-04
2.202003e+01    -2.487861e-04
2.203224e+01    -2.476647e-04
2.204445e+01    -2.464039e-04
2.205667e+01    -2.451340e-04
2.206888e+01    -2.437290e-04
2.208109e+01    -2.424585e-04
2.209331e+01    -2.410062e-04
2.210552e+01    -2.395764e-04
2.211773e+01    -2.380382e-04
2.212995e+01    -2.364998e-04
2.214216e+01    -2.349097e-04
2.215437e+01    -2.332385e-04
2.216659e+01    -2.315342e-04
2.217880e+01    -2.298062e-04
2.219101e+01    -2.280146e-04
2.220322e+01    -2.262178e-04
2.221544e+01    -2.243281e-04
2.222765e+01    -2.224382e-04
2.223986e+01    -2.204654e-04
2.225208e+01    -2.184629e-04
2.226429e+01    -2.164519e-04
2.227650e+01    -2.143570e-04
2.228872e+01    -2.122385e-04
2.230093e+01    -2.100768e-04
2.231314e+01    -2.078705e-04
2.232535e+01    -2.056154e-04
2.233757e+01    -2.032892e-04
2.234978e+01    -2.009868e-04
2.236199e+01    -1.986040e-04
2.237421e+01    -1.962355e-04
2.238642e+01    -1.936954e-04
2.239863e+01    -1.911657e-04
2.241084e+01    -1.886236e-04
2.242306e+01    -1.859856e-04
2.243527e+01    -1.833315e-04
2.244748e+01    -1.806061e-04
2.245970e+01    -1.778351e-04
2.247191e+01    -1.749878e-04
2.248412e+01    -1.721671e-04
2.249634e+01    -1.692373e-04
2.250855e+01    -1.662724e-04
2.252076e+01    -1.632452e-04
2.253297e+01    -1.601359e-04
2.254519e+01    -1.571962e-04
2.255740e+01    -1.538146e-04
2.256961e+01    -1.505469e-04
2.258183e+01    -1.472395e-04
2.259404e+01    -1.438644e-04
2.260625e+01    -1.404240e-04
2.261847e+01    -1.369313e-04
2.263068e+01    -1.334051e-04
2.264289e+01    -1.297735e-04
2.265511e+01    -1.261161e-04
2.266732e+01    -1.223799e-04
2.267953e+01    -1.185731e-04
2.269174e+01    -1.147444e-04
2.270396e+01    -1.108101e-04
2.271617e+01    -1.068285e-04
2.272838e+01    -1.027914e-04
2.274060e+01    -9.870215e-05
2.275281e+01    -9.453425e-05
2.276502e+01    -9.029859e-05
2.277724e+01    -8.601166e-05
2.278945e+01    -8.166936e-05
2.280166e+01    -7.725559e-05
2.281387e+01    -7.280579e-05
2.282609e+01    -6.826880e-05
2.283830e+01    -6.368331e-05
2.285051e+01    -5.903782e-05
2.286273e+01    -5.434296e-05
2.287494e+01    -4.959479e-05
2.288715e+01    -4.477118e-05
2.289936e+01    -3.989175e-05
2.291158e+01    -3.498141e-05
2.292379e+01    -3.000471e-05
2.293600e+01    -2.497481e-05
2.294822e+01    -1.987361e-05
2.296043e+01    -1.478707e-05
2.297264e+01    -9.618350e-06
2.298486e+01    -4.385947e-06
2.299707e+01    8.445350e-07
2.300928e+01    6.160990e-06
2.302150e+01    1.146802e-05
2.303371e+01    1.687743e-05
2.304592e+01    2.228207e-05
2.305813e+01    2.771633e-05
2.307035e+01    3.319583e-05
2.308256e+01    3.870582e-05
2.309477e+01    4.420406e-05
2.310699e+01    4.973012e-05
2.311920e+01    5.531748e-05
2.313141e+01    6.088056e-05
2.314363e+01    6.646093e-05
2.315584e+01    7.209554e-05
2.316805e+01    7.765321e-05
2.318026e+01    8.325762e-05
2.319248e+01    8.885295e-05
2.320469e+01    9.445415e-05
2.321690e+01    1.000420e-04
2.322912e+01    1.056499e-04
2.324133e+01    1.112302e-04
2.325354e+01    1.167714e-04
2.326575e+01    1.222985e-04
2.327797e+01    1.278403e-04
2.329018e+01    1.332984e-04
2.330239e+01    1.387839e-04
2.331461e+01    1.442101e-04
2.332682e+01    1.496092e-04
2.333903e+01    1.549694e-04
2.335125e+01    1.602630e-04
2.336346e+01    1.655188e-04
2.337567e+01    1.707292e-04
2.338788e+01    1.758655e-04
2.340010e+01    1.809745e-04
2.341231e+01    1.860021e-04
2.342452e+01    1.909911e-04
2.343674e+01    1.958774e-04
2.344895e+01    2.006966e-04
2.346116e+01    2.054043e-04
2.347338e+01    2.101248e-04
2.348559e+01    2.147073e-04
2.349780e+01    2.191871e-04
2.351002e+01    2.235836e-04
2.352223e+01    2.279076e-04
2.353444e+01    2.321142e-04
2.354665e+01    2.362097e-04
2.355887e+01    2.402783e-04
2.357108e+01    2.441381e-04
2.358329e+01    2.478912e-04
2.359550e+01    2.516029e-04
2.360772e+01    2.551743e-04
2.361993e+01    2.586327e-04
2.363214e+01    2.620231e-04
2.364436e+01    2.651698e-04
2.365657e+01    2.682721e-04
2.366878e+01    2.712219e-04
2.368100e+01    2.740556e-04
2.369321e+01    2.767306e-04
2.370542e+01    2.793122e-04
2.371764e+01    2.817411e-04
2.372985e+01    2.840096e-04
2.374206e+01    2.861756e-04
2.375427e+01    2.881772e-04
2.376649e+01    2.899672e-04
2.377870e+01    2.917946e-04
2.379091e+01    2.933523e-04
2.380313e+01    2.948272e-04
2.381534e+01    2.960863e-04
2.382755e+01    2.972153e-04
2.383977e+01    2.982214e-04
2.385198e+01    2.990713e-04
2.386419e+01    2.997638e-04
2.387640e+01    3.002955e-04
2.388862e+01    3.006907e-04
2.390083e+01    3.009448e-04
2.391304e+01    3.010095e-04
2.392526e+01    3.009522e-04
2.393747e+01    3.007366e-04
2.394968e+01    3.003760e-04
2.396189e+01    2.998698e-04
2.397411e+01    2.992062e-04
2.398632e+01    2.983999e-04
2.399854e+01    2.974312e-04
2.401075e+01    2.963468e-04
2.402296e+01    2.950997e-04
2.403517e+01    2.936585e-04
2.404739e+01    2.921752e-04
2.405960e+01    2.905209e-04
2.407181e+01    2.887750e-04
2.408403e+01    2.867404e-04
2.409624e+01    2.846639e-04
2.410845e+01    2.824453e-04
2.412066e+01    2.800864e-04
2.413288e+01    2.776257e-04
2.414509e+01    2.750084e-04
2.415730e+01    2.722809e-04
2.416952e+01    2.695033e-04
2.418173e+01    2.664679e-04
2.419394e+01    2.633711e-04
2.420616e+01    2.601521e-04
2.421837e+01    2.568387e-04
2.423058e+01    2.533897e-04
2.424279e+01    2.500809e-04
2.425501e+01    2.462000e-04
2.426722e+01    2.424459e-04
2.427943e+01    2.385987e-04
2.429165e+01    2.347173e-04
2.430386e+01    2.306265e-04
2.431607e+01    2.264841e-04
2.432829e+01    2.222575e-04
2.434050e+01    2.179775e-04
2.435271e+01    2.136398e-04
2.436492e+01    2.091324e-04
2.437714e+01    2.046057e-04
2.438935e+01    1.999849e-04
2.440156e+01    1.953525e-04
2.441378e+01    1.906123e-04
2.442599e+01    1.858137e-04
2.443820e+01    1.809869e-04
2.445041e+01    1.761055e-04
2.446263e+01    1.711331e-04
2.447484e+01    1.661311e-04
2.448705e+01    1.611188e-04
2.449927e+01    1.560487e-04
2.451148e+01    1.510227e-04
2.452369e+01    1.457844e-04
2.453591e+01    1.406165e-04
2.454812e+01    1.354305e-04
2.456033e+01    1.302208e-04
2.457255e+01    1.249477e-04
2.458476e+01    1.196986e-04
2.459697e+01    1.144194e-04
2.460918e+01    1.091325e-04
2.462140e+01    1.038720e-04
2.463361e+01    9.860442e-05
2.464582e+01    9.318740e-05
2.465804e+01    8.797859e-05
2.467025e+01    8.270470e-05
2.468246e+01    7.740147e-05
2.469468e+01    7.212228e-05
2.470689e+01    6.685845e-05
2.471910e+01    6.160762e-05
2.473131e+01    5.637382e-05
2.474353e+01    5.117462e-05
2.475574e+01    4.598584e-05
2.476795e+01    4.081334e-05
2.478017e+01    3.569868e-05
2.479238e+01    3.057476e-05
2.480459e+01    2.550000e-05
2.481680e+01    2.044232e-05
2.482902e+01    1.542918e-05
2.484123e+01    1.048730e-05
2.485344e+01    5.552531e-06
2.486566e+01    6.846167e-07
2.487787e+01    -4.180765e-06
2.489008e+01    -8.957089e-06
2.490230e+01    -1.375398e-05
2.491451e+01    -1.844878e-05
2.492672e+01    -2.308589e-05
2.493893e+01    -2.770149e-05
2.495115e+01    -3.225116e-05
2.496336e+01    -3.676410e-05
2.497557e+01    -4.120937e-05
2.498779e+01    -4.561802e-05
2.500000e+01    -4.996037e-05
