0.000000e+00    3.892557e+00
1.221299e-02    3.889554e+00
2.442599e-02    3.880554e+00
3.663898e-02    3.865592e+00
4.885198e-02    3.844723e+00
6.106497e-02    3.818024e+00
7.327797e-02    3.785595e+00
8.549096e-02    3.747554e+00
9.770396e-02    3.704041e+00
1.099169e-01    3.655215e+00
1.221299e-01    3.601253e+00
1.343429e-01    3.542352e+00
1.465559e-01    3.478722e+00
1.587689e-01    3.410590e+00
1.709819e-01    3.338197e+00
1.831949e-01    3.261798e+00
1.954079e-01    3.181658e+00
2.076209e-01    3.098053e+00
2.198339e-01    3.011267e+00
2.320469e-01    2.921592e+00
2.442599e-01    2.829327e+00
2.564729e-01    2.734773e+00
2.686859e-01    2.638235e+00
2.808989e-01    2.540021e+00
2.931119e-01    2.440437e+00
3.053249e-01    2.339788e+00
3.175378e-01    2.238377e+00
3.297509e-01    2.136502e+00
3.419639e-01    2.034458e+00
3.541768e-01    1.932531e+00
3.663898e-01    1.831000e+00
3.786028e-01    1.730135e+00
3.908158e-01    1.630198e+00
4.030288e-01    1.531437e+00
4.152418e-01    1.434090e+00
4.274548e-01    1.338385e+00
4.396678e-01    1.244533e+00
4.518808e-01    1.152734e+00
4.640938e-01    1.063174e+00
4.763068e-01    9.760213e-01
4.885198e-01    8.914334e-01
5.007328e-01    8.095506e-01
5.129458e-01    7.304981e-01
5.251588e-01    6.543861e-01
5.373718e-01    5.813097e-01
5.495847e-01    5.113482e-01
5.617977e-01    4.445667e-01
5.740107e-01    3.810149e-01
5.862237e-01    3.207284e-01
5.984367e-01    2.637286e-01
6.106497e-01    2.100234e-01
6.228627e-01    1.596076e-01
6.350757e-01    1.124634e-01
6.472887e-01    6.856079e-02
6.595017e-01    2.785852e-02
6.717147e-01    -9.694986e-03
6.839277e-01    -4.416189e-02
6.961407e-01    -7.561342e-02
7.083537e-01    -1.041295e-01
7.205667e-01    -1.297978e-01
7.327797e-01    -1.527131e-01
7.449927e-01    -1.729768e-01
7.572057e-01    -1.906955e-01
7.694187e-01    -2.059809e-01
7.816316e-01    -2.189487e-01
7.938446e-01    -2.297183e-01
8.060576e-01    -2.384114e-01
8.182706e-01    -2.451518e-01
8.304836e-01    -2.500648e-01
8.426966e-01    -2.532764e-01
8.549096e-01    -2.549123e-01
8.671226e-01    -2.550983e-01
8.793356e-01    -2.539584e-01
8.915486e-01    -2.516156e-01
9.037616e-01    -2.481908e-01
9.159746e-01    -2.438018e-01
9.281876e-01    -2.385642e-01
9.404006e-01    -2.325898e-01
9.526136e-01    -2.259868e-01
9.648266e-01    -2.188596e-01
9.770396e-01    -2.113080e-01
9.892526e-01    -2.034277e-01
1.001466e+00    -1.953095e-01
1.013679e+00    -1.870392e-01
1.025892e+00    -1.786979e-01
1.038105e+00    -1.703614e-01
1.050318e+00    -1.621003e-01
1.062531e+00    -1.539802e-01
1.074744e+00    -1.460613e-01
1.086957e+00    -1.383986e-01
1.099169e+00    -1.310419e-01
1.111382e+00    -1.240360e-01
1.123595e+00    -1.174207e-01
1.135808e+00    -1.112308e-01
1.148021e+00    -1.054962e-01
1.160234e+00    -1.002424e-01
1.172447e+00    -9.549026e-02
1.184660e+00    -9.125639e-02
1.196873e+00    -8.755322e-02
1.209086e+00    -8.438930e-02
1.221299e+00    -8.176940e-02
1.233512e+00    -7.969479e-02
1.245725e+00    -7.816346e-02
1.257938e+00    -7.717025e-02
1.270151e+00    -7.670724e-02
1.282364e+00    -7.676376e-02
1.294577e+00    -7.732682e-02
1.306790e+00    -7.838117e-02
1.319003e+00    -7.990967e-02
1.331216e+00    -8.189335e-02
1.343429e+00    -8.431178e-02
1.355642e+00    -8.714317e-02
1.367855e+00    -9.036458e-02
1.380068e+00    -9.395220e-02
1.392281e+00    -9.788145e-02
1.404494e+00    -1.021272e-01
1.416707e+00    -1.066640e-01
1.428920e+00    -1.114661e-01
1.441133e+00    -1.165077e-01
1.453346e+00    -1.217631e-01
1.465559e+00    -1.272069e-01
1.477772e+00    -1.328139e-01
1.489985e+00    -1.385594e-01
1.502198e+00    -1.444193e-01
1.514411e+00    -1.503703e-01
1.526624e+00    -1.563896e-01
1.538837e+00    -1.624554e-01
1.551050e+00    -1.685467e-01
1.563263e+00    -1.746436e-01
1.575476e+00    -1.807271e-01
1.587689e+00    -1.867792e-01
1.599902e+00    -1.927831e-01
1.612115e+00    -1.987230e-01
1.624328e+00    -2.045843e-01
1.636541e+00    -2.103535e-01
1.648754e+00    -2.160182e-01
1.660967e+00    -2.215672e-01
1.673180e+00    -2.269904e-01
1.685393e+00    -2.322787e-01
1.697606e+00    -2.374242e-01
1.709819e+00    -2.424200e-01
1.722032e+00    -2.472603e-01
1.734245e+00    -2.519401e-01
1.746458e+00    -2.564556e-01
1.758671e+00    -2.608038e-01
1.770884e+00    -2.649825e-01
1.783097e+00    -2.689904e-01
1.795310e+00    -2.728270e-01
1.807523e+00    -2.764925e-01
1.819736e+00    -2.799878e-01
1.831949e+00    -2.833144e-01
1.844162e+00    -2.864743e-01
1.856375e+00    -2.894703e-01
1.868588e+00    -2.923053e-01
1.880801e+00    -2.949829e-01
1.893014e+00    -2.975071e-01
1.905227e+00    -2.998820e-01
1.917440e+00    -3.021122e-01
1.929653e+00    -3.042025e-01
1.941866e+00    -3.061577e-01
1.954079e+00    -3.079830e-01
1.966292e+00    -3.096837e-01
1.978505e+00    -3.112649e-01
1.990718e+00    -3.127320e-01
2.002931e+00    -3.140904e-01
2.015144e+00    -3.153453e-01
2.027357e+00    -3.165020e-01
2.039570e+00    -3.175656e-01
2.051783e+00    -3.185412e-01
2.063996e+00    -3.194336e-01
2.076209e+00    -3.202476e-01
2.088422e+00    -3.209877e-01
2.100635e+00    -3.216584e-01
2.112848e+00    -3.222639e-01
2.125061e+00    -3.228081e-01
2.137274e+00    -3.232946e-01
2.149487e+00    -3.237270e-01
2.161700e+00    -3.241087e-01
2.173913e+00    -3.244425e-01
2.186126e+00    -3.247313e-01
2.198339e+00    -3.249776e-01
2.210552e+00    -3.251838e-01
2.222765e+00    -3.253517e-01
2.234978e+00    -3.254834e-01
2.247191e+00    -3.255803e-01
2.259404e+00    -3.256438e-01
2.271617e+00    -3.256750e-01
2.283830e+00    -3.256750e-01
2.296043e+00    -3.256442e-01
2.308256e+00    -3.255835e-01
2.320469e+00    -3.254929e-01
2.332682e+00    -3.253730e-01
2.344895e+00    -3.252235e-01
2.357108e+00    -3.250445e-01
2.369321e+00    -3.248355e-01
2.381534e+00    -3.245964e-01
2.393747e+00    -3.243266e-01
2.405960e+00    -3.240255e-01
2.418173e+00    -3.236925e-01
2.430386e+00    -3.233269e-01
2.442599e+00    -3.229278e-01
2.454812e+00    -3.224944e-01
2.467025e+00    -3.220259e-01
2.479238e+00    -3.215212e-01
2.491451e+00    -3.209796e-01
2.503664e+00    -3.203999e-01
2.515877e+00    -3.197815e-01
2.528090e+00    -3.191231e-01
2.540303e+00    -3.184242e-01
2.552516e+00    -3.176836e-01
2.564729e+00    -3.169006e-01
2.576942e+00    -3.160743e-01
2.589155e+00    -3.152041e-01
2.601368e+00    -3.142892e-01
2.613581e+00    -3.133290e-01
2.625794e+00    -3.123229e-01
2.638007e+00    -3.112703e-01
2.650220e+00    -3.101708e-01
2.662433e+00    -3.090241e-01
2.674646e+00    -3.078299e-01
2.686859e+00    -3.065878e-01
2.699072e+00    -3.052979e-01
2.711285e+00    -3.039600e-01
2.723498e+00    -3.025740e-01
2.735711e+00    -3.011401e-01
2.747924e+00    -2.996585e-01
2.760137e+00    -2.981293e-01
2.772350e+00    -2.965529e-01
2.784563e+00    -2.949297e-01
2.796776e+00    -2.932600e-01
2.808989e+00    -2.915445e-01
2.821202e+00    -2.897836e-01
2.833415e+00    -2.879781e-01
2.845628e+00    -2.861285e-01
2.857841e+00    -2.842358e-01
2.870054e+00    -2.823007e-01
2.882267e+00    -2.803240e-01
2.894480e+00    -2.783067e-01
2.906693e+00    -2.762496e-01
2.918906e+00    -2.741539e-01
2.931119e+00    -2.720204e-01
2.943332e+00    -2.698503e-01
2.955545e+00    -2.676446e-01
2.967758e+00    -2.654045e-01
2.979971e+00    -2.631311e-01
2.992184e+00    -2.608255e-01
3.004397e+00    -2.584888e-01
3.016610e+00    -2.561222e-01
3.028823e+00    -2.537270e-01
3.041036e+00    -2.513043e-01
3.053249e+00    -2.488552e-01
3.065462e+00    -2.463811e-01
3.077675e+00    -2.438830e-01
3.089888e+00    -2.413622e-01
3.102101e+00    -2.388197e-01
3.114314e+00    -2.362568e-01
3.126527e+00    -2.336746e-01
3.138740e+00    -2.310742e-01
3.150953e+00    -2.284568e-01
3.163166e+00    -2.258235e-01
3.175379e+00    -2.231754e-01
3.187592e+00    -2.205134e-01
3.199805e+00    -2.178388e-01
3.212018e+00    -2.151524e-01
3.224231e+00    -2.124554e-01
3.236444e+00    -2.097486e-01
3.248657e+00    -2.070331e-01
3.260870e+00    -2.043098e-01
3.273082e+00    -2.015795e-01
3.285295e+00    -1.988433e-01
3.297508e+00    -1.961020e-01
3.309721e+00    -1.933564e-01
3.321934e+00    -1.906073e-01
3.334147e+00    -1.878556e-01
3.346360e+00    -1.851020e-01
3.358573e+00    -1.823473e-01
3.370786e+00    -1.795922e-01
3.382999e+00    -1.768375e-01
3.395212e+00    -1.740839e-01
3.407425e+00    -1.713320e-01
3.419638e+00    -1.685825e-01
3.431851e+00    -1.658360e-01
3.444064e+00    -1.630932e-01
3.456277e+00    -1.603546e-01
3.468490e+00    -1.576210e-01
3.480703e+00    -1.548928e-01
3.492916e+00    -1.521707e-01
3.505129e+00    -1.494551e-01
3.517342e+00    -1.467466e-01
3.529555e+00    -1.440457e-01
3.541768e+00    -1.413531e-01
3.553981e+00    -1.386691e-01
3.566194e+00    -1.359943e-01
3.578407e+00    -1.333291e-01
3.590620e+00    -1.306740e-01
3.602833e+00    -1.280296e-01
3.615046e+00    -1.253962e-01
3.627259e+00    -1.227744e-01
3.639472e+00    -1.201645e-01
3.651685e+00    -1.175670e-01
3.663898e+00    -1.149823e-01
3.676111e+00    -1.124110e-01
3.688324e+00    -1.098533e-01
3.700537e+00    -1.073099e-01
3.712750e+00    -1.047808e-01
3.724963e+00    -1.022668e-01
3.737176e+00    -9.976805e-02
3.749389e+00    -9.728508e-02
3.761602e+00    -9.481825e-02
3.773815e+00    -9.236795e-02
3.786028e+00    -8.993454e-02
3.798241e+00    -8.751842e-02
3.810454e+00    -8.511997e-02
3.822667e+00    -8.273953e-02
3.834880e+00    -8.037750e-02
3.847093e+00    -7.803421e-02
3.859306e+00    -7.571005e-02
3.871519e+00    -7.340532e-02
3.883732e+00    -7.112040e-02
3.895945e+00    -6.885558e-02
3.908158e+00    -6.661125e-02
3.920371e+00    -6.438769e-02
3.932584e+00    -6.218522e-02
3.944797e+00    -6.000416e-02
3.957010e+00    -5.784480e-02
3.969223e+00    -5.570744e-02
3.981436e+00    -5.359238e-02
3.993649e+00    -5.149986e-02
4.005862e+00    -4.943020e-02
4.018075e+00    -4.738367e-02
4.030288e+00    -4.536041e-02
4.042501e+00    -4.336081e-02
4.054714e+00    -4.138499e-02
4.066927e+00    -3.943329e-02
4.079140e+00    -3.750579e-02
4.091353e+00    -3.560285e-02
4.103566e+00    -3.372452e-02
4.115779e+00    -3.187113e-02
4.127992e+00    -3.004272e-02
4.140205e+00    -2.823959e-02
4.152418e+00    -2.646178e-02
4.164631e+00    -2.470954e-02
4.176844e+00    -2.298291e-02
4.189057e+00    -2.128206e-02
4.201270e+00    -1.960716e-02
4.213483e+00    -1.795824e-02
4.225696e+00    -1.633547e-02
4.237909e+00    -1.473883e-02
4.250122e+00    -1.316854e-02
4.262335e+00    -1.162448e-02
4.274548e+00    -1.010688e-02
4.286761e+00    -8.615656e-03
4.298974e+00    -7.150949e-03
4.311187e+00    -5.712671e-03
4.323400e+00    -4.300950e-03
4.335613e+00    -2.915674e-03
4.347826e+00    -1.556956e-03
4.360039e+00    -2.246666e-04
4.372252e+00    1.081114e-03
4.384465e+00    2.360522e-03
4.396678e+00    3.613497e-03
4.408891e+00    4.840193e-03
4.421104e+00    6.040570e-03
4.433317e+00    7.214793e-03
4.445530e+00    8.362856e-03
4.457743e+00    9.484922e-03
4.469956e+00    1.058100e-02
4.482169e+00    1.165129e-02
4.494382e+00    1.269580e-02
4.506595e+00    1.371474e-02
4.518808e+00    1.470816e-02
4.531021e+00    1.567625e-02
4.543234e+00    1.661908e-02
4.555447e+00    1.753688e-02
4.567660e+00    1.842972e-02
4.579873e+00    1.929782e-02
4.592086e+00    2.014128e-02
4.604299e+00    2.096035e-02
4.616512e+00    2.175512e-02
4.628725e+00    2.252585e-02
4.640938e+00    2.327264e-02
4.653151e+00    2.399577e-02
4.665364e+00    2.469536e-02
4.677577e+00    2.537167e-02
4.689790e+00    2.602484e-02
4.702003e+00    2.665516e-02
4.714216e+00    2.726276e-02
4.726429e+00    2.784791e-02
4.738642e+00    2.841081e-02
4.750855e+00    2.895171e-02
4.763068e+00    2.947078e-02
4.775281e+00    2.996832e-02
4.787494e+00    3.044451e-02
4.799707e+00    3.089961e-02
4.811920e+00    3.133386e-02
4.824133e+00    3.174753e-02
4.836346e+00    3.214080e-02
4.848559e+00    3.251398e-02
4.860772e+00    3.286727e-02
4.872985e+00    3.320096e-02
4.885198e+00    3.351529e-02
4.897411e+00    3.381052e-02
4.909624e+00    3.408689e-02
4.921837e+00    3.434468e-02
4.934050e+00    3.458415e-02
4.946263e+00    3.480555e-02
4.958476e+00    3.500915e-02
4.970689e+00    3.519522e-02
4.982902e+00    3.536403e-02
4.995115e+00    3.551584e-02
5.007328e+00    3.565092e-02
5.019541e+00    3.576954e-02
5.031754e+00    3.587196e-02
5.043967e+00    3.595848e-02
5.056180e+00    3.602934e-02
5.068393e+00    3.608484e-02
5.080606e+00    3.612523e-02
5.092819e+00    3.615080e-02
5.105031e+00    3.616180e-02
5.117245e+00    3.615854e-02
5.129457e+00    3.614126e-02
5.141671e+00    3.611025e-02
5.153883e+00    3.606578e-02
5.166097e+00    3.600811e-02
5.178309e+00    3.593755e-02
5.190523e+00    3.585434e-02
5.202735e+00    3.575876e-02
5.214949e+00    3.565108e-02
5.227162e+00    3.553157e-02
5.239375e+00    3.540051e-02
5.251588e+00    3.525817e-02
5.263801e+00    3.510480e-02
5.276014e+00    3.494069e-02
5.288227e+00    3.476610e-02
5.300440e+00    3.458128e-02
5.312653e+00    3.438654e-02
5.324866e+00    3.418209e-02
5.337079e+00    3.396823e-02
5.349292e+00    3.374520e-02
5.361505e+00    3.351328e-02
5.373718e+00    3.327270e-02
5.385931e+00    3.302375e-02
5.398144e+00    3.276666e-02
5.410357e+00    3.250169e-02
5.422570e+00    3.222910e-02
5.434783e+00    3.194914e-02
5.446996e+00    3.166205e-02
5.459208e+00    3.136809e-02
5.471422e+00    3.106747e-02
5.483634e+00    3.076048e-02
5.495848e+00    3.044733e-02
5.508060e+00    3.012827e-02
5.520274e+00    2.980351e-02
5.532486e+00    2.947333e-02
5.544700e+00    2.913792e-02
5.556912e+00    2.879754e-02
5.569126e+00    2.845238e-02
5.581338e+00    2.810271e-02
5.593552e+00    2.774870e-02
5.605764e+00    2.739061e-02
5.617978e+00    2.702864e-02
5.630190e+00    2.666301e-02
5.642404e+00    2.629390e-02
5.654616e+00    2.592157e-02
5.666830e+00    2.554617e-02
5.679042e+00    2.516797e-02
5.691256e+00    2.478710e-02
5.703468e+00    2.440380e-02
5.715682e+00    2.401826e-02
5.727894e+00    2.363066e-02
5.740108e+00    2.324118e-02
5.752320e+00    2.285004e-02
5.764534e+00    2.245739e-02
5.776746e+00    2.206342e-02
5.788960e+00    2.166831e-02
5.801172e+00    2.127223e-02
5.813385e+00    2.087534e-02
5.825598e+00    2.047784e-02
5.837811e+00    2.007986e-02
5.850024e+00    1.968158e-02
5.862237e+00    1.928315e-02
5.874450e+00    1.888475e-02
5.886663e+00    1.848649e-02
5.898876e+00    1.808855e-02
5.911089e+00    1.769106e-02
5.923302e+00    1.729418e-02
5.935515e+00    1.689804e-02
5.947728e+00    1.650278e-02
5.959941e+00    1.610853e-02
5.972154e+00    1.571542e-02
5.984367e+00    1.532359e-02
5.996580e+00    1.493315e-02
6.008793e+00    1.454423e-02
6.021006e+00    1.415696e-02
6.033219e+00    1.377143e-02
6.045432e+00    1.338778e-02
6.057645e+00    1.300609e-02
6.069858e+00    1.262651e-02
6.082071e+00    1.224910e-02
6.094284e+00    1.187400e-02
6.106497e+00    1.150128e-02
6.118710e+00    1.113106e-02
6.130923e+00    1.076340e-02
6.143136e+00    1.039843e-02
6.155349e+00    1.003621e-02
6.167562e+00    9.676845e-03
6.179775e+00    9.320395e-03
6.191988e+00    8.966962e-03
6.204201e+00    8.616598e-03
6.216414e+00    8.269407e-03
6.228627e+00    7.925428e-03
6.240840e+00    7.584762e-03
6.253053e+00    7.247445e-03
6.265266e+00    6.913560e-03
6.277479e+00    6.583175e-03
6.289692e+00    6.256325e-03
6.301905e+00    5.933098e-03
6.314118e+00    5.613506e-03
6.326331e+00    5.297641e-03
6.338544e+00    4.985519e-03
6.350757e+00    4.677216e-03
6.362970e+00    4.372757e-03
6.375183e+00    4.072196e-03
6.387396e+00    3.775558e-03
6.399609e+00    3.482899e-03
6.411822e+00    3.194237e-03
6.424035e+00    2.909624e-03
6.436248e+00    2.629070e-03
6.448461e+00    2.352629e-03
6.460674e+00    2.080295e-03
6.472887e+00    1.812136e-03
6.485100e+00    1.548140e-03
6.497313e+00    1.288342e-03
6.509526e+00    1.032755e-03
6.521739e+00    7.814117e-04
6.533952e+00    5.343049e-04
6.546165e+00    2.914692e-04
6.558378e+00    5.289859e-05
6.570591e+00    -1.813768e-04
6.582804e+00    -4.113721e-04
6.595017e+00    -6.370588e-04
6.607230e+00    -8.584525e-04
6.619443e+00    -1.075532e-03
6.631656e+00    -1.288303e-03
6.643869e+00    -1.496771e-03
6.656082e+00    -1.700938e-03
6.668295e+00    -1.900789e-03
6.680508e+00    -2.096350e-03
6.692721e+00    -2.287615e-03
6.704934e+00    -2.474574e-03
6.717147e+00    -2.657305e-03
6.729360e+00    -2.835753e-03
6.741573e+00    -3.009940e-03
6.753786e+00    -3.179897e-03
6.765999e+00    -3.345617e-03
6.778212e+00    -3.507136e-03
6.790425e+00    -3.664454e-03
6.802638e+00    -3.817608e-03
6.814851e+00    -3.966597e-03
6.827064e+00    -4.111457e-03
6.839277e+00    -4.252199e-03
6.851490e+00    -4.388852e-03
6.863703e+00    -4.521437e-03
6.875916e+00    -4.649977e-03
6.888129e+00    -4.774497e-03
6.900342e+00    -4.895031e-03
6.912555e+00    -5.011594e-03
6.924768e+00    -5.124230e-03
6.936981e+00    -5.232949e-03
6.949194e+00    -5.337794e-03
6.961407e+00    -5.438799e-03
6.973620e+00    -5.535991e-03
6.985833e+00    -5.629394e-03
6.998046e+00    -5.719057e-03
7.010259e+00    -5.805001e-03
7.022472e+00    -5.887267e-03
7.034685e+00    -5.965889e-03
7.046898e+00    -6.040905e-03
7.059111e+00    -6.112347e-03
7.071324e+00    -6.180258e-03
7.083537e+00    -6.244669e-03
7.095750e+00    -6.305597e-03
7.107963e+00    -6.363168e-03
7.120176e+00    -6.417327e-03
7.132389e+00    -6.468148e-03
7.144602e+00    -6.515669e-03
7.156815e+00    -6.559934e-03
7.169028e+00    -6.600983e-03
7.181241e+00    -6.638857e-03
7.193454e+00    -6.673597e-03
7.205667e+00    -6.705246e-03
7.217880e+00    -6.733849e-03
7.230093e+00    -6.759442e-03
7.242306e+00    -6.782076e-03
7.254519e+00    -6.801793e-03
7.266732e+00    -6.818632e-03
7.278944e+00    -6.832642e-03
7.291158e+00    -6.843867e-03
7.303371e+00    -6.852349e-03
7.315584e+00    -6.858134e-03
7.327797e+00    -6.861263e-03
7.340010e+00    -6.861783e-03
7.352223e+00    -6.859744e-03
7.364436e+00    -6.855187e-03
7.376649e+00    -6.848159e-03
7.388862e+00    -6.838700e-03
7.401075e+00    -6.826860e-03
7.413288e+00    -6.812687e-03
7.425501e+00    -6.796218e-03
7.437714e+00    -6.777511e-03
7.449927e+00    -6.756604e-03
7.462140e+00    -6.733537e-03
7.474353e+00    -6.708363e-03
7.486566e+00    -6.681130e-03
7.498779e+00    -6.651875e-03
7.510992e+00    -6.620650e-03
7.523205e+00    -6.587499e-03
7.535418e+00    -6.552466e-03
7.547631e+00    -6.515595e-03
7.559844e+00    -6.476930e-03
7.572057e+00    -6.436517e-03
7.584270e+00    -6.394406e-03
7.596483e+00    -6.350629e-03
7.608696e+00    -6.305249e-03
7.620909e+00    -6.258291e-03
7.633121e+00    -6.209805e-03
7.645335e+00    -6.159842e-03
7.657547e+00    -6.108440e-03
7.669761e+00    -6.055638e-03
7.681973e+00    -6.001488e-03
7.694187e+00    -5.946023e-03
7.706399e+00    -5.889286e-03
7.718613e+00    -5.831338e-03
7.730825e+00    -5.772200e-03
7.743039e+00    -5.711920e-03
7.755251e+00    -5.650542e-03
7.767465e+00    -5.588100e-03
7.779677e+00    -5.524651e-03
7.791891e+00    -5.460221e-03
7.804103e+00    -5.394850e-03
7.816317e+00    -5.328585e-03
7.828529e+00    -5.261465e-03
7.840743e+00    -5.193528e-03
7.852955e+00    -5.124814e-03
7.865169e+00    -5.055354e-03
7.877381e+00    -4.985204e-03
7.889595e+00    -4.914382e-03
7.901807e+00    -4.842942e-03
7.914021e+00    -4.770907e-03
7.926233e+00    -4.698322e-03
7.938447e+00    -4.625222e-03
7.950659e+00    -4.551648e-03
7.962873e+00    -4.477622e-03
7.975085e+00    -4.403192e-03
7.987298e+00    -4.328384e-03
7.999511e+00    -4.253243e-03
8.011724e+00    -4.177791e-03
8.023937e+00    -4.102069e-03
8.036150e+00    -4.026110e-03
8.048364e+00    -3.949939e-03
8.060576e+00    -3.873596e-03
8.072789e+00    -3.797111e-03
8.085002e+00    -3.720516e-03
8.097216e+00    -3.643836e-03
8.109428e+00    -3.567107e-03
8.121641e+00    -3.490361e-03
8.133854e+00    -3.413625e-03
8.146068e+00    -3.336920e-03
8.158280e+00    -3.260287e-03
8.170493e+00    -3.183749e-03
8.182706e+00    -3.107336e-03
8.194920e+00    -3.031066e-03
8.207132e+00    -2.954977e-03
8.219345e+00    -2.879091e-03
8.231558e+00    -2.803436e-03
8.243772e+00    -2.728027e-03
8.255984e+00    -2.652903e-03
8.268197e+00    -2.578080e-03
8.280410e+00    -2.503579e-03
8.292624e+00    -2.429431e-03
8.304836e+00    -2.355655e-03
8.317049e+00    -2.282274e-03
8.329262e+00    -2.209311e-03
8.341475e+00    -2.136778e-03
8.353688e+00    -2.064708e-03
8.365901e+00    -1.993115e-03
8.378115e+00    -1.922014e-03
8.390327e+00    -1.851438e-03
8.402540e+00    -1.781408e-03
8.414753e+00    -1.711907e-03
8.426967e+00    -1.642984e-03
8.439179e+00    -1.574655e-03
8.451392e+00    -1.506931e-03
8.463605e+00    -1.439829e-03
8.475819e+00    -1.373360e-03
8.488031e+00    -1.307548e-03
8.500244e+00    -1.242406e-03
8.512457e+00    -1.177938e-03
8.524671e+00    -1.114167e-03
8.536883e+00    -1.051103e-03
8.549096e+00    -9.887640e-04
8.561309e+00    -9.271600e-04
8.573523e+00    -8.662947e-04
8.585735e+00    -8.061931e-04
8.597948e+00    -7.468560e-04
8.610161e+00    -6.882972e-04
8.622375e+00    -6.305223e-04
8.634587e+00    -5.735454e-04
8.646800e+00    -5.173790e-04
8.659013e+00    -4.620238e-04
8.671227e+00    -4.074870e-04
8.683439e+00    -3.537845e-04
8.695652e+00    -3.009172e-04
8.707865e+00    -2.488864e-04
8.720078e+00    -1.977153e-04
8.732291e+00    -1.473943e-04
8.744504e+00    -9.793058e-05
8.756717e+00    -4.933379e-05
8.768930e+00    -1.601100e-06
8.781143e+00    4.525539e-05
8.793356e+00    9.123577e-05
8.805569e+00    1.363422e-04
8.817782e+00    1.805689e-04
8.829995e+00    2.239077e-04
8.842208e+00    2.663627e-04
8.854421e+00    3.079319e-04
8.866634e+00    3.486169e-04
8.878847e+00    3.884147e-04
8.891060e+00    4.273209e-04
8.903273e+00    4.653273e-04
8.915486e+00    5.024776e-04
8.927699e+00    5.387251e-04
8.939912e+00    5.740890e-04
8.952125e+00    6.085719e-04
8.964338e+00    6.421765e-04
8.976551e+00    6.748999e-04
8.988764e+00    7.067473e-04
9.000977e+00    7.377311e-04
9.013190e+00    7.678403e-04
9.025403e+00    7.970895e-04
9.037616e+00    8.254748e-04
9.049829e+00    8.530064e-04
9.062042e+00    8.796914e-04
9.074255e+00    9.055311e-04
9.086468e+00    9.305280e-04
9.098680e+00    9.546828e-04
9.110894e+00    9.780322e-04
9.123107e+00    1.000545e-03
9.135320e+00    1.022249e-03
9.147532e+00    1.043144e-03
9.159746e+00    1.063241e-03
9.171959e+00    1.082540e-03
9.184172e+00    1.101060e-03
9.196384e+00    1.118800e-03
9.208598e+00    1.135774e-03
9.220811e+00    1.151986e-03
9.233024e+00    1.167443e-03
9.245236e+00    1.182159e-03
9.257450e+00    1.196143e-03
9.269663e+00    1.209400e-03
9.281876e+00    1.221939e-03
9.294088e+00    1.233774e-03
9.306302e+00    1.244911e-03
9.318515e+00    1.255364e-03
9.330728e+00    1.265137e-03
9.342940e+00    1.274247e-03
9.355154e+00    1.282697e-03
9.367367e+00    1.290501e-03
9.379580e+00    1.297671e-03
9.391793e+00    1.304217e-03
9.404006e+00    1.310145e-03
9.416219e+00    1.315474e-03
9.428432e+00    1.320211e-03
9.440645e+00    1.324364e-03
9.452858e+00    1.327946e-03
9.465071e+00    1.330972e-03
9.477283e+00    1.333452e-03
9.489497e+00    1.335398e-03
9.501710e+00    1.336814e-03
9.513923e+00    1.337721e-03
9.526135e+00    1.338123e-03
9.538349e+00    1.338038e-03
9.550562e+00    1.337477e-03
9.562775e+00    1.336445e-03
9.574987e+00    1.334957e-03
9.587201e+00    1.333027e-03
9.599414e+00    1.330675e-03
9.611627e+00    1.327880e-03
9.623839e+00    1.324692e-03
9.636053e+00    1.321101e-03
9.648266e+00    1.317125e-03
9.660479e+00    1.312777e-03
9.672691e+00    1.308060e-03
9.684905e+00    1.302994e-03
9.697118e+00    1.297590e-03
9.709331e+00    1.291853e-03
9.721543e+00    1.285792e-03
9.733757e+00    1.279427e-03
9.745970e+00    1.272766e-03
9.758183e+00    1.265817e-03
9.770395e+00    1.258597e-03
9.782609e+00    1.251106e-03
9.794822e+00    1.243368e-03
9.807034e+00    1.235379e-03
9.819247e+00    1.227160e-03
9.831461e+00    1.218720e-03
9.843674e+00    1.210062e-03
9.855886e+00    1.201203e-03
9.868099e+00    1.192151e-03
9.880313e+00    1.182914e-03
9.892526e+00    1.173507e-03
9.904738e+00    1.163940e-03
9.916951e+00    1.154206e-03
9.929165e+00    1.144331e-03
9.941378e+00    1.134319e-03
9.953590e+00    1.124180e-03
9.965803e+00    1.113917e-03
9.978017e+00    1.103545e-03
9.990230e+00    1.093071e-03
1.000244e+01    1.082504e-03
1.001466e+01    1.071845e-03
1.002687e+01    1.061101e-03
1.003908e+01    1.050291e-03
1.005129e+01    1.039415e-03
1.006351e+01    1.028481e-03
1.007572e+01    1.017495e-03
1.008793e+01    1.006463e-03
1.010015e+01    9.953980e-04
1.011236e+01    9.843007e-04
1.012457e+01    9.731728e-04
1.013679e+01    9.620292e-04
1.014900e+01    9.508688e-04
1.016121e+01    9.397010e-04
1.017342e+01    9.285304e-04
1.018564e+01    9.173638e-04
1.019785e+01    9.062033e-04
1.021006e+01    8.950559e-04
1.022228e+01    8.839208e-04
1.023449e+01    8.728100e-04
1.024670e+01    8.617203e-04
1.025891e+01    8.506643e-04
1.027113e+01    8.396374e-04
1.028334e+01    8.286487e-04
1.029555e+01    8.176960e-04
1.030777e+01    8.067894e-04
1.031998e+01    7.959299e-04
1.033219e+01    7.851148e-04
1.034441e+01    7.743496e-04
1.035662e+01    7.636425e-04
1.036883e+01    7.529882e-04
1.038105e+01    7.423914e-04
1.039326e+01    7.318520e-04
1.040547e+01    7.213783e-04
1.041768e+01    7.109585e-04
1.042990e+01    7.006068e-04
1.044211e+01    6.903174e-04
1.045432e+01    6.800904e-04
1.046654e+01    6.699343e-04
1.047875e+01    6.598428e-04
1.049096e+01    6.498272e-04
1.050318e+01    6.398572e-04
1.051539e+01    6.299623e-04
1.052760e+01    6.201369e-04
1.053981e+01    6.103790e-04
1.055203e+01    6.006858e-04
1.056424e+01    5.910556e-04
1.057645e+01    5.814959e-04
1.058867e+01    5.719961e-04
1.060088e+01    5.625575e-04
1.061309e+01    5.531854e-04
1.062531e+01    5.438711e-04
1.063752e+01    5.346145e-04
1.064973e+01    5.254223e-04
1.066194e+01    5.162826e-04
1.067416e+01    5.071987e-04
1.068637e+01    4.981671e-04
1.069858e+01    4.891921e-04
1.071080e+01    4.802618e-04
1.072301e+01    4.713730e-04
1.073522e+01    4.625350e-04
1.074744e+01    4.537398e-04
1.075965e+01    4.449839e-04
1.077186e+01    4.362668e-04
1.078407e+01    4.275847e-04
1.079629e+01    4.189454e-04
1.080850e+01    4.103172e-04
1.082071e+01    4.017274e-04
1.083293e+01    3.931616e-04
1.084514e+01    3.846178e-04
1.085735e+01    3.760970e-04
1.086957e+01    3.675899e-04
1.088178e+01    3.590965e-04
1.089399e+01    3.506154e-04
1.090620e+01    3.421403e-04
1.091842e+01    3.336772e-04
1.093063e+01    3.252150e-04
1.094284e+01    3.167525e-04
1.095506e+01    3.082865e-04
1.096727e+01    2.998140e-04
1.097948e+01    2.913369e-04
1.099170e+01    2.828475e-04
1.100391e+01    2.743430e-04
1.101612e+01    2.658227e-04
1.102833e+01    2.572847e-04
1.104055e+01    2.487212e-04
1.105276e+01    2.401388e-04
1.106497e+01    2.315252e-04
1.107719e+01    2.228831e-04
1.108940e+01    2.142091e-04
1.110161e+01    2.054994e-04
1.111382e+01    1.967560e-04
1.112604e+01    1.879752e-04
1.113825e+01    1.791483e-04
1.115046e+01    1.702781e-04
1.116268e+01    1.613630e-04
1.117489e+01    1.524006e-04
1.118710e+01    1.433867e-04
1.119932e+01    1.343259e-04
1.121153e+01    1.252069e-04
1.122374e+01    1.160370e-04
1.123596e+01    1.068048e-04
1.124817e+01    9.751510e-05
1.126038e+01    8.816877e-05
1.127259e+01    7.876242e-05
1.128481e+01    6.929271e-05
1.129702e+01    5.974646e-05
1.130923e+01    5.016393e-05
1.132145e+01    4.050467e-05
1.133366e+01    3.078242e-05
1.134587e+01    2.099184e-05
1.135808e+01    1.113704e-05
1.137030e+01    1.211813e-06
1.138251e+01    -8.774548e-06
1.139472e+01    -1.883090e-05
1.140694e+01    -2.894654e-05
1.141915e+01    -3.913703e-05
1.143136e+01    -4.938798e-05
1.144358e+01    -5.970485e-05
1.145579e+01    -7.008675e-05
1.146800e+01    -8.053304e-05
1.148022e+01    -9.104038e-05
1.149243e+01    -1.016132e-04
1.150464e+01    -1.122384e-04
1.151685e+01    -1.229280e-04
1.152907e+01    -1.336762e-04
1.154128e+01    -1.444804e-04
1.155349e+01    -1.553356e-04
1.156571e+01    -1.662510e-04
1.157792e+01    -1.772055e-04
1.159013e+01    -1.882188e-04
1.160234e+01    -1.992688e-04
1.161456e+01    -2.103748e-04
1.162677e+01    -2.215136e-04
1.163898e+01    -2.326948e-04
1.165120e+01    -2.439077e-04
1.166341e+01    -2.551599e-04
1.167562e+01    -2.664386e-04
1.168784e+01    -2.777446e-04
1.170005e+01    -2.890688e-04
1.171226e+01    -3.004272e-04
1.172447e+01    -3.117843e-04
1.173669e+01    -3.231640e-04
1.174890e+01    -3.345526e-04
1.176111e+01    -3.459437e-04
1.177333e+01    -3.573368e-04
1.178554e+01    -3.687273e-04
1.179775e+01    -3.800977e-04
1.180997e+01    -3.914793e-04
1.182218e+01    -4.028327e-04
1.183439e+01    -4.141692e-04
1.184660e+01    -4.254767e-04
1.185882e+01    -4.367578e-04
1.187103e+01    -4.479978e-04
1.188324e+01    -4.592086e-04
1.189546e+01    -4.703673e-04
1.190767e+01    -4.814807e-04
1.191988e+01    -4.925323e-04
1.193210e+01    -5.035331e-04
1.194431e+01    -5.144645e-04
1.195652e+01    -5.253245e-04
1.196873e+01    -5.361116e-04
1.198095e+01    -5.468177e-04
1.199316e+01    -5.574351e-04
1.200537e+01    -5.679668e-04
1.201759e+01    -5.784103e-04
1.202980e+01    -5.887236e-04
1.204201e+01    -5.989390e-04
1.205423e+01    -6.090436e-04
1.206644e+01    -6.190354e-04
1.207865e+01    -6.288901e-04
1.209086e+01    -6.386208e-04
1.210308e+01    -6.482056e-04
1.211529e+01    -6.576587e-04
1.212750e+01    -6.669603e-04
1.213972e+01    -6.761110e-04
1.215193e+01    -6.850985e-04
1.216414e+01    -6.939210e-04
1.217636e+01    -7.025726e-04
1.218857e+01    -7.110364e-04
1.220078e+01    -7.193417e-04
1.221299e+01    -7.274483e-04
1.222521e+01    -7.353633e-04
1.223742e+01    -7.430786e-04
1.224963e+01    -7.505933e-04
1.226185e+01    -7.578955e-04
1.227406e+01    -7.649838e-04
1.228627e+01    -7.718520e-04
1.229849e+01    -7.784961e-04
1.231070e+01    -7.849131e-04
1.232291e+01    -7.910938e-04
1.233512e+01    -7.970285e-04
1.234734e+01    -8.027282e-04
1.235955e+01    -8.081804e-04
1.237176e+01    -8.133707e-04
1.238398e+01    -8.183058e-04
1.239619e+01    -8.229756e-04
1.240840e+01    -8.273802e-04
1.242062e+01    -8.315173e-04
1.243283e+01    -8.353748e-04
1.244504e+01    -8.389550e-04
1.245725e+01    -8.422499e-04
1.246947e+01    -8.452595e-04
1.248168e+01    -8.479743e-04
1.249389e+01    -8.503866e-04
1.250611e+01    -8.525221e-04
1.251832e+01    -8.543446e-04
1.253053e+01    -8.558637e-04
1.254275e+01    -8.570799e-04
1.255496e+01    -8.579802e-04
1.256717e+01    -8.585721e-04
1.257938e+01    -8.588457e-04
1.259160e+01    -8.588050e-04
1.260381e+01    -8.584551e-04
1.261602e+01    -8.577559e-04
1.262824e+01    -8.567514e-04
1.264045e+01    -8.554254e-04
1.265266e+01    -8.537664e-04
1.266488e+01    -8.517812e-04
1.267709e+01    -8.494689e-04
1.268930e+01    -8.468250e-04
1.270151e+01    -8.438546e-04
1.271373e+01    -8.405497e-04
1.272594e+01    -8.369152e-04
1.273815e+01    -8.329473e-04
1.275037e+01    -8.286496e-04
1.276258e+01    -8.240226e-04
1.277479e+01    -8.190616e-04
1.278701e+01    -8.137712e-04
1.279922e+01    -8.081522e-04
1.281143e+01    -8.021981e-04
1.282364e+01    -7.959200e-04
1.283586e+01    -7.893132e-04
1.284807e+01    -7.823840e-04
1.286028e+01    -7.751327e-04
1.287250e+01    -7.675552e-04
1.288471e+01    -7.596552e-04
1.289692e+01    -7.514461e-04
1.290914e+01    -7.429179e-04
1.292135e+01    -7.340798e-04
1.293356e+01    -7.249315e-04
1.294577e+01    -7.154771e-04
1.295799e+01    -7.057148e-04
1.297020e+01    -6.956505e-04
1.298241e+01    -6.852992e-04
1.299463e+01    -6.746461e-04
1.300684e+01    -6.637077e-04
1.301905e+01    -6.524842e-04
1.303127e+01    -6.409765e-04
1.304348e+01    -6.292055e-04
1.305569e+01    -6.171503e-04
1.306790e+01    -6.048256e-04
1.308012e+01    -5.922477e-04
1.309233e+01    -5.794095e-04
1.310454e+01    -5.663262e-04
1.311676e+01    -5.529851e-04
1.312897e+01    -5.394102e-04
1.314118e+01    -5.256012e-04
1.315340e+01    -5.115584e-04
1.316561e+01    -4.972982e-04
1.317782e+01    -4.828197e-04
1.319003e+01    -4.681257e-04
1.320225e+01    -4.532447e-04
1.321446e+01    -4.381482e-04
1.322667e+01    -4.228656e-04
1.323889e+01    -4.074009e-04
1.325110e+01    -3.917585e-04
1.326331e+01    -3.759495e-04
1.327553e+01    -3.599769e-04
1.328774e+01    -3.438461e-04
1.329995e+01    -3.275662e-04
1.331216e+01    -3.111508e-04
1.332438e+01    -2.946012e-04
1.333659e+01    -2.779319e-04
1.334880e+01    -2.611379e-04
1.336102e+01    -2.442362e-04
1.337323e+01    -2.272323e-04
1.338544e+01    -2.101398e-04
1.339766e+01    -1.929642e-04
1.340987e+01    -1.756924e-04
1.342208e+01    -1.583763e-04
1.343429e+01    -1.409922e-04
1.344651e+01    -1.235525e-04
1.345872e+01    -1.060715e-04
1.347093e+01    -8.855498e-05
1.348315e+01    -7.101241e-05
1.349536e+01    -5.345079e-05
1.350757e+01    -3.587487e-05
1.351978e+01    -1.829962e-05
1.353200e+01    -7.358772e-07
1.354421e+01    1.682120e-05
1.355642e+01    3.434466e-05
1.356864e+01    5.183675e-05
1.358085e+01    6.928530e-05
1.359306e+01    8.669255e-05
1.360528e+01    1.040322e-04
1.361749e+01    1.213182e-04
1.362970e+01    1.385220e-04
1.364192e+01    1.556434e-04
1.365413e+01    1.726739e-04
1.366634e+01    1.895993e-04
1.367855e+01    2.064168e-04
1.369077e+01    2.231220e-04
1.370298e+01    2.397025e-04
1.371519e+01    2.561392e-04
1.372741e+01    2.724407e-04
1.373962e+01    2.886046e-04
1.375183e+01    3.046006e-04
1.376404e+01    3.204369e-04
1.377626e+01    3.360994e-04
1.378847e+01    3.515805e-04
1.380068e+01    3.668715e-04
1.381290e+01    3.819746e-04
1.382511e+01    3.968755e-04
1.383732e+01    4.115631e-04
1.384954e+01    4.260364e-04
1.386175e+01    4.402850e-04
1.387396e+01    4.543046e-04
1.388618e+01    4.680859e-04
1.389839e+01    4.816313e-04
1.391060e+01    4.949224e-04
1.392281e+01    5.079599e-04
1.393503e+01    5.207328e-04
1.394724e+01    5.332382e-04
1.395945e+01    5.454731e-04
1.397167e+01    5.574251e-04
1.398388e+01    5.690953e-04
1.399609e+01    5.804752e-04
1.400830e+01    5.915595e-04
1.402052e+01    6.023397e-04
1.403273e+01    6.128228e-04
1.404494e+01    6.229928e-04
1.405716e+01    6.328472e-04
1.406937e+01    6.423850e-04
1.408158e+01    6.516003e-04
1.409380e+01    6.604891e-04
1.410601e+01    6.690568e-04
1.411822e+01    6.772734e-04
1.413043e+01    6.851618e-04
1.414265e+01    6.927098e-04
1.415486e+01    6.999153e-04
1.416707e+01    7.067767e-04
1.417929e+01    7.132883e-04
1.419150e+01    7.194424e-04
1.420371e+01    7.252591e-04
1.421593e+01    7.307150e-04
1.422814e+01    7.358117e-04
1.424035e+01    7.405507e-04
1.425256e+01    7.449319e-04
1.426478e+01    7.489560e-04
1.427699e+01    7.526112e-04
1.428920e+01    7.559109e-04
1.430142e+01    7.588450e-04
1.431363e+01    7.614183e-04
1.432584e+01    7.636321e-04
1.433806e+01    7.654766e-04
1.435027e+01    7.669583e-04
1.436248e+01    7.680822e-04
1.437469e+01    7.688473e-04
1.438691e+01    7.692467e-04
1.439912e+01    7.692915e-04
1.441133e+01    7.689720e-04
1.442355e+01    7.683031e-04
1.443576e+01    7.672770e-04
1.444797e+01    7.658994e-04
1.446019e+01    7.641700e-04
1.447240e+01    7.620933e-04
1.448461e+01    7.596701e-04
1.449682e+01    7.569038e-04
1.450904e+01    7.538018e-04
1.452125e+01    7.503594e-04
1.453346e+01    7.465834e-04
1.454568e+01    7.424811e-04
1.455789e+01    7.380455e-04
1.457010e+01    7.332932e-04
1.458232e+01    7.282231e-04
1.459453e+01    7.228357e-04
1.460674e+01    7.171396e-04
1.461895e+01    7.111367e-04
1.463117e+01    7.048282e-04
1.464338e+01    6.982286e-04
1.465559e+01    6.913369e-04
1.466781e+01    6.841635e-04
1.468002e+01    6.767020e-04
1.469223e+01    6.689693e-04
1.470445e+01    6.609650e-04
1.471666e+01    6.526973e-04
1.472887e+01    6.441687e-04
1.474109e+01    6.353927e-04
1.475330e+01    6.263645e-04
1.476551e+01    6.170977e-04
1.477772e+01    6.075976e-04
1.478994e+01    5.978712e-04
1.480215e+01    5.879150e-04
1.481436e+01    5.777585e-04
1.482658e+01    5.673888e-04
1.483879e+01    5.568155e-04
1.485100e+01    5.460528e-04
1.486321e+01    5.350967e-04
1.487543e+01    5.239640e-04
1.488764e+01    5.126577e-04
1.489985e+01    5.011827e-04
1.491207e+01    4.895562e-04
1.492428e+01    4.777717e-04
1.493649e+01    4.658489e-04
1.494871e+01    4.537896e-04
1.496092e+01    4.415905e-04
1.497313e+01    4.292879e-04
1.498534e+01    4.168657e-04
1.499756e+01    4.043348e-04
1.500977e+01    3.917096e-04
1.502198e+01    3.789938e-04
1.503420e+01    3.661921e-04
1.504641e+01    3.533154e-04
1.505862e+01    3.403731e-04
1.507084e+01    3.273705e-04
1.508305e+01    3.143141e-04
1.509526e+01    3.012160e-04
1.510747e+01    2.880900e-04
1.511969e+01    2.749167e-04
1.513190e+01    2.617303e-04
1.514411e+01    2.485327e-04
1.515633e+01    2.353254e-04
1.516854e+01    2.221257e-04
1.518075e+01    2.089296e-04
1.519297e+01    1.957487e-04
1.520518e+01    1.825986e-04
1.521739e+01    1.694743e-04
1.522960e+01    1.563904e-04
1.524182e+01    1.433530e-04
1.525403e+01    1.303676e-04
1.526624e+01    1.174422e-04
1.527846e+01    1.045832e-04
1.529067e+01    9.179953e-05
1.530288e+01    7.910252e-05
1.531509e+01    6.648348e-05
1.532731e+01    5.396424e-05
1.533952e+01    4.154511e-05
1.535173e+01    2.923454e-05
1.536395e+01    1.703788e-05
1.537616e+01    4.959875e-06
1.538837e+01    -6.988732e-06
1.540059e+01    -1.880436e-05
1.541280e+01    -3.048091e-05
1.542501e+01    -4.201548e-05
1.543723e+01    -5.340116e-05
1.544944e+01    -6.462558e-05
1.546165e+01    -7.569350e-05
1.547386e+01    -8.659560e-05
1.548608e+01    -9.732269e-05
1.549829e+01    -1.078710e-04
1.551050e+01    -1.182429e-04
1.552272e+01    -1.284280e-04
1.553493e+01    -1.384202e-04
1.554714e+01    -1.482153e-04
1.555935e+01    -1.578156e-04
1.557157e+01    -1.672042e-04
1.558378e+01    -1.763927e-04
1.559599e+01    -1.853649e-04
1.560821e+01    -1.941212e-04
1.562042e+01    -2.026625e-04
1.563263e+01    -2.109760e-04
1.564485e+01    -2.190667e-04
1.565706e+01    -2.269299e-04
1.566927e+01    -2.345605e-04
1.568149e+01    -2.419554e-04
1.569370e+01    -2.491130e-04
1.570591e+01    -2.560327e-04
1.571812e+01    -2.627314e-04
1.573034e+01    -2.691429e-04
1.574255e+01    -2.753346e-04
1.575476e+01    -2.812746e-04
1.576698e+01    -2.869664e-04
1.577919e+01    -2.924088e-04
1.579140e+01    -2.975999e-04
1.580362e+01    -3.025453e-04
1.581583e+01    -3.072228e-04
1.582804e+01    -3.116515e-04
1.584025e+01    -3.158241e-04
1.585247e+01    -3.197494e-04
1.586468e+01    -3.234143e-04
1.587689e+01    -3.268258e-04
1.588911e+01    -3.299744e-04
1.590132e+01    -3.328819e-04
1.591353e+01    -3.355277e-04
1.592575e+01    -3.379216e-04
1.593796e+01    -3.400608e-04
1.595017e+01    -3.419493e-04
1.596238e+01    -3.435846e-04
1.597460e+01    -3.449733e-04
1.598681e+01    -3.461138e-04
1.599902e+01    -3.470028e-04
1.601124e+01    -3.476524e-04
1.602345e+01    -3.480596e-04
1.603566e+01    -3.482241e-04
1.604787e+01    -3.481455e-04
1.606009e+01    -3.478333e-04
1.607230e+01    -3.472840e-04
1.608451e+01    -3.465088e-04
1.609673e+01    -3.455042e-04
1.610894e+01    -3.442779e-04
1.612115e+01    -3.428105e-04
1.613337e+01    -3.411321e-04
1.614558e+01    -3.392374e-04
1.615779e+01    -3.371308e-04
1.617001e+01    -3.348114e-04
1.618222e+01    -3.322847e-04
1.619443e+01    -3.295629e-04
1.620664e+01    -3.266318e-04
1.621886e+01    -3.235097e-04
1.623107e+01    -3.201956e-04
1.624328e+01    -3.166976e-04
1.625550e+01    -3.130135e-04
1.626771e+01    -3.091510e-04
1.627992e+01    -3.051139e-04
1.629214e+01    -3.009116e-04
1.630435e+01    -2.965372e-04
1.631656e+01    -2.920076e-04
1.632877e+01    -2.873219e-04
1.634099e+01    -2.824752e-04
1.635320e+01    -2.775007e-04
1.636541e+01    -2.723668e-04
1.637763e+01    -2.671088e-04
1.638984e+01    -2.617117e-04
1.640205e+01    -2.562016e-04
1.641426e+01    -2.505514e-04
1.642648e+01    -2.447970e-04
1.643869e+01    -2.389283e-04
1.645090e+01    -2.329517e-04
1.646312e+01    -2.268756e-04
1.647533e+01    -2.207043e-04
1.648754e+01    -2.144449e-04
1.649976e+01    -2.081015e-04
1.651197e+01    -2.016755e-04
1.652418e+01    -1.951764e-04
1.653639e+01    -1.886105e-04
1.654861e+01    -1.819787e-04
1.656082e+01    -1.752906e-04
1.657303e+01    -1.685501e-04
1.658525e+01    -1.617623e-04
1.659746e+01    -1.549268e-04
1.660967e+01    -1.480661e-04
1.662189e+01    -1.411657e-04
1.663410e+01    -1.342421e-04
1.664631e+01    -1.272999e-04
1.665853e+01    -1.203379e-04
1.667074e+01    -1.133685e-04
1.668295e+01    -1.063995e-04
1.669516e+01    -9.942547e-05
1.670738e+01    -9.246119e-05
1.671959e+01    -8.550259e-05
1.673180e+01    -7.856220e-05
1.674402e+01    -7.164030e-05
1.675623e+01    -6.474637e-05
1.676844e+01    -5.788217e-05
1.678065e+01    -5.105343e-05
1.679287e+01    -4.426581e-05
1.680508e+01    -3.752181e-05
1.681729e+01    -3.082387e-05
1.682951e+01    -2.417888e-05
1.684172e+01    -1.759620e-05
1.685393e+01    -1.107312e-05
1.686615e+01    -4.618320e-06
1.687836e+01    1.767447e-06
1.689057e+01    8.069826e-06
1.690278e+01    1.430952e-05
1.691500e+01    2.045124e-05
1.692721e+01    2.651376e-05
1.693942e+01    3.248114e-05
1.695164e+01    3.835957e-05
1.696385e+01    4.413799e-05
1.697606e+01    4.980873e-05
1.698828e+01    5.538481e-05
1.700049e+01    6.084664e-05
1.701270e+01    6.619983e-05
1.702491e+01    7.143780e-05
1.703713e+01    7.656346e-05
1.704934e+01    8.156212e-05
1.706155e+01    8.644030e-05
1.707377e+01    9.119650e-05
1.708598e+01    9.581978e-05
1.709819e+01    1.003116e-04
1.711040e+01    1.046916e-04
1.712262e+01    1.089091e-04
1.713483e+01    1.130027e-04
1.714705e+01    1.169553e-04
1.715926e+01    1.207669e-04
1.717147e+01    1.244425e-04
1.718368e+01    1.279694e-04
1.719590e+01    1.313557e-04
1.720811e+01    1.345927e-04
1.722032e+01    1.376813e-04
1.723254e+01    1.406280e-04
1.724475e+01    1.434253e-04
1.725696e+01    1.460670e-04
1.726917e+01    1.485611e-04
1.728139e+01    1.509063e-04
1.729360e+01    1.530936e-04
1.730581e+01    1.551247e-04
1.731803e+01    1.570211e-04
1.733024e+01    1.587571e-04
1.734245e+01    1.603387e-04
1.735467e+01    1.617704e-04
1.736688e+01    1.630499e-04
1.737909e+01    1.641773e-04
1.739130e+01    1.651541e-04
1.740352e+01    1.659855e-04
1.741573e+01    1.666542e-04
1.742794e+01    1.671844e-04
1.744016e+01    1.675645e-04
1.745237e+01    1.677977e-04
1.746458e+01    1.678857e-04
1.747680e+01    1.678283e-04
1.748901e+01    1.676249e-04
1.750122e+01    1.672836e-04
1.751343e+01    1.668030e-04
1.752565e+01    1.661823e-04
1.753786e+01    1.654265e-04
1.755007e+01    1.645354e-04
1.756229e+01    1.635131e-04
1.757450e+01    1.623608e-04
1.758671e+01    1.610754e-04
1.759892e+01    1.596638e-04
1.761114e+01    1.581318e-04
1.762335e+01    1.564774e-04
1.763556e+01    1.546986e-04
1.764778e+01    1.528101e-04
1.765999e+01    1.508059e-04
1.767220e+01    1.486883e-04
1.768442e+01    1.464664e-04
1.769663e+01    1.441353e-04
1.770884e+01    1.417003e-04
1.772106e+01    1.391425e-04
1.773327e+01    1.365395e-04
1.774548e+01    1.338138e-04
1.775769e+01    1.310008e-04
1.776991e+01    1.280943e-04
1.778212e+01    1.251086e-04
1.779433e+01    1.220410e-04
1.780655e+01    1.188939e-04
1.781876e+01    1.156721e-04
1.783097e+01    1.123797e-04
1.784319e+01    1.090204e-04
1.785540e+01    1.055918e-04
1.786761e+01    1.021088e-04
1.787982e+01    9.856868e-05
1.789204e+01    9.497546e-05
1.790425e+01    9.132648e-05
1.791646e+01    8.763268e-05
1.792868e+01    8.389563e-05
1.794089e+01    8.012168e-05
1.795310e+01    7.631182e-05
1.796531e+01    7.246790e-05
1.797753e+01    6.860116e-05
1.798974e+01    6.470131e-05
1.800196e+01    6.078061e-05
1.801417e+01    5.685090e-05
1.802638e+01    5.289633e-05
1.803859e+01    4.894269e-05
1.805081e+01    4.497590e-05
1.806302e+01    4.100660e-05
1.807523e+01    3.703620e-05
1.808744e+01    3.307505e-05
1.809966e+01    2.911565e-05
1.811187e+01    2.517074e-05
1.812408e+01    2.123561e-05
1.813630e+01    1.732406e-05
1.814851e+01    1.343049e-05
1.816072e+01    9.558047e-06
1.817294e+01    5.717622e-06
1.818515e+01    1.909444e-06
1.819736e+01    -1.867767e-06
1.820958e+01    -5.609472e-06
1.822179e+01    -9.307405e-06
1.823400e+01    -1.296483e-05
1.824621e+01    -1.656963e-05
1.825843e+01    -2.013054e-05
1.827064e+01    -2.363429e-05
1.828285e+01    -2.708333e-05
1.829507e+01    -3.047683e-05
1.830728e+01    -3.381073e-05
1.831949e+01    -3.707642e-05
1.833171e+01    -4.027446e-05
1.834392e+01    -4.340778e-05
1.835613e+01    -4.646619e-05
1.836834e+01    -4.945474e-05
1.838056e+01    -5.235901e-05
1.839277e+01    -5.518924e-05
1.840498e+01    -5.794433e-05
1.841720e+01    -6.061094e-05
1.842941e+01    -6.319507e-05
1.844162e+01    -6.568513e-05
1.845383e+01    -6.809219e-05
1.846605e+01    -7.040886e-05
1.847826e+01    -7.263088e-05
1.849047e+01    -7.476076e-05
1.850269e+01    -7.680053e-05
1.851490e+01    -7.873343e-05
1.852711e+01    -8.056994e-05
1.853933e+01    -8.230458e-05
1.855154e+01    -8.394587e-05
1.856375e+01    -8.548354e-05
1.857596e+01    -8.691434e-05
1.858818e+01    -8.824607e-05
1.860039e+01    -8.947041e-05
1.861260e+01    -9.058800e-05
1.862482e+01    -9.160646e-05
1.863703e+01    -9.250303e-05
1.864924e+01    -9.330711e-05
1.866146e+01    -9.399789e-05
1.867367e+01    -9.458669e-05
1.868588e+01    -9.505835e-05
1.869810e+01    -9.542031e-05
1.871031e+01    -9.568094e-05
1.872252e+01    -9.583271e-05
1.873473e+01    -9.587134e-05
1.874695e+01    -9.580469e-05
1.875916e+01    -9.562931e-05
1.877137e+01    -9.534569e-05
1.878359e+01    -9.495884e-05
1.879580e+01    -9.445910e-05
1.880801e+01    -9.385706e-05
1.882022e+01    -9.315039e-05
1.883244e+01    -9.234037e-05
1.884465e+01    -9.142500e-05
1.885686e+01    -9.040759e-05
1.886908e+01    -8.928846e-05
1.888129e+01    -8.807174e-05
1.889350e+01    -8.675267e-05
1.890572e+01    -8.533325e-05
1.891793e+01    -8.382494e-05
1.893014e+01    -8.221340e-05
1.894235e+01    -8.051444e-05
1.895457e+01    -7.872281e-05
1.896678e+01    -7.684084e-05
1.897899e+01    -7.486614e-05
1.899121e+01    -7.281036e-05
1.900342e+01    -7.067024e-05
1.901563e+01    -6.844493e-05
1.902785e+01    -6.613601e-05
1.904006e+01    -6.375308e-05
1.905227e+01    -6.129223e-05
1.906449e+01    -5.875531e-05
1.907670e+01    -5.614705e-05
1.908891e+01    -5.346857e-05
1.910112e+01    -5.072056e-05
1.911334e+01    -4.790048e-05
1.912555e+01    -4.503212e-05
1.913776e+01    -4.209485e-05
1.914997e+01    -3.909750e-05
1.916219e+01    -3.604905e-05
1.917440e+01    -3.294717e-05
1.918661e+01    -2.979423e-05
1.919883e+01    -2.659002e-05
1.921104e+01    -2.334540e-05
1.922325e+01    -2.005545e-05
1.923547e+01    -1.672882e-05
1.924768e+01    -1.336558e-05
1.925989e+01    -9.962998e-06
1.927211e+01    -6.532355e-06
1.928432e+01    -3.077905e-06
1.929653e+01    4.135072e-07
1.930874e+01    3.920926e-06
1.932096e+01    7.443712e-06
1.933317e+01    1.098926e-05
1.934538e+01    1.454711e-05
1.935760e+01    1.811670e-05
1.936981e+01    2.169143e-05
1.938202e+01    2.527164e-05
1.939424e+01    2.885269e-05
1.940645e+01    3.243858e-05
1.941866e+01    3.601200e-05
1.943087e+01    3.959294e-05
1.944309e+01    4.315966e-05
1.945530e+01    4.670557e-05
1.946751e+01    5.024410e-05
1.947973e+01    5.376144e-05
1.949194e+01    5.725827e-05
1.950415e+01    6.072945e-05
1.951637e+01    6.417852e-05
1.952858e+01    6.759320e-05
1.954079e+01    7.097771e-05
1.955301e+01    7.433771e-05
1.956522e+01    7.764416e-05
1.957743e+01    8.091395e-05
1.958964e+01    8.414003e-05
1.960186e+01    8.732302e-05
1.961407e+01    9.045802e-05
1.962628e+01    9.354244e-05
1.963849e+01    9.657172e-05
1.965071e+01    9.954777e-05
1.966292e+01    1.024667e-04
1.967513e+01    1.053219e-04
1.968735e+01    1.081159e-04
1.969956e+01    1.108376e-04
1.971177e+01    1.134990e-04
1.972399e+01    1.160948e-04
1.973620e+01    1.186090e-04
1.974841e+01    1.210561e-04
1.976063e+01    1.234153e-04
1.977284e+01    1.257104e-04
1.978505e+01    1.279157e-04
1.979726e+01    1.300469e-04
1.980948e+01    1.320837e-04
1.982169e+01    1.340494e-04
1.983390e+01    1.359171e-04
1.984612e+01    1.376987e-04
1.985833e+01    1.393935e-04
1.987054e+01    1.409932e-04
1.988276e+01    1.425043e-04
1.989497e+01    1.439288e-04
1.990718e+01    1.452305e-04
1.991939e+01    1.464517e-04
1.993161e+01    1.475733e-04
1.994382e+01    1.485987e-04
1.995603e+01    1.495197e-04
1.996825e+01    1.503420e-04
1.998046e+01    1.510606e-04
1.999267e+01    1.516773e-04
2.000488e+01    1.521893e-04
2.001710e+01    1.525973e-04
2.002931e+01    1.528965e-04
2.004152e+01    1.530938e-04
2.005374e+01    1.531908e-04
2.006595e+01    1.531766e-04
2.007816e+01    1.530581e-04
2.009038e+01    1.528264e-04
2.010259e+01    1.524999e-04
2.011480e+01    1.520482e-04
2.012702e+01    1.515077e-04
2.013923e+01    1.508521e-04
2.015144e+01    1.500924e-04
2.016365e+01    1.492234e-04
2.017587e+01    1.482501e-04
2.018808e+01    1.471736e-04
2.020029e+01    1.459856e-04
2.021251e+01    1.446974e-04
2.022472e+01    1.433060e-04
2.023693e+01    1.418032e-04
2.024915e+01    1.402091e-04
2.026136e+01    1.385073e-04
2.027357e+01    1.367052e-04
2.028578e+01    1.348150e-04
2.029800e+01    1.328083e-04
2.031021e+01    1.307056e-04
2.032242e+01    1.285127e-04
2.033464e+01    1.262211e-04
2.034685e+01    1.238353e-04
2.035906e+01    1.213557e-04
2.037127e+01    1.187927e-04
2.038349e+01    1.161274e-04
2.039570e+01    1.133824e-04
2.040791e+01    1.105490e-04
2.042013e+01    1.076226e-04
2.043234e+01    1.046236e-04
2.044455e+01    1.015435e-04
2.045677e+01    9.837642e-05
2.046898e+01    9.513128e-05
2.048119e+01    9.181281e-05
2.049340e+01    8.842372e-05
2.050562e+01    8.495501e-05
2.051783e+01    8.142053e-05
2.053004e+01    7.781875e-05
2.054226e+01    7.414981e-05
2.055447e+01    7.041666e-05
2.056668e+01    6.662263e-05
2.057890e+01    6.276841e-05
2.059111e+01    5.886721e-05
2.060332e+01    5.489757e-05
2.061554e+01    5.087984e-05
2.062775e+01    4.681590e-05
2.063996e+01    4.270533e-05
2.065217e+01    3.854459e-05
2.066439e+01    3.434322e-05
2.067660e+01    3.009237e-05
2.068881e+01    2.583006e-05
2.070103e+01    2.151830e-05
2.071324e+01    1.717798e-05
2.072545e+01    1.280595e-05
2.073767e+01    8.403353e-06
2.074988e+01    3.985333e-06
2.076209e+01    -4.529720e-07
2.077430e+01    -4.912785e-06
2.078652e+01    -9.393276e-06
2.079873e+01    -1.387995e-05
2.081094e+01    -1.838079e-05
2.082316e+01    -2.288735e-05
2.083537e+01    -2.740053e-05
2.084758e+01    -3.192151e-05
2.085979e+01    -3.642535e-05
2.087201e+01    -4.093557e-05
2.088422e+01    -4.543735e-05
2.089643e+01    -4.993598e-05
2.090865e+01    -5.441635e-05
2.092086e+01    -5.888478e-05
2.093307e+01    -6.333663e-05
2.094529e+01    -6.776498e-05
2.095750e+01    -7.217522e-05
2.096971e+01    -7.656097e-05
2.098192e+01    -8.091571e-05
2.099414e+01    -8.524296e-05
2.100635e+01    -8.953574e-05
2.101856e+01    -9.379099e-05
2.103078e+01    -9.800728e-05
2.104299e+01    -1.021868e-04
2.105520e+01    -1.063229e-04
2.106742e+01    -1.104096e-04
2.107963e+01    -1.144485e-04
2.109184e+01    -1.184346e-04
2.110406e+01    -1.223728e-04
2.111627e+01    -1.262516e-04
2.112848e+01    -1.300770e-04
2.114069e+01    -1.338389e-04
2.115291e+01    -1.375379e-04
2.116512e+01    -1.411738e-04
2.117733e+01    -1.447402e-04
2.118955e+01    -1.482386e-04
2.120176e+01    -1.516690e-04
2.121397e+01    -1.550221e-04
2.122618e+01    -1.583031e-04
2.123840e+01    -1.615027e-04
2.125061e+01    -1.646227e-04
2.126282e+01    -1.676660e-04
2.127504e+01    -1.706280e-04
2.128725e+01    -1.735134e-04
2.129946e+01    -1.762874e-04
2.131168e+01    -1.789851e-04
2.132389e+01    -1.815942e-04
2.133610e+01    -1.841136e-04
2.134831e+01    -1.865417e-04
2.136053e+01    -1.888732e-04
2.137274e+01    -1.911101e-04
2.138495e+01    -1.932471e-04
2.139717e+01    -1.952897e-04
2.140938e+01    -1.972347e-04
2.142159e+01    -1.990714e-04
2.143381e+01    -2.008131e-04
2.144602e+01    -2.024523e-04
2.145823e+01    -2.039848e-04
2.147044e+01    -2.054143e-04
2.148266e+01    -2.067363e-04
2.149487e+01    -2.079534e-04
2.150708e+01    -2.090608e-04
2.151930e+01    -2.100656e-04
2.153151e+01    -2.109603e-04
2.154372e+01    -2.117449e-04
2.155593e+01    -2.124191e-04
2.156815e+01    -2.129852e-04
2.158036e+01    -2.134409e-04
2.159258e+01    -2.137875e-04
2.160479e+01    -2.140218e-04
2.161700e+01    -2.141451e-04
2.162921e+01    -2.141608e-04
2.164143e+01    -2.140604e-04
2.165364e+01    -2.138540e-04
2.166585e+01    -2.135352e-04
2.167807e+01    -2.130984e-04
2.169028e+01    -2.125617e-04
2.170249e+01    -2.119136e-04
2.171470e+01    -2.111488e-04
2.172692e+01    -2.102614e-04
2.173913e+01    -2.093046e-04
2.175134e+01    -2.082091e-04
2.176356e+01    -2.070215e-04
2.177577e+01    -2.057136e-04
2.178798e+01    -2.043041e-04
2.180020e+01    -2.027900e-04
2.181241e+01    -2.011832e-04
2.182462e+01    -1.994494e-04
2.183683e+01    -1.976218e-04
2.184905e+01    -1.956943e-04
2.186126e+01    -1.936753e-04
2.187347e+01    -1.915368e-04
2.188569e+01    -1.893085e-04
2.189790e+01    -1.869865e-04
2.191011e+01    -1.845622e-04
2.192233e+01    -1.820451e-04
2.193454e+01    -1.794387e-04
2.194675e+01    -1.767358e-04
2.195897e+01    -1.739411e-04
2.197118e+01    -1.710615e-04
2.198339e+01    -1.680852e-04
2.199560e+01    -1.650403e-04
2.200782e+01    -1.618955e-04
2.202003e+01    -1.586760e-04
2.203224e+01    -1.553720e-04
2.204445e+01    -1.519940e-04
2.205667e+01    -1.485373e-04
2.206888e+01    -1.450157e-04
2.208109e+01    -1.413989e-04
2.209331e+01    -1.377311e-04
2.210552e+01    -1.339751e-04
2.211773e+01    -1.301691e-04
2.212995e+01    -1.262861e-04
2.214216e+01    -1.223421e-04
2.215437e+01    -1.183372e-04
2.216659e+01    -1.142800e-04
2.217880e+01    -1.101612e-04
2.219101e+01    -1.059888e-04
2.220322e+01    -1.017651e-04
2.221544e+01    -9.749150e-05
2.222765e+01    -9.316813e-05
2.223986e+01    -8.880370e-05
2.225208e+01    -8.439524e-05
2.226429e+01    -7.994303e-05
2.227650e+01    -7.545479e-05
2.228872e+01    -7.093063e-05
2.230093e+01    -6.637775e-05
2.231314e+01    -6.178531e-05
2.232535e+01    -5.717025e-05
2.233757e+01    -5.252933e-05
2.234978e+01    -4.786086e-05
2.236199e+01    -4.317453e-05
2.237421e+01    -3.845379e-05
2.238642e+01    -3.374450e-05
2.239863e+01    -2.900544e-05
2.241084e+01    -2.425584e-05
2.242306e+01    -1.950338e-05
2.243527e+01    -1.473875e-05
2.244748e+01    -9.970819e-06
2.245970e+01    -5.204045e-06
2.247191e+01    -4.414487e-07
2.248412e+01    4.328595e-06
2.249634e+01    9.083597e-06
2.250855e+01    1.383407e-05
2.252076e+01    1.857394e-05
2.253297e+01    2.329642e-05
2.254519e+01    2.802695e-05
2.255740e+01    3.269767e-05
2.256961e+01    3.736711e-05
2.258183e+01    4.201384e-05
2.259404e+01    4.663696e-05
2.260625e+01    5.122739e-05
2.261847e+01    5.579410e-05
2.263068e+01    6.032641e-05
2.264289e+01    6.482143e-05
2.265511e+01    6.928651e-05
2.266732e+01    7.370627e-05
2.267953e+01    7.808399e-05
2.269174e+01    8.242396e-05
2.270396e+01    8.671623e-05
2.271617e+01    9.095736e-05
2.272838e+01    9.515085e-05
2.274060e+01    9.929616e-05
2.275281e+01    1.033835e-04
2.276502e+01    1.074148e-04
2.277724e+01    1.113898e-04
2.278945e+01    1.153061e-04
2.280166e+01    1.191581e-04
2.281387e+01    1.229459e-04
2.282609e+01    1.266719e-04
2.283830e+01    1.303291e-04
2.285051e+01    1.339179e-04
2.286273e+01    1.374349e-04
2.287494e+01    1.408816e-04
2.288715e+01    1.442523e-04
2.289936e+01    1.475525e-04
2.291158e+01    1.507672e-04
2.292379e+01    1.539096e-04
2.293600e+01    1.569679e-04
2.294822e+01    1.599428e-04
2.296043e+01    1.628459e-04
2.297264e+01    1.656567e-04
2.298486e+01    1.683812e-04
2.299707e+01    1.710228e-04
2.300928e+01    1.735739e-04
2.302150e+01    1.760425e-04
2.303371e+01    1.784109e-04
2.304592e+01    1.806925e-04
2.305813e+01    1.828826e-04
2.307035e+01    1.849807e-04
2.308256e+01    1.869806e-04
2.309477e+01    1.888924e-04
2.310699e+01    1.907097e-04
2.311920e+01    1.924192e-04
2.313141e+01    1.940449e-04
2.314363e+01    1.955698e-04
2.315584e+01    1.969895e-04
2.316805e+01    1.983230e-04
2.318026e+01    1.995510e-04
2.319248e+01    2.006808e-04
2.320469e+01    2.017158e-04
2.321690e+01    2.026421e-04
2.322912e+01    2.034663e-04
2.324133e+01    2.041952e-04
2.325354e+01    2.048254e-04
2.326575e+01    2.053534e-04
2.327797e+01    2.057742e-04
2.329018e+01    2.061111e-04
2.330239e+01    2.063244e-04
2.331461e+01    2.064497e-04
2.332682e+01    2.064699e-04
2.333903e+01    2.063929e-04
2.335125e+01    2.062167e-04
2.336346e+01    2.059392e-04
2.337567e+01    2.055616e-04
2.338788e+01    2.050858e-04
2.340010e+01    2.045098e-04
2.341231e+01    2.038375e-04
2.342452e+01    2.030656e-04
2.343674e+01    2.021986e-04
2.344895e+01    2.012358e-04
2.346116e+01    2.001808e-04
2.347338e+01    1.990207e-04
2.348559e+01    1.977705e-04
2.349780e+01    1.964318e-04
2.351002e+01    1.949958e-04
2.352223e+01    1.934734e-04
2.353444e+01    1.918589e-04
2.354665e+01    1.901547e-04
2.355887e+01    1.883547e-04
2.357108e+01    1.864777e-04
2.358329e+01    1.845155e-04
2.359550e+01    1.824570e-04
2.360772e+01    1.803224e-04
2.361993e+01    1.781011e-04
2.363214e+01    1.757976e-04
2.364436e+01    1.734207e-04
2.365657e+01    1.709597e-04
2.366878e+01    1.684224e-04
2.368100e+01    1.658113e-04
2.369321e+01    1.631247e-04
2.370542e+01    1.603628e-04
2.371764e+01    1.575320e-04
2.372985e+01    1.546305e-04
2.374206e+01    1.516604e-04
2.375427e+01    1.486261e-04
2.376649e+01    1.455314e-04
2.377870e+01    1.423555e-04
2.379091e+01    1.391271e-04
2.380313e+01    1.358405e-04
2.381534e+01    1.324940e-04
2.382755e+01    1.290932e-04
2.383977e+01    1.256382e-04
2.385198e+01    1.221290e-04
2.386419e+01    1.185661e-04
2.387640e+01    1.149617e-04
2.388862e+01    1.113011e-04
2.390083e+01    1.075992e-04
2.391304e+01    1.038552e-04
2.392526e+01    1.000672e-04
2.393747e+01    9.624317e-05
2.394968e+01    9.237544e-05
2.396189e+01    8.847471e-05
2.397411e+01    8.454162e-05
2.398632e+01    8.057835e-05
2.399854e+01    7.658271e-05
2.401075e+01    7.255672e-05
2.402296e+01    6.850713e-05
2.403517e+01    6.444092e-05
2.404739e+01    6.033940e-05
2.405960e+01    5.622444e-05
2.407181e+01    5.208247e-05
2.408403e+01    4.794559e-05
2.409624e+01    4.378136e-05
2.410845e+01    3.960670e-05
2.412066e+01    3.542661e-05
2.413288e+01    3.123132e-05
2.414509e+01    2.703670e-05
2.415730e+01    2.283696e-05
2.416952e+01    1.862829e-05
2.418173e+01    1.443154e-05
2.419394e+01    1.023238e-05
2.420616e+01    6.040849e-06
2.421837e+01    1.851731e-06
2.423058e+01    -2.324261e-06
2.424279e+01    -6.520218e-06
2.425501e+01    -1.065186e-05
2.426722e+01    -1.479202e-05
2.427943e+01    -1.892124e-05
2.429165e+01    -2.303587e-05
2.430386e+01    -2.711757e-05
2.431607e+01    -3.118001e-05
2.432829e+01    -3.522160e-05
2.434050e+01    -3.923872e-05
2.435271e+01    -4.323191e-05
2.436492e+01    -4.718540e-05
2.437714e+01    -5.111775e-05
2.438935e+01    -5.500906e-05
2.440156e+01    -5.887446e-05
2.441378e+01    -6.269767e-05
2.442599e+01    -6.648568e-05
2.443820e+01    -7.023236e-05
2.445041e+01    -7.394019e-05
2.446263e+01    -7.760190e-05
2.447484e+01    -8.121378e-05
2.448705e+01    -8.479296e-05
2.449927e+01    -8.831841e-05
2.451148e+01    -9.180887e-05
2.452369e+01    -9.521780e-05
2.453591e+01    -9.859267e-05
2.454812e+01    -1.019134e-04
2.456033e+01    -1.051793e-04
2.457255e+01    -1.083848e-04
2.458476e+01    -1.115381e-04
2.459697e+01    -1.146283e-04
2.460918e+01    -1.176609e-04
2.462140e+01    -1.206343e-04
2.463361e+01    -1.235453e-04
2.464582e+01    -1.263778e-04
2.465804e+01    -1.291655e-04
2.467025e+01    -1.318864e-04
2.468246e+01    -1.345281e-04
2.469468e+01    -1.371074e-04
2.470689e+01    -1.396166e-04
2.471910e+01    -1.420561e-04
2.473131e+01    -1.444239e-04
2.474353e+01    -1.467234e-04
2.475574e+01    -1.489467e-04
2.476795e+01    -1.510967e-04
2.478017e+01    -1.531782e-04
2.479238e+01    -1.551783e-04
2.480459e+01    -1.571059e-04
2.481680e+01    -1.589519e-04
2.482902e+01    -1.607260e-04
2.484123e+01    -1.624290e-04
2.485344e+01    -1.640476e-04
2.486566e+01    -1.655909e-04
2.487787e+01    -1.670514e-04
2.489008e+01    -1.684372e-04
2.490230e+01    -1.697365e-04
2.491451e+01    -1.709607e-04
2.492672e+01    -1.721085e-04
2.493893e+01    -1.731699e-04
2.495115e+01    -1.741548e-04
2.496336e+01    -1.750555e-04
2.497557e+01    -1.758796e-04
2.498779e+01    -1.766122e-04
2.500000e+01    -1.772770e-04
