0.000000e+00    -1.909988e-01
1.221299e-02    -1.908387e-01
2.442599e-02    -1.903592e-01
3.663898e-02    -1.895628e-01
4.885198e-02    -1.884534e-01
6.106497e-02    -1.870367e-01
7.327797e-02    -1.853197e-01
8.549096e-02    -1.833111e-01
9.770396e-02    -1.810210e-01
1.099169e-01    -1.784609e-01
1.221299e-01    -1.756437e-01
1.343429e-01    -1.725834e-01
1.465559e-01    -1.692954e-01
1.587689e-01    -1.657962e-01
1.709819e-01    -1.621032e-01
1.831949e-01    -1.582348e-01
1.954079e-01    -1.542104e-01
2.076209e-01    -1.500500e-01
2.198339e-01    -1.457742e-01
2.320469e-01    -1.414043e-01
2.442599e-01    -1.369619e-01
2.564729e-01    -1.324691e-01
2.686859e-01    -1.279480e-01
2.808989e-01    -1.234211e-01
2.931119e-01    -1.189106e-01
3.053249e-01    -1.144389e-01
3.175378e-01    -1.100280e-01
3.297509e-01    -1.056996e-01
3.419639e-01    -1.014752e-01
3.541768e-01    -9.737574e-02
3.663898e-01    -9.342140e-02
3.786028e-01    -8.963193e-02
3.908158e-01    -8.602621e-02
4.030288e-01    -8.262233e-02
4.152418e-01    -7.943754e-02
4.274548e-01    -7.648809e-02
4.396678e-01    -7.378926e-02
4.518808e-01    -7.135525e-02
4.640938e-01    -6.919913e-02
4.763068e-01    -6.733288e-02
4.885198e-01    -6.576727e-02
5.007328e-01    -6.451190e-02
5.129458e-01    -6.357511e-02
5.251588e-01    -6.296407e-02
5.373718e-01    -6.268460e-02
5.495847e-01    -6.274144e-02
5.617977e-01    -6.313797e-02
5.740107e-01    -6.387638e-02
5.862237e-01    -6.495764e-02
5.984367e-01    -6.638160e-02
6.106497e-01    -6.814687e-02
6.228627e-01    -7.025099e-02
6.350757e-01    -7.269033e-02
6.472887e-01    -7.546033e-02
6.595017e-01    -7.855533e-02
6.717147e-01    -8.196871e-02
6.839277e-01    -8.569294e-02
6.961407e-01    -8.971965e-02
7.083537e-01    -9.403966e-02
7.205667e-01    -9.864303e-02
7.327797e-01    -1.035191e-01
7.449927e-01    -1.086566e-01
7.572057e-01    -1.140437e-01
7.694187e-01    -1.196679e-01
7.816316e-01    -1.255165e-01
7.938446e-01    -1.315763e-01
8.060576e-01    -1.378335e-01
8.182706e-01    -1.442744e-01
8.304836e-01    -1.508849e-01
8.426966e-01    -1.576508e-01
8.549096e-01    -1.645575e-01
8.671226e-01    -1.715908e-01
8.793356e-01    -1.787361e-01
8.915486e-01    -1.859791e-01
9.037616e-01    -1.933054e-01
9.159746e-01    -2.007008e-01
9.281876e-01    -2.081513e-01
9.404006e-01    -2.156430e-01
9.526136e-01    -2.231626e-01
9.648266e-01    -2.306965e-01
9.770396e-01    -2.382319e-01
9.892526e-01    -2.457561e-01
1.001466e+00    -2.532569e-01
1.013679e+00    -2.607224e-01
1.025892e+00    -2.681412e-01
1.038105e+00    -2.755022e-01
1.050318e+00    -2.827950e-01
1.062531e+00    -2.900093e-01
1.074744e+00    -2.971357e-01
1.086957e+00    -3.041649e-01
1.099169e+00    -3.110882e-01
1.111382e+00    -3.178975e-01
1.123595e+00    -3.245853e-01
1.135808e+00    -3.311441e-01
1.148021e+00    -3.375675e-01
1.160234e+00    -3.438491e-01
1.172447e+00    -3.499832e-01
1.184660e+00    -3.559648e-01
1.196873e+00    -3.617888e-01
1.209086e+00    -3.674511e-01
1.221299e+00    -3.729478e-01
1.233512e+00    -3.782753e-01
1.245725e+00    -3.834307e-01
1.257938e+00    -3.884114e-01
1.270151e+00    -3.932152e-01
1.282364e+00    -3.978401e-01
1.294577e+00    -4.022847e-01
1.306790e+00    -4.065480e-01
1.319003e+00    -4.106289e-01
1.331216e+00    -4.145271e-01
1.343429e+00    -4.182423e-01
1.355642e+00    -4.217747e-01
1.367855e+00    -4.251244e-01
1.380068e+00    -4.282922e-01
1.392281e+00    -4.312787e-01
1.404494e+00    -4.340851e-01
1.416707e+00    -4.367124e-01
1.428920e+00    -4.391622e-01
1.441133e+00    -4.414360e-01
1.453346e+00    -4.435354e-01
1.465559e+00    -4.454622e-01
1.477772e+00    -4.472185e-01
1.489985e+00    -4.488065e-01
1.502198e+00    -4.502282e-01
1.514411e+00    -4.514859e-01
1.526624e+00    -4.525819e-01
1.538837e+00    -4.535188e-01
1.551050e+00    -4.542989e-01
1.563263e+00    -4.549248e-01
1.575476e+00    -4.553989e-01
1.587689e+00    -4.557240e-01
1.599902e+00    -4.559026e-01
1.612115e+00    -4.559374e-01
1.624328e+00    -4.558311e-01
1.636541e+00    -4.555862e-01
1.648754e+00    -4.552055e-01
1.660967e+00    -4.546916e-01
1.673180e+00    -4.540473e-01
1.685393e+00    -4.532749e-01
1.697606e+00    -4.523775e-01
1.709819e+00    -4.513574e-01
1.722032e+00    -4.502174e-01
1.734245e+00    -4.489599e-01
1.746458e+00    -4.475878e-01
1.758671e+00    -4.461033e-01
1.770884e+00    -4.445093e-01
1.783097e+00    -4.428081e-01
1.795310e+00    -4.410024e-01
1.807523e+00    -4.390945e-01
1.819736e+00    -4.370871e-01
1.831949e+00    -4.349825e-01
1.844162e+00    -4.327832e-01
1.856375e+00    -4.304917e-01
1.868588e+00    -4.281104e-01
1.880801e+00    -4.256418e-01
1.893014e+00    -4.230882e-01
1.905227e+00    -4.204520e-01
1.917440e+00    -4.177356e-01
1.929653e+00    -4.149415e-01
1.941866e+00    -4.120719e-01
1.954079e+00    -4.091293e-01
1.966292e+00    -4.061160e-01
1.978505e+00    -4.030344e-01
1.990718e+00    -3.998869e-01
2.002931e+00    -3.966758e-01
2.015144e+00    -3.934034e-01
2.027357e+00    -3.900721e-01
2.039570e+00    -3.866844e-01
2.051783e+00    -3.832424e-01
2.063996e+00    -3.797487e-01
2.076209e+00    -3.762056e-01
2.088422e+00    -3.726153e-01
2.100635e+00    -3.689803e-01
2.112848e+00    -3.653029e-01
2.125061e+00    -3.615854e-01
2.137274e+00    -3.578303e-01
2.149487e+00    -3.540398e-01
2.161700e+00    -3.502162e-01
2.173913e+00    -3.463620e-01
2.186126e+00    -3.424794e-01
2.198339e+00    -3.385707e-01
2.210552e+00    -3.346384e-01
2.222765e+00    -3.306846e-01
2.234978e+00    -3.267116e-01
2.247191e+00    -3.227218e-01
2.259404e+00    -3.187173e-01
2.271617e+00    -3.147004e-01
2.283830e+00    -3.106733e-01
2.296043e+00    -3.066382e-01
2.308256e+00    -3.025973e-01
2.320469e+00    -2.985528e-01
2.332682e+00    -2.945067e-01
2.344895e+00    -2.904612e-01
2.357108e+00    -2.864183e-01
2.369321e+00    -2.823801e-01
2.381534e+00    -2.783485e-01
2.393747e+00    -2.743255e-01
2.405960e+00    -2.703131e-01
2.418173e+00    -2.663131e-01
2.430386e+00    -2.623275e-01
2.442599e+00    -2.583579e-01
2.454812e+00    -2.544061e-01
2.467025e+00    -2.504740e-01
2.479238e+00    -2.465631e-01
2.491451e+00    -2.426751e-01
2.503664e+00    -2.388114e-01
2.515877e+00    -2.349738e-01
2.528090e+00    -2.311637e-01
2.540303e+00    -2.273824e-01
2.552516e+00    -2.236314e-01
2.564729e+00    -2.199119e-01
2.576942e+00    -2.162252e-01
2.589155e+00    -2.125726e-01
2.601368e+00    -2.089552e-01
2.613581e+00    -2.053739e-01
2.625794e+00    -2.018301e-01
2.638007e+00    -1.983246e-01
2.650220e+00    -1.948583e-01
2.662433e+00    -1.914321e-01
2.674646e+00    -1.880468e-01
2.686859e+00    -1.847032e-01
2.699072e+00    -1.814020e-01
2.711285e+00    -1.781438e-01
2.723498e+00    -1.749292e-01
2.735711e+00    -1.717587e-01
2.747924e+00    -1.686329e-01
2.760137e+00    -1.655522e-01
2.772350e+00    -1.625168e-01
2.784563e+00    -1.595273e-01
2.796776e+00    -1.565837e-01
2.808989e+00    -1.536864e-01
2.821202e+00    -1.508356e-01
2.833415e+00    -1.480312e-01
2.845628e+00    -1.452735e-01
2.857841e+00    -1.425624e-01
2.870054e+00    -1.398979e-01
2.882267e+00    -1.372800e-01
2.894480e+00    -1.347086e-01
2.906693e+00    -1.321835e-01
2.918906e+00    -1.297045e-01
2.931119e+00    -1.272714e-01
2.943332e+00    -1.248840e-01
2.955545e+00    -1.225419e-01
2.967758e+00    -1.202449e-01
2.979971e+00    -1.179925e-01
2.992184e+00    -1.157843e-01
3.004397e+00    -1.136200e-01
3.016610e+00    -1.114991e-01
3.028823e+00    -1.094211e-01
3.041036e+00    -1.073855e-01
3.053249e+00    -1.053917e-01
3.065462e+00    -1.034392e-01
3.077675e+00    -1.015274e-01
3.089888e+00    -9.965581e-02
3.102101e+00    -9.782364e-02
3.114314e+00    -9.603040e-02
3.126527e+00    -9.427536e-02
3.138740e+00    -9.255789e-02
3.150953e+00    -9.087726e-02
3.163166e+00    -8.923287e-02
3.175379e+00    -8.762397e-02
3.187592e+00    -8.604979e-02
3.199805e+00    -8.450969e-02
3.212018e+00    -8.300292e-02
3.224231e+00    -8.152875e-02
3.236444e+00    -8.008644e-02
3.248657e+00    -7.867526e-02
3.260870e+00    -7.729444e-02
3.273082e+00    -7.594328e-02
3.285295e+00    -7.462098e-02
3.297508e+00    -7.332684e-02
3.309721e+00    -7.206012e-02
3.321934e+00    -7.082006e-02
3.334147e+00    -6.960594e-02
3.346360e+00    -6.841701e-02
3.358573e+00    -6.725256e-02
3.370786e+00    -6.611186e-02
3.382999e+00    -6.499421e-02
3.395212e+00    -6.389891e-02
3.407425e+00    -6.282524e-02
3.419638e+00    -6.177253e-02
3.431851e+00    -6.074010e-02
3.444064e+00    -5.972728e-02
3.456277e+00    -5.873342e-02
3.468490e+00    -5.775786e-02
3.480703e+00    -5.680000e-02
3.492916e+00    -5.585918e-02
3.505129e+00    -5.493482e-02
3.517342e+00    -5.402633e-02
3.529555e+00    -5.313312e-02
3.541768e+00    -5.225463e-02
3.553981e+00    -5.139029e-02
3.566194e+00    -5.053959e-02
3.578407e+00    -4.970201e-02
3.590620e+00    -4.887703e-02
3.602833e+00    -4.806417e-02
3.615046e+00    -4.726295e-02
3.627259e+00    -4.647293e-02
3.639472e+00    -4.569365e-02
3.651685e+00    -4.492469e-02
3.663898e+00    -4.416564e-02
3.676111e+00    -4.341613e-02
3.688324e+00    -4.267577e-02
3.700537e+00    -4.194419e-02
3.712750e+00    -4.122107e-02
3.724963e+00    -4.050606e-02
3.737176e+00    -3.979889e-02
3.749389e+00    -3.909923e-02
3.761602e+00    -3.840682e-02
3.773815e+00    -3.772140e-02
3.786028e+00    -3.704271e-02
3.798241e+00    -3.637054e-02
3.810454e+00    -3.570468e-02
3.822667e+00    -3.504492e-02
3.834880e+00    -3.439109e-02
3.847093e+00    -3.374301e-02
3.859306e+00    -3.310055e-02
3.871519e+00    -3.246354e-02
3.883732e+00    -3.183189e-02
3.895945e+00    -3.120547e-02
3.908158e+00    -3.058419e-02
3.920371e+00    -2.996796e-02
3.932584e+00    -2.935673e-02
3.944797e+00    -2.875043e-02
3.957010e+00    -2.814901e-02
3.969223e+00    -2.755244e-02
3.981436e+00    -2.696070e-02
3.993649e+00    -2.637379e-02
4.005862e+00    -2.579170e-02
4.018075e+00    -2.521444e-02
4.030288e+00    -2.464201e-02
4.042501e+00    -2.407448e-02
4.054714e+00    -2.351184e-02
4.066927e+00    -2.295419e-02
4.079140e+00    -2.240153e-02
4.091353e+00    -2.185397e-02
4.103566e+00    -2.131153e-02
4.115779e+00    -2.077433e-02
4.127992e+00    -2.024241e-02
4.140205e+00    -1.971590e-02
4.152418e+00    -1.919485e-02
4.164631e+00    -1.867938e-02
4.176844e+00    -1.816958e-02
4.189057e+00    -1.766556e-02
4.201270e+00    -1.716744e-02
4.213483e+00    -1.667531e-02
4.225696e+00    -1.618930e-02
4.237909e+00    -1.570950e-02
4.250122e+00    -1.523606e-02
4.262335e+00    -1.476906e-02
4.274548e+00    -1.430865e-02
4.286761e+00    -1.385492e-02
4.298974e+00    -1.340802e-02
4.311187e+00    -1.296803e-02
4.323400e+00    -1.253511e-02
4.335613e+00    -1.210932e-02
4.347826e+00    -1.169083e-02
4.360039e+00    -1.127970e-02
4.372252e+00    -1.087608e-02
4.384465e+00    -1.048004e-02
4.396678e+00    -1.009171e-02
4.408891e+00    -9.711158e-03
4.421104e+00    -9.338515e-03
4.433317e+00    -8.973835e-03
4.445530e+00    -8.617233e-03
4.457743e+00    -8.268767e-03
4.469956e+00    -7.928533e-03
4.482169e+00    -7.596581e-03
4.494382e+00    -7.272996e-03
4.506595e+00    -6.957815e-03
4.518808e+00    -6.651117e-03
4.531021e+00    -6.352924e-03
4.543234e+00    -6.063301e-03
4.555447e+00    -5.782259e-03
4.567660e+00    -5.509846e-03
4.579873e+00    -5.246060e-03
4.592086e+00    -4.990946e-03
4.604299e+00    -4.744480e-03
4.616512e+00    -4.506685e-03
4.628725e+00    -4.277540e-03
4.640938e+00    -4.057042e-03
4.653151e+00    -3.845160e-03
4.665364e+00    -3.641875e-03
4.677577e+00    -3.447138e-03
4.689790e+00    -3.260923e-03
4.702003e+00    -3.083164e-03
4.714216e+00    -2.913818e-03
4.726429e+00    -2.752806e-03
4.738642e+00    -2.600071e-03
4.750855e+00    -2.455520e-03
4.763068e+00    -2.319079e-03
4.775281e+00    -2.190649e-03
4.787494e+00    -2.070133e-03
4.799707e+00    -1.957429e-03
4.811920e+00    -1.852425e-03
4.824133e+00    -1.754992e-03
4.836346e+00    -1.665015e-03
4.848559e+00    -1.582360e-03
4.860772e+00    -1.506896e-03
4.872985e+00    -1.438473e-03
4.885198e+00    -1.376950e-03
4.897411e+00    -1.322170e-03
4.909624e+00    -1.273976e-03
4.921837e+00    -1.232204e-03
4.934050e+00    -1.196694e-03
4.946263e+00    -1.167268e-03
4.958476e+00    -1.143754e-03
4.970689e+00    -1.125966e-03
4.982902e+00    -1.113729e-03
4.995115e+00    -1.106849e-03
5.007328e+00    -1.105142e-03
5.019541e+00    -1.108415e-03
5.031754e+00    -1.116469e-03
5.043967e+00    -1.129110e-03
5.056180e+00    -1.146136e-03
5.068393e+00    -1.167349e-03
5.080606e+00    -1.192541e-03
5.092819e+00    -1.221514e-03
5.105031e+00    -1.254058e-03
5.117245e+00    -1.289969e-03
5.129457e+00    -1.329041e-03
5.141671e+00    -1.371068e-03
5.153883e+00    -1.415842e-03
5.166097e+00    -1.463159e-03
5.178309e+00    -1.512813e-03
5.190523e+00    -1.564601e-03
5.202735e+00    -1.618317e-03
5.214949e+00    -1.673764e-03
5.227162e+00    -1.730736e-03
5.239375e+00    -1.789037e-03
5.251588e+00    -1.848473e-03
5.263801e+00    -1.908848e-03
5.276014e+00    -1.969973e-03
5.288227e+00    -2.031660e-03
5.300440e+00    -2.093726e-03
5.312653e+00    -2.155978e-03
5.324866e+00    -2.218254e-03
5.337079e+00    -2.280367e-03
5.349292e+00    -2.342155e-03
5.361505e+00    -2.403445e-03
5.373718e+00    -2.464081e-03
5.385931e+00    -2.523897e-03
5.398144e+00    -2.582751e-03
5.410357e+00    -2.640481e-03
5.422570e+00    -2.696956e-03
5.434783e+00    -2.752029e-03
5.446996e+00    -2.805573e-03
5.459208e+00    -2.857452e-03
5.471422e+00    -2.907551e-03
5.483634e+00    -2.955747e-03
5.495848e+00    -3.001935e-03
5.508060e+00    -3.046002e-03
5.520274e+00    -3.087852e-03
5.532486e+00    -3.127386e-03
5.544700e+00    -3.164521e-03
5.556912e+00    -3.199172e-03
5.569126e+00    -3.231260e-03
5.581338e+00    -3.260716e-03
5.593552e+00    -3.287477e-03
5.605764e+00    -3.311479e-03
5.617978e+00    -3.332676e-03
5.630190e+00    -3.351013e-03
5.642404e+00    -3.366455e-03
5.654616e+00    -3.378964e-03
5.666830e+00    -3.388512e-03
5.679042e+00    -3.395078e-03
5.691256e+00    -3.398640e-03
5.703468e+00    -3.399187e-03
5.715682e+00    -3.396716e-03
5.727894e+00    -3.391221e-03
5.740108e+00    -3.382711e-03
5.752320e+00    -3.371198e-03
5.764534e+00    -3.356692e-03
5.776746e+00    -3.339219e-03
5.788960e+00    -3.318802e-03
5.801172e+00    -3.295476e-03
5.813385e+00    -3.269268e-03
5.825598e+00    -3.240230e-03
5.837811e+00    -3.208397e-03
5.850024e+00    -3.173826e-03
5.862237e+00    -3.136566e-03
5.874450e+00    -3.096678e-03
5.886663e+00    -3.054222e-03
5.898876e+00    -3.009267e-03
5.911089e+00    -2.961878e-03
5.923302e+00    -2.912132e-03
5.935515e+00    -2.860102e-03
5.947728e+00    -2.805873e-03
5.959941e+00    -2.749521e-03
5.972154e+00    -2.691136e-03
5.984367e+00    -2.630803e-03
5.996580e+00    -2.568617e-03
6.008793e+00    -2.504663e-03
6.021006e+00    -2.439045e-03
6.033219e+00    -2.371851e-03
6.045432e+00    -2.303184e-03
6.057645e+00    -2.233146e-03
6.069858e+00    -2.161834e-03
6.082071e+00    -2.089350e-03
6.094284e+00    -2.015803e-03
6.106497e+00    -1.941290e-03
6.118710e+00    -1.865921e-03
6.130923e+00    -1.789798e-03
6.143136e+00    -1.713029e-03
6.155349e+00    -1.635713e-03
6.167562e+00    -1.557965e-03
6.179775e+00    -1.479881e-03
6.191988e+00    -1.401573e-03
6.204201e+00    -1.323137e-03
6.216414e+00    -1.244683e-03
6.228627e+00    -1.166307e-03
6.240840e+00    -1.088117e-03
6.253053e+00    -1.010204e-03
6.265266e+00    -9.326695e-04
6.277479e+00    -8.556144e-04
6.289692e+00    -7.791286e-04
6.301905e+00    -7.033042e-04
6.314118e+00    -6.282398e-04
6.326331e+00    -5.540184e-04
6.338544e+00    -4.807239e-04
6.350757e+00    -4.084475e-04
6.362970e+00    -3.372630e-04
6.375183e+00    -2.672570e-04
6.387396e+00    -1.985024e-04
6.399609e+00    -1.310740e-04
6.411822e+00    -6.503782e-05
6.424035e+00    -4.704743e-07
6.436248e+00    6.257163e-05
6.448461e+00    1.240195e-04
6.460674e+00    1.838195e-04
6.472887e+00    2.419098e-04
6.485100e+00    2.982493e-04
6.497313e+00    3.527788e-04
6.509526e+00    4.054579e-04
6.521739e+00    4.562418e-04
6.533952e+00    5.050952e-04
6.546165e+00    5.519797e-04
6.558378e+00    5.968655e-04
6.570591e+00    6.397227e-04
6.582804e+00    6.805284e-04
6.595017e+00    7.192570e-04
6.607230e+00    7.558983e-04
6.619443e+00    7.904295e-04
6.631656e+00    8.228469e-04
6.643869e+00    8.531373e-04
6.656082e+00    8.813004e-04
6.668295e+00    9.073322e-04
6.680508e+00    9.312353e-04
6.692721e+00    9.530183e-04
6.704934e+00    9.726862e-04
6.717147e+00    9.902575e-04
6.729360e+00    1.005741e-03
6.741573e+00    1.019158e-03
6.753786e+00    1.030528e-03
6.765999e+00    1.039877e-03
6.778212e+00    1.047231e-03
6.790425e+00    1.052618e-03
6.802638e+00    1.056073e-03
6.814851e+00    1.057630e-03
6.827064e+00    1.057327e-03
6.839277e+00    1.055200e-03
6.851490e+00    1.051297e-03
6.863703e+00    1.045657e-03
6.875916e+00    1.038326e-03
6.888129e+00    1.029361e-03
6.900342e+00    1.018800e-03
6.912555e+00    1.006705e-03
6.924768e+00    9.931227e-04
6.936981e+00    9.781113e-04
6.949194e+00    9.617289e-04
6.961407e+00    9.440273e-04
6.973620e+00    9.250704e-04
6.985833e+00    9.049198e-04
6.998046e+00    8.836335e-04
7.010259e+00    8.612754e-04
7.022472e+00    8.379066e-04
7.034685e+00    8.135917e-04
7.046898e+00    7.883942e-04
7.059111e+00    7.623779e-04
7.071324e+00    7.356082e-04
7.083537e+00    7.081503e-04
7.095750e+00    6.800624e-04
7.107963e+00    6.514263e-04
7.120176e+00    6.222887e-04
7.132389e+00    5.927203e-04
7.144602e+00    5.627886e-04
7.156815e+00    5.325532e-04
7.169028e+00    5.020754e-04
7.181241e+00    4.714223e-04
7.193454e+00    4.406504e-04
7.205667e+00    4.098252e-04
7.217880e+00    3.790008e-04
7.230093e+00    3.482418e-04
7.242306e+00    3.175994e-04
7.254519e+00    2.871358e-04
7.266732e+00    2.568999e-04
7.278944e+00    2.269500e-04
7.291158e+00    1.973350e-04
7.303371e+00    1.681066e-04
7.315584e+00    1.393146e-04
7.327797e+00    1.110030e-04
7.340010e+00    8.322002e-05
7.352223e+00    5.601151e-05
7.364436e+00    2.941385e-05
7.376649e+00    3.468914e-06
7.388862e+00    -2.178158e-05
7.401075e+00    -4.631647e-05
7.413288e+00    -7.006842e-05
7.425501e+00    -9.303573e-05
7.437714e+00    -1.151837e-04
7.449927e+00    -1.364798e-04
7.462140e+00    -1.568933e-04
7.474353e+00    -1.764081e-04
7.486566e+00    -1.950014e-04
7.498779e+00    -2.126562e-04
7.510992e+00    -2.293441e-04
7.523205e+00    -2.450635e-04
7.535418e+00    -2.597944e-04
7.547631e+00    -2.735282e-04
7.559844e+00    -2.862560e-04
7.572057e+00    -2.979676e-04
7.584270e+00    -3.086665e-04
7.596483e+00    -3.183453e-04
7.608696e+00    -3.270022e-04
7.620909e+00    -3.346434e-04
7.633121e+00    -3.412704e-04
7.645335e+00    -3.468888e-04
7.657547e+00    -3.515071e-04
7.669761e+00    -3.551356e-04
7.681973e+00    -3.577835e-04
7.694187e+00    -3.594682e-04
7.706399e+00    -3.602022e-04
7.718613e+00    -3.599985e-04
7.730825e+00    -3.588818e-04
7.743039e+00    -3.568700e-04
7.755251e+00    -3.539837e-04
7.767465e+00    -3.502454e-04
7.779677e+00    -3.456830e-04
7.791891e+00    -3.403171e-04
7.804103e+00    -3.341814e-04
7.816317e+00    -3.272954e-04
7.828529e+00    -3.196986e-04
7.840743e+00    -3.114139e-04
7.852955e+00    -3.024766e-04
7.865169e+00    -2.929178e-04
7.877381e+00    -2.827718e-04
7.889595e+00    -2.720692e-04
7.901807e+00    -2.608455e-04
7.914021e+00    -2.491453e-04
7.926233e+00    -2.369960e-04
7.938447e+00    -2.244333e-04
7.950659e+00    -2.115018e-04
7.962873e+00    -1.982259e-04
7.975085e+00    -1.846525e-04
7.987298e+00    -1.708187e-04
7.999511e+00    -1.567643e-04
8.011724e+00    -1.425192e-04
8.023937e+00    -1.281273e-04
8.036150e+00    -1.136253e-04
8.048364e+00    -9.905056e-05
8.060576e+00    -8.443843e-05
8.072789e+00    -6.982835e-05
8.085002e+00    -5.525492e-05
8.097216e+00    -4.075266e-05
8.109428e+00    -2.636438e-05
8.121641e+00    -1.211773e-05
8.133854e+00    1.949130e-06
8.146068e+00    1.580764e-05
8.158280e+00    2.941882e-05
8.170493e+00    4.275489e-05
8.182706e+00    5.578078e-05
8.194920e+00    6.847337e-05
8.207132e+00    8.079598e-05
8.219345e+00    9.272481e-05
8.231558e+00    1.042311e-04
8.243772e+00    1.152893e-04
8.255984e+00    1.258752e-04
8.268197e+00    1.359634e-04
8.280410e+00    1.455354e-04
8.292624e+00    1.545674e-04
8.304836e+00    1.630369e-04
8.317049e+00    1.709311e-04
8.329262e+00    1.782285e-04
8.341475e+00    1.849169e-04
8.353688e+00    1.909792e-04
8.365901e+00    1.964038e-04
8.378115e+00    2.011795e-04
8.390327e+00    2.052930e-04
8.402540e+00    2.087444e-04
8.414753e+00    2.115099e-04
8.426967e+00    2.136004e-04
8.439179e+00    2.150024e-04
8.451392e+00    2.157168e-04
8.463605e+00    2.157410e-04
8.475819e+00    2.150745e-04
8.488031e+00    2.137203e-04
8.500244e+00    2.116802e-04
8.512457e+00    2.089563e-04
8.524671e+00    2.055543e-04
8.536883e+00    2.014882e-04
8.549096e+00    1.967567e-04
8.561309e+00    1.913759e-04
8.573523e+00    1.853529e-04
8.585735e+00    1.787007e-04
8.597948e+00    1.714427e-04
8.610161e+00    1.635669e-04
8.622375e+00    1.551133e-04
8.634587e+00    1.460899e-04
8.646800e+00    1.365173e-04
8.659013e+00    1.264119e-04
8.671227e+00    1.157945e-04
8.683439e+00    1.046832e-04
8.695652e+00    9.310278e-05
8.707865e+00    8.107638e-05
8.720078e+00    6.862592e-05
8.732291e+00    5.577354e-05
8.744504e+00    4.254697e-05
8.756717e+00    2.897150e-05
8.768930e+00    1.507031e-05
8.781143e+00    8.714287e-07
8.793356e+00    -1.359510e-05
8.805569e+00    -2.830669e-05
8.817782e+00    -4.323444e-05
8.829995e+00    -5.834725e-05
8.842208e+00    -7.361541e-05
8.854421e+00    -8.901587e-05
8.866634e+00    -1.045176e-04
8.878847e+00    -1.200887e-04
8.891060e+00    -1.357007e-04
8.903273e+00    -1.513293e-04
8.915486e+00    -1.669389e-04
8.927699e+00    -1.825036e-04
8.939912e+00    -1.979958e-04
8.952125e+00    -2.133856e-04
8.964338e+00    -2.286437e-04
8.976551e+00    -2.437427e-04
8.988764e+00    -2.586567e-04
9.000977e+00    -2.733493e-04
9.013190e+00    -2.878135e-04
9.025403e+00    -3.020004e-04
9.037616e+00    -3.158984e-04
9.049829e+00    -3.294753e-04
9.062042e+00    -3.427143e-04
9.074255e+00    -3.555822e-04
9.086468e+00    -3.680621e-04
9.098680e+00    -3.801355e-04
9.110894e+00    -3.917639e-04
9.123107e+00    -4.029435e-04
9.135320e+00    -4.136472e-04
9.147532e+00    -4.238566e-04
9.159746e+00    -4.335553e-04
9.171959e+00    -4.427232e-04
9.184172e+00    -4.513459e-04
9.196384e+00    -4.594082e-04
9.208598e+00    -4.668969e-04
9.220811e+00    -4.737985e-04
9.233024e+00    -4.800986e-04
9.245236e+00    -4.857867e-04
9.257450e+00    -4.908542e-04
9.269663e+00    -4.952934e-04
9.281876e+00    -4.990940e-04
9.294088e+00    -5.022526e-04
9.306302e+00    -5.047598e-04
9.318515e+00    -5.066114e-04
9.330728e+00    -5.078088e-04
9.342940e+00    -5.083483e-04
9.355154e+00    -5.082285e-04
9.367367e+00    -5.074471e-04
9.379580e+00    -5.060090e-04
9.391793e+00    -5.039154e-04
9.404006e+00    -5.011710e-04
9.416219e+00    -4.977775e-04
9.428432e+00    -4.937455e-04
9.440645e+00    -4.890774e-04
9.452858e+00    -4.837848e-04
9.465071e+00    -4.778733e-04
9.477283e+00    -4.713555e-04
9.489497e+00    -4.642395e-04
9.501710e+00    -4.565443e-04
9.513923e+00    -4.482757e-04
9.526135e+00    -4.394510e-04
9.538349e+00    -4.300821e-04
9.550562e+00    -4.201851e-04
9.562775e+00    -4.097803e-04
9.574987e+00    -3.988858e-04
9.587201e+00    -3.875101e-04
9.599414e+00    -3.756756e-04
9.611627e+00    -3.634143e-04
9.623839e+00    -3.507301e-04
9.636053e+00    -3.376512e-04
9.648266e+00    -3.241997e-04
9.660479e+00    -3.103919e-04
9.672691e+00    -2.962570e-04
9.684905e+00    -2.818134e-04
9.697118e+00    -2.670854e-04
9.709331e+00    -2.520995e-04
9.721543e+00    -2.368730e-04
9.733757e+00    -2.214372e-04
9.745970e+00    -2.058111e-04
9.758183e+00    -1.900251e-04
9.770395e+00    -1.740992e-04
9.782609e+00    -1.580614e-04
9.794822e+00    -1.419337e-04
9.807034e+00    -1.257473e-04
9.819247e+00    -1.095230e-04
9.831461e+00    -9.328446e-05
9.843674e+00    -7.706083e-05
9.855886e+00    -6.087338e-05
9.868099e+00    -4.474867e-05
9.880313e+00    -2.871028e-05
9.892526e+00    -1.278334e-05
9.904738e+00    3.010433e-06
9.916951e+00    1.863884e-05
9.929165e+00    3.408920e-05
9.941378e+00    4.933200e-05
9.953590e+00    6.434904e-05
9.965803e+00    7.911710e-05
9.978017e+00    9.361313e-05
9.990230e+00    1.078160e-04
1.000244e+01    1.217086e-04
1.001466e+01    1.352663e-04
1.002687e+01    1.484753e-04
1.003908e+01    1.613135e-04
1.005129e+01    1.737622e-04
1.006351e+01    1.858081e-04
1.007572e+01    1.974356e-04
1.008793e+01    2.086228e-04
1.010015e+01    2.193486e-04
1.011236e+01    2.296330e-04
1.012457e+01    2.394248e-04
1.013679e+01    2.487289e-04
1.014900e+01    2.575283e-04
1.016121e+01    2.658166e-04
1.017342e+01    2.735826e-04
1.018564e+01    2.808178e-04
1.019785e+01    2.875085e-04
1.021006e+01    2.936610e-04
1.022228e+01    2.992573e-04
1.023449e+01    3.042966e-04
1.024670e+01    3.087737e-04
1.025891e+01    3.126862e-04
1.027113e+01    3.160302e-04
1.028334e+01    3.188081e-04
1.029555e+01    3.210118e-04
1.030777e+01    3.226471e-04
1.031998e+01    3.237198e-04
1.033219e+01    3.242200e-04
1.034441e+01    3.241623e-04
1.035662e+01    3.235426e-04
1.036883e+01    3.223692e-04
1.038105e+01    3.206491e-04
1.039326e+01    3.183824e-04
1.040547e+01    3.155840e-04
1.041768e+01    3.122583e-04
1.042990e+01    3.084152e-04
1.044211e+01    3.040615e-04
1.045432e+01    2.992111e-04
1.046654e+01    2.938744e-04
1.047875e+01    2.880621e-04
1.049096e+01    2.817830e-04
1.050318e+01    2.750609e-04
1.051539e+01    2.678953e-04
1.052760e+01    2.603125e-04
1.053981e+01    2.523211e-04
1.055203e+01    2.439367e-04
1.056424e+01    2.351775e-04
1.057645e+01    2.260593e-04
1.058867e+01    2.165990e-04
1.060088e+01    2.068115e-04
1.061309e+01    1.967141e-04
1.062531e+01    1.863298e-04
1.063752e+01    1.756704e-04
1.064973e+01    1.647583e-04
1.066194e+01    1.536127e-04
1.067416e+01    1.422514e-04
1.068637e+01    1.306920e-04
1.069858e+01    1.189546e-04
1.071080e+01    1.070624e-04
1.072301e+01    9.502905e-05
1.073522e+01    8.287864e-05
1.074744e+01    7.062804e-05
1.075965e+01    5.829625e-05
1.077186e+01    4.590496e-05
1.078407e+01    3.347300e-05
1.079629e+01    2.102267e-05
1.080850e+01    8.563960e-06
1.082071e+01    -3.874830e-06
1.083293e+01    -1.628042e-05
1.084514e+01    -2.863242e-05
1.085735e+01    -4.091007e-05
1.086957e+01    -5.309949e-05
1.088178e+01    -6.518038e-05
1.089399e+01    -7.713809e-05
1.090620e+01    -8.895373e-05
1.091842e+01    -1.006091e-04
1.093063e+01    -1.120918e-04
1.094284e+01    -1.233851e-04
1.095506e+01    -1.344726e-04
1.096727e+01    -1.453424e-04
1.097948e+01    -1.559746e-04
1.099170e+01    -1.663594e-04
1.100391e+01    -1.764889e-04
1.101612e+01    -1.863396e-04
1.102833e+01    -1.959097e-04
1.104055e+01    -2.051844e-04
1.105276e+01    -2.141483e-04
1.106497e+01    -2.227976e-04
1.107719e+01    -2.311209e-04
1.108940e+01    -2.391088e-04
1.110161e+01    -2.467535e-04
1.111382e+01    -2.540463e-04
1.112604e+01    -2.609846e-04
1.113825e+01    -2.675585e-04
1.115046e+01    -2.737638e-04
1.116268e+01    -2.795960e-04
1.117489e+01    -2.850492e-04
1.118710e+01    -2.901255e-04
1.119932e+01    -2.948150e-04
1.121153e+01    -2.991222e-04
1.122374e+01    -3.030403e-04
1.123596e+01    -3.065718e-04
1.124817e+01    -3.097179e-04
1.126038e+01    -3.124780e-04
1.127259e+01    -3.148513e-04
1.128481e+01    -3.168439e-04
1.129702e+01    -3.184554e-04
1.130923e+01    -3.196916e-04
1.132145e+01    -3.205559e-04
1.133366e+01    -3.210511e-04
1.134587e+01    -3.211824e-04
1.135808e+01    -3.209591e-04
1.137030e+01    -3.203854e-04
1.138251e+01    -3.194663e-04
1.139472e+01    -3.182113e-04
1.140694e+01    -3.166290e-04
1.141915e+01    -3.147248e-04
1.143136e+01    -3.125111e-04
1.144358e+01    -3.099945e-04
1.145579e+01    -3.071871e-04
1.146800e+01    -3.040965e-04
1.148022e+01    -3.007356e-04
1.149243e+01    -2.971140e-04
1.150464e+01    -2.932431e-04
1.151685e+01    -2.891341e-04
1.152907e+01    -2.848013e-04
1.154128e+01    -2.802552e-04
1.155349e+01    -2.755058e-04
1.156571e+01    -2.705704e-04
1.157792e+01    -2.654573e-04
1.159013e+01    -2.601814e-04
1.160234e+01    -2.547583e-04
1.161456e+01    -2.491957e-04
1.162677e+01    -2.435103e-04
1.163898e+01    -2.377166e-04
1.165120e+01    -2.318245e-04
1.166341e+01    -2.258524e-04
1.167562e+01    -2.198109e-04
1.168784e+01    -2.137133e-04
1.170005e+01    -2.075693e-04
1.171226e+01    -2.014018e-04
1.172447e+01    -1.952134e-04
1.173669e+01    -1.890261e-04
1.174890e+01    -1.828471e-04
1.176111e+01    -1.766885e-04
1.177333e+01    -1.705679e-04
1.178554e+01    -1.644932e-04
1.179775e+01    -1.584733e-04
1.180997e+01    -1.525357e-04
1.182218e+01    -1.466727e-04
1.183439e+01    -1.409067e-04
1.184660e+01    -1.352445e-04
1.185882e+01    -1.296999e-04
1.187103e+01    -1.242767e-04
1.188324e+01    -1.189927e-04
1.189546e+01    -1.138532e-04
1.190767e+01    -1.088674e-04
1.191988e+01    -1.040437e-04
1.193210e+01    -9.939248e-05
1.194431e+01    -9.491901e-05
1.195652e+01    -9.063086e-05
1.196873e+01    -8.653635e-05
1.198095e+01    -8.264263e-05
1.199316e+01    -7.895210e-05
1.200537e+01    -7.547600e-05
1.201759e+01    -7.221240e-05
1.202980e+01    -6.916949e-05
1.204201e+01    -6.635354e-05
1.205423e+01    -6.376351e-05
1.206644e+01    -6.140477e-05
1.207865e+01    -5.927627e-05
1.209086e+01    -5.738569e-05
1.210308e+01    -5.572319e-05
1.211529e+01    -5.431250e-05
1.212750e+01    -5.313349e-05
1.213972e+01    -5.219090e-05
1.215193e+01    -5.148497e-05
1.216414e+01    -5.101656e-05
1.217636e+01    -5.078129e-05
1.218857e+01    -5.078075e-05
1.220078e+01    -5.100534e-05
1.221299e+01    -5.145955e-05
1.222521e+01    -5.213580e-05
1.223742e+01    -5.303182e-05
1.224963e+01    -5.414346e-05
1.226185e+01    -5.546364e-05
1.227406e+01    -5.698840e-05
1.228627e+01    -5.871305e-05
1.229849e+01    -6.063134e-05
1.231070e+01    -6.273435e-05
1.232291e+01    -6.501927e-05
1.233512e+01    -6.747769e-05
1.234734e+01    -7.009586e-05
1.235955e+01    -7.287736e-05
1.237176e+01    -7.580569e-05
1.238398e+01    -7.887535e-05
1.239619e+01    -8.207804e-05
1.240840e+01    -8.540229e-05
1.242062e+01    -8.884349e-05
1.243283e+01    -9.238697e-05
1.244504e+01    -9.603072e-05
1.245725e+01    -9.975665e-05
1.246947e+01    -1.035602e-04
1.248168e+01    -1.074292e-04
1.249389e+01    -1.113586e-04
1.250611e+01    -1.153264e-04
1.251832e+01    -1.193336e-04
1.253053e+01    -1.233650e-04
1.254275e+01    -1.274133e-04
1.255496e+01    -1.314660e-04
1.256717e+01    -1.355113e-04
1.257938e+01    -1.395425e-04
1.259160e+01    -1.435483e-04
1.260381e+01    -1.475172e-04
1.261602e+01    -1.514387e-04
1.262824e+01    -1.553028e-04
1.264045e+01    -1.591015e-04
1.265266e+01    -1.628241e-04
1.266488e+01    -1.664609e-04
1.267709e+01    -1.700029e-04
1.268930e+01    -1.734421e-04
1.270151e+01    -1.767676e-04
1.271373e+01    -1.799667e-04
1.272594e+01    -1.830384e-04
1.273815e+01    -1.859704e-04
1.275037e+01    -1.887519e-04
1.276258e+01    -1.913846e-04
1.277479e+01    -1.938531e-04
1.278701e+01    -1.961509e-04
1.279922e+01    -1.982713e-04
1.281143e+01    -2.002117e-04
1.282364e+01    -2.019606e-04
1.283586e+01    -2.035170e-04
1.284807e+01    -2.048720e-04
1.286028e+01    -2.060237e-04
1.287250e+01    -2.069625e-04
1.288471e+01    -2.076896e-04
1.289692e+01    -2.081977e-04
1.290914e+01    -2.084821e-04
1.292135e+01    -2.085486e-04
1.293356e+01    -2.083834e-04
1.294577e+01    -2.079904e-04
1.295799e+01    -2.073633e-04
1.297020e+01    -2.065061e-04
1.298241e+01    -2.054149e-04
1.299463e+01    -2.040899e-04
1.300684e+01    -2.025298e-04
1.301905e+01    -2.007360e-04
1.303127e+01    -1.987111e-04
1.304348e+01    -1.964502e-04
1.305569e+01    -1.939635e-04
1.306790e+01    -1.912462e-04
1.308012e+01    -1.883021e-04
1.309233e+01    -1.851340e-04
1.310454e+01    -1.817460e-04
1.311676e+01    -1.781428e-04
1.312897e+01    -1.743240e-04
1.314118e+01    -1.703004e-04
1.315340e+01    -1.660703e-04
1.316561e+01    -1.616414e-04
1.317782e+01    -1.570213e-04
1.319003e+01    -1.522121e-04
1.320225e+01    -1.472251e-04
1.321446e+01    -1.420533e-04
1.322667e+01    -1.367176e-04
1.323889e+01    -1.312206e-04
1.325110e+01    -1.255699e-04
1.326331e+01    -1.197687e-04
1.327553e+01    -1.138292e-04
1.328774e+01    -1.077597e-04
1.329995e+01    -1.015668e-04
1.331216e+01    -9.525545e-05
1.332438e+01    -8.883807e-05
1.333659e+01    -8.232555e-05
1.334880e+01    -7.572248e-05
1.336102e+01    -6.903942e-05
1.337323e+01    -6.228541e-05
1.338544e+01    -5.547055e-05
1.339766e+01    -4.859944e-05
1.340987e+01    -4.168464e-05
1.342208e+01    -3.474280e-05
1.343429e+01    -2.777448e-05
1.344651e+01    -2.079084e-05
1.345872e+01    -1.380078e-05
1.347093e+01    -6.815266e-06
1.348315e+01    1.539411e-07
1.349536e+01    7.101156e-06
1.350757e+01    1.401738e-05
1.351978e+01    2.089251e-05
1.353200e+01    2.771144e-05
1.354421e+01    3.447667e-05
1.355642e+01    4.116611e-05
1.356864e+01    4.778223e-05
1.358085e+01    5.430805e-05
1.359306e+01    6.073911e-05
1.360528e+01    6.706365e-05
1.361749e+01    7.328327e-05
1.362970e+01    7.937889e-05
1.364192e+01    8.534781e-05
1.365413e+01    9.118121e-05
1.366634e+01    9.687169e-05
1.367855e+01    1.024128e-04
1.369077e+01    1.077992e-04
1.370298e+01    1.130223e-04
1.371519e+01    1.180759e-04
1.372741e+01    1.229515e-04
1.373962e+01    1.276499e-04
1.375183e+01    1.321610e-04
1.376404e+01    1.364857e-04
1.377626e+01    1.406112e-04
1.378847e+01    1.445376e-04
1.380068e+01    1.482628e-04
1.381290e+01    1.517776e-04
1.382511e+01    1.550843e-04
1.383732e+01    1.581778e-04
1.384954e+01    1.610545e-04
1.386175e+01    1.637162e-04
1.387396e+01    1.661554e-04
1.388618e+01    1.683732e-04
1.389839e+01    1.703695e-04
1.391060e+01    1.721441e-04
1.392281e+01    1.736951e-04
1.393503e+01    1.750222e-04
1.394724e+01    1.761254e-04
1.395945e+01    1.770084e-04
1.397167e+01    1.776690e-04
1.398388e+01    1.781096e-04
1.399609e+01    1.783333e-04
1.400830e+01    1.783408e-04
1.402052e+01    1.781349e-04
1.403273e+01    1.777192e-04
1.404494e+01    1.770963e-04
1.405716e+01    1.762679e-04
1.406937e+01    1.752409e-04
1.408158e+01    1.740187e-04
1.409380e+01    1.726020e-04
1.410601e+01    1.710068e-04
1.411822e+01    1.692183e-04
1.413043e+01    1.672582e-04
1.414265e+01    1.651262e-04
1.415486e+01    1.628297e-04
1.416707e+01    1.603731e-04
1.417929e+01    1.577633e-04
1.419150e+01    1.550130e-04
1.420371e+01    1.521079e-04
1.421593e+01    1.490756e-04
1.422814e+01    1.459190e-04
1.424035e+01    1.426389e-04
1.425256e+01    1.392507e-04
1.426478e+01    1.357535e-04
1.427699e+01    1.321617e-04
1.428920e+01    1.284810e-04
1.430142e+01    1.247138e-04
1.431363e+01    1.208769e-04
1.432584e+01    1.169738e-04
1.433806e+01    1.130095e-04
1.435027e+01    1.089953e-04
1.436248e+01    1.049384e-04
1.437469e+01    1.008495e-04
1.438691e+01    9.673303e-05
1.439912e+01    9.259716e-05
1.441133e+01    8.845272e-05
1.442355e+01    8.430286e-05
1.443576e+01    8.015979e-05
1.444797e+01    7.603114e-05
1.446019e+01    7.192034e-05
1.447240e+01    6.783960e-05
1.448461e+01    6.379687e-05
1.449682e+01    5.979440e-05
1.450904e+01    5.584659e-05
1.452125e+01    5.195362e-05
1.453346e+01    4.812477e-05
1.454568e+01    4.437199e-05
1.455789e+01    4.069471e-05
1.457010e+01    3.709805e-05
1.458232e+01    3.359942e-05
1.459453e+01    3.019296e-05
1.460674e+01    2.689036e-05
1.461895e+01    2.369851e-05
1.463117e+01    2.061714e-05
1.464338e+01    1.765661e-05
1.465559e+01    1.481779e-05
1.466781e+01    1.211018e-05
1.468002e+01    9.531987e-06
1.469223e+01    7.095016e-06
1.470445e+01    4.794012e-06
1.471666e+01    2.635239e-06
1.472887e+01    6.290165e-07
1.474109e+01    -1.230353e-06
1.475330e+01    -2.934534e-06
1.476551e+01    -4.483847e-06
1.477772e+01    -5.876429e-06
1.478994e+01    -7.111634e-06
1.480215e+01    -8.185538e-06
1.481436e+01    -9.095433e-06
1.482658e+01    -9.843016e-06
1.483879e+01    -1.042925e-05
1.485100e+01    -1.085071e-05
1.486321e+01    -1.111187e-05
1.487543e+01    -1.120607e-05
1.488764e+01    -1.114137e-05
1.489985e+01    -1.091147e-05
1.491207e+01    -1.052232e-05
1.492428e+01    -9.975674e-06
1.493649e+01    -9.273075e-06
1.494871e+01    -8.411942e-06
1.496092e+01    -7.399576e-06
1.497313e+01    -6.238995e-06
1.498534e+01    -4.929920e-06
1.499756e+01    -3.479254e-06
1.500977e+01    -1.881366e-06
1.502198e+01    -1.485496e-07
1.503420e+01    1.717424e-06
1.504641e+01    3.712179e-06
1.505862e+01    5.832670e-06
1.507084e+01    8.073937e-06
1.508305e+01    1.043274e-05
1.509526e+01    1.290214e-05
1.510747e+01    1.547789e-05
1.511969e+01    1.815566e-05
1.513190e+01    2.092759e-05
1.514411e+01    2.379259e-05
1.515633e+01    2.674133e-05
1.516854e+01    2.977193e-05
1.518075e+01    3.287371e-05
1.519297e+01    3.604661e-05
1.520518e+01    3.927473e-05
1.521739e+01    4.256200e-05
1.522960e+01    4.589883e-05
1.524182e+01    4.927928e-05
1.525403e+01    5.269594e-05
1.526624e+01    5.614289e-05
1.527846e+01    5.961558e-05
1.529067e+01    6.310685e-05
1.530288e+01    6.661016e-05
1.531509e+01    7.011505e-05
1.532731e+01    7.362371e-05
1.533952e+01    7.712292e-05
1.535173e+01    8.061022e-05
1.536395e+01    8.407677e-05
1.537616e+01    8.751780e-05
1.538837e+01    9.093000e-05
1.540059e+01    9.430223e-05
1.541280e+01    9.763602e-05
1.542501e+01    1.009139e-04
1.543723e+01    1.041399e-04
1.544944e+01    1.073085e-04
1.546165e+01    1.104086e-04
1.547386e+01    1.134398e-04
1.548608e+01    1.163965e-04
1.549829e+01    1.192770e-04
1.551050e+01    1.220618e-04
1.552272e+01    1.247644e-04
1.553493e+01    1.273724e-04
1.554714e+01    1.298826e-04
1.555935e+01    1.322891e-04
1.557157e+01    1.345912e-04
1.558378e+01    1.367835e-04
1.559599e+01    1.388673e-04
1.560821e+01    1.408317e-04
1.562042e+01    1.426774e-04
1.563263e+01    1.444047e-04
1.564485e+01    1.460065e-04
1.565706e+01    1.474848e-04
1.566927e+01    1.488338e-04
1.568149e+01    1.500525e-04
1.569370e+01    1.511401e-04
1.570591e+01    1.520997e-04
1.571812e+01    1.529271e-04
1.573034e+01    1.536141e-04
1.574255e+01    1.541710e-04
1.575476e+01    1.545940e-04
1.576698e+01    1.548822e-04
1.577919e+01    1.550345e-04
1.579140e+01    1.550541e-04
1.580362e+01    1.549396e-04
1.581583e+01    1.546956e-04
1.582804e+01    1.543186e-04
1.584025e+01    1.538129e-04
1.585247e+01    1.531781e-04
1.586468e+01    1.524185e-04
1.587689e+01    1.515332e-04
1.588911e+01    1.505224e-04
1.590132e+01    1.494023e-04
1.591353e+01    1.481611e-04
1.592575e+01    1.468044e-04
1.593796e+01    1.453388e-04
1.595017e+01    1.437638e-04
1.596238e+01    1.420867e-04
1.597460e+01    1.403085e-04
1.598681e+01    1.384324e-04
1.599902e+01    1.364638e-04
1.601124e+01    1.344054e-04
1.602345e+01    1.322630e-04
1.603566e+01    1.300397e-04
1.604787e+01    1.277414e-04
1.606009e+01    1.253722e-04
1.607230e+01    1.229341e-04
1.608451e+01    1.204321e-04
1.609673e+01    1.178752e-04
1.610894e+01    1.152651e-04
1.612115e+01    1.126077e-04
1.613337e+01    1.099071e-04
1.614558e+01    1.071700e-04
1.615779e+01    1.043981e-04
1.617001e+01    1.016005e-04
1.618222e+01    9.877789e-05
1.619443e+01    9.593978e-05
1.620664e+01    9.309072e-05
1.621886e+01    9.023289e-05
1.623107e+01    8.737420e-05
1.624328e+01    8.451627e-05
1.625550e+01    8.166792e-05
1.626771e+01    7.883397e-05
1.627992e+01    7.601629e-05
1.629214e+01    7.322143e-05
1.630435e+01    7.045292e-05
1.631656e+01    6.771873e-05
1.632877e+01    6.502187e-05
1.634099e+01    6.236318e-05
1.635320e+01    5.975214e-05
1.636541e+01    5.719390e-05
1.637763e+01    5.468450e-05
1.638984e+01    5.224067e-05
1.640205e+01    4.985111e-05
1.641426e+01    4.753278e-05
1.642648e+01    4.528276e-05
1.643869e+01    4.310673e-05
1.645090e+01    4.100573e-05
1.646312e+01    3.898444e-05
1.647533e+01    3.704506e-05
1.648754e+01    3.519155e-05
1.649976e+01    3.342882e-05
1.651197e+01    3.175199e-05
1.652418e+01    3.016866e-05
1.653639e+01    2.868158e-05
1.654861e+01    2.729131e-05
1.656082e+01    2.599645e-05
1.657303e+01    2.480491e-05
1.658525e+01    2.371425e-05
1.659746e+01    2.272577e-05
1.660967e+01    2.183649e-05
1.662189e+01    2.105746e-05
1.663410e+01    2.037647e-05
1.664631e+01    1.980427e-05
1.665853e+01    1.933509e-05
1.667074e+01    1.896939e-05
1.668295e+01    1.871009e-05
1.669516e+01    1.855279e-05
1.670738e+01    1.850034e-05
1.671959e+01    1.854818e-05
1.673180e+01    1.869961e-05
1.674402e+01    1.894957e-05
1.675623e+01    1.929762e-05
1.676844e+01    1.974204e-05
1.678065e+01    2.028086e-05
1.679287e+01    2.091464e-05
1.680508e+01    2.163451e-05
1.681729e+01    2.244924e-05
1.682951e+01    2.334677e-05
1.684172e+01    2.432945e-05
1.685393e+01    2.538974e-05
1.686615e+01    2.652831e-05
1.687836e+01    2.774213e-05
1.689057e+01    2.903008e-05
1.690278e+01    3.038024e-05
1.691500e+01    3.179727e-05
1.692721e+01    3.327557e-05
1.693942e+01    3.481153e-05
1.695164e+01    3.640022e-05
1.696385e+01    3.803970e-05
1.697606e+01    3.972438e-05
1.698828e+01    4.145237e-05
1.700049e+01    4.321806e-05
1.701270e+01    4.501477e-05
1.702491e+01    4.684273e-05
1.703713e+01    4.869804e-05
1.704934e+01    5.057215e-05
1.706155e+01    5.246321e-05
1.707377e+01    5.436832e-05
1.708598e+01    5.627961e-05
1.709819e+01    5.819270e-05
1.711040e+01    6.011833e-05
1.712262e+01    6.202477e-05
1.713483e+01    6.392642e-05
1.714705e+01    6.581577e-05
1.715926e+01    6.769065e-05
1.717147e+01    6.954204e-05
1.718368e+01    7.136637e-05
1.719590e+01    7.315831e-05
1.720811e+01    7.492465e-05
1.722032e+01    7.665058e-05
1.723254e+01    7.833476e-05
1.724475e+01    7.997501e-05
1.725696e+01    8.156526e-05
1.726917e+01    8.310354e-05
1.728139e+01    8.458830e-05
1.729360e+01    8.601206e-05
1.730581e+01    8.737922e-05
1.731803e+01    8.867159e-05
1.733024e+01    8.990243e-05
1.734245e+01    9.106041e-05
1.735467e+01    9.214597e-05
1.736688e+01    9.315570e-05
1.737909e+01    9.408709e-05
1.739130e+01    9.493856e-05
1.740352e+01    9.570848e-05
1.741573e+01    9.639088e-05
1.742794e+01    9.698744e-05
1.744016e+01    9.749756e-05
1.745237e+01    9.791835e-05
1.746458e+01    9.824795e-05
1.747680e+01    9.848552e-05
1.748901e+01    9.863296e-05
1.750122e+01    9.868406e-05
1.751343e+01    9.864422e-05
1.752565e+01    9.851107e-05
1.753786e+01    9.828110e-05
1.755007e+01    9.795804e-05
1.756229e+01    9.754106e-05
1.757450e+01    9.703171e-05
1.758671e+01    9.642576e-05
1.759892e+01    9.572560e-05
1.761114e+01    9.494062e-05
1.762335e+01    9.406037e-05
1.763556e+01    9.308863e-05
1.764778e+01    9.203282e-05
1.765999e+01    9.088754e-05
1.767220e+01    8.965639e-05
1.768442e+01    8.834539e-05
1.769663e+01    8.695402e-05
1.770884e+01    8.547644e-05
1.772106e+01    8.392645e-05
1.773327e+01    8.229999e-05
1.774548e+01    8.060141e-05
1.775769e+01    7.883512e-05
1.776991e+01    7.700070e-05
1.778212e+01    7.510150e-05
1.779433e+01    7.314403e-05
1.780655e+01    7.112451e-05
1.781876e+01    6.905408e-05
1.783097e+01    6.693225e-05
1.784319e+01    6.476072e-05
1.785540e+01    6.254642e-05
1.786761e+01    6.028798e-05
1.787982e+01    5.799675e-05
1.789204e+01    5.567088e-05
1.790425e+01    5.331206e-05
1.791646e+01    5.092737e-05
1.792868e+01    4.852361e-05
1.794089e+01    4.609749e-05
1.795310e+01    4.366039e-05
1.796531e+01    4.120959e-05
1.797753e+01    3.875393e-05
1.798974e+01    3.629431e-05
1.800196e+01    3.383540e-05
1.801417e+01    3.138010e-05
1.802638e+01    2.893720e-05
1.803859e+01    2.650289e-05
1.805081e+01    2.409032e-05
1.806302e+01    2.169263e-05
1.807523e+01    1.932216e-05
1.808744e+01    1.697981e-05
1.809966e+01    1.466791e-05
1.811187e+01    1.238546e-05
1.812408e+01    1.015153e-05
1.813630e+01    7.956172e-06
1.814851e+01    5.805196e-06
1.816072e+01    3.702589e-06
1.817294e+01    1.653767e-06
1.818515e+01    -3.421446e-07
1.819736e+01    -2.278626e-06
1.820958e+01    -4.155823e-06
1.822179e+01    -5.967973e-06
1.823400e+01    -7.711002e-06
1.824621e+01    -9.389361e-06
1.825843e+01    -1.099470e-05
1.827064e+01    -1.252515e-05
1.828285e+01    -1.398299e-05
1.829507e+01    -1.536414e-05
1.830728e+01    -1.666171e-05
1.831949e+01    -1.787604e-05
1.833171e+01    -1.900661e-05
1.834392e+01    -2.005883e-05
1.835613e+01    -2.102286e-05
1.836834e+01    -2.189726e-05
1.838056e+01    -2.268597e-05
1.839277e+01    -2.338708e-05
1.840498e+01    -2.399797e-05
1.841720e+01    -2.451841e-05
1.842941e+01    -2.494751e-05
1.844162e+01    -2.528762e-05
1.845383e+01    -2.553675e-05
1.846605e+01    -2.569408e-05
1.847826e+01    -2.576248e-05
1.849047e+01    -2.574007e-05
1.850269e+01    -2.563413e-05
1.851490e+01    -2.543238e-05
1.852711e+01    -2.514577e-05
1.853933e+01    -2.477161e-05
1.855154e+01    -2.431421e-05
1.856375e+01    -2.377096e-05
1.857596e+01    -2.314831e-05
1.858818e+01    -2.243672e-05
1.860039e+01    -2.165668e-05
1.861260e+01    -2.079463e-05
1.862482e+01    -1.985836e-05
1.863703e+01    -1.884846e-05
1.864924e+01    -1.776824e-05
1.866146e+01    -1.662015e-05
1.867367e+01    -1.540489e-05
1.868588e+01    -1.412909e-05
1.869810e+01    -1.278752e-05
1.871031e+01    -1.139112e-05
1.872252e+01    -9.941752e-06
1.873473e+01    -8.439529e-06
1.874695e+01    -6.887480e-06
1.875916e+01    -5.291658e-06
1.877137e+01    -3.650784e-06
1.878359e+01    -1.973822e-06
1.879580e+01    -2.605375e-07
1.880801e+01    1.483830e-06
1.882022e+01    3.258232e-06
1.883244e+01    5.058944e-06
1.884465e+01    6.879331e-06
1.885686e+01    8.717412e-06
1.886908e+01    1.057074e-05
1.888129e+01    1.243525e-05
1.889350e+01    1.430849e-05
1.890572e+01    1.618307e-05
1.891793e+01    1.805613e-05
1.893014e+01    1.992710e-05
1.894235e+01    2.178992e-05
1.895457e+01    2.364162e-05
1.896678e+01    2.548110e-05
1.897899e+01    2.729852e-05
1.899121e+01    2.909929e-05
1.900342e+01    3.087148e-05
1.901563e+01    3.261410e-05
1.902785e+01    3.432669e-05
1.904006e+01    3.600400e-05
1.905227e+01    3.764027e-05
1.906449e+01    3.923743e-05
1.907670e+01    4.078669e-05
1.908891e+01    4.229200e-05
1.910112e+01    4.374294e-05
1.911334e+01    4.514225e-05
1.912555e+01    4.648499e-05
1.913776e+01    4.777021e-05
1.914997e+01    4.899281e-05
1.916219e+01    5.015079e-05
1.917440e+01    5.124375e-05
1.918661e+01    5.226763e-05
1.919883e+01    5.321926e-05
1.921104e+01    5.409773e-05
1.922325e+01    5.490376e-05
1.923547e+01    5.563276e-05
1.924768e+01    5.628451e-05
1.925989e+01    5.685625e-05
1.927211e+01    5.734563e-05
1.928432e+01    5.775978e-05
1.929653e+01    5.808420e-05
1.930874e+01    5.832722e-05
1.932096e+01    5.848365e-05
1.933317e+01    5.855827e-05
1.934538e+01    5.854396e-05
1.935760e+01    5.844381e-05
1.936981e+01    5.825781e-05
1.938202e+01    5.798315e-05
1.939424e+01    5.762468e-05
1.940645e+01    5.718073e-05
1.941866e+01    5.664956e-05
1.943087e+01    5.603561e-05
1.944309e+01    5.533380e-05
1.945530e+01    5.454518e-05
1.946751e+01    5.367392e-05
1.947973e+01    5.272427e-05
1.949194e+01    5.169006e-05
1.950415e+01    5.057757e-05
1.951637e+01    4.938424e-05
1.952858e+01    4.811329e-05
1.954079e+01    4.677020e-05
1.955301e+01    4.535101e-05
1.956522e+01    4.386155e-05
1.957743e+01    4.229786e-05
1.958964e+01    4.067158e-05
1.960186e+01    3.897268e-05
1.961407e+01    3.721230e-05
1.962628e+01    3.539163e-05
1.963849e+01    3.351276e-05
1.965071e+01    3.157683e-05
1.966292e+01    2.958631e-05
1.967513e+01    2.754414e-05
1.968735e+01    2.545257e-05
1.969956e+01    2.331218e-05
1.971177e+01    2.113263e-05
1.972399e+01    1.891152e-05
1.973620e+01    1.665353e-05
1.974841e+01    1.435996e-05
1.976063e+01    1.203574e-05
1.977284e+01    9.681433e-06
1.978505e+01    7.302515e-06
1.979726e+01    4.903966e-06
1.980948e+01    2.481916e-06
1.982169e+01    4.481990e-08
1.983390e+01    -2.405213e-06
1.984612e+01    -4.867310e-06
1.985833e+01    -7.333569e-06
1.987054e+01    -9.804950e-06
1.988276e+01    -1.227659e-05
1.989497e+01    -1.474637e-05
1.990718e+01    -1.721231e-05
1.991939e+01    -1.966972e-05
1.993161e+01    -2.211466e-05
1.994382e+01    -2.454659e-05
1.995603e+01    -2.696217e-05
1.996825e+01    -2.935840e-05
1.998046e+01    -3.172956e-05
1.999267e+01    -3.407821e-05
2.000488e+01    -3.639952e-05
2.001710e+01    -3.868820e-05
2.002931e+01    -4.094392e-05
2.004152e+01    -4.316695e-05
2.005374e+01    -4.535227e-05
2.006595e+01    -4.749613e-05
2.007816e+01    -4.959981e-05
2.009038e+01    -5.166166e-05
2.010259e+01    -5.367260e-05
2.011480e+01    -5.563562e-05
2.012702e+01    -5.755186e-05
2.013923e+01    -5.941598e-05
2.015144e+01    -6.122794e-05
2.016365e+01    -6.298456e-05
2.017587e+01    -6.468607e-05
2.018808e+01    -6.632686e-05
2.020029e+01    -6.791127e-05
2.021251e+01    -6.943900e-05
2.022472e+01    -7.090411e-05
2.023693e+01    -7.230921e-05
2.024915e+01    -7.365170e-05
2.026136e+01    -7.493141e-05
2.027357e+01    -7.614778e-05
2.028578e+01    -7.729829e-05
2.029800e+01    -7.839070e-05
2.031021e+01    -7.941635e-05
2.032242e+01    -8.037646e-05
2.033464e+01    -8.127475e-05
2.034685e+01    -8.210717e-05
2.035906e+01    -8.287620e-05
2.037127e+01    -8.358499e-05
2.038349e+01    -8.422713e-05
2.039570e+01    -8.481097e-05
2.040791e+01    -8.532911e-05
2.042013e+01    -8.578980e-05
2.043234e+01    -8.619016e-05
2.044455e+01    -8.652960e-05
2.045677e+01    -8.681263e-05
2.046898e+01    -8.704101e-05
2.048119e+01    -8.721049e-05
2.049340e+01    -8.732731e-05
2.050562e+01    -8.739709e-05
2.051783e+01    -8.740351e-05
2.053004e+01    -8.736729e-05
2.054226e+01    -8.728173e-05
2.055447e+01    -8.715176e-05
2.056668e+01    -8.697353e-05
2.057890e+01    -8.675445e-05
2.059111e+01    -8.648958e-05
2.060332e+01    -8.619145e-05
2.061554e+01    -8.585815e-05
2.062775e+01    -8.548441e-05
2.063996e+01    -8.507819e-05
2.065217e+01    -8.464232e-05
2.066439e+01    -8.417585e-05
2.067660e+01    -8.368077e-05
2.068881e+01    -8.316732e-05
2.070103e+01    -8.262315e-05
2.071324e+01    -8.206220e-05
2.072545e+01    -8.148153e-05
2.073767e+01    -8.088517e-05
2.074988e+01    -8.027077e-05
2.076209e+01    -7.964903e-05
2.077430e+01    -7.901435e-05
2.078652e+01    -7.837314e-05
2.079873e+01    -7.772687e-05
2.081094e+01    -7.708048e-05
2.082316e+01    -7.642170e-05
2.083537e+01    -7.576942e-05
2.084758e+01    -7.511791e-05
2.085979e+01    -7.447391e-05
2.087201e+01    -7.383294e-05
2.088422e+01    -7.320060e-05
2.089643e+01    -7.257536e-05
2.090865e+01    -7.196745e-05
2.092086e+01    -7.137070e-05
2.093307e+01    -7.078829e-05
2.094529e+01    -7.021870e-05
2.095750e+01    -6.967305e-05
2.096971e+01    -6.914092e-05
2.098192e+01    -6.862897e-05
2.099414e+01    -6.814371e-05
2.100635e+01    -6.767997e-05
2.101856e+01    -6.723795e-05
2.103078e+01    -6.682210e-05
2.104299e+01    -6.643454e-05
2.105520e+01    -6.607124e-05
2.106742e+01    -6.573623e-05
2.107963e+01    -6.542989e-05
2.109184e+01    -6.514933e-05
2.110406e+01    -6.490183e-05
2.111627e+01    -6.468683e-05
2.112848e+01    -6.449812e-05
2.114069e+01    -6.434022e-05
2.115291e+01    -6.421493e-05
2.116512e+01    -6.411722e-05
2.117733e+01    -6.405366e-05
2.118955e+01    -6.402008e-05
2.120176e+01    -6.401522e-05
2.121397e+01    -6.404157e-05
2.122618e+01    -6.409689e-05
2.123840e+01    -6.418018e-05
2.125061e+01    -6.429474e-05
2.126282e+01    -6.443282e-05
2.127504e+01    -6.460225e-05
2.128725e+01    -6.479589e-05
2.129946e+01    -6.501774e-05
2.131168e+01    -6.526200e-05
2.132389e+01    -6.552992e-05
2.133610e+01    -6.581929e-05
2.134831e+01    -6.613114e-05
2.136053e+01    -6.646179e-05
2.137274e+01    -6.681147e-05
2.138495e+01    -6.717673e-05
2.139717e+01    -6.755918e-05
2.140938e+01    -6.795394e-05
2.142159e+01    -6.836124e-05
2.143381e+01    -6.878225e-05
2.144602e+01    -6.921055e-05
2.145823e+01    -6.964571e-05
2.147044e+01    -7.008554e-05
2.148266e+01    -7.053083e-05
2.149487e+01    -7.097917e-05
2.150708e+01    -7.142168e-05
2.151930e+01    -7.186808e-05
2.153151e+01    -7.230899e-05
2.154372e+01    -7.274239e-05
2.155593e+01    -7.317068e-05
2.156815e+01    -7.358706e-05
2.158036e+01    -7.399444e-05
2.159258e+01    -7.438697e-05
2.160479e+01    -7.476094e-05
2.161700e+01    -7.511918e-05
2.162921e+01    -7.546002e-05
2.164143e+01    -7.577737e-05
2.165364e+01    -7.607181e-05
2.166585e+01    -7.633898e-05
2.167807e+01    -7.657782e-05
2.169028e+01    -7.679105e-05
2.170249e+01    -7.697332e-05
2.171470e+01    -7.711818e-05
2.172692e+01    -7.723147e-05
2.173913e+01    -7.730708e-05
2.175134e+01    -7.734478e-05
2.176356e+01    -7.734177e-05
2.177577e+01    -7.729966e-05
2.178798e+01    -7.721277e-05
2.180020e+01    -7.708198e-05
2.181241e+01    -7.690863e-05
2.182462e+01    -7.668255e-05
2.183683e+01    -7.641113e-05
2.184905e+01    -7.608955e-05
2.186126e+01    -7.571393e-05
2.187347e+01    -7.529350e-05
2.188569e+01    -7.481667e-05
2.189790e+01    -7.428427e-05
2.191011e+01    -7.370080e-05
2.192233e+01    -7.306086e-05
2.193454e+01    -7.236503e-05
2.194675e+01    -7.161198e-05
2.195897e+01    -7.079973e-05
2.197118e+01    -6.993363e-05
2.198339e+01    -6.901166e-05
2.199560e+01    -6.803051e-05
2.200782e+01    -6.698973e-05
2.202003e+01    -6.589078e-05
2.203224e+01    -6.473905e-05
2.204445e+01    -6.352253e-05
2.205667e+01    -6.225350e-05
2.206888e+01    -6.092427e-05
2.208109e+01    -5.954289e-05
2.209331e+01    -5.810521e-05
2.210552e+01    -5.660801e-05
2.211773e+01    -5.505958e-05
2.212995e+01    -5.345481e-05
2.214216e+01    -5.180135e-05
2.215437e+01    -5.009070e-05
2.216659e+01    -4.833221e-05
2.217880e+01    -4.652476e-05
2.219101e+01    -4.466810e-05
2.220322e+01    -4.276768e-05
2.221544e+01    -4.081676e-05
2.222765e+01    -3.882632e-05
2.223986e+01    -3.678995e-05
2.225208e+01    -3.471511e-05
2.226429e+01    -3.259989e-05
2.227650e+01    -3.044834e-05
2.228872e+01    -2.826235e-05
2.230093e+01    -2.604557e-05
2.231314e+01    -2.379044e-05
2.232535e+01    -2.151174e-05
2.233757e+01    -1.920514e-05
2.234978e+01    -1.687158e-05
2.236199e+01    -1.451709e-05
2.237421e+01    -1.213812e-05
2.238642e+01    -9.747630e-06
2.239863e+01    -7.334471e-06
2.241084e+01    -4.914240e-06
2.242306e+01    -2.479268e-06
2.243527e+01    -3.763125e-08
2.244748e+01    2.413595e-06
2.245970e+01    4.864181e-06
2.247191e+01    7.319279e-06
2.248412e+01    9.771888e-06
2.249634e+01    1.222015e-05
2.250855e+01    1.466287e-05
2.252076e+01    1.709601e-05
2.253297e+01    1.951898e-05
2.254519e+01    2.192560e-05
2.255740e+01    2.431986e-05
2.256961e+01    2.669339e-05
2.258183e+01    2.904472e-05
2.259404e+01    3.137035e-05
2.260625e+01    3.367444e-05
2.261847e+01    3.594952e-05
2.263068e+01    3.819042e-05
2.264289e+01    4.040217e-05
2.265511e+01    4.257631e-05
2.266732e+01    4.471251e-05
2.267953e+01    4.680763e-05
2.269174e+01    4.886216e-05
2.270396e+01    5.087611e-05
2.271617e+01    5.283699e-05
2.272838e+01    5.475446e-05
2.274060e+01    5.662043e-05
2.275281e+01    5.843531e-05
2.276502e+01    6.019641e-05
2.277724e+01    6.190222e-05
2.278945e+01    6.355217e-05
2.280166e+01    6.514144e-05
2.281387e+01    6.667193e-05
2.282609e+01    6.813984e-05
2.283830e+01    6.954587e-05
2.285051e+01    7.088852e-05
2.286273e+01    7.216525e-05
2.287494e+01    7.337605e-05
2.288715e+01    7.452021e-05
2.289936e+01    7.559930e-05
2.291158e+01    7.660620e-05
2.292379e+01    7.754477e-05
2.293600e+01    7.841337e-05
2.294822e+01    7.920971e-05
2.296043e+01    7.993809e-05
2.297264e+01    8.059305e-05
2.298486e+01    8.117818e-05
2.299707e+01    8.168948e-05
2.300928e+01    8.213177e-05
2.302150e+01    8.249824e-05
2.303371e+01    8.279603e-05
2.304592e+01    8.302191e-05
2.305813e+01    8.317592e-05
2.307035e+01    8.326219e-05
2.308256e+01    8.327526e-05
2.309477e+01    8.322034e-05
2.310699e+01    8.309423e-05
2.311920e+01    8.290188e-05
2.313141e+01    8.263989e-05
2.314363e+01    8.231285e-05
2.315584e+01    8.192149e-05
2.316805e+01    8.146631e-05
2.318026e+01    8.094494e-05
2.319248e+01    8.036214e-05
2.320469e+01    7.971987e-05
2.321690e+01    7.901678e-05
2.322912e+01    7.825607e-05
2.324133e+01    7.744003e-05
2.325354e+01    7.656650e-05
2.326575e+01    7.564132e-05
2.327797e+01    7.466425e-05
2.329018e+01    7.363991e-05
2.330239e+01    7.256030e-05
2.331461e+01    7.143797e-05
2.332682e+01    7.027198e-05
2.333903e+01    6.906397e-05
2.335125e+01    6.781230e-05
2.336346e+01    6.652248e-05
2.337567e+01    6.519770e-05
2.338788e+01    6.383681e-05
2.340010e+01    6.244198e-05
2.341231e+01    6.101848e-05
2.342452e+01    5.956669e-05
2.343674e+01    5.808481e-05
2.344895e+01    5.658207e-05
2.346116e+01    5.505554e-05
2.347338e+01    5.350864e-05
2.348559e+01    5.194472e-05
2.349780e+01    5.036470e-05
2.351002e+01    4.876609e-05
2.352223e+01    4.716261e-05
2.353444e+01    4.554828e-05
2.354665e+01    4.392402e-05
2.355887e+01    4.229712e-05
2.357108e+01    4.066157e-05
2.358329e+01    3.902765e-05
2.359550e+01    3.739283e-05
2.360772e+01    3.576290e-05
2.361993e+01    3.413507e-05
2.363214e+01    3.251655e-05
2.364436e+01    3.090201e-05
2.365657e+01    2.929819e-05
2.366878e+01    2.770725e-05
2.368100e+01    2.612878e-05
2.369321e+01    2.456541e-05
2.370542e+01    2.301877e-05
2.371764e+01    2.149228e-05
2.372985e+01    1.997783e-05
2.374206e+01    1.849429e-05
2.375427e+01    1.703008e-05
2.376649e+01    1.558664e-05
2.377870e+01    1.417019e-05
2.379091e+01    1.277868e-05
2.380313e+01    1.141842e-05
2.381534e+01    1.008055e-05
2.382755e+01    8.777657e-06
2.383977e+01    7.504073e-06
2.385198e+01    6.263726e-06
2.386419e+01    5.050824e-06
2.387640e+01    3.874127e-06
2.388862e+01    2.727960e-06
2.390083e+01    1.616441e-06
2.391304e+01    5.412876e-07
2.392526e+01    -4.998874e-07
2.393747e+01    -1.504421e-06
2.394968e+01    -2.474175e-06
2.396189e+01    -3.407578e-06
2.397411e+01    -4.303292e-06
2.398632e+01    -5.160764e-06
2.399854e+01    -5.988419e-06
2.401075e+01    -6.777875e-06
2.402296e+01    -7.527444e-06
2.403517e+01    -8.244198e-06
2.404739e+01    -8.920731e-06
2.405960e+01    -9.564406e-06
2.407181e+01    -1.017039e-05
2.408403e+01    -1.074509e-05
2.409624e+01    -1.128185e-05
2.410845e+01    -1.178760e-05
2.412066e+01    -1.225680e-05
2.413288e+01    -1.269595e-05
2.414509e+01    -1.310155e-05
2.415730e+01    -1.347510e-05
2.416952e+01    -1.381578e-05
2.418173e+01    -1.413118e-05
2.419394e+01    -1.441361e-05
2.420616e+01    -1.466922e-05
2.421837e+01    -1.489669e-05
2.423058e+01    -1.509665e-05
2.424279e+01    -1.527027e-05
2.425501e+01    -1.542445e-05
2.426722e+01    -1.555133e-05
2.427943e+01    -1.565769e-05
2.429165e+01    -1.574130e-05
2.430386e+01    -1.580281e-05
2.431607e+01    -1.584644e-05
2.432829e+01    -1.587514e-05
2.434050e+01    -1.588135e-05
2.435271e+01    -1.587448e-05
2.436492e+01    -1.585322e-05
2.437714e+01    -1.582388e-05
2.438935e+01    -1.577220e-05
2.440156e+01    -1.571327e-05
2.441378e+01    -1.564396e-05
2.442599e+01    -1.556805e-05
2.443820e+01    -1.548066e-05
2.445041e+01    -1.538922e-05
2.446263e+01    -1.529226e-05
2.447484e+01    -1.518735e-05
2.448705e+01    -1.508462e-05
2.449927e+01    -1.497461e-05
2.451148e+01    -1.486691e-05
2.452369e+01    -1.475491e-05
2.453591e+01    -1.464565e-05
2.454812e+01    -1.453790e-05
2.456033e+01    -1.443225e-05
2.457255e+01    -1.432998e-05
2.458476e+01    -1.423222e-05
2.459697e+01    -1.413908e-05
2.460918e+01    -1.405100e-05
2.462140e+01    -1.396829e-05
2.463361e+01    -1.389458e-05
2.464582e+01    -1.382998e-05
2.465804e+01    -1.377081e-05
2.467025e+01    -1.372204e-05
2.468246e+01    -1.368289e-05
2.469468e+01    -1.365183e-05
2.470689e+01    -1.363040e-05
2.471910e+01    -1.362313e-05
2.473131e+01    -1.362505e-05
2.474353e+01    -1.363804e-05
2.475574e+01    -1.366084e-05
2.476795e+01    -1.369682e-05
2.478017e+01    -1.374386e-05
2.479238e+01    -1.380272e-05
2.480459e+01    -1.387344e-05
2.481680e+01    -1.395767e-05
2.482902e+01    -1.404809e-05
2.484123e+01    -1.415447e-05
2.485344e+01    -1.427035e-05
2.486566e+01    -1.439694e-05
2.487787e+01    -1.453653e-05
2.489008e+01    -1.468318e-05
2.490230e+01    -1.484311e-05
2.491451e+01    -1.500935e-05
2.492672e+01    -1.518641e-05
2.493893e+01    -1.536974e-05
2.495115e+01    -1.556344e-05
2.496336e+01    -1.576328e-05
2.497557e+01    -1.597157e-05
2.498779e+01    -1.617921e-05
2.500000e+01    -1.640232e-05
