0.000000e+00    5.410567e-01
1.221299e-02    5.408524e-01
2.442599e-02    5.402398e-01
3.663898e-02    5.392197e-01
4.885198e-02    5.377936e-01
6.106497e-02    5.359635e-01
7.327797e-02    5.337315e-01
8.549096e-02    5.311010e-01
9.770396e-02    5.280753e-01
1.099169e-01    5.246586e-01
1.221299e-01    5.208554e-01
1.343429e-01    5.166705e-01
1.465559e-01    5.121096e-01
1.587689e-01    5.071787e-01
1.709819e-01    5.018839e-01
1.831949e-01    4.962321e-01
1.954079e-01    4.902304e-01
2.076209e-01    4.838862e-01
2.198339e-01    4.772075e-01
2.320469e-01    4.702026e-01
2.442599e-01    4.628794e-01
2.564729e-01    4.552470e-01
2.686859e-01    4.473142e-01
2.808989e-01    4.390902e-01
2.931119e-01    4.305843e-01
3.053249e-01    4.218058e-01
3.175378e-01    4.127645e-01
3.297509e-01    4.034702e-01
3.419639e-01    3.939326e-01
3.541768e-01    3.841616e-01
3.663898e-01    3.741671e-01
3.786028e-01    3.639591e-01
3.908158e-01    3.535473e-01
4.030288e-01    3.429419e-01
4.152418e-01    3.321526e-01
4.274548e-01    3.211893e-01
4.396678e-01    3.100616e-01
4.518808e-01    2.987792e-01
4.640938e-01    2.873516e-01
4.763068e-01    2.757882e-01
4.885198e-01    2.640983e-01
5.007328e-01    2.522909e-01
5.129458e-01    2.403752e-01
5.251588e-01    2.283597e-01
5.373718e-01    2.162533e-01
5.495847e-01    2.040643e-01
5.617977e-01    1.918011e-01
5.740107e-01    1.794716e-01
5.862237e-01    1.670839e-01
5.984367e-01    1.546456e-01
6.106497e-01    1.421643e-01
6.228627e-01    1.296473e-01
6.350757e-01    1.171017e-01
6.472887e-01    1.045346e-01
6.595017e-01    9.195256e-02
6.717147e-01    7.936246e-02
6.839277e-01    6.677060e-02
6.961407e-01    5.418326e-02
7.083537e-01    4.160652e-02
7.205667e-01    2.904633e-02
7.327797e-01    1.650845e-02
7.449927e-01    3.998544e-03
7.572057e-01    -8.477887e-03
7.694187e-01    -2.091554e-02
7.816316e-01    -3.330913e-02
7.938446e-01    -4.565360e-02
8.060576e-01    -5.794389e-02
8.182706e-01    -7.017519e-02
8.304836e-01    -8.234266e-02
8.426966e-01    -9.444165e-02
8.549096e-01    -1.064676e-01
8.671226e-01    -1.184159e-01
8.793356e-01    -1.302822e-01
8.915486e-01    -1.420622e-01
9.037616e-01    -1.537516e-01
9.159746e-01    -1.653461e-01
9.281876e-01    -1.768416e-01
9.404006e-01    -1.882340e-01
9.526136e-01    -1.995194e-01
9.648266e-01    -2.106936e-01
9.770396e-01    -2.217527e-01
9.892526e-01    -2.326930e-01
1.001466e+00    -2.435106e-01
1.013679e+00    -2.542016e-01
1.025892e+00    -2.647623e-01
1.038105e+00    -2.751891e-01
1.050318e+00    -2.854784e-01
1.062531e+00    -2.956264e-01
1.074744e+00    -3.056297e-01
1.086957e+00    -3.154849e-01
1.099169e+00    -3.251883e-01
1.111382e+00    -3.347367e-01
1.123595e+00    -3.441267e-01
1.135808e+00    -3.533551e-01
1.148021e+00    -3.624186e-01
1.160234e+00    -3.713142e-01
1.172447e+00    -3.800386e-01
1.184660e+00    -3.885890e-01
1.196873e+00    -3.969625e-01
1.209086e+00    -4.051560e-01
1.221299e+00    -4.131669e-01
1.233512e+00    -4.209926e-01
1.245725e+00    -4.286304e-01
1.257938e+00    -4.360777e-01
1.270151e+00    -4.433324e-01
1.282364e+00    -4.503920e-01
1.294577e+00    -4.572544e-01
1.306790e+00    -4.639175e-01
1.319003e+00    -4.703793e-01
1.331216e+00    -4.766379e-01
1.343429e+00    -4.826917e-01
1.355642e+00    -4.885391e-01
1.367855e+00    -4.941785e-01
1.380068e+00    -4.996087e-01
1.392281e+00    -5.048283e-01
1.404494e+00    -5.098365e-01
1.416707e+00    -5.146322e-01
1.428920e+00    -5.192145e-01
1.441133e+00    -5.235828e-01
1.453346e+00    -5.277367e-01
1.465559e+00    -5.316756e-01
1.477772e+00    -5.353994e-01
1.489985e+00    -5.389082e-01
1.502198e+00    -5.422016e-01
1.514411e+00    -5.452803e-01
1.526624e+00    -5.481442e-01
1.538837e+00    -5.507941e-01
1.551050e+00    -5.532304e-01
1.563263e+00    -5.554542e-01
1.575476e+00    -5.574661e-01
1.587689e+00    -5.592674e-01
1.599902e+00    -5.608592e-01
1.612115e+00    -5.622429e-01
1.624328e+00    -5.634199e-01
1.636541e+00    -5.643920e-01
1.648754e+00    -5.651606e-01
1.660967e+00    -5.657281e-01
1.673180e+00    -5.660961e-01
1.685393e+00    -5.662668e-01
1.697606e+00    -5.662427e-01
1.709819e+00    -5.660259e-01
1.722032e+00    -5.656190e-01
1.734245e+00    -5.650247e-01
1.746458e+00    -5.642456e-01
1.758671e+00    -5.632845e-01
1.770884e+00    -5.621445e-01
1.783097e+00    -5.608284e-01
1.795310e+00    -5.593395e-01
1.807523e+00    -5.576808e-01
1.819736e+00    -5.558558e-01
1.831949e+00    -5.538676e-01
1.844162e+00    -5.517199e-01
1.856375e+00    -5.494161e-01
1.868588e+00    -5.469597e-01
1.880801e+00    -5.443546e-01
1.893014e+00    -5.416042e-01
1.905227e+00    -5.387125e-01
1.917440e+00    -5.356831e-01
1.929653e+00    -5.325201e-01
1.941866e+00    -5.292271e-01
1.954079e+00    -5.258083e-01
1.966292e+00    -5.222674e-01
1.978505e+00    -5.186086e-01
1.990718e+00    -5.148359e-01
2.002931e+00    -5.109533e-01
2.015144e+00    -5.069648e-01
2.027357e+00    -5.028744e-01
2.039570e+00    -4.986864e-01
2.051783e+00    -4.944046e-01
2.063996e+00    -4.900334e-01
2.076209e+00    -4.855765e-01
2.088422e+00    -4.810382e-01
2.100635e+00    -4.764225e-01
2.112848e+00    -4.717335e-01
2.125061e+00    -4.669752e-01
2.137274e+00    -4.621513e-01
2.149487e+00    -4.572662e-01
2.161700e+00    -4.523236e-01
2.173913e+00    -4.473275e-01
2.186126e+00    -4.422817e-01
2.198339e+00    -4.371900e-01
2.210552e+00    -4.320565e-01
2.222765e+00    -4.268845e-01
2.234978e+00    -4.216781e-01
2.247191e+00    -4.164408e-01
2.259404e+00    -4.111763e-01
2.271617e+00    -4.058880e-01
2.283830e+00    -4.005796e-01
2.296043e+00    -3.952543e-01
2.308256e+00    -3.899158e-01
2.320469e+00    -3.845672e-01
2.332682e+00    -3.792119e-01
2.344895e+00    -3.738531e-01
2.357108e+00    -3.684938e-01
2.369321e+00    -3.631372e-01
2.381534e+00    -3.577863e-01
2.393747e+00    -3.524440e-01
2.405960e+00    -3.471132e-01
2.418173e+00    -3.417966e-01
2.430386e+00    -3.364970e-01
2.442599e+00    -3.312171e-01
2.454812e+00    -3.259593e-01
2.467025e+00    -3.207263e-01
2.479238e+00    -3.155204e-01
2.491451e+00    -3.103440e-01
2.503664e+00    -3.051992e-01
2.515877e+00    -3.000883e-01
2.528090e+00    -2.950135e-01
2.540303e+00    -2.899767e-01
2.552516e+00    -2.849799e-01
2.564729e+00    -2.800249e-01
2.576942e+00    -2.751136e-01
2.589155e+00    -2.702476e-01
2.601368e+00    -2.654286e-01
2.613581e+00    -2.606581e-01
2.625794e+00    -2.559377e-01
2.638007e+00    -2.512687e-01
2.650220e+00    -2.466524e-01
2.662433e+00    -2.420902e-01
2.674646e+00    -2.375830e-01
2.686859e+00    -2.331321e-01
2.699072e+00    -2.287385e-01
2.711285e+00    -2.244031e-01
2.723498e+00    -2.201267e-01
2.735711e+00    -2.159102e-01
2.747924e+00    -2.117542e-01
2.760137e+00    -2.076595e-01
2.772350e+00    -2.036265e-01
2.784563e+00    -1.996559e-01
2.796776e+00    -1.957481e-01
2.808989e+00    -1.919033e-01
2.821202e+00    -1.881220e-01
2.833415e+00    -1.844043e-01
2.845628e+00    -1.807505e-01
2.857841e+00    -1.771607e-01
2.870054e+00    -1.736349e-01
2.882267e+00    -1.701731e-01
2.894480e+00    -1.667753e-01
2.906693e+00    -1.634413e-01
2.918906e+00    -1.601710e-01
2.931119e+00    -1.569641e-01
2.943332e+00    -1.538204e-01
2.955545e+00    -1.507395e-01
2.967758e+00    -1.477211e-01
2.979971e+00    -1.447647e-01
2.992184e+00    -1.418699e-01
3.004397e+00    -1.390361e-01
3.016610e+00    -1.362628e-01
3.028823e+00    -1.335494e-01
3.041036e+00    -1.308953e-01
3.053249e+00    -1.282997e-01
3.065462e+00    -1.257619e-01
3.077675e+00    -1.232814e-01
3.089888e+00    -1.208572e-01
3.102101e+00    -1.184884e-01
3.114314e+00    -1.161745e-01
3.126527e+00    -1.139143e-01
3.138740e+00    -1.117072e-01
3.150953e+00    -1.095520e-01
3.163166e+00    -1.074480e-01
3.175379e+00    -1.053942e-01
3.187592e+00    -1.033896e-01
3.199805e+00    -1.014332e-01
3.212018e+00    -9.952392e-02
3.224231e+00    -9.766090e-02
3.236444e+00    -9.584303e-02
3.248657e+00    -9.406932e-02
3.260870e+00    -9.233866e-02
3.273082e+00    -9.065004e-02
3.285295e+00    -8.900239e-02
3.297508e+00    -8.739464e-02
3.309721e+00    -8.582576e-02
3.321934e+00    -8.429465e-02
3.334147e+00    -8.280025e-02
3.346360e+00    -8.134150e-02
3.358573e+00    -7.991733e-02
3.370786e+00    -7.852671e-02
3.382999e+00    -7.716857e-02
3.395212e+00    -7.584186e-02
3.407425e+00    -7.454558e-02
3.419638e+00    -7.327866e-02
3.431851e+00    -7.204013e-02
3.444064e+00    -7.082895e-02
3.456277e+00    -6.964415e-02
3.468490e+00    -6.848474e-02
3.480703e+00    -6.734978e-02
3.492916e+00    -6.623830e-02
3.505129e+00    -6.514938e-02
3.517342e+00    -6.408211e-02
3.529555e+00    -6.303560e-02
3.541768e+00    -6.200898e-02
3.553981e+00    -6.100136e-02
3.566194e+00    -6.001193e-02
3.578407e+00    -5.903989e-02
3.590620e+00    -5.808444e-02
3.602833e+00    -5.714478e-02
3.615046e+00    -5.622019e-02
3.627259e+00    -5.530994e-02
3.639472e+00    -5.441333e-02
3.651685e+00    -5.352966e-02
3.663898e+00    -5.265833e-02
3.676111e+00    -5.179865e-02
3.688324e+00    -5.095005e-02
3.700537e+00    -5.011193e-02
3.712750e+00    -4.928377e-02
3.724963e+00    -4.846500e-02
3.737176e+00    -4.765512e-02
3.749389e+00    -4.685368e-02
3.761602e+00    -4.606019e-02
3.773815e+00    -4.527424e-02
3.786028e+00    -4.449540e-02
3.798241e+00    -4.372332e-02
3.810454e+00    -4.295764e-02
3.822667e+00    -4.219800e-02
3.834880e+00    -4.144412e-02
3.847093e+00    -4.069569e-02
3.859306e+00    -3.995249e-02
3.871519e+00    -3.921425e-02
3.883732e+00    -3.848075e-02
3.895945e+00    -3.775183e-02
3.908158e+00    -3.702731e-02
3.920371e+00    -3.630701e-02
3.932584e+00    -3.559085e-02
3.944797e+00    -3.487869e-02
3.957010e+00    -3.417046e-02
3.969223e+00    -3.346608e-02
3.981436e+00    -3.276552e-02
3.993649e+00    -3.206874e-02
4.005862e+00    -3.137573e-02
4.018075e+00    -3.068651e-02
4.030288e+00    -3.000106e-02
4.042501e+00    -2.931947e-02
4.054714e+00    -2.864175e-02
4.066927e+00    -2.796801e-02
4.079140e+00    -2.729829e-02
4.091353e+00    -2.663273e-02
4.103566e+00    -2.597139e-02
4.115779e+00    -2.531444e-02
4.127992e+00    -2.466196e-02
4.140205e+00    -2.401415e-02
4.152418e+00    -2.337111e-02
4.164631e+00    -2.273303e-02
4.176844e+00    -2.210006e-02
4.189057e+00    -2.147238e-02
4.201270e+00    -2.085021e-02
4.213483e+00    -2.023369e-02
4.225696e+00    -1.962305e-02
4.237909e+00    -1.901846e-02
4.250122e+00    -1.842017e-02
4.262335e+00    -1.782832e-02
4.274548e+00    -1.724320e-02
4.286761e+00    -1.666495e-02
4.298974e+00    -1.609384e-02
4.311187e+00    -1.553004e-02
4.323400e+00    -1.497381e-02
4.335613e+00    -1.442532e-02
4.347826e+00    -1.388482e-02
4.360039e+00    -1.335249e-02
4.372252e+00    -1.282857e-02
4.384465e+00    -1.231324e-02
4.396678e+00    -1.180674e-02
4.408891e+00    -1.130921e-02
4.421104e+00    -1.082091e-02
4.433317e+00    -1.034197e-02
4.445530e+00    -9.872628e-03
4.457743e+00    -9.413021e-03
4.469956e+00    -8.963353e-03
4.482169e+00    -8.523759e-03
4.494382e+00    -8.094426e-03
4.506595e+00    -7.675475e-03
4.518808e+00    -7.267082e-03
4.531021e+00    -6.869345e-03
4.543234e+00    -6.482424e-03
4.555447e+00    -6.106406e-03
4.567660e+00    -5.741424e-03
4.579873e+00    -5.387546e-03
4.592086e+00    -5.044899e-03
4.604299e+00    -4.713523e-03
4.616512e+00    -4.393512e-03
4.628725e+00    -4.084907e-03
4.640938e+00    -3.787771e-03
4.653151e+00    -3.502126e-03
4.665364e+00    -3.228010e-03
4.677577e+00    -2.965426e-03
4.689790e+00    -2.714394e-03
4.702003e+00    -2.474890e-03
4.714216e+00    -2.246915e-03
4.726429e+00    -2.030422e-03
4.738642e+00    -1.825389e-03
4.750855e+00    -1.631749e-03
4.763068e+00    -1.449455e-03
4.775281e+00    -1.278428e-03
4.787494e+00    -1.118587e-03
4.799707e+00    -9.698441e-04
4.811920e+00    -8.320918e-04
4.824133e+00    -7.052101e-04
4.836346e+00    -5.890863e-04
4.848559e+00    -4.835788e-04
4.860772e+00    -3.885507e-04
4.872985e+00    -3.038455e-04
4.885198e+00    -2.293032e-04
4.897411e+00    -1.647482e-04
4.909624e+00    -1.100036e-04
4.921837e+00    -6.487951e-05
4.934050e+00    -2.918442e-05
4.946263e+00    -2.710751e-06
4.958476e+00    1.475311e-05
4.970689e+00    2.343226e-05
4.982902e+00    2.354651e-05
4.995115e+00    1.533271e-05
5.007328e+00    -9.716641e-07
5.019541e+00    -2.512302e-05
5.031754e+00    -5.686504e-05
5.043967e+00    -9.594575e-05
5.056180e+00    -1.421004e-04
5.068393e+00    -1.950669e-04
5.080606e+00    -2.545696e-04
5.092819e+00    -3.203448e-04
5.105031e+00    -3.921070e-04
5.117245e+00    -4.695781e-04
5.129457e+00    -5.524769e-04
5.141671e+00    -6.405204e-04
5.153883e+00    -7.334165e-04
5.166097e+00    -8.308854e-04
5.178309e+00    -9.326312e-04
5.190523e+00    -1.038371e-03
5.202735e+00    -1.147809e-03
5.214949e+00    -1.260659e-03
5.227162e+00    -1.376634e-03
5.239375e+00    -1.495438e-03
5.251588e+00    -1.616794e-03
5.263801e+00    -1.740412e-03
5.276014e+00    -1.866009e-03
5.288227e+00    -1.993306e-03
5.300440e+00    -2.122035e-03
5.312653e+00    -2.251891e-03
5.324866e+00    -2.382636e-03
5.337079e+00    -2.513983e-03
5.349292e+00    -2.645682e-03
5.361505e+00    -2.777460e-03
5.373718e+00    -2.909076e-03
5.385931e+00    -3.040268e-03
5.398144e+00    -3.170802e-03
5.410357e+00    -3.300430e-03
5.422570e+00    -3.428933e-03
5.434783e+00    -3.556069e-03
5.446996e+00    -3.681631e-03
5.459208e+00    -3.805391e-03
5.471422e+00    -3.927156e-03
5.483634e+00    -4.046713e-03
5.495848e+00    -4.163883e-03
5.508060e+00    -4.278466e-03
5.520274e+00    -4.390293e-03
5.532486e+00    -4.499185e-03
5.544700e+00    -4.604991e-03
5.556912e+00    -4.707544e-03
5.569126e+00    -4.806703e-03
5.581338e+00    -4.902326e-03
5.593552e+00    -4.994289e-03
5.605764e+00    -5.082456e-03
5.617978e+00    -5.166730e-03
5.630190e+00    -5.246988e-03
5.642404e+00    -5.323145e-03
5.654616e+00    -5.395103e-03
5.666830e+00    -5.462790e-03
5.679042e+00    -5.526127e-03
5.691256e+00    -5.585053e-03
5.703468e+00    -5.639512e-03
5.715682e+00    -5.689456e-03
5.727894e+00    -5.734844e-03
5.740108e+00    -5.775653e-03
5.752320e+00    -5.811852e-03
5.764534e+00    -5.843432e-03
5.776746e+00    -5.870380e-03
5.788960e+00    -5.892706e-03
5.801172e+00    -5.910416e-03
5.813385e+00    -5.923520e-03
5.825598e+00    -5.932052e-03
5.837811e+00    -5.936036e-03
5.850024e+00    -5.935516e-03
5.862237e+00    -5.930531e-03
5.874450e+00    -5.921139e-03
5.886663e+00    -5.907396e-03
5.898876e+00    -5.889370e-03
5.911089e+00    -5.867127e-03
5.923302e+00    -5.840750e-03
5.935515e+00    -5.810319e-03
5.947728e+00    -5.775927e-03
5.959941e+00    -5.737662e-03
5.972154e+00    -5.695628e-03
5.984367e+00    -5.649927e-03
5.996580e+00    -5.600672e-03
6.008793e+00    -5.547964e-03
6.021006e+00    -5.491935e-03
6.033219e+00    -5.432696e-03
6.045432e+00    -5.370376e-03
6.057645e+00    -5.305103e-03
6.069858e+00    -5.237008e-03
6.082071e+00    -5.166222e-03
6.094284e+00    -5.092888e-03
6.106497e+00    -5.017137e-03
6.118710e+00    -4.939118e-03
6.130923e+00    -4.858968e-03
6.143136e+00    -4.776833e-03
6.155349e+00    -4.692856e-03
6.167562e+00    -4.607189e-03
6.179775e+00    -4.519971e-03
6.191988e+00    -4.431360e-03
6.204201e+00    -4.341495e-03
6.216414e+00    -4.250530e-03
6.228627e+00    -4.158607e-03
6.240840e+00    -4.065880e-03
6.253053e+00    -3.972489e-03
6.265266e+00    -3.878577e-03
6.277479e+00    -3.784298e-03
6.289692e+00    -3.689787e-03
6.301905e+00    -3.595182e-03
6.314118e+00    -3.500638e-03
6.326331e+00    -3.406277e-03
6.338544e+00    -3.312235e-03
6.350757e+00    -3.218652e-03
6.362970e+00    -3.125644e-03
6.375183e+00    -3.033351e-03
6.387396e+00    -2.941889e-03
6.399609e+00    -2.851384e-03
6.411822e+00    -2.761939e-03
6.424035e+00    -2.673685e-03
6.436248e+00    -2.586718e-03
6.448461e+00    -2.501154e-03
6.460674e+00    -2.417087e-03
6.472887e+00    -2.334622e-03
6.485100e+00    -2.253841e-03
6.497313e+00    -2.174847e-03
6.509526e+00    -2.097714e-03
6.521739e+00    -2.022528e-03
6.533952e+00    -1.949361e-03
6.546165e+00    -1.878288e-03
6.558378e+00    -1.809371e-03
6.570591e+00    -1.742676e-03
6.582804e+00    -1.678257e-03
6.595017e+00    -1.616169e-03
6.607230e+00    -1.556451e-03
6.619443e+00    -1.499156e-03
6.631656e+00    -1.444310e-03
6.643869e+00    -1.391957e-03
6.656082e+00    -1.342114e-03
6.668295e+00    -1.294810e-03
6.680508e+00    -1.250062e-03
6.692721e+00    -1.207881e-03
6.704934e+00    -1.168275e-03
6.717147e+00    -1.131249e-03
6.729360e+00    -1.096800e-03
6.741573e+00    -1.064922e-03
6.753786e+00    -1.035606e-03
6.765999e+00    -1.008834e-03
6.778212e+00    -9.845890e-04
6.790425e+00    -9.628469e-04
6.802638e+00    -9.435765e-04
6.814851e+00    -9.267499e-04
6.827064e+00    -9.123256e-04
6.839277e+00    -9.002702e-04
6.851490e+00    -8.905316e-04
6.863703e+00    -8.830697e-04
6.875916e+00    -8.778308e-04
6.888129e+00    -8.747522e-04
6.900342e+00    -8.737906e-04
6.912555e+00    -8.748702e-04
6.924768e+00    -8.779357e-04
6.936981e+00    -8.829184e-04
6.949194e+00    -8.897423e-04
6.961407e+00    -8.983491e-04
6.973620e+00    -9.086530e-04
6.985833e+00    -9.205764e-04
6.998046e+00    -9.340452e-04
7.010259e+00    -9.489742e-04
7.022472e+00    -9.652831e-04
7.034685e+00    -9.828885e-04
7.046898e+00    -1.001700e-03
7.059111e+00    -1.021637e-03
7.071324e+00    -1.042607e-03
7.083537e+00    -1.064519e-03
7.095750e+00    -1.087290e-03
7.107963e+00    -1.110820e-03
7.120176e+00    -1.135026e-03
7.132389e+00    -1.159816e-03
7.144602e+00    -1.185091e-03
7.156815e+00    -1.210768e-03
7.169028e+00    -1.236755e-03
7.181241e+00    -1.262958e-03
7.193454e+00    -1.289289e-03
7.205667e+00    -1.315657e-03
7.217880e+00    -1.341976e-03
7.230093e+00    -1.368152e-03
7.242306e+00    -1.394107e-03
7.254519e+00    -1.419750e-03
7.266732e+00    -1.445000e-03
7.278944e+00    -1.469772e-03
7.291158e+00    -1.493986e-03
7.303371e+00    -1.517564e-03
7.315584e+00    -1.540428e-03
7.327797e+00    -1.562505e-03
7.340010e+00    -1.583721e-03
7.352223e+00    -1.604000e-03
7.364436e+00    -1.623282e-03
7.376649e+00    -1.641499e-03
7.388862e+00    -1.658583e-03
7.401075e+00    -1.674493e-03
7.413288e+00    -1.689123e-03
7.425501e+00    -1.702464e-03
7.437714e+00    -1.714454e-03
7.449927e+00    -1.725037e-03
7.462140e+00    -1.734163e-03
7.474353e+00    -1.741793e-03
7.486566e+00    -1.747891e-03
7.498779e+00    -1.752418e-03
7.510992e+00    -1.755327e-03
7.523205e+00    -1.756604e-03
7.535418e+00    -1.756214e-03
7.547631e+00    -1.754132e-03
7.559844e+00    -1.750337e-03
7.572057e+00    -1.744807e-03
7.584270e+00    -1.737538e-03
7.596483e+00    -1.728510e-03
7.608696e+00    -1.717713e-03
7.620909e+00    -1.705148e-03
7.633121e+00    -1.690809e-03
7.645335e+00    -1.674697e-03
7.657547e+00    -1.656819e-03
7.669761e+00    -1.637180e-03
7.681973e+00    -1.615791e-03
7.694187e+00    -1.592669e-03
7.706399e+00    -1.567826e-03
7.718613e+00    -1.541280e-03
7.730825e+00    -1.513059e-03
7.743039e+00    -1.483185e-03
7.755251e+00    -1.451686e-03
7.767465e+00    -1.418591e-03
7.779677e+00    -1.383938e-03
7.791891e+00    -1.347754e-03
7.804103e+00    -1.310090e-03
7.816317e+00    -1.270968e-03
7.828529e+00    -1.230451e-03
7.840743e+00    -1.188569e-03
7.852955e+00    -1.145376e-03
7.865169e+00    -1.100917e-03
7.877381e+00    -1.055247e-03
7.889595e+00    -1.008410e-03
7.901807e+00    -9.604649e-04
7.914021e+00    -9.114761e-04
7.926233e+00    -8.614919e-04
7.938447e+00    -8.105685e-04
7.950659e+00    -7.587759e-04
7.962873e+00    -7.061571e-04
7.975085e+00    -6.527886e-04
7.987298e+00    -5.987284e-04
7.999511e+00    -5.440464e-04
8.011724e+00    -4.887949e-04
8.023937e+00    -4.330486e-04
8.036150e+00    -3.768692e-04
8.048364e+00    -3.203189e-04
8.060576e+00    -2.634691e-04
8.072789e+00    -2.063835e-04
8.085002e+00    -1.491274e-04
8.097216e+00    -9.175949e-05
8.109428e+00    -3.436380e-05
8.121641e+00    2.300997e-05
8.133854e+00    8.028955e-05
8.146068e+00    1.374226e-04
8.158280e+00    1.943301e-04
8.170493e+00    2.509569e-04
8.182706e+00    3.072366e-04
8.194920e+00    3.631200e-04
8.207132e+00    4.185332e-04
8.219345e+00    4.734223e-04
8.231558e+00    5.277295e-04
8.243772e+00    5.814019e-04
8.255984e+00    6.343776e-04
8.268197e+00    6.866063e-04
8.280410e+00    7.380386e-04
8.292624e+00    7.886232e-04
8.304836e+00    8.383036e-04
8.317049e+00    8.870418e-04
8.329262e+00    9.347859e-04
8.341475e+00    9.815018e-04
8.353688e+00    1.027136e-03
8.365901e+00    1.071658e-03
8.378115e+00    1.115028e-03
8.390327e+00    1.157204e-03
8.402540e+00    1.198164e-03
8.414753e+00    1.237860e-03
8.426967e+00    1.276281e-03
8.439179e+00    1.313387e-03
8.451392e+00    1.349159e-03
8.463605e+00    1.383572e-03
8.475819e+00    1.416608e-03
8.488031e+00    1.448246e-03
8.500244e+00    1.478471e-03
8.512457e+00    1.507269e-03
8.524671e+00    1.534628e-03
8.536883e+00    1.560543e-03
8.549096e+00    1.584998e-03
8.561309e+00    1.607997e-03
8.573523e+00    1.629536e-03
8.585735e+00    1.649608e-03
8.597948e+00    1.668234e-03
8.610161e+00    1.685379e-03
8.622375e+00    1.701087e-03
8.634587e+00    1.715348e-03
8.646800e+00    1.728179e-03
8.659013e+00    1.739589e-03
8.671227e+00    1.749596e-03
8.683439e+00    1.758206e-03
8.695652e+00    1.765445e-03
8.707865e+00    1.771334e-03
8.720078e+00    1.775891e-03
8.732291e+00    1.779136e-03
8.744504e+00    1.781100e-03
8.756717e+00    1.781808e-03
8.768930e+00    1.781284e-03
8.781143e+00    1.779558e-03
8.793356e+00    1.776667e-03
8.805569e+00    1.772635e-03
8.817782e+00    1.767498e-03
8.829995e+00    1.761290e-03
8.842208e+00    1.754052e-03
8.854421e+00    1.745813e-03
8.866634e+00    1.736612e-03
8.878847e+00    1.726492e-03
8.891060e+00    1.715488e-03
8.903273e+00    1.703633e-03
8.915486e+00    1.690988e-03
8.927699e+00    1.677575e-03
8.939912e+00    1.663441e-03
8.952125e+00    1.648628e-03
8.964338e+00    1.633181e-03
8.976551e+00    1.617139e-03
8.988764e+00    1.600544e-03
9.000977e+00    1.583451e-03
9.013190e+00    1.565876e-03
9.025403e+00    1.547891e-03
9.037616e+00    1.529520e-03
9.049829e+00    1.510813e-03
9.062042e+00    1.491806e-03
9.074255e+00    1.472549e-03
9.086468e+00    1.453076e-03
9.098680e+00    1.433422e-03
9.110894e+00    1.413651e-03
9.123107e+00    1.393778e-03
9.135320e+00    1.373852e-03
9.147532e+00    1.353911e-03
9.159746e+00    1.333987e-03
9.171959e+00    1.314122e-03
9.184172e+00    1.294350e-03
9.196384e+00    1.274704e-03
9.208598e+00    1.255215e-03
9.220811e+00    1.235918e-03
9.233024e+00    1.216845e-03
9.245236e+00    1.198026e-03
9.257450e+00    1.179487e-03
9.269663e+00    1.161255e-03
9.281876e+00    1.143358e-03
9.294088e+00    1.125818e-03
9.306302e+00    1.108661e-03
9.318515e+00    1.091911e-03
9.330728e+00    1.075583e-03
9.342940e+00    1.059697e-03
9.355154e+00    1.044269e-03
9.367367e+00    1.029321e-03
9.379580e+00    1.014863e-03
9.391793e+00    1.000908e-03
9.404006e+00    9.874668e-04
9.416219e+00    9.745538e-04
9.428432e+00    9.621702e-04
9.440645e+00    9.503282e-04
9.452858e+00    9.390299e-04
9.465071e+00    9.282825e-04
9.477283e+00    9.180842e-04
9.489497e+00    9.084410e-04
9.501710e+00    8.993411e-04
9.513923e+00    8.907935e-04
9.526135e+00    8.827882e-04
9.538349e+00    8.753224e-04
9.550562e+00    8.683931e-04
9.562775e+00    8.619851e-04
9.574987e+00    8.560874e-04
9.587201e+00    8.506998e-04
9.599414e+00    8.458117e-04
9.611627e+00    8.413862e-04
9.623839e+00    8.374340e-04
9.636053e+00    8.339282e-04
9.648266e+00    8.308533e-04
9.660479e+00    8.281964e-04
9.672691e+00    8.259296e-04
9.684905e+00    8.240386e-04
9.697118e+00    8.225032e-04
9.709331e+00    8.212958e-04
9.721543e+00    8.204024e-04
9.733757e+00    8.197905e-04
9.745970e+00    8.194442e-04
9.758183e+00    8.193303e-04
9.770395e+00    8.194299e-04
9.782609e+00    8.197103e-04
9.794822e+00    8.201536e-04
9.807034e+00    8.207210e-04
9.819247e+00    8.213928e-04
9.831461e+00    8.221408e-04
9.843674e+00    8.229333e-04
9.855886e+00    8.237460e-04
9.868099e+00    8.245478e-04
9.880313e+00    8.253078e-04
9.892526e+00    8.260019e-04
9.904738e+00    8.266024e-04
9.916951e+00    8.270666e-04
9.929165e+00    8.273809e-04
9.941378e+00    8.275098e-04
9.953590e+00    8.274294e-04
9.965803e+00    8.271089e-04
9.978017e+00    8.265193e-04
9.990230e+00    8.256352e-04
1.000244e+01    8.244326e-04
1.001466e+01    8.228774e-04
1.002687e+01    8.209499e-04
1.003908e+01    8.186231e-04
1.005129e+01    8.158723e-04
1.006351e+01    8.126746e-04
1.007572e+01    8.090084e-04
1.008793e+01    8.048460e-04
1.010015e+01    8.001581e-04
1.011236e+01    7.949634e-04
1.012457e+01    7.891950e-04
1.013679e+01    7.828594e-04
1.014900e+01    7.759282e-04
1.016121e+01    7.683911e-04
1.017342e+01    7.602300e-04
1.018564e+01    7.514323e-04
1.019785e+01    7.419772e-04
1.021006e+01    7.318664e-04
1.022228e+01    7.210742e-04
1.023449e+01    7.095992e-04
1.024670e+01    6.974282e-04
1.025891e+01    6.845568e-04
1.027113e+01    6.709740e-04
1.028334e+01    6.566817e-04
1.029555e+01    6.416665e-04
1.030777e+01    6.259329e-04
1.031998e+01    6.094814e-04
1.033219e+01    5.923025e-04
1.034441e+01    5.744075e-04
1.035662e+01    5.557917e-04
1.036883e+01    5.364600e-04
1.038105e+01    5.164208e-04
1.039326e+01    4.956731e-04
1.040547e+01    4.742331e-04
1.041768e+01    4.521029e-04
1.042990e+01    4.292965e-04
1.044211e+01    4.058203e-04
1.045432e+01    3.816888e-04
1.046654e+01    3.569185e-04
1.047875e+01    3.315204e-04
1.049096e+01    3.055065e-04
1.050318e+01    2.789029e-04
1.051539e+01    2.517142e-04
1.052760e+01    2.239735e-04
1.053981e+01    1.956912e-04
1.055203e+01    1.668882e-04
1.056424e+01    1.375905e-04
1.057645e+01    1.078208e-04
1.058867e+01    7.760004e-05
1.060088e+01    4.694708e-05
1.061309e+01    1.589586e-05
1.062531e+01    -1.552993e-05
1.063752e+01    -4.730870e-05
1.064973e+01    -7.941002e-05
1.066194e+01    -1.118037e-04
1.067416e+01    -1.444643e-04
1.068637e+01    -1.773644e-04
1.069858e+01    -2.104750e-04
1.071080e+01    -2.437588e-04
1.072301e+01    -2.771960e-04
1.073522e+01    -3.107499e-04
1.074744e+01    -3.443930e-04
1.075965e+01    -3.780931e-04
1.077186e+01    -4.118192e-04
1.078407e+01    -4.455381e-04
1.079629e+01    -4.792173e-04
1.080850e+01    -5.128366e-04
1.082071e+01    -5.463500e-04
1.083293e+01    -5.797361e-04
1.084514e+01    -6.129604e-04
1.085735e+01    -6.459877e-04
1.086957e+01    -6.787933e-04
1.088178e+01    -7.113427e-04
1.089399e+01    -7.436100e-04
1.090620e+01    -7.755610e-04
1.091842e+01    -8.071639e-04
1.093063e+01    -8.383944e-04
1.094284e+01    -8.692244e-04
1.095506e+01    -8.996209e-04
1.096727e+01    -9.295614e-04
1.097948e+01    -9.590114e-04
1.099170e+01    -9.879485e-04
1.100391e+01    -1.016354e-03
1.101612e+01    -1.044188e-03
1.102833e+01    -1.071440e-03
1.104055e+01    -1.098083e-03
1.105276e+01    -1.124083e-03
1.106497e+01    -1.149432e-03
1.107719e+01    -1.174103e-03
1.108940e+01    -1.198076e-03
1.110161e+01    -1.221331e-03
1.111382e+01    -1.243849e-03
1.112604e+01    -1.265617e-03
1.113825e+01    -1.286615e-03
1.115046e+01    -1.306828e-03
1.116268e+01    -1.326242e-03
1.117489e+01    -1.344841e-03
1.118710e+01    -1.362620e-03
1.119932e+01    -1.379557e-03
1.121153e+01    -1.395653e-03
1.122374e+01    -1.410889e-03
1.123596e+01    -1.425263e-03
1.124817e+01    -1.438767e-03
1.126038e+01    -1.451395e-03
1.127259e+01    -1.463140e-03
1.128481e+01    -1.474004e-03
1.129702e+01    -1.483978e-03
1.130923e+01    -1.493064e-03
1.132145e+01    -1.501263e-03
1.133366e+01    -1.508573e-03
1.134587e+01    -1.514994e-03
1.135808e+01    -1.520535e-03
1.137030e+01    -1.525197e-03
1.138251e+01    -1.528983e-03
1.139472e+01    -1.531902e-03
1.140694e+01    -1.533959e-03
1.141915e+01    -1.535163e-03
1.143136e+01    -1.535524e-03
1.144358e+01    -1.535048e-03
1.145579e+01    -1.533753e-03
1.146800e+01    -1.531644e-03
1.148022e+01    -1.528738e-03
1.149243e+01    -1.525046e-03
1.150464e+01    -1.520582e-03
1.151685e+01    -1.515364e-03
1.152907e+01    -1.509408e-03
1.154128e+01    -1.502729e-03
1.155349e+01    -1.495342e-03
1.156571e+01    -1.487271e-03
1.157792e+01    -1.478528e-03
1.159013e+01    -1.469138e-03
1.160234e+01    -1.459119e-03
1.161456e+01    -1.448489e-03
1.162677e+01    -1.437271e-03
1.163898e+01    -1.425489e-03
1.165120e+01    -1.413158e-03
1.166341e+01    -1.400308e-03
1.167562e+01    -1.386958e-03
1.168784e+01    -1.373132e-03
1.170005e+01    -1.358848e-03
1.171226e+01    -1.344139e-03
1.172447e+01    -1.329016e-03
1.173669e+01    -1.313517e-03
1.174890e+01    -1.297658e-03
1.176111e+01    -1.281459e-03
1.177333e+01    -1.264954e-03
1.178554e+01    -1.248159e-03
1.179775e+01    -1.231095e-03
1.180997e+01    -1.213806e-03
1.182218e+01    -1.196292e-03
1.183439e+01    -1.178590e-03
1.184660e+01    -1.160718e-03
1.185882e+01    -1.142703e-03
1.187103e+01    -1.124560e-03
1.188324e+01    -1.106327e-03
1.189546e+01    -1.088013e-03
1.190767e+01    -1.069644e-03
1.191988e+01    -1.051242e-03
1.193210e+01    -1.032831e-03
1.194431e+01    -1.014428e-03
1.195652e+01    -9.960531e-04
1.196873e+01    -9.777301e-04
1.198095e+01    -9.594776e-04
1.199316e+01    -9.413114e-04
1.200537e+01    -9.232550e-04
1.201759e+01    -9.053214e-04
1.202980e+01    -8.875268e-04
1.204201e+01    -8.698955e-04
1.205423e+01    -8.524340e-04
1.206644e+01    -8.351645e-04
1.207865e+01    -8.180933e-04
1.209086e+01    -8.012446e-04
1.210308e+01    -7.846142e-04
1.211529e+01    -7.682456e-04
1.212750e+01    -7.521245e-04
1.213972e+01    -7.362671e-04
1.215193e+01    -7.206838e-04
1.216414e+01    -7.053875e-04
1.217636e+01    -6.903843e-04
1.218857e+01    -6.756827e-04
1.220078e+01    -6.612861e-04
1.221299e+01    -6.472077e-04
1.222521e+01    -6.334493e-04
1.223742e+01    -6.200150e-04
1.224963e+01    -6.069092e-04
1.226185e+01    -5.941356e-04
1.227406e+01    -5.816952e-04
1.228627e+01    -5.695927e-04
1.229849e+01    -5.578252e-04
1.231070e+01    -5.463963e-04
1.232291e+01    -5.353051e-04
1.233512e+01    -5.245489e-04
1.234734e+01    -5.141206e-04
1.235955e+01    -5.040307e-04
1.237176e+01    -4.942637e-04
1.238398e+01    -4.848215e-04
1.239619e+01    -4.756968e-04
1.240840e+01    -4.668845e-04
1.242062e+01    -4.583849e-04
1.243283e+01    -4.501815e-04
1.244504e+01    -4.422765e-04
1.245725e+01    -4.346549e-04
1.246947e+01    -4.273137e-04
1.248168e+01    -4.202409e-04
1.249389e+01    -4.134318e-04
1.250611e+01    -4.068699e-04
1.251832e+01    -4.005508e-04
1.253053e+01    -3.944620e-04
1.254275e+01    -3.885971e-04
1.255496e+01    -3.829396e-04
1.256717e+01    -3.774784e-04
1.257938e+01    -3.722059e-04
1.259160e+01    -3.671087e-04
1.260381e+01    -3.621751e-04
1.261602e+01    -3.573860e-04
1.262824e+01    -3.527369e-04
1.264045e+01    -3.482135e-04
1.265266e+01    -3.438015e-04
1.266488e+01    -3.394878e-04
1.267709e+01    -3.352616e-04
1.268930e+01    -3.311109e-04
1.270151e+01    -3.270200e-04
1.271373e+01    -3.229695e-04
1.272594e+01    -3.189585e-04
1.273815e+01    -3.149681e-04
1.275037e+01    -3.109824e-04
1.276258e+01    -3.069995e-04
1.277479e+01    -3.029983e-04
1.278701e+01    -2.989660e-04
1.279922e+01    -2.948930e-04
1.281143e+01    -2.907670e-04
1.282364e+01    -2.865765e-04
1.283586e+01    -2.823113e-04
1.284807e+01    -2.779580e-04
1.286028e+01    -2.735090e-04
1.287250e+01    -2.689479e-04
1.288471e+01    -2.642704e-04
1.289692e+01    -2.594662e-04
1.290914e+01    -2.545204e-04
1.292135e+01    -2.494386e-04
1.293356e+01    -2.441952e-04
1.294577e+01    -2.387914e-04
1.295799e+01    -2.332144e-04
1.297020e+01    -2.274624e-04
1.298241e+01    -2.215287e-04
1.299463e+01    -2.154053e-04
1.300684e+01    -2.090840e-04
1.301905e+01    -2.025633e-04
1.303127e+01    -1.958423e-04
1.304348e+01    -1.889078e-04
1.305569e+01    -1.817661e-04
1.306790e+01    -1.744066e-04
1.308012e+01    -1.668313e-04
1.309233e+01    -1.590356e-04
1.310454e+01    -1.510217e-04
1.311676e+01    -1.427873e-04
1.312897e+01    -1.343299e-04
1.314118e+01    -1.256577e-04
1.315340e+01    -1.167619e-04
1.316561e+01    -1.076496e-04
1.317782e+01    -9.832538e-05
1.319003e+01    -8.878632e-05
1.320225e+01    -7.904421e-05
1.321446e+01    -6.908445e-05
1.322667e+01    -5.893064e-05
1.323889e+01    -4.858087e-05
1.325110e+01    -3.804061e-05
1.326331e+01    -2.731312e-05
1.327553e+01    -1.640858e-05
1.328774e+01    -5.333150e-06
1.329995e+01    5.906104e-06
1.331216e+01    1.730528e-05
1.332438e+01    2.885372e-05
1.333659e+01    4.053716e-05
1.334880e+01    5.235517e-05
1.336102e+01    6.429390e-05
1.337323e+01    7.634438e-05
1.338544e+01    8.849615e-05
1.339766e+01    1.007445e-04
1.340987e+01    1.130766e-04
1.342208e+01    1.254671e-04
1.343429e+01    1.379206e-04
1.344651e+01    1.504234e-04
1.345872e+01    1.629626e-04
1.347093e+01    1.755261e-04
1.348315e+01    1.880985e-04
1.349536e+01    2.006714e-04
1.350757e+01    2.132356e-04
1.351978e+01    2.257751e-04
1.353200e+01    2.382706e-04
1.354421e+01    2.507252e-04
1.355642e+01    2.631083e-04
1.356864e+01    2.754220e-04
1.358085e+01    2.876427e-04
1.359306e+01    2.997645e-04
1.360528e+01    3.117677e-04
1.361749e+01    3.236575e-04
1.362970e+01    3.354022e-04
1.364192e+01    3.469978e-04
1.365413e+01    3.584308e-04
1.366634e+01    3.696879e-04
1.367855e+01    3.807591e-04
1.369077e+01    3.916350e-04
1.370298e+01    4.022990e-04
1.371519e+01    4.127428e-04
1.372741e+01    4.229509e-04
1.373962e+01    4.329224e-04
1.375183e+01    4.426391e-04
1.376404e+01    4.520986e-04
1.377626e+01    4.612803e-04
1.378847e+01    4.701811e-04
1.380068e+01    4.787951e-04
1.381290e+01    4.871072e-04
1.382511e+01    4.951153e-04
1.383732e+01    5.028078e-04
1.384954e+01    5.101776e-04
1.386175e+01    5.172218e-04
1.387396e+01    5.239283e-04
1.388618e+01    5.302922e-04
1.389839e+01    5.363118e-04
1.391060e+01    5.419810e-04
1.392281e+01    5.472936e-04
1.393503e+01    5.522446e-04
1.394724e+01    5.568303e-04
1.395945e+01    5.610530e-04
1.397167e+01    5.649034e-04
1.398388e+01    5.683829e-04
1.399609e+01    5.714904e-04
1.400830e+01    5.742224e-04
1.402052e+01    5.765806e-04
1.403273e+01    5.785657e-04
1.404494e+01    5.801762e-04
1.405716e+01    5.814119e-04
1.406937e+01    5.822778e-04
1.408158e+01    5.827759e-04
1.409380e+01    5.829035e-04
1.410601e+01    5.826817e-04
1.411822e+01    5.820802e-04
1.413043e+01    5.811318e-04
1.414265e+01    5.798315e-04
1.415486e+01    5.781864e-04
1.416707e+01    5.761998e-04
1.417929e+01    5.738790e-04
1.419150e+01    5.712387e-04
1.420371e+01    5.682567e-04
1.421593e+01    5.649702e-04
1.422814e+01    5.613784e-04
1.424035e+01    5.574849e-04
1.425256e+01    5.533043e-04
1.426478e+01    5.488392e-04
1.427699e+01    5.441027e-04
1.428920e+01    5.391060e-04
1.430142e+01    5.338506e-04
1.431363e+01    5.283554e-04
1.432584e+01    5.226295e-04
1.433806e+01    5.166764e-04
1.435027e+01    5.105123e-04
1.436248e+01    5.041476e-04
1.437469e+01    4.975972e-04
1.438691e+01    4.908666e-04
1.439912e+01    4.839696e-04
1.441133e+01    4.769190e-04
1.442355e+01    4.697233e-04
1.443576e+01    4.623982e-04
1.444797e+01    4.549564e-04
1.446019e+01    4.474052e-04
1.447240e+01    4.397603e-04
1.448461e+01    4.320376e-04
1.449682e+01    4.242396e-04
1.450904e+01    4.163917e-04
1.452125e+01    4.084928e-04
1.453346e+01    4.005618e-04
1.454568e+01    3.926155e-04
1.455789e+01    3.846565e-04
1.457010e+01    3.766945e-04
1.458232e+01    3.687588e-04
1.459453e+01    3.608423e-04
1.460674e+01    3.529661e-04
1.461895e+01    3.451419e-04
1.463117e+01    3.373737e-04
1.464338e+01    3.296800e-04
1.465559e+01    3.220660e-04
1.466781e+01    3.145492e-04
1.468002e+01    3.071304e-04
1.469223e+01    2.998305e-04
1.470445e+01    2.926452e-04
1.471666e+01    2.855915e-04
1.472887e+01    2.786834e-04
1.474109e+01    2.719216e-04
1.475330e+01    2.653186e-04
1.476551e+01    2.588814e-04
1.477772e+01    2.526164e-04
1.478994e+01    2.465289e-04
1.480215e+01    2.406293e-04
1.481436e+01    2.349270e-04
1.482658e+01    2.294224e-04
1.483879e+01    2.241209e-04
1.485100e+01    2.190320e-04
1.486321e+01    2.141534e-04
1.487543e+01    2.094982e-04
1.488764e+01    2.050616e-04
1.489985e+01    2.008566e-04
1.491207e+01    1.968811e-04
1.492428e+01    1.931338e-04
1.493649e+01    1.896198e-04
1.494871e+01    1.863465e-04
1.496092e+01    1.833074e-04
1.497313e+01    1.805049e-04
1.498534e+01    1.779415e-04
1.499756e+01    1.756129e-04
1.500977e+01    1.735294e-04
1.502198e+01    1.716795e-04
1.503420e+01    1.700633e-04
1.504641e+01    1.686803e-04
1.505862e+01    1.675286e-04
1.507084e+01    1.666055e-04
1.508305e+01    1.659081e-04
1.509526e+01    1.654327e-04
1.510747e+01    1.651754e-04
1.511969e+01    1.651298e-04
1.513190e+01    1.652926e-04
1.514411e+01    1.656633e-04
1.515633e+01    1.662304e-04
1.516854e+01    1.669953e-04
1.518075e+01    1.679429e-04
1.519297e+01    1.690765e-04
1.520518e+01    1.703766e-04
1.521739e+01    1.718490e-04
1.522960e+01    1.734816e-04
1.524182e+01    1.752680e-04
1.525403e+01    1.771988e-04
1.526624e+01    1.792682e-04
1.527846e+01    1.814664e-04
1.529067e+01    1.837884e-04
1.530288e+01    1.862234e-04
1.531509e+01    1.887575e-04
1.532731e+01    1.913930e-04
1.533952e+01    1.941124e-04
1.535173e+01    1.969104e-04
1.536395e+01    1.997759e-04
1.537616e+01    2.027013e-04
1.538837e+01    2.056795e-04
1.540059e+01    2.086954e-04
1.541280e+01    2.117497e-04
1.542501e+01    2.148157e-04
1.543723e+01    2.178978e-04
1.544944e+01    2.209878e-04
1.546165e+01    2.240676e-04
1.547386e+01    2.271340e-04
1.548608e+01    2.301777e-04
1.549829e+01    2.331932e-04
1.551050e+01    2.361526e-04
1.552272e+01    2.390707e-04
1.553493e+01    2.419272e-04
1.554714e+01    2.447157e-04
1.555935e+01    2.474251e-04
1.557157e+01    2.500521e-04
1.558378e+01    2.525832e-04
1.559599e+01    2.550182e-04
1.560821e+01    2.573402e-04
1.562042e+01    2.595455e-04
1.563263e+01    2.616298e-04
1.564485e+01    2.635827e-04
1.565706e+01    2.654000e-04
1.566927e+01    2.670713e-04
1.568149e+01    2.685926e-04
1.569370e+01    2.699573e-04
1.570591e+01    2.711658e-04
1.571812e+01    2.722066e-04
1.573034e+01    2.730729e-04
1.574255e+01    2.737650e-04
1.575476e+01    2.742788e-04
1.576698e+01    2.746070e-04
1.577919e+01    2.747455e-04
1.579140e+01    2.746948e-04
1.580362e+01    2.744466e-04
1.581583e+01    2.740083e-04
1.582804e+01    2.733677e-04
1.584025e+01    2.725284e-04
1.585247e+01    2.714846e-04
1.586468e+01    2.702395e-04
1.587689e+01    2.687879e-04
1.588911e+01    2.671276e-04
1.590132e+01    2.652760e-04
1.591353e+01    2.632148e-04
1.592575e+01    2.609490e-04
1.593796e+01    2.584820e-04
1.595017e+01    2.558132e-04
1.596238e+01    2.529463e-04
1.597460e+01    2.498817e-04
1.598681e+01    2.466218e-04
1.599902e+01    2.431711e-04
1.601124e+01    2.395303e-04
1.602345e+01    2.357047e-04
1.603566e+01    2.316961e-04
1.604787e+01    2.275119e-04
1.606009e+01    2.231551e-04
1.607230e+01    2.186277e-04
1.608451e+01    2.139345e-04
1.609673e+01    2.090855e-04
1.610894e+01    2.040792e-04
1.612115e+01    1.989317e-04
1.613337e+01    1.936388e-04
1.614558e+01    1.882123e-04
1.615779e+01    1.826527e-04
1.617001e+01    1.769723e-04
1.618222e+01    1.711733e-04
1.619443e+01    1.652674e-04
1.620664e+01    1.592607e-04
1.621886e+01    1.531562e-04
1.623107e+01    1.469656e-04
1.624328e+01    1.406924e-04
1.625550e+01    1.343483e-04
1.626771e+01    1.279406e-04
1.627992e+01    1.214735e-04
1.629214e+01    1.149578e-04
1.630435e+01    1.084006e-04
1.631656e+01    1.018082e-04
1.632877e+01    9.519261e-05
1.634099e+01    8.855813e-05
1.635320e+01    8.191316e-05
1.636541e+01    7.526963e-05
1.637763e+01    6.862837e-05
1.638984e+01    6.200831e-05
1.640205e+01    5.540018e-05
1.641426e+01    4.882958e-05
1.642648e+01    4.229426e-05
1.643869e+01    3.580630e-05
1.645090e+01    2.936820e-05
1.646312e+01    2.299080e-05
1.647533e+01    1.667930e-05
1.648754e+01    1.044512e-05
1.649976e+01    4.293118e-06
1.651197e+01    -1.774893e-06
1.652418e+01    -7.745835e-06
1.653639e+01    -1.361581e-05
1.654861e+01    -1.937470e-05
1.656082e+01    -2.502668e-05
1.657303e+01    -3.055295e-05
1.658525e+01    -3.595422e-05
1.659746e+01    -4.122434e-05
1.660967e+01    -4.636533e-05
1.662189e+01    -5.135650e-05
1.663410e+01    -5.620963e-05
1.664631e+01    -6.090791e-05
1.665853e+01    -6.545511e-05
1.667074e+01    -6.984475e-05
1.668295e+01    -7.407103e-05
1.669516e+01    -7.813589e-05
1.670738e+01    -8.202931e-05
1.671959e+01    -8.575432e-05
1.673180e+01    -8.930470e-05
1.674402e+01    -9.268103e-05
1.675623e+01    -9.588122e-05
1.676844e+01    -9.890294e-05
1.678065e+01    -1.017457e-04
1.679287e+01    -1.044057e-04
1.680508e+01    -1.068900e-04
1.681729e+01    -1.091822e-04
1.682951e+01    -1.112992e-04
1.684172e+01    -1.132325e-04
1.685393e+01    -1.149883e-04
1.686615e+01    -1.165616e-04
1.687836e+01    -1.179553e-04
1.689057e+01    -1.191688e-04
1.690278e+01    -1.202130e-04
1.691500e+01    -1.210794e-04
1.692721e+01    -1.217755e-04
1.693942e+01    -1.223013e-04
1.695164e+01    -1.226600e-04
1.696385e+01    -1.228550e-04
1.697606e+01    -1.228912e-04
1.698828e+01    -1.227673e-04
1.700049e+01    -1.224909e-04
1.701270e+01    -1.220676e-04
1.702491e+01    -1.214982e-04
1.703713e+01    -1.207844e-04
1.704934e+01    -1.199359e-04
1.706155e+01    -1.189576e-04
1.707377e+01    -1.178490e-04
1.708598e+01    -1.166242e-04
1.709819e+01    -1.152815e-04
1.711040e+01    -1.138118e-04
1.712262e+01    -1.122589e-04
1.713483e+01    -1.105974e-04
1.714705e+01    -1.088413e-04
1.715926e+01    -1.069926e-04
1.717147e+01    -1.050651e-04
1.718368e+01    -1.030617e-04
1.719590e+01    -1.009914e-04
1.720811e+01    -9.884699e-05
1.722032e+01    -9.664774e-05
1.723254e+01    -9.439860e-05
1.724475e+01    -9.209897e-05
1.725696e+01    -8.976225e-05
1.726917e+01    -8.739428e-05
1.728139e+01    -8.499387e-05
1.729360e+01    -8.257870e-05
1.730581e+01    -8.014029e-05
1.731803e+01    -7.770481e-05
1.733024e+01    -7.525855e-05
1.734245e+01    -7.281730e-05
1.735467e+01    -7.038648e-05
1.736688e+01    -6.796790e-05
1.737909e+01    -6.557398e-05
1.739130e+01    -6.320329e-05
1.740352e+01    -6.086267e-05
1.741573e+01    -5.856559e-05
1.742794e+01    -5.630784e-05
1.744016e+01    -5.409837e-05
1.745237e+01    -5.194034e-05
1.746458e+01    -4.984043e-05
1.747680e+01    -4.780406e-05
1.748901e+01    -4.583186e-05
1.750122e+01    -4.393393e-05
1.751343e+01    -4.210688e-05
1.752565e+01    -4.035795e-05
1.753786e+01    -3.869549e-05
1.755007e+01    -3.711640e-05
1.756229e+01    -3.562567e-05
1.757450e+01    -3.422645e-05
1.758671e+01    -3.292465e-05
1.759892e+01    -3.172359e-05
1.761114e+01    -3.061247e-05
1.762335e+01    -2.961080e-05
1.763556e+01    -2.871390e-05
1.764778e+01    -2.791749e-05
1.765999e+01    -2.722851e-05
1.767220e+01    -2.665235e-05
1.768442e+01    -2.617810e-05
1.769663e+01    -2.581238e-05
1.770884e+01    -2.556483e-05
1.772106e+01    -2.542562e-05
1.773327e+01    -2.539102e-05
1.774548e+01    -2.546864e-05
1.775769e+01    -2.565459e-05
1.776991e+01    -2.595128e-05
1.778212e+01    -2.635116e-05
1.779433e+01    -2.685794e-05
1.780655e+01    -2.747431e-05
1.781876e+01    -2.818668e-05
1.783097e+01    -2.900232e-05
1.784319e+01    -2.991669e-05
1.785540e+01    -3.092563e-05
1.786761e+01    -3.203151e-05
1.787982e+01    -3.322133e-05
1.789204e+01    -3.450113e-05
1.790425e+01    -3.587191e-05
1.791646e+01    -3.731967e-05
1.792868e+01    -3.884411e-05
1.794089e+01    -4.044418e-05
1.795310e+01    -4.211244e-05
1.796531e+01    -4.384829e-05
1.797753e+01    -4.564266e-05
1.798974e+01    -4.749978e-05
1.800196e+01    -4.940826e-05
1.801417e+01    -5.136487e-05
1.802638e+01    -5.336544e-05
1.803859e+01    -5.540572e-05
1.805081e+01    -5.747699e-05
1.806302e+01    -5.958436e-05
1.807523e+01    -6.171287e-05
1.808744e+01    -6.385904e-05
1.809966e+01    -6.602154e-05
1.811187e+01    -6.820066e-05
1.812408e+01    -7.037047e-05
1.813630e+01    -7.254616e-05
1.814851e+01    -7.471477e-05
1.816072e+01    -7.687238e-05
1.817294e+01    -7.901416e-05
1.818515e+01    -8.113246e-05
1.819736e+01    -8.322351e-05
1.820958e+01    -8.528651e-05
1.822179e+01    -8.730823e-05
1.823400e+01    -8.928549e-05
1.824621e+01    -9.122025e-05
1.825843e+01    -9.310362e-05
1.827064e+01    -9.492319e-05
1.828285e+01    -9.668688e-05
1.829507e+01    -9.838957e-05
1.830728e+01    -1.000159e-04
1.831949e+01    -1.015633e-04
1.833171e+01    -1.030309e-04
1.834392e+01    -1.044230e-04
1.835613e+01    -1.057220e-04
1.836834e+01    -1.069317e-04
1.838056e+01    -1.080463e-04
1.839277e+01    -1.090621e-04
1.840498e+01    -1.099777e-04
1.841720e+01    -1.107885e-04
1.842941e+01    -1.114889e-04
1.844162e+01    -1.120808e-04
1.845383e+01    -1.125584e-04
1.846605e+01    -1.129210e-04
1.847826e+01    -1.131627e-04
1.849047e+01    -1.132881e-04
1.850269e+01    -1.132963e-04
1.851490e+01    -1.131706e-04
1.852711e+01    -1.129234e-04
1.853933e+01    -1.125518e-04
1.855154e+01    -1.120523e-04
1.856375e+01    -1.114282e-04
1.857596e+01    -1.106750e-04
1.858818e+01    -1.097861e-04
1.860039e+01    -1.087800e-04
1.861260e+01    -1.076394e-04
1.862482e+01    -1.063743e-04
1.863703e+01    -1.049796e-04
1.864924e+01    -1.034595e-04
1.866146e+01    -1.018128e-04
1.867367e+01    -1.000427e-04
1.868588e+01    -9.814848e-05
1.869810e+01    -9.613310e-05
1.871031e+01    -9.399967e-05
1.872252e+01    -9.175180e-05
1.873473e+01    -8.938427e-05
1.874695e+01    -8.690532e-05
1.875916e+01    -8.432125e-05
1.877137e+01    -8.162588e-05
1.878359e+01    -7.883122e-05
1.879580e+01    -7.593259e-05
1.880801e+01    -7.293955e-05
1.882022e+01    -6.985362e-05
1.883244e+01    -6.667653e-05
1.884465e+01    -6.341701e-05
1.885686e+01    -6.007194e-05
1.886908e+01    -5.665259e-05
1.888129e+01    -5.316001e-05
1.889350e+01    -4.959619e-05
1.890572e+01    -4.597032e-05
1.891793e+01    -4.228752e-05
1.893014e+01    -3.854861e-05
1.894235e+01    -3.476033e-05
1.895457e+01    -3.092742e-05
1.896678e+01    -2.705283e-05
1.897899e+01    -2.314756e-05
1.899121e+01    -1.921225e-05
1.900342e+01    -1.525495e-05
1.901563e+01    -1.127913e-05
1.902785e+01    -7.288181e-06
1.904006e+01    -3.291527e-06
1.905227e+01    7.065246e-07
1.906449e+01    4.704867e-06
1.907670e+01    8.690928e-06
1.908891e+01    1.266721e-05
1.910112e+01    1.661881e-05
1.911334e+01    2.055202e-05
1.912555e+01    2.445007e-05
1.913776e+01    2.831552e-05
1.914997e+01    3.213901e-05
1.916219e+01    3.591861e-05
1.917440e+01    3.964483e-05
1.918661e+01    4.331872e-05
1.919883e+01    4.692964e-05
1.921104e+01    5.047218e-05
1.922325e+01    5.395003e-05
1.923547e+01    5.735125e-05
1.924768e+01    6.067223e-05
1.925989e+01    6.390730e-05
1.927211e+01    6.705441e-05
1.928432e+01    7.011450e-05
1.929653e+01    7.307422e-05
1.930874e+01    7.593728e-05
1.932096e+01    7.869132e-05
1.933317e+01    8.134198e-05
1.934538e+01    8.387989e-05
1.935760e+01    8.630534e-05
1.936981e+01    8.861205e-05
1.938202e+01    9.079874e-05
1.939424e+01    9.286383e-05
1.940645e+01    9.480766e-05
1.941866e+01    9.662256e-05
1.943087e+01    9.831093e-05
1.944309e+01    9.986540e-05
1.945530e+01    1.012858e-04
1.946751e+01    1.025701e-04
1.947973e+01    1.037245e-04
1.949194e+01    1.047385e-04
1.950415e+01    1.056182e-04
1.951637e+01    1.063561e-04
1.952858e+01    1.069552e-04
1.954079e+01    1.074192e-04
1.955301e+01    1.077428e-04
1.956522e+01    1.079291e-04
1.957743e+01    1.079741e-04
1.958964e+01    1.078838e-04
1.960186e+01    1.076523e-04
1.961407e+01    1.072845e-04
1.962628e+01    1.067865e-04
1.963849e+01    1.061531e-04
1.965071e+01    1.053889e-04
1.966292e+01    1.044951e-04
1.967513e+01    1.034703e-04
1.968735e+01    1.023193e-04
1.969956e+01    1.010410e-04
1.971177e+01    9.964564e-05
1.972399e+01    9.813114e-05
1.973620e+01    9.649889e-05
1.974841e+01    9.475547e-05
1.976063e+01    9.289929e-05
1.977284e+01    9.093578e-05
1.978505e+01    8.886820e-05
1.979726e+01    8.670730e-05
1.980948e+01    8.444319e-05
1.982169e+01    8.208577e-05
1.983390e+01    7.964129e-05
1.984612e+01    7.711031e-05
1.985833e+01    7.450049e-05
1.987054e+01    7.181346e-05
1.988276e+01    6.905455e-05
1.989497e+01    6.622759e-05
1.990718e+01    6.333330e-05
1.991939e+01    6.038161e-05
1.993161e+01    5.737465e-05
1.994382e+01    5.431832e-05
1.995603e+01    5.121594e-05
1.996825e+01    4.807154e-05
1.998046e+01    4.489452e-05
1.999267e+01    4.168252e-05
2.000488e+01    3.844304e-05
2.001710e+01    3.518230e-05
2.002931e+01    3.190540e-05
2.004152e+01    2.861235e-05
2.005374e+01    2.531274e-05
2.006595e+01    2.200872e-05
2.007816e+01    1.870617e-05
2.009038e+01    1.540453e-05
2.010259e+01    1.211907e-05
2.011480e+01    8.849034e-06
2.012702e+01    5.593043e-06
2.013923e+01    2.360495e-06
2.015144e+01    -8.439383e-07
2.016365e+01    -4.018933e-06
2.017587e+01    -7.157738e-06
2.018808e+01    -1.025270e-05
2.020029e+01    -1.330690e-05
2.021251e+01    -1.631911e-05
2.022472e+01    -1.927707e-05
2.023693e+01    -2.218205e-05
2.024915e+01    -2.502854e-05
2.026136e+01    -2.781503e-05
2.027357e+01    -3.053757e-05
2.028578e+01    -3.318675e-05
2.029800e+01    -3.577853e-05
2.031021e+01    -3.829232e-05
2.032242e+01    -4.072953e-05
2.033464e+01    -4.309288e-05
2.034685e+01    -4.537389e-05
2.035906e+01    -4.757321e-05
2.037127e+01    -4.969258e-05
2.038349e+01    -5.172275e-05
2.039570e+01    -5.366898e-05
2.040791e+01    -5.552178e-05
2.042013e+01    -5.729229e-05
2.043234e+01    -5.896809e-05
2.044455e+01    -6.054962e-05
2.045677e+01    -6.204296e-05
2.046898e+01    -6.344286e-05
2.048119e+01    -6.474930e-05
2.049340e+01    -6.595929e-05
2.050562e+01    -6.708500e-05
2.051783e+01    -6.810034e-05
2.053004e+01    -6.903228e-05
2.054226e+01    -6.986823e-05
2.055447e+01    -7.061512e-05
2.056668e+01    -7.126603e-05
2.057890e+01    -7.182572e-05
2.059111e+01    -7.229310e-05
2.060332e+01    -7.267686e-05
2.061554e+01    -7.297719e-05
2.062775e+01    -7.318429e-05
2.063996e+01    -7.330562e-05
2.065217e+01    -7.334942e-05
2.066439e+01    -7.330780e-05
2.067660e+01    -7.318697e-05
2.068881e+01    -7.299474e-05
2.070103e+01    -7.272023e-05
2.071324e+01    -7.237648e-05
2.072545e+01    -7.196164e-05
2.073767e+01    -7.148166e-05
2.074988e+01    -7.092868e-05
2.076209e+01    -7.032228e-05
2.077430e+01    -6.964995e-05
2.078652e+01    -6.892488e-05
2.079873e+01    -6.814452e-05
2.081094e+01    -6.731768e-05
2.082316e+01    -6.643325e-05
2.083537e+01    -6.550769e-05
2.084758e+01    -6.454185e-05
2.085979e+01    -6.353887e-05
2.087201e+01    -6.249725e-05
2.088422e+01    -6.142435e-05
2.089643e+01    -6.032093e-05
2.090865e+01    -5.919815e-05
2.092086e+01    -5.805057e-05
2.093307e+01    -5.688309e-05
2.094529e+01    -5.569727e-05
2.095750e+01    -5.450429e-05
2.096971e+01    -5.329824e-05
2.098192e+01    -5.208245e-05
2.099414e+01    -5.087139e-05
2.100635e+01    -4.965943e-05
2.101856e+01    -4.844665e-05
2.103078e+01    -4.724187e-05
2.104299e+01    -4.605080e-05
2.105520e+01    -4.486731e-05
2.106742e+01    -4.370058e-05
2.107963e+01    -4.255200e-05
2.109184e+01    -4.142142e-05
2.110406e+01    -4.031663e-05
2.111627e+01    -3.924298e-05
2.112848e+01    -3.819331e-05
2.114069e+01    -3.717323e-05
2.115291e+01    -3.618852e-05
2.116512e+01    -3.523609e-05
2.117733e+01    -3.432753e-05
2.118955e+01    -3.345562e-05
2.120176e+01    -3.262518e-05
2.121397e+01    -3.183733e-05
2.122618e+01    -3.109469e-05
2.123840e+01    -3.039770e-05
2.125061e+01    -2.974863e-05
2.126282e+01    -2.914626e-05
2.127504e+01    -2.860047e-05
2.128725e+01    -2.810067e-05
2.129946e+01    -2.765364e-05
2.131168e+01    -2.726013e-05
2.132389e+01    -2.692061e-05
2.133610e+01    -2.663418e-05
2.134831e+01    -2.640235e-05
2.136053e+01    -2.622422e-05
2.137274e+01    -2.610278e-05
2.138495e+01    -2.603249e-05
2.139717e+01    -2.602004e-05
2.140938e+01    -2.605981e-05
2.142159e+01    -2.615024e-05
2.143381e+01    -2.629989e-05
2.144602e+01    -2.649829e-05
2.145823e+01    -2.674764e-05
2.147044e+01    -2.704732e-05
2.148266e+01    -2.739884e-05
2.149487e+01    -2.779484e-05
2.150708e+01    -2.823832e-05
2.151930e+01    -2.873164e-05
2.153151e+01    -2.926747e-05
2.154372e+01    -2.984034e-05
2.155593e+01    -3.045776e-05
2.156815e+01    -3.111362e-05
2.158036e+01    -3.180557e-05
2.159258e+01    -3.253615e-05
2.160479e+01    -3.329256e-05
2.161700e+01    -3.408264e-05
2.162921e+01    -3.490233e-05
2.164143e+01    -3.574470e-05
2.165364e+01    -3.661420e-05
2.166585e+01    -3.750010e-05
2.167807e+01    -3.840252e-05
2.169028e+01    -3.932633e-05
2.170249e+01    -4.026522e-05
2.171470e+01    -4.120451e-05
2.172692e+01    -4.215712e-05
2.173913e+01    -4.311506e-05
2.175134e+01    -4.407262e-05
2.176356e+01    -4.502969e-05
2.177577e+01    -4.598546e-05
2.178798e+01    -4.693191e-05
2.180020e+01    -4.787052e-05
2.181241e+01    -4.880344e-05
2.182462e+01    -4.970728e-05
2.183683e+01    -5.060127e-05
2.184905e+01    -5.147427e-05
2.186126e+01    -5.232007e-05
2.187347e+01    -5.314403e-05
2.188569e+01    -5.393763e-05
2.189790e+01    -5.469626e-05
2.191011e+01    -5.542524e-05
2.192233e+01    -5.611515e-05
2.193454e+01    -5.676638e-05
2.194675e+01    -5.737421e-05
2.195897e+01    -5.793664e-05
2.197118e+01    -5.845368e-05
2.198339e+01    -5.892347e-05
2.199560e+01    -5.934262e-05
2.200782e+01    -5.970454e-05
2.202003e+01    -6.001213e-05
2.203224e+01    -6.026711e-05
2.204445e+01    -6.045678e-05
2.205667e+01    -6.058886e-05
2.206888e+01    -6.065818e-05
2.208109e+01    -6.066352e-05
2.209331e+01    -6.060835e-05
2.210552e+01    -6.047586e-05
2.211773e+01    -6.028446e-05
2.212995e+01    -6.001658e-05
2.214216e+01    -5.968550e-05
2.215437e+01    -5.927747e-05
2.216659e+01    -5.880443e-05
2.217880e+01    -5.825637e-05
2.219101e+01    -5.763752e-05
2.220322e+01    -5.694634e-05
2.221544e+01    -5.617905e-05
2.222765e+01    -5.534067e-05
2.223986e+01    -5.442904e-05
2.225208e+01    -5.344371e-05
2.226429e+01    -5.238736e-05
2.227650e+01    -5.125792e-05
2.228872e+01    -5.006037e-05
2.230093e+01    -4.879316e-05
2.231314e+01    -4.744835e-05
2.232535e+01    -4.604056e-05
2.233757e+01    -4.456414e-05
2.234978e+01    -4.302007e-05
2.236199e+01    -4.141120e-05
2.237421e+01    -3.973073e-05
2.238642e+01    -3.800448e-05
2.239863e+01    -3.620506e-05
2.241084e+01    -3.435565e-05
2.242306e+01    -3.244428e-05
2.243527e+01    -3.047923e-05
2.244748e+01    -2.846093e-05
2.245970e+01    -2.639488e-05
2.247191e+01    -2.427795e-05
2.248412e+01    -2.211676e-05
2.249634e+01    -1.991270e-05
2.250855e+01    -1.766757e-05
2.252076e+01    -1.538559e-05
2.253297e+01    -1.306669e-05
2.254519e+01    -1.071524e-05
2.255740e+01    -8.336501e-06
2.256961e+01    -5.931244e-06
2.258183e+01    -3.504800e-06
2.259404e+01    -1.057255e-06
2.260625e+01    1.410604e-06
2.261847e+01    3.891677e-06
2.263068e+01    6.379385e-06
2.264289e+01    8.881674e-06
2.265511e+01    1.138423e-05
2.266732e+01    1.388788e-05
2.267953e+01    1.638592e-05
2.269174e+01    1.888169e-05
2.270396e+01    2.137039e-05
2.271617e+01    2.383930e-05
2.272838e+01    2.629773e-05
2.274060e+01    2.873753e-05
2.275281e+01    3.115420e-05
2.276502e+01    3.354403e-05
2.277724e+01    3.590615e-05
2.278945e+01    3.823708e-05
2.280166e+01    4.053078e-05
2.281387e+01    4.278749e-05
2.282609e+01    4.499865e-05
2.283830e+01    4.716642e-05
2.285051e+01    4.929019e-05
2.286273e+01    5.135959e-05
2.287494e+01    5.337573e-05
2.288715e+01    5.533663e-05
2.289936e+01    5.724246e-05
2.291158e+01    5.908072e-05
2.292379e+01    6.085692e-05
2.293600e+01    6.256613e-05
2.294822e+01    6.420322e-05
2.296043e+01    6.577297e-05
2.297264e+01    6.726757e-05
2.298486e+01    6.868766e-05
2.299707e+01    7.002702e-05
2.300928e+01    7.129164e-05
2.302150e+01    7.246871e-05
2.303371e+01    7.356593e-05
2.304592e+01    7.457763e-05
2.305813e+01    7.550314e-05
2.307035e+01    7.634377e-05
2.308256e+01    7.709139e-05
2.309477e+01    7.775368e-05
2.310699e+01    7.832202e-05
2.311920e+01    7.879949e-05
2.313141e+01    7.918384e-05
2.314363e+01    7.947744e-05
2.315584e+01    7.967930e-05
2.316805e+01    7.978722e-05
2.318026e+01    7.979880e-05
2.319248e+01    7.971848e-05
2.320469e+01    7.954706e-05
2.321690e+01    7.927843e-05
2.322912e+01    7.891667e-05
2.324133e+01    7.846457e-05
2.325354e+01    7.791852e-05
2.326575e+01    7.728380e-05
2.327797e+01    7.655675e-05
2.329018e+01    7.574863e-05
2.330239e+01    7.483774e-05
2.331461e+01    7.384719e-05
2.332682e+01    7.277087e-05
2.333903e+01    7.161198e-05
2.335125e+01    7.036902e-05
2.336346e+01    6.904401e-05
2.337567e+01    6.764237e-05
2.338788e+01    6.616188e-05
2.340010e+01    6.460384e-05
2.341231e+01    6.297632e-05
2.342452e+01    6.127817e-05
2.343674e+01    5.950639e-05
2.344895e+01    5.767404e-05
2.346116e+01    5.577525e-05
2.347338e+01    5.381420e-05
2.348559e+01    5.179550e-05
2.349780e+01    4.972081e-05
2.351002e+01    4.758619e-05
2.352223e+01    4.541173e-05
2.353444e+01    4.318659e-05
2.354665e+01    4.091486e-05
2.355887e+01    3.860201e-05
2.357108e+01    3.624641e-05
2.358329e+01    3.385759e-05
2.359550e+01    3.143543e-05
2.360772e+01    2.898506e-05
2.361993e+01    2.650495e-05
2.363214e+01    2.400673e-05
2.364436e+01    2.148226e-05
2.365657e+01    1.894144e-05
2.366878e+01    1.638845e-05
2.368100e+01    1.382409e-05
2.369321e+01    1.125154e-05
2.370542e+01    8.675037e-06
2.371764e+01    6.098649e-06
2.372985e+01    3.513880e-06
2.374206e+01    9.475625e-07
2.375427e+01    -1.614186e-06
2.376649e+01    -4.169706e-06
2.377870e+01    -6.712042e-06
2.379091e+01    -9.235606e-06
2.380313e+01    -1.173603e-05
2.381534e+01    -1.422295e-05
2.382755e+01    -1.667556e-05
2.383977e+01    -1.910166e-05
2.385198e+01    -2.149655e-05
2.386419e+01    -2.386278e-05
2.387640e+01    -2.618911e-05
2.388862e+01    -2.848139e-05
2.390083e+01    -3.073280e-05
2.391304e+01    -3.293753e-05
2.392526e+01    -3.509989e-05
2.393747e+01    -3.721222e-05
2.394968e+01    -3.927801e-05
2.396189e+01    -4.129109e-05
2.397411e+01    -4.324937e-05
2.398632e+01    -4.514892e-05
2.399854e+01    -4.700277e-05
2.401075e+01    -4.879519e-05
2.402296e+01    -5.052428e-05
2.403517e+01    -5.219434e-05
2.404739e+01    -5.379776e-05
2.405960e+01    -5.534163e-05
2.407181e+01    -5.681810e-05
2.408403e+01    -5.823228e-05
2.409624e+01    -5.957659e-05
2.410845e+01    -6.085723e-05
2.412066e+01    -6.206632e-05
2.413288e+01    -6.321071e-05
2.414509e+01    -6.428451e-05
2.415730e+01    -6.528864e-05
2.416952e+01    -6.622104e-05
2.418173e+01    -6.708923e-05
2.419394e+01    -6.788316e-05
2.420616e+01    -6.861032e-05
2.421837e+01    -6.926541e-05
2.423058e+01    -6.985203e-05
2.424279e+01    -7.037200e-05
2.425501e+01    -7.082250e-05
2.426722e+01    -7.120491e-05
2.427943e+01    -7.152342e-05
2.429165e+01    -7.177508e-05
2.430386e+01    -7.195582e-05
2.431607e+01    -7.207552e-05
2.432829e+01    -7.213528e-05
2.434050e+01    -7.212610e-05
2.435271e+01    -7.206103e-05
2.436492e+01    -7.193367e-05
2.437714e+01    -7.175810e-05
2.438935e+01    -7.150832e-05
2.440156e+01    -7.121082e-05
2.441378e+01    -7.085827e-05
2.442599e+01    -7.045553e-05
2.443820e+01    -6.999791e-05
2.445041e+01    -6.949446e-05
2.446263e+01    -6.894323e-05
2.447484e+01    -6.834141e-05
2.448705e+01    -6.770354e-05
2.449927e+01    -6.701743e-05
2.451148e+01    -6.629717e-05
2.452369e+01    -6.552937e-05
2.453591e+01    -6.473147e-05
2.454812e+01    -6.389809e-05
2.456033e+01    -6.303239e-05
2.457255e+01    -6.213620e-05
2.458476e+01    -6.121164e-05
2.459697e+01    -6.025960e-05
2.460918e+01    -5.928364e-05
2.462140e+01    -5.828513e-05
2.463361e+01    -5.726689e-05
2.464582e+01    -5.623014e-05
2.465804e+01    -5.517638e-05
2.467025e+01    -5.410962e-05
2.468246e+01    -5.303023e-05
2.469468e+01    -5.193727e-05
2.470689e+01    -5.083386e-05
2.471910e+01    -4.973014e-05
2.473131e+01    -4.861871e-05
2.474353e+01    -4.750358e-05
2.475574e+01    -4.638438e-05
2.476795e+01    -4.526727e-05
2.478017e+01    -4.415197e-05
2.479238e+01    -4.304059e-05
2.480459e+01    -4.193272e-05
2.481680e+01    -4.083409e-05
2.482902e+01    -3.973620e-05
2.484123e+01    -3.865433e-05
2.485344e+01    -3.757994e-05
2.486566e+01    -3.651732e-05
2.487787e+01    -3.546981e-05
2.489008e+01    -3.443312e-05
2.490230e+01    -3.341437e-05
2.491451e+01    -3.240841e-05
2.492672e+01    -3.142201e-05
2.493893e+01    -3.044975e-05
2.495115e+01    -2.949946e-05
2.496336e+01    -2.856636e-05
2.497557e+01    -2.765531e-05
2.498779e+01    -2.675449e-05
2.500000e+01    -2.588963e-05
