0.000000e+00    -3.936009e-02
1.221299e-02    -3.930739e-02
2.442599e-02    -3.914975e-02
3.663898e-02    -3.888848e-02
4.885198e-02    -3.852573e-02
6.106497e-02    -3.806443e-02
7.327797e-02    -3.750846e-02
8.549096e-02    -3.686241e-02
9.770396e-02    -3.613172e-02
1.099169e-01    -3.532251e-02
1.221299e-01    -3.444162e-02
1.343429e-01    -3.349664e-02
1.465559e-01    -3.249571e-02
1.587689e-01    -3.144760e-02
1.709819e-01    -3.036158e-02
1.831949e-01    -2.924748e-02
1.954079e-01    -2.811551e-02
2.076209e-01    -2.697626e-02
2.198339e-01    -2.584071e-02
2.320469e-01    -2.471999e-02
2.442599e-01    -2.362554e-02
2.564729e-01    -2.256891e-02
2.686859e-01    -2.156169e-02
2.808989e-01    -2.061559e-02
2.931119e-01    -1.974220e-02
3.053249e-01    -1.895307e-02
3.175378e-01    -1.825960e-02
3.297509e-01    -1.767292e-02
3.419639e-01    -1.720398e-02
3.541768e-01    -1.686338e-02
3.663898e-01    -1.666135e-02
3.786028e-01    -1.660774e-02
3.908158e-01    -1.671191e-02
4.030288e-01    -1.698275e-02
4.152418e-01    -1.742862e-02
4.274548e-01    -1.805728e-02
4.396678e-01    -1.887592e-02
4.518808e-01    -1.989111e-02
4.640938e-01    -2.110872e-02
4.763068e-01    -2.253399e-02
4.885198e-01    -2.417144e-02
5.007328e-01    -2.602489e-02
5.129458e-01    -2.809749e-02
5.251588e-01    -3.039161e-02
5.373718e-01    -3.290892e-02
5.495847e-01    -3.565039e-02
5.617977e-01    -3.861623e-02
5.740107e-01    -4.180598e-02
5.862237e-01    -4.521846e-02
5.984367e-01    -4.885180e-02
6.106497e-01    -5.270347e-02
6.228627e-01    -5.677030e-02
6.350757e-01    -6.104848e-02
6.472887e-01    -6.553356e-02
6.595017e-01    -7.022061e-02
6.717147e-01    -7.510403e-02
6.839277e-01    -8.017775e-02
6.961407e-01    -8.543520e-02
7.083537e-01    -9.086941e-02
7.205667e-01    -9.647290e-02
7.327797e-01    -1.022378e-01
7.449927e-01    -1.081560e-01
7.572057e-01    -1.142188e-01
7.694187e-01    -1.204176e-01
7.816316e-01    -1.267432e-01
7.938446e-01    -1.331863e-01
8.060576e-01    -1.397375e-01
8.182706e-01    -1.463871e-01
8.304836e-01    -1.531255e-01
8.426966e-01    -1.599427e-01
8.549096e-01    -1.668290e-01
8.671226e-01    -1.737744e-01
8.793356e-01    -1.807690e-01
8.915486e-01    -1.878031e-01
9.037616e-01    -1.948667e-01
9.159746e-01    -2.019504e-01
9.281876e-01    -2.090444e-01
9.404006e-01    -2.161394e-01
9.526136e-01    -2.232261e-01
9.648266e-01    -2.302955e-01
9.770396e-01    -2.373386e-01
9.892526e-01    -2.443469e-01
1.001466e+00    -2.513119e-01
1.013679e+00    -2.582255e-01
1.025892e+00    -2.650798e-01
1.038105e+00    -2.718672e-01
1.050318e+00    -2.785803e-01
1.062531e+00    -2.852121e-01
1.074744e+00    -2.917559e-01
1.086957e+00    -2.982053e-01
1.099169e+00    -3.045541e-01
1.111382e+00    -3.107966e-01
1.123595e+00    -3.169272e-01
1.135808e+00    -3.229408e-01
1.148021e+00    -3.288325e-01
1.160234e+00    -3.345979e-01
1.172447e+00    -3.402326e-01
1.184660e+00    -3.457327e-01
1.196873e+00    -3.510947e-01
1.209086e+00    -3.563151e-01
1.221299e+00    -3.613910e-01
1.233512e+00    -3.663197e-01
1.245725e+00    -3.710986e-01
1.257938e+00    -3.757256e-01
1.270151e+00    -3.801988e-01
1.282364e+00    -3.845163e-01
1.294577e+00    -3.886769e-01
1.306790e+00    -3.926793e-01
1.319003e+00    -3.965226e-01
1.331216e+00    -4.002060e-01
1.343429e+00    -4.037288e-01
1.355642e+00    -4.070910e-01
1.367855e+00    -4.102921e-01
1.380068e+00    -4.133324e-01
1.392281e+00    -4.162119e-01
1.404494e+00    -4.189311e-01
1.416707e+00    -4.214903e-01
1.428920e+00    -4.238903e-01
1.441133e+00    -4.261318e-01
1.453346e+00    -4.282158e-01
1.465559e+00    -4.301433e-01
1.477772e+00    -4.319154e-01
1.489985e+00    -4.335335e-01
1.502198e+00    -4.349985e-01
1.514411e+00    -4.363124e-01
1.526624e+00    -4.374762e-01
1.538837e+00    -4.384919e-01
1.551050e+00    -4.393608e-01
1.563263e+00    -4.400847e-01
1.575476e+00    -4.406655e-01
1.587689e+00    -4.411049e-01
1.599902e+00    -4.414048e-01
1.612115e+00    -4.415672e-01
1.624328e+00    -4.415939e-01
1.636541e+00    -4.414871e-01
1.648754e+00    -4.412486e-01
1.660967e+00    -4.408805e-01
1.673180e+00    -4.403850e-01
1.685393e+00    -4.397641e-01
1.697606e+00    -4.390201e-01
1.709819e+00    -4.381549e-01
1.722032e+00    -4.371709e-01
1.734245e+00    -4.360702e-01
1.746458e+00    -4.348550e-01
1.758671e+00    -4.335275e-01
1.770884e+00    -4.320900e-01
1.783097e+00    -4.305447e-01
1.795310e+00    -4.288939e-01
1.807523e+00    -4.271398e-01
1.819736e+00    -4.252849e-01
1.831949e+00    -4.233312e-01
1.844162e+00    -4.212811e-01
1.856375e+00    -4.191370e-01
1.868588e+00    -4.169012e-01
1.880801e+00    -4.145759e-01
1.893014e+00    -4.121637e-01
1.905227e+00    -4.096668e-01
1.917440e+00    -4.070874e-01
1.929653e+00    -4.044281e-01
1.941866e+00    -4.016912e-01
1.954079e+00    -3.988791e-01
1.966292e+00    -3.959940e-01
1.978505e+00    -3.930386e-01
1.990718e+00    -3.900150e-01
2.002931e+00    -3.869258e-01
2.015144e+00    -3.837734e-01
2.027357e+00    -3.805600e-01
2.039570e+00    -3.772883e-01
2.051783e+00    -3.739604e-01
2.063996e+00    -3.705790e-01
2.076209e+00    -3.671464e-01
2.088422e+00    -3.636649e-01
2.100635e+00    -3.601371e-01
2.112848e+00    -3.565653e-01
2.125061e+00    -3.529520e-01
2.137274e+00    -3.492994e-01
2.149487e+00    -3.456101e-01
2.161700e+00    -3.418864e-01
2.173913e+00    -3.381306e-01
2.186126e+00    -3.343451e-01
2.198339e+00    -3.305324e-01
2.210552e+00    -3.266947e-01
2.222765e+00    -3.228343e-01
2.234978e+00    -3.189536e-01
2.247191e+00    -3.150548e-01
2.259404e+00    -3.111403e-01
2.271617e+00    -3.072121e-01
2.283830e+00    -3.032727e-01
2.296043e+00    -2.993241e-01
2.308256e+00    -2.953686e-01
2.320469e+00    -2.914083e-01
2.332682e+00    -2.874452e-01
2.344895e+00    -2.834815e-01
2.357108e+00    -2.795193e-01
2.369321e+00    -2.755605e-01
2.381534e+00    -2.716070e-01
2.393747e+00    -2.676611e-01
2.405960e+00    -2.637243e-01
2.418173e+00    -2.597987e-01
2.430386e+00    -2.558860e-01
2.442599e+00    -2.519881e-01
2.454812e+00    -2.481066e-01
2.467025e+00    -2.442433e-01
2.479238e+00    -2.403998e-01
2.491451e+00    -2.365777e-01
2.503664e+00    -2.327785e-01
2.515877e+00    -2.290038e-01
2.528090e+00    -2.252551e-01
2.540303e+00    -2.215336e-01
2.552516e+00    -2.178408e-01
2.564729e+00    -2.141780e-01
2.576942e+00    -2.105464e-01
2.589155e+00    -2.069472e-01
2.601368e+00    -2.033816e-01
2.613581e+00    -1.998506e-01
2.625794e+00    -1.963553e-01
2.638007e+00    -1.928967e-01
2.650220e+00    -1.894757e-01
2.662433e+00    -1.860932e-01
2.674646e+00    -1.827500e-01
2.686859e+00    -1.794468e-01
2.699072e+00    -1.761845e-01
2.711285e+00    -1.729637e-01
2.723498e+00    -1.697850e-01
2.735711e+00    -1.666489e-01
2.747924e+00    -1.635559e-01
2.760137e+00    -1.605067e-01
2.772350e+00    -1.575014e-01
2.784563e+00    -1.545405e-01
2.796776e+00    -1.516244e-01
2.808989e+00    -1.487533e-01
2.821202e+00    -1.459274e-01
2.833415e+00    -1.431468e-01
2.845628e+00    -1.404118e-01
2.857841e+00    -1.377224e-01
2.870054e+00    -1.350786e-01
2.882267e+00    -1.324805e-01
2.894480e+00    -1.299279e-01
2.906693e+00    -1.274209e-01
2.918906e+00    -1.249593e-01
2.931119e+00    -1.225429e-01
2.943332e+00    -1.201716e-01
2.955545e+00    -1.178451e-01
2.967758e+00    -1.155631e-01
2.979971e+00    -1.133254e-01
2.992184e+00    -1.111317e-01
3.004397e+00    -1.089815e-01
3.016610e+00    -1.068745e-01
3.028823e+00    -1.048102e-01
3.041036e+00    -1.027883e-01
3.053249e+00    -1.008082e-01
3.065462e+00    -9.886952e-02
3.077675e+00    -9.697168e-02
3.089888e+00    -9.511414e-02
3.102101e+00    -9.329635e-02
3.114314e+00    -9.151775e-02
3.126527e+00    -8.977772e-02
3.138740e+00    -8.807568e-02
3.150953e+00    -8.641098e-02
3.163166e+00    -8.478300e-02
3.175379e+00    -8.319108e-02
3.187592e+00    -8.163452e-02
3.199805e+00    -8.011271e-02
3.212018e+00    -7.862493e-02
3.224231e+00    -7.717047e-02
3.236444e+00    -7.574865e-02
3.248657e+00    -7.435880e-02
3.260870e+00    -7.300013e-02
3.273082e+00    -7.167199e-02
3.285295e+00    -7.037363e-02
3.297508e+00    -6.910434e-02
3.309721e+00    -6.786340e-02
3.321934e+00    -6.665009e-02
3.334147e+00    -6.546368e-02
3.346360e+00    -6.430346e-02
3.358573e+00    -6.316872e-02
3.370786e+00    -6.205874e-02
3.382999e+00    -6.097281e-02
3.395212e+00    -5.991023e-02
3.407425e+00    -5.887031e-02
3.419638e+00    -5.785235e-02
3.431851e+00    -5.685566e-02
3.444064e+00    -5.587959e-02
3.456277e+00    -5.492346e-02
3.468490e+00    -5.398661e-02
3.480703e+00    -5.306839e-02
3.492916e+00    -5.216819e-02
3.505129e+00    -5.128535e-02
3.517342e+00    -5.041927e-02
3.529555e+00    -4.956937e-02
3.541768e+00    -4.873503e-02
3.553981e+00    -4.791568e-02
3.566194e+00    -4.711076e-02
3.578407e+00    -4.631973e-02
3.590620e+00    -4.554205e-02
3.602833e+00    -4.477719e-02
3.615046e+00    -4.402465e-02
3.627259e+00    -4.328395e-02
3.639472e+00    -4.255459e-02
3.651685e+00    -4.183611e-02
3.663898e+00    -4.112809e-02
3.676111e+00    -4.043008e-02
3.688324e+00    -3.974167e-02
3.700537e+00    -3.906246e-02
3.712750e+00    -3.839208e-02
3.724963e+00    -3.773015e-02
3.737176e+00    -3.707632e-02
3.749389e+00    -3.643025e-02
3.761602e+00    -3.579164e-02
3.773815e+00    -3.516018e-02
3.786028e+00    -3.453557e-02
3.798241e+00    -3.391755e-02
3.810454e+00    -3.330587e-02
3.822667e+00    -3.270028e-02
3.834880e+00    -3.210056e-02
3.847093e+00    -3.150650e-02
3.859306e+00    -3.091791e-02
3.871519e+00    -3.033461e-02
3.883732e+00    -2.975643e-02
3.895945e+00    -2.918322e-02
3.908158e+00    -2.861485e-02
3.920371e+00    -2.805120e-02
3.932584e+00    -2.749216e-02
3.944797e+00    -2.693762e-02
3.957010e+00    -2.638752e-02
3.969223e+00    -2.584177e-02
3.981436e+00    -2.530033e-02
3.993649e+00    -2.476314e-02
4.005862e+00    -2.423017e-02
4.018075e+00    -2.370141e-02
4.030288e+00    -2.317682e-02
4.042501e+00    -2.265644e-02
4.054714e+00    -2.214022e-02
4.066927e+00    -2.162824e-02
4.079140e+00    -2.112047e-02
4.091353e+00    -2.061700e-02
4.103566e+00    -2.011782e-02
4.115779e+00    -1.962303e-02
4.127992e+00    -1.913265e-02
4.140205e+00    -1.864678e-02
4.152418e+00    -1.816546e-02
4.164631e+00    -1.768879e-02
4.176844e+00    -1.721684e-02
4.189057e+00    -1.674971e-02
4.201270e+00    -1.628750e-02
4.213483e+00    -1.583028e-02
4.225696e+00    -1.537819e-02
4.237909e+00    -1.493130e-02
4.250122e+00    -1.448976e-02
4.262335e+00    -1.405362e-02
4.274548e+00    -1.362305e-02
4.286761e+00    -1.319813e-02
4.298974e+00    -1.277901e-02
4.311187e+00    -1.236575e-02
4.323400e+00    -1.195853e-02
4.335613e+00    -1.155741e-02
4.347826e+00    -1.116256e-02
4.360039e+00    -1.077405e-02
4.372252e+00    -1.039202e-02
4.384465e+00    -1.001657e-02
4.396678e+00    -9.647828e-03
4.408891e+00    -9.285875e-03
4.421104e+00    -8.930850e-03
4.433317e+00    -8.582822e-03
4.445530e+00    -8.241920e-03
4.457743e+00    -7.908218e-03
4.469956e+00    -7.581828e-03
4.482169e+00    -7.262818e-03
4.494382e+00    -6.951292e-03
4.506595e+00    -6.647306e-03
4.518808e+00    -6.350961e-03
4.531021e+00    -6.062301e-03
4.543234e+00    -5.781413e-03
4.555447e+00    -5.508331e-03
4.567660e+00    -5.243131e-03
4.579873e+00    -4.985837e-03
4.592086e+00    -4.736517e-03
4.604299e+00    -4.495176e-03
4.616512e+00    -4.261865e-03
4.628725e+00    -4.036590e-03
4.640938e+00    -3.819381e-03
4.653151e+00    -3.610232e-03
4.665364e+00    -3.409159e-03
4.677577e+00    -3.216140e-03
4.689790e+00    -3.031182e-03
4.702003e+00    -2.854251e-03
4.714216e+00    -2.685336e-03
4.726429e+00    -2.524389e-03
4.738642e+00    -2.371387e-03
4.750855e+00    -2.226270e-03
4.763068e+00    -2.088994e-03
4.775281e+00    -1.959497e-03
4.787494e+00    -1.837713e-03
4.799707e+00    -1.723570e-03
4.811920e+00    -1.616993e-03
4.824133e+00    -1.517884e-03
4.836346e+00    -1.426161e-03
4.848559e+00    -1.341722e-03
4.860772e+00    -1.264467e-03
4.872985e+00    -1.194279e-03
4.885198e+00    -1.131049e-03
4.897411e+00    -1.074649e-03
4.909624e+00    -1.024953e-03
4.921837e+00    -9.818292e-04
4.934050e+00    -9.451421e-04
4.946263e+00    -9.147472e-04
4.958476e+00    -8.904975e-04
4.970689e+00    -8.722378e-04
4.982902e+00    -8.598152e-04
4.995115e+00    -8.530680e-04
5.007328e+00    -8.518310e-04
5.019541e+00    -8.559399e-04
5.031754e+00    -8.652185e-04
5.043967e+00    -8.794935e-04
5.056180e+00    -8.985867e-04
5.068393e+00    -9.223197e-04
5.080606e+00    -9.505058e-04
5.092819e+00    -9.829649e-04
5.105031e+00    -1.019505e-03
5.117245e+00    -1.059939e-03
5.129457e+00    -1.104076e-03
5.141671e+00    -1.151727e-03
5.153883e+00    -1.202693e-03
5.166097e+00    -1.256788e-03
5.178309e+00    -1.313815e-03
5.190523e+00    -1.373581e-03
5.202735e+00    -1.435889e-03
5.214949e+00    -1.500548e-03
5.227162e+00    -1.567365e-03
5.239375e+00    -1.636144e-03
5.251588e+00    -1.706700e-03
5.263801e+00    -1.778836e-03
5.276014e+00    -1.852367e-03
5.288227e+00    -1.927106e-03
5.300440e+00    -2.002872e-03
5.312653e+00    -2.079467e-03
5.324866e+00    -2.156732e-03
5.337079e+00    -2.234472e-03
5.349292e+00    -2.312523e-03
5.361505e+00    -2.390704e-03
5.373718e+00    -2.468856e-03
5.385931e+00    -2.546803e-03
5.398144e+00    -2.624392e-03
5.410357e+00    -2.701457e-03
5.422570e+00    -2.777853e-03
5.434783e+00    -2.853421e-03
5.446996e+00    -2.928022e-03
5.459208e+00    -3.001507e-03
5.471422e+00    -3.073745e-03
5.483634e+00    -3.144600e-03
5.495848e+00    -3.213949e-03
5.508060e+00    -3.281662e-03
5.520274e+00    -3.347626e-03
5.532486e+00    -3.411726e-03
5.544700e+00    -3.473856e-03
5.556912e+00    -3.533911e-03
5.569126e+00    -3.591796e-03
5.581338e+00    -3.647416e-03
5.593552e+00    -3.700691e-03
5.605764e+00    -3.751530e-03
5.617978e+00    -3.799870e-03
5.630190e+00    -3.845627e-03
5.642404e+00    -3.888746e-03
5.654616e+00    -3.929164e-03
5.666830e+00    -3.966832e-03
5.679042e+00    -4.001698e-03
5.691256e+00    -4.033720e-03
5.703468e+00    -4.062861e-03
5.715682e+00    -4.089092e-03
5.727894e+00    -4.112383e-03
5.740108e+00    -4.132718e-03
5.752320e+00    -4.150080e-03
5.764534e+00    -4.164459e-03
5.776746e+00    -4.175849e-03
5.788960e+00    -4.184253e-03
5.801172e+00    -4.189676e-03
5.813385e+00    -4.192124e-03
5.825598e+00    -4.191619e-03
5.837811e+00    -4.188178e-03
5.850024e+00    -4.181826e-03
5.862237e+00    -4.172593e-03
5.874450e+00    -4.160513e-03
5.886663e+00    -4.145622e-03
5.898876e+00    -4.127967e-03
5.911089e+00    -4.107588e-03
5.923302e+00    -4.084541e-03
5.935515e+00    -4.058877e-03
5.947728e+00    -4.030657e-03
5.959941e+00    -3.999938e-03
5.972154e+00    -3.966787e-03
5.984367e+00    -3.931273e-03
5.996580e+00    -3.893466e-03
6.008793e+00    -3.853435e-03
6.021006e+00    -3.811265e-03
6.033219e+00    -3.767027e-03
6.045432e+00    -3.720807e-03
6.057645e+00    -3.672688e-03
6.069858e+00    -3.622754e-03
6.082071e+00    -3.571091e-03
6.094284e+00    -3.517793e-03
6.106497e+00    -3.462945e-03
6.118710e+00    -3.406644e-03
6.130923e+00    -3.348980e-03
6.143136e+00    -3.290047e-03
6.155349e+00    -3.229938e-03
6.167562e+00    -3.168753e-03
6.179775e+00    -3.106585e-03
6.191988e+00    -3.043533e-03
6.204201e+00    -2.979688e-03
6.216414e+00    -2.915153e-03
6.228627e+00    -2.850018e-03
6.240840e+00    -2.784387e-03
6.253053e+00    -2.718347e-03
6.265266e+00    -2.651993e-03
6.277479e+00    -2.585427e-03
6.289692e+00    -2.518735e-03
6.301905e+00    -2.452009e-03
6.314118e+00    -2.385347e-03
6.326331e+00    -2.318832e-03
6.338544e+00    -2.252551e-03
6.350757e+00    -2.186594e-03
6.362970e+00    -2.121040e-03
6.375183e+00    -2.055978e-03
6.387396e+00    -1.991485e-03
6.399609e+00    -1.927641e-03
6.411822e+00    -1.864515e-03
6.424035e+00    -1.802193e-03
6.436248e+00    -1.740737e-03
6.448461e+00    -1.680222e-03
6.460674e+00    -1.620710e-03
6.472887e+00    -1.562271e-03
6.485100e+00    -1.504956e-03
6.497313e+00    -1.448833e-03
6.509526e+00    -1.393951e-03
6.521739e+00    -1.340367e-03
6.533952e+00    -1.288126e-03
6.546165e+00    -1.237278e-03
6.558378e+00    -1.187864e-03
6.570591e+00    -1.139926e-03
6.582804e+00    -1.093500e-03
6.595017e+00    -1.048623e-03
6.607230e+00    -1.005319e-03
6.619443e+00    -9.636247e-04
6.631656e+00    -9.235539e-04
6.643869e+00    -8.851379e-04
6.656082e+00    -8.483887e-04
6.668295e+00    -8.133238e-04
6.680508e+00    -7.799545e-04
6.692721e+00    -7.482886e-04
6.704934e+00    -7.183331e-04
6.717147e+00    -6.900862e-04
6.729360e+00    -6.635513e-04
6.741573e+00    -6.387239e-04
6.753786e+00    -6.155961e-04
6.765999e+00    -5.941594e-04
6.778212e+00    -5.744011e-04
6.790425e+00    -5.563060e-04
6.802638e+00    -5.398538e-04
6.814851e+00    -5.250270e-04
6.827064e+00    -5.117980e-04
6.839277e+00    -5.001475e-04
6.851490e+00    -4.900388e-04
6.863703e+00    -4.814478e-04
6.875916e+00    -4.743400e-04
6.888129e+00    -4.686735e-04
6.900342e+00    -4.644210e-04
6.912555e+00    -4.615343e-04
6.924768e+00    -4.599766e-04
6.936981e+00    -4.597031e-04
6.949194e+00    -4.606651e-04
6.961407e+00    -4.628256e-04
6.973620e+00    -4.661272e-04
6.985833e+00    -4.705210e-04
6.998046e+00    -4.759576e-04
7.010259e+00    -4.823847e-04
7.022472e+00    -4.897470e-04
7.034685e+00    -4.979918e-04
7.046898e+00    -5.070608e-04
7.059111e+00    -5.169007e-04
7.071324e+00    -5.274523e-04
7.083537e+00    -5.386580e-04
7.095750e+00    -5.504625e-04
7.107963e+00    -5.627972e-04
7.120176e+00    -5.756143e-04
7.132389e+00    -5.888522e-04
7.144602e+00    -6.024450e-04
7.156815e+00    -6.163413e-04
7.169028e+00    -6.304799e-04
7.181241e+00    -6.448000e-04
7.193454e+00    -6.592449e-04
7.205667e+00    -6.737546e-04
7.217880e+00    -6.882747e-04
7.230093e+00    -7.027438e-04
7.242306e+00    -7.171115e-04
7.254519e+00    -7.313170e-04
7.266732e+00    -7.453095e-04
7.278944e+00    -7.590340e-04
7.291158e+00    -7.724379e-04
7.303371e+00    -7.854707e-04
7.315584e+00    -7.980828e-04
7.327797e+00    -8.102251e-04
7.340010e+00    -8.218506e-04
7.352223e+00    -8.329101e-04
7.364436e+00    -8.433645e-04
7.376649e+00    -8.531691e-04
7.388862e+00    -8.622815e-04
7.401075e+00    -8.706737e-04
7.413288e+00    -8.782776e-04
7.425501e+00    -8.850859e-04
7.437714e+00    -8.910607e-04
7.449927e+00    -8.961647e-04
7.462140e+00    -9.003642e-04
7.474353e+00    -9.036363e-04
7.486566e+00    -9.059561e-04
7.498779e+00    -9.072996e-04
7.510992e+00    -9.076343e-04
7.523205e+00    -9.069525e-04
7.535418e+00    -9.052319e-04
7.547631e+00    -9.024555e-04
7.559844e+00    -8.986102e-04
7.572057e+00    -8.936810e-04
7.584270e+00    -8.876666e-04
7.596483e+00    -8.805527e-04
7.608696e+00    -8.723341e-04
7.620909e+00    -8.630104e-04
7.633121e+00    -8.525789e-04
7.645335e+00    -8.410388e-04
7.657547e+00    -8.283958e-04
7.669761e+00    -8.146534e-04
7.681973e+00    -7.998173e-04
7.694187e+00    -7.839005e-04
7.706399e+00    -7.669103e-04
7.718613e+00    -7.488568e-04
7.730825e+00    -7.297596e-04
7.743039e+00    -7.096326e-04
7.755251e+00    -6.884950e-04
7.767465e+00    -6.663636e-04
7.779677e+00    -6.432651e-04
7.791891e+00    -6.192164e-04
7.804103e+00    -5.942499e-04
7.816317e+00    -5.683813e-04
7.828529e+00    -5.416503e-04
7.840743e+00    -5.140761e-04
7.852955e+00    -4.856950e-04
7.865169e+00    -4.565357e-04
7.877381e+00    -4.266327e-04
7.889595e+00    -3.960175e-04
7.901807e+00    -3.647247e-04
7.914021e+00    -3.327987e-04
7.926233e+00    -3.002702e-04
7.938447e+00    -2.671753e-04
7.950659e+00    -2.335601e-04
7.962873e+00    -1.994506e-04
7.975085e+00    -1.648973e-04
7.987298e+00    -1.299397e-04
7.999511e+00    -9.462224e-05
8.011724e+00    -5.897637e-05
8.023937e+00    -2.305290e-05
8.036150e+00    1.310875e-05
8.048364e+00    4.946756e-05
8.060576e+00    8.597929e-05
8.072789e+00    1.226003e-04
8.085002e+00    1.592898e-04
8.097216e+00    1.960091e-04
8.109428e+00    2.327047e-04
8.121641e+00    2.693431e-04
8.133854e+00    3.058792e-04
8.146068e+00    3.422776e-04
8.158280e+00    3.784875e-04
8.170493e+00    4.144738e-04
8.182706e+00    4.501933e-04
8.194920e+00    4.856147e-04
8.207132e+00    5.206888e-04
8.219345e+00    5.553823e-04
8.231558e+00    5.896571e-04
8.243772e+00    6.234790e-04
8.255984e+00    6.568086e-04
8.268197e+00    6.896128e-04
8.280410e+00    7.218601e-04
8.292624e+00    7.535176e-04
8.304836e+00    7.845483e-04
8.317049e+00    8.149283e-04
8.329262e+00    8.446242e-04
8.341475e+00    8.736136e-04
8.353688e+00    9.018631e-04
8.365901e+00    9.293507e-04
8.378115e+00    9.560538e-04
8.390327e+00    9.819436e-04
8.402540e+00    1.007008e-03
8.414753e+00    1.031213e-03
8.426967e+00    1.054554e-03
8.439179e+00    1.077005e-03
8.451392e+00    1.098554e-03
8.463605e+00    1.119185e-03
8.475819e+00    1.138887e-03
8.488031e+00    1.157647e-03
8.500244e+00    1.175454e-03
8.512457e+00    1.192300e-03
8.524671e+00    1.208178e-03
8.536883e+00    1.223086e-03
8.549096e+00    1.237013e-03
8.561309e+00    1.249962e-03
8.573523e+00    1.261929e-03
8.585735e+00    1.272914e-03
8.597948e+00    1.282928e-03
8.610161e+00    1.291949e-03
8.622375e+00    1.300006e-03
8.634587e+00    1.307095e-03
8.646800e+00    1.313226e-03
8.659013e+00    1.318404e-03
8.671227e+00    1.322642e-03
8.683439e+00    1.325946e-03
8.695652e+00    1.328332e-03
8.707865e+00    1.329813e-03
8.720078e+00    1.330404e-03
8.732291e+00    1.330117e-03
8.744504e+00    1.328971e-03
8.756717e+00    1.326985e-03
8.768930e+00    1.324174e-03
8.781143e+00    1.320559e-03
8.793356e+00    1.316163e-03
8.805569e+00    1.311003e-03
8.817782e+00    1.305103e-03
8.829995e+00    1.298486e-03
8.842208e+00    1.291179e-03
8.854421e+00    1.283200e-03
8.866634e+00    1.274576e-03
8.878847e+00    1.265335e-03
8.891060e+00    1.255502e-03
8.903273e+00    1.245098e-03
8.915486e+00    1.234160e-03
8.927699e+00    1.222708e-03
8.939912e+00    1.210770e-03
8.952125e+00    1.198374e-03
8.964338e+00    1.185551e-03
8.976551e+00    1.172327e-03
8.988764e+00    1.158729e-03
9.000977e+00    1.144793e-03
9.013190e+00    1.130530e-03
9.025403e+00    1.115988e-03
9.037616e+00    1.101183e-03
9.049829e+00    1.086150e-03
9.062042e+00    1.070908e-03
9.074255e+00    1.055495e-03
9.086468e+00    1.039931e-03
9.098680e+00    1.024240e-03
9.110894e+00    1.008464e-03
9.123107e+00    9.926148e-04
9.135320e+00    9.767234e-04
9.147532e+00    9.608147e-04
9.159746e+00    9.449110e-04
9.171959e+00    9.290408e-04
9.184172e+00    9.132255e-04
9.196384e+00    8.974873e-04
9.208598e+00    8.818472e-04
9.220811e+00    8.663278e-04
9.233024e+00    8.509525e-04
9.245236e+00    8.357406e-04
9.257450e+00    8.207077e-04
9.269663e+00    8.058740e-04
9.281876e+00    7.912585e-04
9.294088e+00    7.768744e-04
9.306302e+00    7.627412e-04
9.318515e+00    7.488740e-04
9.330728e+00    7.352824e-04
9.342940e+00    7.219808e-04
9.355154e+00    7.089810e-04
9.367367e+00    6.962969e-04
9.379580e+00    6.839354e-04
9.391793e+00    6.719058e-04
9.404006e+00    6.602164e-04
9.416219e+00    6.488768e-04
9.428432e+00    6.378880e-04
9.440645e+00    6.272582e-04
9.452858e+00    6.169908e-04
9.465071e+00    6.070900e-04
9.477283e+00    5.975554e-04
9.489497e+00    5.883907e-04
9.501710e+00    5.795902e-04
9.513923e+00    5.711595e-04
9.526135e+00    5.630934e-04
9.538349e+00    5.553896e-04
9.550562e+00    5.480481e-04
9.562775e+00    5.410578e-04
9.574987e+00    5.344131e-04
9.587201e+00    5.281154e-04
9.599414e+00    5.221564e-04
9.611627e+00    5.165144e-04
9.623839e+00    5.111960e-04
9.636053e+00    5.061844e-04
9.648266e+00    5.014694e-04
9.660479e+00    4.970451e-04
9.672691e+00    4.928922e-04
9.684905e+00    4.890020e-04
9.697118e+00    4.853625e-04
9.709331e+00    4.819563e-04
9.721543e+00    4.787750e-04
9.733757e+00    4.757968e-04
9.745970e+00    4.730132e-04
9.758183e+00    4.704022e-04
9.770395e+00    4.679527e-04
9.782609e+00    4.656438e-04
9.794822e+00    4.634640e-04
9.807034e+00    4.613886e-04
9.819247e+00    4.594053e-04
9.831461e+00    4.574961e-04
9.843674e+00    4.556414e-04
9.855886e+00    4.538252e-04
9.868099e+00    4.520283e-04
9.880313e+00    4.502311e-04
9.892526e+00    4.484181e-04
9.904738e+00    4.465709e-04
9.916951e+00    4.446634e-04
9.929165e+00    4.426859e-04
9.941378e+00    4.406165e-04
9.953590e+00    4.384409e-04
9.965803e+00    4.361382e-04
9.978017e+00    4.336903e-04
9.990230e+00    4.310804e-04
1.000244e+01    4.282939e-04
1.001466e+01    4.253092e-04
1.002687e+01    4.221136e-04
1.003908e+01    4.186900e-04
1.005129e+01    4.150217e-04
1.006351e+01    4.110954e-04
1.007572e+01    4.068969e-04
1.008793e+01    4.024084e-04
1.010015e+01    3.976083e-04
1.011236e+01    3.925168e-04
1.012457e+01    3.870829e-04
1.013679e+01    3.813138e-04
1.014900e+01    3.751917e-04
1.016121e+01    3.687101e-04
1.017342e+01    3.618564e-04
1.018564e+01    3.546232e-04
1.019785e+01    3.469968e-04
1.021006e+01    3.389803e-04
1.022228e+01    3.305553e-04
1.023449e+01    3.217212e-04
1.024670e+01    3.124693e-04
1.025891e+01    3.027982e-04
1.027113e+01    2.926994e-04
1.028334e+01    2.821765e-04
1.029555e+01    2.712180e-04
1.030777e+01    2.598274e-04
1.031998e+01    2.480079e-04
1.033219e+01    2.357498e-04
1.034441e+01    2.230633e-04
1.035662e+01    2.099433e-04
1.036883e+01    1.963941e-04
1.038105e+01    1.824212e-04
1.039326e+01    1.680232e-04
1.040547e+01    1.532117e-04
1.041768e+01    1.379873e-04
1.042990e+01    1.223586e-04
1.044211e+01    1.063313e-04
1.045432e+01    8.991379e-05
1.046654e+01    7.311626e-05
1.047875e+01    5.594661e-05
1.049096e+01    3.841163e-05
1.050318e+01    2.053012e-05
1.051539e+01    2.302872e-06
1.052760e+01    -1.624781e-05
1.053981e+01    -3.511525e-05
1.055203e+01    -5.428642e-05
1.056424e+01    -7.374455e-05
1.057645e+01    -9.347445e-05
1.058867e+01    -1.134628e-04
1.060088e+01    -1.336972e-04
1.061309e+01    -1.541584e-04
1.062531e+01    -1.748277e-04
1.063752e+01    -1.956928e-04
1.064973e+01    -2.167342e-04
1.066194e+01    -2.379321e-04
1.067416e+01    -2.592700e-04
1.068637e+01    -2.807316e-04
1.069858e+01    -3.022976e-04
1.071080e+01    -3.239428e-04
1.072301e+01    -3.456560e-04
1.073522e+01    -3.674130e-04
1.074744e+01    -3.891967e-04
1.075965e+01    -4.109866e-04
1.077186e+01    -4.327623e-04
1.078407e+01    -4.545024e-04
1.079629e+01    -4.761866e-04
1.080850e+01    -4.978017e-04
1.082071e+01    -5.193184e-04
1.083293e+01    -5.407224e-04
1.084514e+01    -5.619935e-04
1.085735e+01    -5.831071e-04
1.086957e+01    -6.040484e-04
1.088178e+01    -6.247952e-04
1.089399e+01    -6.453310e-04
1.090620e+01    -6.656337e-04
1.091842e+01    -6.856840e-04
1.093063e+01    -7.054650e-04
1.094284e+01    -7.249603e-04
1.095506e+01    -7.441475e-04
1.096727e+01    -7.630140e-04
1.097948e+01    -7.815353e-04
1.099170e+01    -7.996996e-04
1.100391e+01    -8.174945e-04
1.101612e+01    -8.348938e-04
1.102833e+01    -8.518915e-04
1.104055e+01    -8.684704e-04
1.105276e+01    -8.846095e-04
1.106497e+01    -9.003025e-04
1.107719e+01    -9.155336e-04
1.108940e+01    -9.302900e-04
1.110161e+01    -9.445585e-04
1.111382e+01    -9.583276e-04
1.112604e+01    -9.715893e-04
1.113825e+01    -9.843310e-04
1.115046e+01    -9.965433e-04
1.116268e+01    -1.008218e-03
1.117489e+01    -1.019344e-03
1.118710e+01    -1.029920e-03
1.119932e+01    -1.039930e-03
1.121153e+01    -1.049377e-03
1.122374e+01    -1.058249e-03
1.123596e+01    -1.066543e-03
1.124817e+01    -1.074258e-03
1.126038e+01    -1.081387e-03
1.127259e+01    -1.087927e-03
1.128481e+01    -1.093879e-03
1.129702e+01    -1.099240e-03
1.130923e+01    -1.104010e-03
1.132145e+01    -1.108190e-03
1.133366e+01    -1.111779e-03
1.134587e+01    -1.114778e-03
1.135808e+01    -1.117193e-03
1.137030e+01    -1.119025e-03
1.138251e+01    -1.120276e-03
1.139472e+01    -1.120953e-03
1.140694e+01    -1.121060e-03
1.141915e+01    -1.120601e-03
1.143136e+01    -1.119585e-03
1.144358e+01    -1.118016e-03
1.145579e+01    -1.115905e-03
1.146800e+01    -1.113257e-03
1.148022e+01    -1.110083e-03
1.149243e+01    -1.106389e-03
1.150464e+01    -1.102188e-03
1.151685e+01    -1.097488e-03
1.152907e+01    -1.092302e-03
1.154128e+01    -1.086640e-03
1.155349e+01    -1.080512e-03
1.156571e+01    -1.073933e-03
1.157792e+01    -1.066913e-03
1.159013e+01    -1.059466e-03
1.160234e+01    -1.051607e-03
1.161456e+01    -1.043345e-03
1.162677e+01    -1.034697e-03
1.163898e+01    -1.025678e-03
1.165120e+01    -1.016299e-03
1.166341e+01    -1.006581e-03
1.167562e+01    -9.965342e-04
1.168784e+01    -9.861754e-04
1.170005e+01    -9.755152e-04
1.171226e+01    -9.645780e-04
1.172447e+01    -9.533705e-04
1.173669e+01    -9.419164e-04
1.174890e+01    -9.302269e-04
1.176111e+01    -9.183154e-04
1.177333e+01    -9.062039e-04
1.178554e+01    -8.939044e-04
1.179775e+01    -8.814282e-04
1.180997e+01    -8.688073e-04
1.182218e+01    -8.560391e-04
1.183439e+01    -8.431496e-04
1.184660e+01    -8.301504e-04
1.185882e+01    -8.170588e-04
1.187103e+01    -8.038854e-04
1.188324e+01    -7.906534e-04
1.189546e+01    -7.773713e-04
1.190767e+01    -7.640553e-04
1.191988e+01    -7.507191e-04
1.193210e+01    -7.373792e-04
1.194431e+01    -7.240470e-04
1.195652e+01    -7.107344e-04
1.196873e+01    -6.974585e-04
1.198095e+01    -6.842318e-04
1.199316e+01    -6.710630e-04
1.200537e+01    -6.579689e-04
1.201759e+01    -6.449569e-04
1.202980e+01    -6.320400e-04
1.204201e+01    -6.192321e-04
1.205423e+01    -6.065384e-04
1.206644e+01    -5.939725e-04
1.207865e+01    -5.815398e-04
1.209086e+01    -5.692550e-04
1.210308e+01    -5.571152e-04
1.211529e+01    -5.451525e-04
1.212750e+01    -5.333535e-04
1.213972e+01    -5.217301e-04
1.215193e+01    -5.102891e-04
1.216414e+01    -4.990399e-04
1.217636e+01    -4.879857e-04
1.218857e+01    -4.771331e-04
1.220078e+01    -4.664819e-04
1.221299e+01    -4.560433e-04
1.222521e+01    -4.458174e-04
1.223742e+01    -4.358081e-04
1.224963e+01    -4.260173e-04
1.226185e+01    -4.164474e-04
1.227406e+01    -4.070997e-04
1.228627e+01    -3.979770e-04
1.229849e+01    -3.890785e-04
1.231070e+01    -3.804040e-04
1.232291e+01    -3.719557e-04
1.233512e+01    -3.637316e-04
1.234734e+01    -3.557249e-04
1.235955e+01    -3.479451e-04
1.237176e+01    -3.403811e-04
1.238398e+01    -3.330339e-04
1.239619e+01    -3.258996e-04
1.240840e+01    -3.189745e-04
1.242062e+01    -3.122584e-04
1.243283e+01    -3.057409e-04
1.244504e+01    -2.994252e-04
1.245725e+01    -2.932988e-04
1.246947e+01    -2.873616e-04
1.248168e+01    -2.816056e-04
1.249389e+01    -2.760288e-04
1.250611e+01    -2.706168e-04
1.251832e+01    -2.653706e-04
1.253053e+01    -2.602806e-04
1.254275e+01    -2.553436e-04
1.255496e+01    -2.505479e-04
1.256717e+01    -2.458869e-04
1.257938e+01    -2.413555e-04
1.259160e+01    -2.369458e-04
1.260381e+01    -2.326488e-04
1.261602e+01    -2.284540e-04
1.262824e+01    -2.243566e-04
1.264045e+01    -2.203480e-04
1.265266e+01    -2.164203e-04
1.266488e+01    -2.125634e-04
1.267709e+01    -2.087708e-04
1.268930e+01    -2.050356e-04
1.270151e+01    -2.013469e-04
1.271373e+01    -1.976912e-04
1.272594e+01    -1.940702e-04
1.273815e+01    -1.904700e-04
1.275037e+01    -1.868804e-04
1.276258e+01    -1.833010e-04
1.277479e+01    -1.797183e-04
1.278701e+01    -1.761233e-04
1.279922e+01    -1.725092e-04
1.281143e+01    -1.688710e-04
1.282364e+01    -1.651974e-04
1.283586e+01    -1.614850e-04
1.284807e+01    -1.577231e-04
1.286028e+01    -1.539083e-04
1.287250e+01    -1.500290e-04
1.288471e+01    -1.460837e-04
1.289692e+01    -1.420637e-04
1.290914e+01    -1.379609e-04
1.292135e+01    -1.337795e-04
1.293356e+01    -1.295019e-04
1.294577e+01    -1.251296e-04
1.295799e+01    -1.206533e-04
1.297020e+01    -1.160732e-04
1.298241e+01    -1.113846e-04
1.299463e+01    -1.065820e-04
1.300684e+01    -1.016609e-04
1.301905e+01    -9.662013e-05
1.303127e+01    -9.145826e-05
1.304348e+01    -8.616794e-05
1.305569e+01    -8.075339e-05
1.306790e+01    -7.520802e-05
1.308012e+01    -6.953176e-05
1.309233e+01    -6.372273e-05
1.310454e+01    -5.778148e-05
1.311676e+01    -5.170897e-05
1.312897e+01    -4.550128e-05
1.314118e+01    -3.916498e-05
1.315340e+01    -3.269446e-05
1.316561e+01    -2.609377e-05
1.317782e+01    -1.936662e-05
1.319003e+01    -1.251113e-05
1.320225e+01    -5.534670e-06
1.321446e+01    1.572864e-06
1.322667e+01    8.794126e-06
1.323889e+01    1.613179e-05
1.325110e+01    2.358063e-05
1.326331e+01    3.114071e-05
1.327553e+01    3.880412e-05
1.328774e+01    4.656560e-05
1.329995e+01    5.442200e-05
1.331216e+01    6.237111e-05
1.332438e+01    7.040460e-05
1.333659e+01    7.851384e-05
1.334880e+01    8.669760e-05
1.336102e+01    9.494801e-05
1.337323e+01    1.032585e-04
1.338544e+01    1.116221e-04
1.339766e+01    1.200364e-04
1.340987e+01    1.284912e-04
1.342208e+01    1.369727e-04
1.343429e+01    1.454814e-04
1.344651e+01    1.540094e-04
1.345872e+01    1.625484e-04
1.347093e+01    1.710899e-04
1.348315e+01    1.796239e-04
1.349536e+01    1.881460e-04
1.350757e+01    1.966476e-04
1.351978e+01    2.051208e-04
1.353200e+01    2.135514e-04
1.354421e+01    2.219427e-04
1.355642e+01    2.302732e-04
1.356864e+01    2.385459e-04
1.358085e+01    2.467443e-04
1.359306e+01    2.548645e-04
1.360528e+01    2.628948e-04
1.361749e+01    2.708364e-04
1.362970e+01    2.786707e-04
1.364192e+01    2.863942e-04
1.365413e+01    2.939981e-04
1.366634e+01    3.014741e-04
1.367855e+01    3.088154e-04
1.369077e+01    3.160159e-04
1.370298e+01    3.230651e-04
1.371519e+01    3.299567e-04
1.372741e+01    3.366811e-04
1.373962e+01    3.432375e-04
1.375183e+01    3.496145e-04
1.376404e+01    3.558108e-04
1.377626e+01    3.618125e-04
1.378847e+01    3.676181e-04
1.380068e+01    3.732236e-04
1.381290e+01    3.786179e-04
1.382511e+01    3.838013e-04
1.383732e+01    3.887656e-04
1.384954e+01    3.935061e-04
1.386175e+01    3.980221e-04
1.387396e+01    4.023038e-04
1.388618e+01    4.063504e-04
1.389839e+01    4.101581e-04
1.391060e+01    4.137250e-04
1.392281e+01    4.170463e-04
1.393503e+01    4.201199e-04
1.394724e+01    4.229420e-04
1.395945e+01    4.255149e-04
1.397167e+01    4.278324e-04
1.398388e+01    4.298954e-04
1.399609e+01    4.317032e-04
1.400830e+01    4.332545e-04
1.402052e+01    4.345495e-04
1.403273e+01    4.355886e-04
1.404494e+01    4.363716e-04
1.405716e+01    4.368988e-04
1.406937e+01    4.371728e-04
1.408158e+01    4.371951e-04
1.409380e+01    4.369634e-04
1.410601e+01    4.364926e-04
1.411822e+01    4.357634e-04
1.413043e+01    4.347963e-04
1.414265e+01    4.335886e-04
1.415486e+01    4.321447e-04
1.416707e+01    4.304675e-04
1.417929e+01    4.285608e-04
1.419150e+01    4.264356e-04
1.420371e+01    4.240761e-04
1.421593e+01    4.215081e-04
1.422814e+01    4.187312e-04
1.424035e+01    4.157461e-04
1.425256e+01    4.125655e-04
1.426478e+01    4.091872e-04
1.427699e+01    4.056241e-04
1.428920e+01    4.018806e-04
1.430142e+01    3.979587e-04
1.431363e+01    3.938722e-04
1.432584e+01    3.896252e-04
1.433806e+01    3.852216e-04
1.435027e+01    3.806710e-04
1.436248e+01    3.759816e-04
1.437469e+01    3.711616e-04
1.438691e+01    3.662170e-04
1.439912e+01    3.611547e-04
1.441133e+01    3.559849e-04
1.442355e+01    3.507122e-04
1.443576e+01    3.453477e-04
1.444797e+01    3.398996e-04
1.446019e+01    3.343727e-04
1.447240e+01    3.287780e-04
1.448461e+01    3.231254e-04
1.449682e+01    3.174177e-04
1.450904e+01    3.116700e-04
1.452125e+01    3.058830e-04
1.453346e+01    3.000689e-04
1.454568e+01    2.942396e-04
1.455789e+01    2.883955e-04
1.457010e+01    2.825444e-04
1.458232e+01    2.767053e-04
1.459453e+01    2.708734e-04
1.460674e+01    2.650632e-04
1.461895e+01    2.592824e-04
1.463117e+01    2.535341e-04
1.464338e+01    2.478297e-04
1.465559e+01    2.421730e-04
1.466781e+01    2.365767e-04
1.468002e+01    2.310405e-04
1.469223e+01    2.255786e-04
1.470445e+01    2.201892e-04
1.471666e+01    2.148810e-04
1.472887e+01    2.096669e-04
1.474109e+01    2.045450e-04
1.475330e+01    1.995253e-04
1.476551e+01    1.946121e-04
1.477772e+01    1.898087e-04
1.478994e+01    1.851201e-04
1.480215e+01    1.805529e-04
1.481436e+01    1.761140e-04
1.482658e+01    1.718035e-04
1.483879e+01    1.676242e-04
1.485100e+01    1.635844e-04
1.486321e+01    1.596813e-04
1.487543e+01    1.559249e-04
1.488764e+01    1.523111e-04
1.489985e+01    1.488500e-04
1.491207e+01    1.455389e-04
1.492428e+01    1.423791e-04
1.493649e+01    1.393713e-04
1.494871e+01    1.365238e-04
1.496092e+01    1.338315e-04
1.497313e+01    1.312951e-04
1.498534e+01    1.289170e-04
1.499756e+01    1.266956e-04
1.500977e+01    1.246374e-04
1.502198e+01    1.227350e-04
1.503420e+01    1.209882e-04
1.504641e+01    1.193978e-04
1.505862e+01    1.179620e-04
1.507084e+01    1.166803e-04
1.508305e+01    1.155502e-04
1.509526e+01    1.145692e-04
1.510747e+01    1.137360e-04
1.511969e+01    1.130470e-04
1.513190e+01    1.124990e-04
1.514411e+01    1.120922e-04
1.515633e+01    1.118202e-04
1.516854e+01    1.116831e-04
1.518075e+01    1.116720e-04
1.519297e+01    1.117890e-04
1.520518e+01    1.120215e-04
1.521739e+01    1.123733e-04
1.522960e+01    1.128377e-04
1.524182e+01    1.134097e-04
1.525403e+01    1.140848e-04
1.526624e+01    1.148568e-04
1.527846e+01    1.157223e-04
1.529067e+01    1.166773e-04
1.530288e+01    1.177141e-04
1.531509e+01    1.188246e-04
1.532731e+01    1.200111e-04
1.533952e+01    1.212611e-04
1.535173e+01    1.225726e-04
1.536395e+01    1.239371e-04
1.537616e+01    1.253503e-04
1.538837e+01    1.268091e-04
1.540059e+01    1.283022e-04
1.541280e+01    1.298309e-04
1.542501e+01    1.313781e-04
1.543723e+01    1.329467e-04
1.544944e+01    1.345312e-04
1.546165e+01    1.361196e-04
1.547386e+01    1.377106e-04
1.548608e+01    1.392990e-04
1.549829e+01    1.408808e-04
1.551050e+01    1.424365e-04
1.552272e+01    1.439774e-04
1.553493e+01    1.454902e-04
1.554714e+01    1.469705e-04
1.555935e+01    1.484112e-04
1.557157e+01    1.498105e-04
1.558378e+01    1.511592e-04
1.559599e+01    1.524591e-04
1.560821e+01    1.536962e-04
1.562042e+01    1.548699e-04
1.563263e+01    1.559784e-04
1.564485e+01    1.570133e-04
1.565706e+01    1.579723e-04
1.566927e+01    1.588488e-04
1.568149e+01    1.596404e-04
1.569370e+01    1.603429e-04
1.570591e+01    1.609568e-04
1.571812e+01    1.614758e-04
1.573034e+01    1.618907e-04
1.574255e+01    1.622064e-04
1.575476e+01    1.624195e-04
1.576698e+01    1.625237e-04
1.577919e+01    1.625176e-04
1.579140e+01    1.624008e-04
1.580362e+01    1.621697e-04
1.581583e+01    1.618256e-04
1.582804e+01    1.613627e-04
1.584025e+01    1.607835e-04
1.585247e+01    1.600843e-04
1.586468e+01    1.592655e-04
1.587689e+01    1.583257e-04
1.588911e+01    1.572617e-04
1.590132e+01    1.560864e-04
1.591353e+01    1.547864e-04
1.592575e+01    1.533647e-04
1.593796e+01    1.518249e-04
1.595017e+01    1.501651e-04
1.596238e+01    1.483892e-04
1.597460e+01    1.464962e-04
1.598681e+01    1.444870e-04
1.599902e+01    1.423654e-04
1.601124e+01    1.401310e-04
1.602345e+01    1.377884e-04
1.603566e+01    1.353377e-04
1.604787e+01    1.327838e-04
1.606009e+01    1.301286e-04
1.607230e+01    1.273723e-04
1.608451e+01    1.245189e-04
1.609673e+01    1.215737e-04
1.610894e+01    1.185381e-04
1.612115e+01    1.154185e-04
1.613337e+01    1.122151e-04
1.614558e+01    1.089346e-04
1.615779e+01    1.055767e-04
1.617001e+01    1.021496e-04
1.618222e+01    9.865426e-05
1.619443e+01    9.509819e-05
1.620664e+01    9.148472e-05
1.621886e+01    8.781698e-05
1.623107e+01    8.410065e-05
1.624328e+01    8.033932e-05
1.625550e+01    7.653933e-05
1.626771e+01    7.270559e-05
1.627992e+01    6.884054e-05
1.629214e+01    6.495045e-05
1.630435e+01    6.103902e-05
1.631656e+01    5.711431e-05
1.632877e+01    5.317997e-05
1.634099e+01    4.923754e-05
1.635320e+01    4.529683e-05
1.636541e+01    4.136168e-05
1.637763e+01    3.743313e-05
1.638984e+01    3.352437e-05
1.640205e+01    2.962672e-05
1.641426e+01    2.575944e-05
1.642648e+01    2.191957e-05
1.643869e+01    1.811443e-05
1.645090e+01    1.434522e-05
1.646312e+01    1.061883e-05
1.647533e+01    6.940112e-06
1.648754e+01    3.313769e-06
1.649976e+01    -2.556699e-07
1.651197e+01    -3.768924e-06
1.652418e+01    -7.215692e-06
1.653639e+01    -1.059477e-05
1.654861e+01    -1.390102e-05
1.656082e+01    -1.713407e-05
1.657303e+01    -2.028586e-05
1.658525e+01    -2.335481e-05
1.659746e+01    -2.633699e-05
1.660967e+01    -2.923590e-05
1.662189e+01    -3.203573e-05
1.663410e+01    -3.474666e-05
1.664631e+01    -3.735754e-05
1.665853e+01    -3.987026e-05
1.667074e+01    -4.228212e-05
1.668295e+01    -4.458838e-05
1.669516e+01    -4.678944e-05
1.670738e+01    -4.888210e-05
1.671959e+01    -5.086659e-05
1.673180e+01    -5.273893e-05
1.674402e+01    -5.450100e-05
1.675623e+01    -5.615107e-05
1.676844e+01    -5.768861e-05
1.678065e+01    -5.911134e-05
1.679287e+01    -6.041904e-05
1.680508e+01    -6.161631e-05
1.681729e+01    -6.269245e-05
1.682951e+01    -6.365772e-05
1.684172e+01    -6.450892e-05
1.685393e+01    -6.524727e-05
1.686615e+01    -6.587263e-05
1.687836e+01    -6.638658e-05
1.689057e+01    -6.678700e-05
1.690278e+01    -6.708314e-05
1.691500e+01    -6.726907e-05
1.692721e+01    -6.735013e-05
1.693942e+01    -6.732660e-05
1.695164e+01    -6.719997e-05
1.696385e+01    -6.697257e-05
1.697606e+01    -6.664883e-05
1.698828e+01    -6.622673e-05
1.700049e+01    -6.571245e-05
1.701270e+01    -6.511014e-05
1.702491e+01    -6.441905e-05
1.703713e+01    -6.364061e-05
1.704934e+01    -6.278369e-05
1.706155e+01    -6.184856e-05
1.707377e+01    -6.083678e-05
1.708598e+01    -5.975580e-05
1.709819e+01    -5.860850e-05
1.711040e+01    -5.738410e-05
1.712262e+01    -5.611553e-05
1.713483e+01    -5.478265e-05
1.714705e+01    -5.339789e-05
1.715926e+01    -5.196188e-05
1.717147e+01    -5.048155e-05
1.718368e+01    -4.896124e-05
1.719590e+01    -4.740625e-05
1.720811e+01    -4.581073e-05
1.722032e+01    -4.418912e-05
1.723254e+01    -4.254437e-05
1.724475e+01    -4.087544e-05
1.725696e+01    -3.919190e-05
1.726917e+01    -3.749538e-05
1.728139e+01    -3.578884e-05
1.729360e+01    -3.408032e-05
1.730581e+01    -3.236498e-05
1.731803e+01    -3.066184e-05
1.733024e+01    -2.896149e-05
1.734245e+01    -2.727358e-05
1.735467e+01    -2.560007e-05
1.736688e+01    -2.394622e-05
1.737909e+01    -2.231501e-05
1.739130e+01    -2.070901e-05
1.740352e+01    -1.913116e-05
1.741573e+01    -1.759118e-05
1.742794e+01    -1.608689e-05
1.744016e+01    -1.462208e-05
1.745237e+01    -1.319987e-05
1.746458e+01    -1.182497e-05
1.747680e+01    -1.049901e-05
1.748901e+01    -9.223986e-06
1.750122e+01    -8.006169e-06
1.751343e+01    -6.843791e-06
1.752565e+01    -5.740354e-06
1.753786e+01    -4.701683e-06
1.755007e+01    -3.727248e-06
1.756229e+01    -2.815847e-06
1.757450e+01    -1.973087e-06
1.758671e+01    -1.202323e-06
1.759892e+01    -5.063848e-07
1.761114e+01    1.229637e-07
1.762335e+01    6.760092e-07
1.763556e+01    1.150955e-06
1.764778e+01    1.553621e-06
1.765999e+01    1.876899e-06
1.767220e+01    2.121735e-06
1.768442e+01    2.293520e-06
1.769663e+01    2.385823e-06
1.770884e+01    2.394441e-06
1.772106e+01    2.328386e-06
1.773327e+01    2.184190e-06
1.774548e+01    1.961531e-06
1.775769e+01    1.662065e-06
1.776991e+01    1.284121e-06
1.778212e+01    8.320567e-07
1.779433e+01    3.076457e-07
1.780655e+01    -2.962042e-07
1.781876e+01    -9.681244e-07
1.783097e+01    -1.710629e-06
1.784319e+01    -2.523899e-06
1.785540e+01    -3.404195e-06
1.786761e+01    -4.352420e-06
1.787982e+01    -5.360678e-06
1.789204e+01    -6.430215e-06
1.790425e+01    -7.563547e-06
1.791646e+01    -8.750878e-06
1.792868e+01    -9.992555e-06
1.794089e+01    -1.128720e-05
1.795310e+01    -1.263022e-05
1.796531e+01    -1.401988e-05
1.797753e+01    -1.545140e-05
1.798974e+01    -1.692688e-05
1.800196e+01    -1.843931e-05
1.801417e+01    -1.998391e-05
1.802638e+01    -2.155874e-05
1.803859e+01    -2.316581e-05
1.805081e+01    -2.479187e-05
1.806302e+01    -2.644275e-05
1.807523e+01    -2.810948e-05
1.808744e+01    -2.979205e-05
1.809966e+01    -3.148374e-05
1.811187e+01    -3.318860e-05
1.812408e+01    -3.488804e-05
1.813630e+01    -3.659254e-05
1.814851e+01    -3.829174e-05
1.816072e+01    -3.998543e-05
1.817294e+01    -4.166676e-05
1.818515e+01    -4.333502e-05
1.819736e+01    -4.498544e-05
1.820958e+01    -4.661299e-05
1.822179e+01    -4.821704e-05
1.823400e+01    -4.979334e-05
1.824621e+01    -5.133721e-05
1.825843e+01    -5.284706e-05
1.827064e+01    -5.431628e-05
1.828285e+01    -5.574638e-05
1.829507e+01    -5.713542e-05
1.830728e+01    -5.847134e-05
1.831949e+01    -5.975575e-05
1.833171e+01    -6.098696e-05
1.834392e+01    -6.216462e-05
1.835613e+01    -6.328098e-05
1.836834e+01    -6.433541e-05
1.838056e+01    -6.532547e-05
1.839277e+01    -6.624957e-05
1.840498e+01    -6.710476e-05
1.841720e+01    -6.788946e-05
1.842941e+01    -6.859761e-05
1.844162e+01    -6.923155e-05
1.845383e+01    -6.978924e-05
1.846605e+01    -7.026730e-05
1.847826e+01    -7.066404e-05
1.849047e+01    -7.097865e-05
1.850269e+01    -7.121480e-05
1.851490e+01    -7.136061e-05
1.852711e+01    -7.142243e-05
1.853933e+01    -7.139955e-05
1.855154e+01    -7.128762e-05
1.856375e+01    -7.109024e-05
1.857596e+01    -7.080502e-05
1.858818e+01    -7.042574e-05
1.860039e+01    -6.996631e-05
1.861260e+01    -6.941502e-05
1.862482e+01    -6.877701e-05
1.863703e+01    -6.804959e-05
1.864924e+01    -6.723462e-05
1.866146e+01    -6.633427e-05
1.867367e+01    -6.534648e-05
1.868588e+01    -6.427523e-05
1.869810e+01    -6.311713e-05
1.871031e+01    -6.188022e-05
1.872252e+01    -6.055983e-05
1.873473e+01    -5.915761e-05
1.874695e+01    -5.767809e-05
1.875916e+01    -5.612301e-05
1.877137e+01    -5.449168e-05
1.878359e+01    -5.278958e-05
1.879580e+01    -5.101447e-05
1.880801e+01    -4.917150e-05
1.882022e+01    -4.726439e-05
1.883244e+01    -4.529045e-05
1.884465e+01    -4.325807e-05
1.885686e+01    -4.116417e-05
1.886908e+01    -3.901747e-05
1.888129e+01    -3.681675e-05
1.889350e+01    -3.456400e-05
1.890572e+01    -3.226637e-05
1.891793e+01    -2.992497e-05
1.893014e+01    -2.754375e-05
1.894235e+01    -2.512243e-05
1.895457e+01    -2.266932e-05
1.896678e+01    -2.018234e-05
1.897899e+01    -1.767190e-05
1.899121e+01    -1.513364e-05
1.900342e+01    -1.257670e-05
1.901563e+01    -1.000444e-05
1.902785e+01    -7.417577e-06
1.904006e+01    -4.820293e-06
1.905227e+01    -2.218061e-06
1.906449e+01    3.906316e-07
1.907670e+01    2.992922e-06
1.908891e+01    5.595968e-06
1.910112e+01    8.186675e-06
1.911334e+01    1.076795e-05
1.912555e+01    1.333526e-05
1.913776e+01    1.588336e-05
1.914997e+01    1.840683e-05
1.916219e+01    2.090581e-05
1.917440e+01    2.337672e-05
1.918661e+01    2.581469e-05
1.919883e+01    2.821622e-05
1.921104e+01    3.057899e-05
1.922325e+01    3.289973e-05
1.923547e+01    3.517451e-05
1.924768e+01    3.740139e-05
1.925989e+01    3.957568e-05
1.927211e+01    4.169639e-05
1.928432e+01    4.376334e-05
1.929653e+01    4.576414e-05
1.930874e+01    4.770703e-05
1.932096e+01    4.958198e-05
1.933317e+01    5.139245e-05
1.934538e+01    5.313044e-05
1.935760e+01    5.479690e-05
1.936981e+01    5.638931e-05
1.938202e+01    5.790553e-05
1.939424e+01    5.934350e-05
1.940645e+01    6.070468e-05
1.941866e+01    6.198284e-05
1.943087e+01    6.317886e-05
1.944309e+01    6.429106e-05
1.945530e+01    6.531464e-05
1.946751e+01    6.625106e-05
1.947973e+01    6.710444e-05
1.949194e+01    6.786609e-05
1.950415e+01    6.854093e-05
1.951637e+01    6.912375e-05
1.952858e+01    6.961523e-05
1.954079e+01    7.001980e-05
1.955301e+01    7.033185e-05
1.956522e+01    7.055394e-05
1.957743e+01    7.068311e-05
1.958964e+01    7.072688e-05
1.960186e+01    7.067372e-05
1.961407e+01    7.053318e-05
1.962628e+01    7.030519e-05
1.963849e+01    6.998885e-05
1.965071e+01    6.958627e-05
1.966292e+01    6.909543e-05
1.967513e+01    6.851921e-05
1.968735e+01    6.785840e-05
1.969956e+01    6.711234e-05
1.971177e+01    6.628866e-05
1.972399e+01    6.538456e-05
1.973620e+01    6.440216e-05
1.974841e+01    6.334379e-05
1.976063e+01    6.220960e-05
1.977284e+01    6.100336e-05
1.978505e+01    5.972492e-05
1.979726e+01    5.838319e-05
1.980948e+01    5.697072e-05
1.982169e+01    5.549415e-05
1.983390e+01    5.395830e-05
1.984612e+01    5.236162e-05
1.985833e+01    5.070955e-05
1.987054e+01    4.900523e-05
1.988276e+01    4.724636e-05
1.989497e+01    4.544154e-05
1.990718e+01    4.358828e-05
1.991939e+01    4.169384e-05
1.993161e+01    3.976065e-05
1.994382e+01    3.778792e-05
1.995603e+01    3.578042e-05
1.996825e+01    3.374078e-05
1.998046e+01    3.167793e-05
1.999267e+01    2.958477e-05
2.000488e+01    2.746920e-05
2.001710e+01    2.533605e-05
2.002931e+01    2.318698e-05
2.004152e+01    2.102151e-05
2.005374e+01    1.884539e-05
2.006595e+01    1.666366e-05
2.007816e+01    1.447607e-05
2.009038e+01    1.228262e-05
2.010259e+01    1.009568e-05
2.011480e+01    7.912575e-06
2.012702e+01    5.733353e-06
2.013923e+01    3.563575e-06
2.015144e+01    1.406268e-06
2.016365e+01    -7.362687e-07
2.017587e+01    -2.861227e-06
2.018808e+01    -4.965390e-06
2.020029e+01    -7.047231e-06
2.021251e+01    -9.108393e-06
2.022472e+01    -1.113792e-05
2.023693e+01    -1.314128e-05
2.024915e+01    -1.511110e-05
2.026136e+01    -1.704853e-05
2.027357e+01    -1.894847e-05
2.028578e+01    -2.080796e-05
2.029800e+01    -2.263568e-05
2.031021e+01    -2.441760e-05
2.032242e+01    -2.615513e-05
2.033464e+01    -2.785062e-05
2.034685e+01    -2.949859e-05
2.035906e+01    -3.109887e-05
2.037127e+01    -3.265199e-05
2.038349e+01    -3.415249e-05
2.039570e+01    -3.560480e-05
2.040791e+01    -3.700076e-05
2.042013e+01    -3.834812e-05
2.043234e+01    -3.964062e-05
2.044455e+01    -4.087547e-05
2.045677e+01    -4.205918e-05
2.046898e+01    -4.318681e-05
2.048119e+01    -4.425735e-05
2.049340e+01    -4.527128e-05
2.050562e+01    -4.623602e-05
2.051783e+01    -4.713159e-05
2.053004e+01    -4.797788e-05
2.054226e+01    -4.876599e-05
2.055447e+01    -4.950134e-05
2.056668e+01    -5.017855e-05
2.057890e+01    -5.080142e-05
2.059111e+01    -5.136563e-05
2.060332e+01    -5.188135e-05
2.061554e+01    -5.234503e-05
2.062775e+01    -5.275187e-05
2.063996e+01    -5.310812e-05
2.065217e+01    -5.341540e-05
2.066439e+01    -5.367174e-05
2.067660e+01    -5.387772e-05
2.068881e+01    -5.404312e-05
2.070103e+01    -5.415527e-05
2.071324e+01    -5.422640e-05
2.072545e+01    -5.425411e-05
2.073767e+01    -5.424045e-05
2.074988e+01    -5.418195e-05
2.076209e+01    -5.409034e-05
2.077430e+01    -5.395790e-05
2.078652e+01    -5.379329e-05
2.079873e+01    -5.359474e-05
2.081094e+01    -5.336637e-05
2.082316e+01    -5.310100e-05
2.083537e+01    -5.281081e-05
2.084758e+01    -5.249476e-05
2.085979e+01    -5.215480e-05
2.087201e+01    -5.179192e-05
2.088422e+01    -5.140887e-05
2.089643e+01    -5.100404e-05
2.090865e+01    -5.058845e-05
2.092086e+01    -5.015601e-05
2.093307e+01    -4.970947e-05
2.094529e+01    -4.925033e-05
2.095750e+01    -4.878677e-05
2.096971e+01    -4.831167e-05
2.098192e+01    -4.783236e-05
2.099414e+01    -4.735155e-05
2.100635e+01    -4.687070e-05
2.101856e+01    -4.638665e-05
2.103078e+01    -4.590592e-05
2.104299e+01    -4.543182e-05
2.105520e+01    -4.496145e-05
2.106742e+01    -4.449892e-05
2.107963e+01    -4.404518e-05
2.109184e+01    -4.359975e-05
2.110406e+01    -4.317010e-05
2.111627e+01    -4.275560e-05
2.112848e+01    -4.235287e-05
2.114069e+01    -4.196650e-05
2.115291e+01    -4.160002e-05
2.116512e+01    -4.124933e-05
2.117733e+01    -4.092468e-05
2.118955e+01    -4.061783e-05
2.120176e+01    -4.033395e-05
2.121397e+01    -4.007254e-05
2.122618e+01    -3.983700e-05
2.123840e+01    -3.962415e-05
2.125061e+01    -3.944048e-05
2.126282e+01    -3.927903e-05
2.127504e+01    -3.914990e-05
2.128725e+01    -3.904404e-05
2.129946e+01    -3.896841e-05
2.131168e+01    -3.891951e-05
2.132389e+01    -3.890079e-05
2.133610e+01    -3.891100e-05
2.134831e+01    -3.894879e-05
2.136053e+01    -3.901612e-05
2.137274e+01    -3.911259e-05
2.138495e+01    -3.923653e-05
2.139717e+01    -3.939074e-05
2.140938e+01    -3.957082e-05
2.142159e+01    -3.977843e-05
2.143381e+01    -4.001430e-05
2.144602e+01    -4.027776e-05
2.145823e+01    -4.056520e-05
2.147044e+01    -4.087677e-05
2.148266e+01    -4.121429e-05
2.149487e+01    -4.157503e-05
2.150708e+01    -4.195472e-05
2.151930e+01    -4.236238e-05
2.153151e+01    -4.278673e-05
2.154372e+01    -4.322778e-05
2.155593e+01    -4.369089e-05
2.156815e+01    -4.416845e-05
2.158036e+01    -4.466333e-05
2.159258e+01    -4.517254e-05
2.160479e+01    -4.569015e-05
2.161700e+01    -4.622067e-05
2.162921e+01    -4.676295e-05
2.164143e+01    -4.731095e-05
2.165364e+01    -4.786549e-05
2.166585e+01    -4.842486e-05
2.167807e+01    -4.898431e-05
2.169028e+01    -4.954907e-05
2.170249e+01    -5.011352e-05
2.171470e+01    -5.067038e-05
2.172692e+01    -5.122662e-05
2.173913e+01    -5.177702e-05
2.175134e+01    -5.231844e-05
2.176356e+01    -5.285064e-05
2.177577e+01    -5.337218e-05
2.178798e+01    -5.387783e-05
2.180020e+01    -5.437034e-05
2.181241e+01    -5.484928e-05
2.182462e+01    -5.530226e-05
2.183683e+01    -5.573881e-05
2.184905e+01    -5.615313e-05
2.186126e+01    -5.653891e-05
2.187347e+01    -5.690329e-05
2.188569e+01    -5.724002e-05
2.189790e+01    -5.754408e-05
2.191011e+01    -5.782048e-05
2.192233e+01    -5.806336e-05
2.193454e+01    -5.827083e-05
2.194675e+01    -5.844398e-05
2.195897e+01    -5.857694e-05
2.197118e+01    -5.867275e-05
2.198339e+01    -5.873081e-05
2.199560e+01    -5.874714e-05
2.200782e+01    -5.871783e-05
2.202003e+01    -5.864498e-05
2.203224e+01    -5.853199e-05
2.204445e+01    -5.836664e-05
2.205667e+01    -5.815637e-05
2.206888e+01    -5.789721e-05
2.208109e+01    -5.759183e-05
2.209331e+01    -5.723832e-05
2.210552e+01    -5.682857e-05
2.211773e+01    -5.637149e-05
2.212995e+01    -5.586006e-05
2.214216e+01    -5.530140e-05
2.215437e+01    -5.468488e-05
2.216659e+01    -5.401898e-05
2.217880e+01    -5.329867e-05
2.219101e+01    -5.252528e-05
2.220322e+01    -5.170151e-05
2.221544e+01    -5.082156e-05
2.222765e+01    -4.989056e-05
2.223986e+01    -4.890507e-05
2.225208e+01    -4.786668e-05
2.226429e+01    -4.677832e-05
2.227650e+01    -4.563812e-05
2.228872e+01    -4.444670e-05
2.230093e+01    -4.320788e-05
2.231314e+01    -4.191342e-05
2.232535e+01    -4.057459e-05
2.233757e+01    -3.918675e-05
2.234978e+01    -3.775232e-05
2.236199e+01    -3.627114e-05
2.237421e+01    -3.474111e-05
2.238642e+01    -3.317742e-05
2.239863e+01    -3.156408e-05
2.241084e+01    -2.991458e-05
2.242306e+01    -2.822459e-05
2.243527e+01    -2.649684e-05
2.244748e+01    -2.473171e-05
2.245970e+01    -2.293456e-05
2.247191e+01    -2.110247e-05
2.248412e+01    -1.924043e-05
2.249634e+01    -1.735051e-05
2.250855e+01    -1.543165e-05
2.252076e+01    -1.348842e-05
2.253297e+01    -1.152130e-05
2.254519e+01    -9.534881e-06
2.255740e+01    -7.526512e-06
2.256961e+01    -5.503331e-06
2.258183e+01    -3.467052e-06
2.259404e+01    -1.418404e-06
2.260625e+01    6.438058e-07
2.261847e+01    2.713641e-06
2.263068e+01    4.785397e-06
2.264289e+01    6.864953e-06
2.265511e+01    8.942356e-06
2.266732e+01    1.101953e-05
2.267953e+01    1.309140e-05
2.269174e+01    1.515748e-05
2.270396e+01    1.721745e-05
2.271617e+01    1.926193e-05
2.272838e+01    2.129501e-05
2.274060e+01    2.331284e-05
2.275281e+01    2.531387e-05
2.276502e+01    2.729252e-05
2.277724e+01    2.924944e-05
2.278945e+01    3.118179e-05
2.280166e+01    3.308538e-05
2.281387e+01    3.496031e-05
2.282609e+01    3.680136e-05
2.283830e+01    3.861004e-05
2.285051e+01    4.038285e-05
2.286273e+01    4.211624e-05
2.287494e+01    4.380973e-05
2.288715e+01    4.546143e-05
2.289936e+01    4.707140e-05
2.291158e+01    4.863230e-05
2.292379e+01    5.014558e-05
2.293600e+01    5.160915e-05
2.294822e+01    5.302095e-05
2.296043e+01    5.438065e-05
2.297264e+01    5.568485e-05
2.298486e+01    5.693469e-05
2.299707e+01    5.812428e-05
2.300928e+01    5.925726e-05
2.302150e+01    6.032593e-05
2.303371e+01    6.133693e-05
2.304592e+01    6.228348e-05
2.305813e+01    6.316675e-05
2.307035e+01    6.398611e-05
2.308256e+01    6.473874e-05
2.309477e+01    6.542637e-05
2.310699e+01    6.604465e-05
2.311920e+01    6.659678e-05
2.313141e+01    6.707868e-05
2.314363e+01    6.749365e-05
2.315584e+01    6.784021e-05
2.316805e+01    6.811734e-05
2.318026e+01    6.832278e-05
2.319248e+01    6.845905e-05
2.320469e+01    6.852779e-05
2.321690e+01    6.852485e-05
2.322912e+01    6.845270e-05
2.324133e+01    6.831222e-05
2.325354e+01    6.810093e-05
2.326575e+01    6.782357e-05
2.327797e+01    6.747662e-05
2.329018e+01    6.706739e-05
2.330239e+01    6.658328e-05
2.331461e+01    6.603744e-05
2.332682e+01    6.542733e-05
2.333903e+01    6.475352e-05
2.335125e+01    6.401463e-05
2.336346e+01    6.321416e-05
2.337567e+01    6.235539e-05
2.338788e+01    6.143484e-05
2.340010e+01    6.045532e-05
2.341231e+01    5.942138e-05
2.342452e+01    5.833188e-05
2.343674e+01    5.718559e-05
2.344895e+01    5.599027e-05
2.346116e+01    5.474279e-05
2.347338e+01    5.344543e-05
2.348559e+01    5.210313e-05
2.349780e+01    5.071398e-05
2.351002e+01    4.927738e-05
2.352223e+01    4.780549e-05
2.353444e+01    4.629232e-05
2.354665e+01    4.473934e-05
2.355887e+01    4.315237e-05
2.357108e+01    4.152791e-05
2.358329e+01    3.987347e-05
2.359550e+01    3.818865e-05
2.360772e+01    3.647854e-05
2.361993e+01    3.473999e-05
2.363214e+01    3.298136e-05
2.364436e+01    3.119785e-05
2.365657e+01    2.939612e-05
2.366878e+01    2.757856e-05
2.368100e+01    2.574510e-05
2.369321e+01    2.389966e-05
2.370542e+01    2.204426e-05
2.371764e+01    2.018144e-05
2.372985e+01    1.830593e-05
2.374206e+01    1.643578e-05
2.375427e+01    1.456111e-05
2.376649e+01    1.268409e-05
2.377870e+01    1.081015e-05
2.379091e+01    8.940464e-06
2.380313e+01    7.080089e-06
2.381534e+01    5.222857e-06
2.382755e+01    3.381108e-06
2.383977e+01    1.551103e-06
2.385198e+01    -2.634624e-07
2.386419e+01    -2.065484e-06
2.387640e+01    -3.846741e-06
2.388862e+01    -5.610898e-06
2.390083e+01    -7.354072e-06
2.391304e+01    -9.071111e-06
2.392526e+01    -1.076490e-05
2.393747e+01    -1.243042e-05
2.394968e+01    -1.407057e-05
2.396189e+01    -1.567986e-05
2.397411e+01    -1.725763e-05
2.398632e+01    -1.880087e-05
2.399854e+01    -2.031784e-05
2.401075e+01    -2.179838e-05
2.402296e+01    -2.323929e-05
2.403517e+01    -2.464677e-05
2.404739e+01    -2.601213e-05
2.405960e+01    -2.734117e-05
2.407181e+01    -2.862843e-05
2.408403e+01    -2.987875e-05
2.409624e+01    -3.108427e-05
2.410845e+01    -3.225077e-05
2.412066e+01    -3.337178e-05
2.413288e+01    -3.445233e-05
2.414509e+01    -3.548744e-05
2.415730e+01    -3.647820e-05
2.416952e+01    -3.742280e-05
2.418173e+01    -3.832669e-05
2.419394e+01    -3.918239e-05
2.420616e+01    -3.999428e-05
2.421837e+01    -4.075978e-05
2.423058e+01    -4.148013e-05
2.424279e+01    -4.215458e-05
2.425501e+01    -4.278707e-05
2.426722e+01    -4.337200e-05
2.427943e+01    -4.391480e-05
2.429165e+01    -4.441170e-05
2.430386e+01    -4.486211e-05
2.431607e+01    -4.527048e-05
2.432829e+01    -4.563917e-05
2.434050e+01    -4.595958e-05
2.435271e+01    -4.624120e-05
2.436492e+01    -4.648080e-05
2.437714e+01    -4.668559e-05
2.438935e+01    -4.684040e-05
2.440156e+01    -4.696008e-05
2.441378e+01    -4.704087e-05
2.442599e+01    -4.708597e-05
2.443820e+01    -4.709139e-05
2.445041e+01    -4.706361e-05
2.446263e+01    -4.700058e-05
2.447484e+01    -4.690100e-05
2.448705e+01    -4.677369e-05
2.449927e+01    -4.661003e-05
2.451148e+01    -4.641995e-05
2.452369e+01    -4.619500e-05
2.453591e+01    -4.594483e-05
2.454812e+01    -4.566642e-05
2.456033e+01    -4.536192e-05
2.457255e+01    -4.503248e-05
2.458476e+01    -4.467958e-05
2.459697e+01    -4.430312e-05
2.460918e+01    -4.390491e-05
2.462140e+01    -4.348562e-05
2.463361e+01    -4.304860e-05
2.464582e+01    -4.259445e-05
2.465804e+01    -4.212123e-05
2.467025e+01    -4.163334e-05
2.468246e+01    -4.113135e-05
2.469468e+01    -4.061421e-05
2.470689e+01    -4.008404e-05
2.471910e+01    -3.954641e-05
2.473131e+01    -3.899694e-05
2.474353e+01    -3.843841e-05
2.475574e+01    -3.787021e-05
2.476795e+01    -3.729639e-05
2.478017e+01    -3.671650e-05
2.479238e+01    -3.613158e-05
2.480459e+01    -3.554251e-05
2.481680e+01    -3.495225e-05
2.482902e+01    -3.435415e-05
2.484123e+01    -3.375942e-05
2.485344e+01    -3.316217e-05
2.486566e+01    -3.256464e-05
2.487787e+01    -3.197022e-05
2.489008e+01    -3.137419e-05
2.490230e+01    -3.078371e-05
2.491451e+01    -3.019274e-05
2.492672e+01    -2.960689e-05
2.493893e+01    -2.902243e-05
2.495115e+01    -2.844490e-05
2.496336e+01    -2.787083e-05
2.497557e+01    -2.730347e-05
2.498779e+01    -2.673490e-05
2.500000e+01    -2.618220e-05
