0.000000e+00    -5.290697e-01
1.221299e-02    -5.290025e-01
2.442599e-02    -5.288015e-01
3.663898e-02    -5.284685e-01
4.885198e-02    -5.280064e-01
6.106497e-02    -5.274190e-01
7.327797e-02    -5.267116e-01
8.549096e-02    -5.258904e-01
9.770396e-02    -5.249625e-01
1.099169e-01    -5.239362e-01
1.221299e-01    -5.228207e-01
1.343429e-01    -5.216259e-01
1.465559e-01    -5.203631e-01
1.587689e-01    -5.190436e-01
1.709819e-01    -5.176801e-01
1.831949e-01    -5.162855e-01
1.954079e-01    -5.148736e-01
2.076209e-01    -5.134584e-01
2.198339e-01    -5.120546e-01
2.320469e-01    -5.106769e-01
2.442599e-01    -5.093406e-01
2.564729e-01    -5.080611e-01
2.686859e-01    -5.068536e-01
2.808989e-01    -5.057340e-01
2.931119e-01    -5.047174e-01
3.053249e-01    -5.038191e-01
3.175378e-01    -5.030542e-01
3.297509e-01    -5.024372e-01
3.419639e-01    -5.019829e-01
3.541768e-01    -5.017049e-01
3.663898e-01    -5.016167e-01
3.786028e-01    -5.017312e-01
3.908158e-01    -5.020606e-01
4.030288e-01    -5.026163e-01
4.152418e-01    -5.034093e-01
4.274548e-01    -5.044495e-01
4.396678e-01    -5.057462e-01
4.518808e-01    -5.073075e-01
4.640938e-01    -5.091410e-01
4.763068e-01    -5.112530e-01
4.885198e-01    -5.136492e-01
5.007328e-01    -5.163341e-01
5.129458e-01    -5.193111e-01
5.251588e-01    -5.225830e-01
5.373718e-01    -5.261515e-01
5.495847e-01    -5.300170e-01
5.617977e-01    -5.341794e-01
5.740107e-01    -5.386370e-01
5.862237e-01    -5.433878e-01
5.984367e-01    -5.484286e-01
6.106497e-01    -5.537549e-01
6.228627e-01    -5.593621e-01
6.350757e-01    -5.652440e-01
6.472887e-01    -5.713940e-01
6.595017e-01    -5.778047e-01
6.717147e-01    -5.844677e-01
6.839277e-01    -5.913741e-01
6.961407e-01    -5.985143e-01
7.083537e-01    -6.058780e-01
7.205667e-01    -6.134544e-01
7.327797e-01    -6.212319e-01
7.449927e-01    -6.291991e-01
7.572057e-01    -6.373433e-01
7.694187e-01    -6.456521e-01
7.816316e-01    -6.541123e-01
7.938446e-01    -6.627108e-01
8.060576e-01    -6.714339e-01
8.182706e-01    -6.802678e-01
8.304836e-01    -6.891987e-01
8.426966e-01    -6.982127e-01
8.549096e-01    -7.072957e-01
8.671226e-01    -7.164335e-01
8.793356e-01    -7.256121e-01
8.915486e-01    -7.348176e-01
9.037616e-01    -7.440362e-01
9.159746e-01    -7.532541e-01
9.281876e-01    -7.624576e-01
9.404006e-01    -7.716334e-01
9.526136e-01    -7.807686e-01
9.648266e-01    -7.898502e-01
9.770396e-01    -7.988656e-01
9.892526e-01    -8.078027e-01
1.001466e+00    -8.166497e-01
1.013679e+00    -8.253946e-01
1.025892e+00    -8.340269e-01
1.038105e+00    -8.425355e-01
1.050318e+00    -8.509101e-01
1.062531e+00    -8.591406e-01
1.074744e+00    -8.672178e-01
1.086957e+00    -8.751326e-01
1.099169e+00    -8.828762e-01
1.111382e+00    -8.904405e-01
1.123595e+00    -8.978179e-01
1.135808e+00    -9.050009e-01
1.148021e+00    -9.119831e-01
1.160234e+00    -9.187577e-01
1.172447e+00    -9.253190e-01
1.184660e+00    -9.316614e-01
1.196873e+00    -9.377800e-01
1.209086e+00    -9.436699e-01
1.221299e+00    -9.493272e-01
1.233512e+00    -9.547480e-01
1.245725e+00    -9.599289e-01
1.257938e+00    -9.648667e-01
1.270151e+00    -9.695592e-01
1.282364e+00    -9.740037e-01
1.294577e+00    -9.781986e-01
1.306790e+00    -9.821422e-01
1.319003e+00    -9.858332e-01
1.331216e+00    -9.892709e-01
1.343429e+00    -9.924545e-01
1.355642e+00    -9.953839e-01
1.367855e+00    -9.980588e-01
1.380068e+00    -1.000480e+00
1.392281e+00    -1.002647e+00
1.404494e+00    -1.004561e+00
1.416707e+00    -1.006223e+00
1.428920e+00    -1.007634e+00
1.441133e+00    -1.008796e+00
1.453346e+00    -1.009710e+00
1.465559e+00    -1.010378e+00
1.477772e+00    -1.010801e+00
1.489985e+00    -1.010983e+00
1.502198e+00    -1.010924e+00
1.514411e+00    -1.010627e+00
1.526624e+00    -1.010096e+00
1.538837e+00    -1.009331e+00
1.551050e+00    -1.008337e+00
1.563263e+00    -1.007116e+00
1.575476e+00    -1.005671e+00
1.587689e+00    -1.004004e+00
1.599902e+00    -1.002120e+00
1.612115e+00    -1.000020e+00
1.624328e+00    -9.977090e-01
1.636541e+00    -9.951894e-01
1.648754e+00    -9.924644e-01
1.660967e+00    -9.895379e-01
1.673180e+00    -9.864132e-01
1.685393e+00    -9.830937e-01
1.697606e+00    -9.795831e-01
1.709819e+00    -9.758848e-01
1.722032e+00    -9.720025e-01
1.734245e+00    -9.679399e-01
1.746458e+00    -9.637007e-01
1.758671e+00    -9.592884e-01
1.770884e+00    -9.547069e-01
1.783097e+00    -9.499601e-01
1.795310e+00    -9.450515e-01
1.807523e+00    -9.399850e-01
1.819736e+00    -9.347648e-01
1.831949e+00    -9.293941e-01
1.844162e+00    -9.238774e-01
1.856375e+00    -9.182181e-01
1.868588e+00    -9.124204e-01
1.880801e+00    -9.064882e-01
1.893014e+00    -9.004254e-01
1.905227e+00    -8.942359e-01
1.917440e+00    -8.879237e-01
1.929653e+00    -8.814929e-01
1.941866e+00    -8.749472e-01
1.954079e+00    -8.682909e-01
1.966292e+00    -8.615278e-01
1.978505e+00    -8.546621e-01
1.990718e+00    -8.476976e-01
2.002931e+00    -8.406386e-01
2.015144e+00    -8.334888e-01
2.027357e+00    -8.262526e-01
2.039570e+00    -8.189337e-01
2.051783e+00    -8.115363e-01
2.063996e+00    -8.040644e-01
2.076209e+00    -7.965221e-01
2.088422e+00    -7.889132e-01
2.100635e+00    -7.812420e-01
2.112848e+00    -7.735123e-01
2.125061e+00    -7.657282e-01
2.137274e+00    -7.578935e-01
2.149487e+00    -7.500124e-01
2.161700e+00    -7.420887e-01
2.173913e+00    -7.341264e-01
2.186126e+00    -7.261293e-01
2.198339e+00    -7.181012e-01
2.210552e+00    -7.100463e-01
2.222765e+00    -7.019680e-01
2.234978e+00    -6.938702e-01
2.247191e+00    -6.857569e-01
2.259404e+00    -6.776315e-01
2.271617e+00    -6.694978e-01
2.283830e+00    -6.613594e-01
2.296043e+00    -6.532199e-01
2.308256e+00    -6.450829e-01
2.320469e+00    -6.369516e-01
2.332682e+00    -6.288299e-01
2.344895e+00    -6.207207e-01
2.357108e+00    -6.126276e-01
2.369321e+00    -6.045538e-01
2.381534e+00    -5.965024e-01
2.393747e+00    -5.884766e-01
2.405960e+00    -5.804794e-01
2.418173e+00    -5.725141e-01
2.430386e+00    -5.645832e-01
2.442599e+00    -5.566899e-01
2.454812e+00    -5.488368e-01
2.467025e+00    -5.410266e-01
2.479238e+00    -5.332621e-01
2.491451e+00    -5.255457e-01
2.503664e+00    -5.178798e-01
2.515877e+00    -5.102670e-01
2.528090e+00    -5.027095e-01
2.540303e+00    -4.952095e-01
2.552516e+00    -4.877692e-01
2.564729e+00    -4.803907e-01
2.576942e+00    -4.730760e-01
2.589155e+00    -4.658268e-01
2.601368e+00    -4.586451e-01
2.613581e+00    -4.515324e-01
2.625794e+00    -4.444906e-01
2.638007e+00    -4.375212e-01
2.650220e+00    -4.306255e-01
2.662433e+00    -4.238049e-01
2.674646e+00    -4.170609e-01
2.686859e+00    -4.103944e-01
2.699072e+00    -4.038067e-01
2.711285e+00    -3.972988e-01
2.723498e+00    -3.908716e-01
2.735711e+00    -3.845260e-01
2.747924e+00    -3.782628e-01
2.760137e+00    -3.720826e-01
2.772350e+00    -3.659861e-01
2.784563e+00    -3.599738e-01
2.796776e+00    -3.540463e-01
2.808989e+00    -3.482037e-01
2.821202e+00    -3.424465e-01
2.833415e+00    -3.367749e-01
2.845628e+00    -3.311891e-01
2.857841e+00    -3.256890e-01
2.870054e+00    -3.202748e-01
2.882267e+00    -3.149464e-01
2.894480e+00    -3.097037e-01
2.906693e+00    -3.045465e-01
2.918906e+00    -2.994745e-01
2.931119e+00    -2.944874e-01
2.943332e+00    -2.895849e-01
2.955545e+00    -2.847665e-01
2.967758e+00    -2.800318e-01
2.979971e+00    -2.753802e-01
2.992184e+00    -2.708111e-01
3.004397e+00    -2.663240e-01
3.016610e+00    -2.619180e-01
3.028823e+00    -2.575925e-01
3.041036e+00    -2.533467e-01
3.053249e+00    -2.491799e-01
3.065462e+00    -2.450910e-01
3.077675e+00    -2.410794e-01
3.089888e+00    -2.371439e-01
3.102101e+00    -2.332836e-01
3.114314e+00    -2.294977e-01
3.126527e+00    -2.257850e-01
3.138740e+00    -2.221445e-01
3.150953e+00    -2.185750e-01
3.163166e+00    -2.150757e-01
3.175379e+00    -2.116452e-01
3.187592e+00    -2.082824e-01
3.199805e+00    -2.049863e-01
3.212018e+00    -2.017555e-01
3.224231e+00    -1.985890e-01
3.236444e+00    -1.954855e-01
3.248657e+00    -1.924439e-01
3.260870e+00    -1.894628e-01
3.273082e+00    -1.865412e-01
3.285295e+00    -1.836775e-01
3.297508e+00    -1.808708e-01
3.309721e+00    -1.781198e-01
3.321934e+00    -1.754232e-01
3.334147e+00    -1.727797e-01
3.346360e+00    -1.701882e-01
3.358573e+00    -1.676473e-01
3.370786e+00    -1.651558e-01
3.382999e+00    -1.627127e-01
3.395212e+00    -1.603165e-01
3.407425e+00    -1.579661e-01
3.419638e+00    -1.556603e-01
3.431851e+00    -1.533980e-01
3.444064e+00    -1.511779e-01
3.456277e+00    -1.489988e-01
3.468490e+00    -1.468597e-01
3.480703e+00    -1.447593e-01
3.492916e+00    -1.426967e-01
3.505129e+00    -1.406706e-01
3.517342e+00    -1.386800e-01
3.529555e+00    -1.367238e-01
3.541768e+00    -1.348010e-01
3.553981e+00    -1.329106e-01
3.566194e+00    -1.310515e-01
3.578407e+00    -1.292228e-01
3.590620e+00    -1.274236e-01
3.602833e+00    -1.256528e-01
3.615046e+00    -1.239095e-01
3.627259e+00    -1.221930e-01
3.639472e+00    -1.205023e-01
3.651685e+00    -1.188365e-01
3.663898e+00    -1.171949e-01
3.676111e+00    -1.155767e-01
3.688324e+00    -1.139810e-01
3.700537e+00    -1.124073e-01
3.712750e+00    -1.108546e-01
3.724963e+00    -1.093224e-01
3.737176e+00    -1.078100e-01
3.749389e+00    -1.063168e-01
3.761602e+00    -1.048421e-01
3.773815e+00    -1.033853e-01
3.786028e+00    -1.019459e-01
3.798241e+00    -1.005234e-01
3.810454e+00    -9.911720e-02
3.822667e+00    -9.772687e-02
3.834880e+00    -9.635193e-02
3.847093e+00    -9.499194e-02
3.859306e+00    -9.364653e-02
3.871519e+00    -9.231526e-02
3.883732e+00    -9.099779e-02
3.895945e+00    -8.969380e-02
3.908158e+00    -8.840292e-02
3.920371e+00    -8.712491e-02
3.932584e+00    -8.585947e-02
3.944797e+00    -8.460635e-02
3.957010e+00    -8.336534e-02
3.969223e+00    -8.213621e-02
3.981436e+00    -8.091880e-02
3.993649e+00    -7.971291e-02
4.005862e+00    -7.851842e-02
4.018075e+00    -7.733519e-02
4.030288e+00    -7.616308e-02
4.042501e+00    -7.500205e-02
4.054714e+00    -7.385194e-02
4.066927e+00    -7.271280e-02
4.079140e+00    -7.158448e-02
4.091353e+00    -7.046702e-02
4.103566e+00    -6.936032e-02
4.115779e+00    -6.826449e-02
4.127992e+00    -6.717942e-02
4.140205e+00    -6.610523e-02
4.152418e+00    -6.504188e-02
4.164631e+00    -6.398947e-02
4.176844e+00    -6.294797e-02
4.189057e+00    -6.191752e-02
4.201270e+00    -6.089818e-02
4.213483e+00    -5.988998e-02
4.225696e+00    -5.889307e-02
4.237909e+00    -5.790747e-02
4.250122e+00    -5.693337e-02
4.262335e+00    -5.597075e-02
4.274548e+00    -5.501983e-02
4.286761e+00    -5.408065e-02
4.298974e+00    -5.315337e-02
4.311187e+00    -5.223804e-02
4.323400e+00    -5.133488e-02
4.335613e+00    -5.044389e-02
4.347826e+00    -4.956530e-02
4.360039e+00    -4.869913e-02
4.372252e+00    -4.784557e-02
4.384465e+00    -4.700470e-02
4.396678e+00    -4.617667e-02
4.408891e+00    -4.536153e-02
4.421104e+00    -4.455948e-02
4.433317e+00    -4.377054e-02
4.445530e+00    -4.299487e-02
4.457743e+00    -4.223253e-02
4.469956e+00    -4.148365e-02
4.482169e+00    -4.074828e-02
4.494382e+00    -4.002654e-02
4.506595e+00    -3.931846e-02
4.518808e+00    -3.862418e-02
4.531021e+00    -3.794368e-02
4.543234e+00    -3.727709e-02
4.555447e+00    -3.662440e-02
4.567660e+00    -3.598569e-02
4.579873e+00    -3.536095e-02
4.592086e+00    -3.475027e-02
4.604299e+00    -3.415360e-02
4.616512e+00    -3.357098e-02
4.628725e+00    -3.300239e-02
4.640938e+00    -3.244784e-02
4.653151e+00    -3.190729e-02
4.665364e+00    -3.138073e-02
4.677577e+00    -3.086809e-02
4.689790e+00    -3.036935e-02
4.702003e+00    -2.988442e-02
4.714216e+00    -2.941327e-02
4.726429e+00    -2.895578e-02
4.738642e+00    -2.851190e-02
4.750855e+00    -2.808150e-02
4.763068e+00    -2.766450e-02
4.775281e+00    -2.726076e-02
4.787494e+00    -2.687016e-02
4.799707e+00    -2.649256e-02
4.811920e+00    -2.612785e-02
4.824133e+00    -2.577581e-02
4.836346e+00    -2.543633e-02
4.848559e+00    -2.510921e-02
4.860772e+00    -2.479428e-02
4.872985e+00    -2.449134e-02
4.885198e+00    -2.420021e-02
4.897411e+00    -2.392066e-02
4.909624e+00    -2.365250e-02
4.921837e+00    -2.339549e-02
4.934050e+00    -2.314943e-02
4.946263e+00    -2.291404e-02
4.958476e+00    -2.268912e-02
4.970689e+00    -2.247438e-02
4.982902e+00    -2.226961e-02
4.995115e+00    -2.207452e-02
5.007328e+00    -2.188886e-02
5.019541e+00    -2.171234e-02
5.031754e+00    -2.154470e-02
5.043967e+00    -2.138566e-02
5.056180e+00    -2.123494e-02
5.068393e+00    -2.109223e-02
5.080606e+00    -2.095727e-02
5.092819e+00    -2.082974e-02
5.105031e+00    -2.070936e-02
5.117245e+00    -2.059583e-02
5.129457e+00    -2.048885e-02
5.141671e+00    -2.038810e-02
5.153883e+00    -2.029331e-02
5.166097e+00    -2.020416e-02
5.178309e+00    -2.012035e-02
5.190523e+00    -2.004157e-02
5.202735e+00    -1.996753e-02
5.214949e+00    -1.989792e-02
5.227162e+00    -1.983244e-02
5.239375e+00    -1.977080e-02
5.251588e+00    -1.971269e-02
5.263801e+00    -1.965783e-02
5.276014e+00    -1.960592e-02
5.288227e+00    -1.955668e-02
5.300440e+00    -1.950982e-02
5.312653e+00    -1.946506e-02
5.324866e+00    -1.942212e-02
5.337079e+00    -1.938072e-02
5.349292e+00    -1.934062e-02
5.361505e+00    -1.930153e-02
5.373718e+00    -1.926320e-02
5.385931e+00    -1.922539e-02
5.398144e+00    -1.918783e-02
5.410357e+00    -1.915030e-02
5.422570e+00    -1.911256e-02
5.434783e+00    -1.907438e-02
5.446996e+00    -1.903555e-02
5.459208e+00    -1.899584e-02
5.471422e+00    -1.895506e-02
5.483634e+00    -1.891300e-02
5.495848e+00    -1.886947e-02
5.508060e+00    -1.882430e-02
5.520274e+00    -1.877729e-02
5.532486e+00    -1.872830e-02
5.544700e+00    -1.867714e-02
5.556912e+00    -1.862369e-02
5.569126e+00    -1.856778e-02
5.581338e+00    -1.850929e-02
5.593552e+00    -1.844809e-02
5.605764e+00    -1.838407e-02
5.617978e+00    -1.831711e-02
5.630190e+00    -1.824711e-02
5.642404e+00    -1.817398e-02
5.654616e+00    -1.809764e-02
5.666830e+00    -1.801801e-02
5.679042e+00    -1.793505e-02
5.691256e+00    -1.784866e-02
5.703468e+00    -1.775881e-02
5.715682e+00    -1.766547e-02
5.727894e+00    -1.756859e-02
5.740108e+00    -1.746816e-02
5.752320e+00    -1.736416e-02
5.764534e+00    -1.725659e-02
5.776746e+00    -1.714543e-02
5.788960e+00    -1.703070e-02
5.801172e+00    -1.691244e-02
5.813385e+00    -1.679062e-02
5.825598e+00    -1.666532e-02
5.837811e+00    -1.653656e-02
5.850024e+00    -1.640438e-02
5.862237e+00    -1.626885e-02
5.874450e+00    -1.613001e-02
5.886663e+00    -1.598793e-02
5.898876e+00    -1.584269e-02
5.911089e+00    -1.569436e-02
5.923302e+00    -1.554303e-02
5.935515e+00    -1.538879e-02
5.947728e+00    -1.523173e-02
5.959941e+00    -1.507195e-02
5.972154e+00    -1.490956e-02
5.984367e+00    -1.474466e-02
5.996580e+00    -1.457738e-02
6.008793e+00    -1.440781e-02
6.021006e+00    -1.423611e-02
6.033219e+00    -1.406238e-02
6.045432e+00    -1.388675e-02
6.057645e+00    -1.370936e-02
6.069858e+00    -1.353035e-02
6.082071e+00    -1.334984e-02
6.094284e+00    -1.316799e-02
6.106497e+00    -1.298492e-02
6.118710e+00    -1.280080e-02
6.130923e+00    -1.261575e-02
6.143136e+00    -1.242993e-02
6.155349e+00    -1.224348e-02
6.167562e+00    -1.205656e-02
6.179775e+00    -1.186930e-02
6.191988e+00    -1.168186e-02
6.204201e+00    -1.149438e-02
6.216414e+00    -1.130703e-02
6.228627e+00    -1.111992e-02
6.240840e+00    -1.093323e-02
6.253053e+00    -1.074709e-02
6.265266e+00    -1.056164e-02
6.277479e+00    -1.037703e-02
6.289692e+00    -1.019340e-02
6.301905e+00    -1.001087e-02
6.314118e+00    -9.829612e-03
6.326331e+00    -9.649733e-03
6.338544e+00    -9.471363e-03
6.350757e+00    -9.294645e-03
6.362970e+00    -9.119683e-03
6.375183e+00    -8.946616e-03
6.387396e+00    -8.775556e-03
6.399609e+00    -8.606615e-03
6.411822e+00    -8.439901e-03
6.424035e+00    -8.275530e-03
6.436248e+00    -8.113590e-03
6.448461e+00    -7.954199e-03
6.460674e+00    -7.797432e-03
6.472887e+00    -7.643396e-03
6.485100e+00    -7.492154e-03
6.497313e+00    -7.343804e-03
6.509526e+00    -7.198414e-03
6.521739e+00    -7.056060e-03
6.533952e+00    -6.916800e-03
6.546165e+00    -6.780701e-03
6.558378e+00    -6.647812e-03
6.570591e+00    -6.518193e-03
6.582804e+00    -6.391879e-03
6.595017e+00    -6.268924e-03
6.607230e+00    -6.149342e-03
6.619443e+00    -6.033188e-03
6.631656e+00    -5.920461e-03
6.643869e+00    -5.811203e-03
6.656082e+00    -5.705414e-03
6.668295e+00    -5.603111e-03
6.680508e+00    -5.504296e-03
6.692721e+00    -5.408965e-03
6.704934e+00    -5.317114e-03
6.717147e+00    -5.228731e-03
6.729360e+00    -5.143801e-03
6.741573e+00    -5.062304e-03
6.753786e+00    -4.984214e-03
6.765999e+00    -4.909499e-03
6.778212e+00    -4.838127e-03
6.790425e+00    -4.770058e-03
6.802638e+00    -4.705244e-03
6.814851e+00    -4.643644e-03
6.827064e+00    -4.585196e-03
6.839277e+00    -4.529860e-03
6.851490e+00    -4.477556e-03
6.863703e+00    -4.428239e-03
6.875916e+00    -4.381830e-03
6.888129e+00    -4.338256e-03
6.900342e+00    -4.297454e-03
6.912555e+00    -4.259334e-03
6.924768e+00    -4.223824e-03
6.936981e+00    -4.190838e-03
6.949194e+00    -4.160284e-03
6.961407e+00    -4.132089e-03
6.973620e+00    -4.106148e-03
6.985833e+00    -4.082371e-03
6.998046e+00    -4.060661e-03
7.010259e+00    -4.040924e-03
7.022472e+00    -4.023057e-03
7.034685e+00    -4.006968e-03
7.046898e+00    -3.992542e-03
7.059111e+00    -3.979692e-03
7.071324e+00    -3.968299e-03
7.083537e+00    -3.958266e-03
7.095750e+00    -3.949492e-03
7.107963e+00    -3.941856e-03
7.120176e+00    -3.935267e-03
7.132389e+00    -3.929615e-03
7.144602e+00    -3.924783e-03
7.156815e+00    -3.920679e-03
7.169028e+00    -3.917194e-03
7.181241e+00    -3.914218e-03
7.193454e+00    -3.911652e-03
7.205667e+00    -3.909390e-03
7.217880e+00    -3.907330e-03
7.230093e+00    -3.905369e-03
7.242306e+00    -3.903414e-03
7.254519e+00    -3.901358e-03
7.266732e+00    -3.899111e-03
7.278944e+00    -3.896574e-03
7.291158e+00    -3.893655e-03
7.303371e+00    -3.890265e-03
7.315584e+00    -3.886315e-03
7.327797e+00    -3.881718e-03
7.340010e+00    -3.876391e-03
7.352223e+00    -3.870246e-03
7.364436e+00    -3.863216e-03
7.376649e+00    -3.855220e-03
7.388862e+00    -3.846178e-03
7.401075e+00    -3.836049e-03
7.413288e+00    -3.824702e-03
7.425501e+00    -3.812129e-03
7.437714e+00    -3.798266e-03
7.449927e+00    -3.783038e-03
7.462140e+00    -3.766389e-03
7.474353e+00    -3.748274e-03
7.486566e+00    -3.728654e-03
7.498779e+00    -3.707481e-03
7.510992e+00    -3.684692e-03
7.523205e+00    -3.660279e-03
7.535418e+00    -3.634196e-03
7.547631e+00    -3.606414e-03
7.559844e+00    -3.576907e-03
7.572057e+00    -3.545645e-03
7.584270e+00    -3.512625e-03
7.596483e+00    -3.477816e-03
7.608696e+00    -3.441212e-03
7.620909e+00    -3.402805e-03
7.633121e+00    -3.362588e-03
7.645335e+00    -3.320555e-03
7.657547e+00    -3.276718e-03
7.669761e+00    -3.231074e-03
7.681973e+00    -3.183633e-03
7.694187e+00    -3.134414e-03
7.706399e+00    -3.083425e-03
7.718613e+00    -3.030682e-03
7.730825e+00    -2.976215e-03
7.743039e+00    -2.920041e-03
7.755251e+00    -2.862195e-03
7.767465e+00    -2.802700e-03
7.779677e+00    -2.741601e-03
7.791891e+00    -2.678919e-03
7.804103e+00    -2.614709e-03
7.816317e+00    -2.548994e-03
7.828529e+00    -2.481841e-03
7.840743e+00    -2.413277e-03
7.852955e+00    -2.343364e-03
7.865169e+00    -2.272144e-03
7.877381e+00    -2.199678e-03
7.889595e+00    -2.126011e-03
7.901807e+00    -2.051205e-03
7.914021e+00    -1.975332e-03
7.926233e+00    -1.898439e-03
7.938447e+00    -1.820586e-03
7.950659e+00    -1.741854e-03
7.962873e+00    -1.662274e-03
7.975085e+00    -1.581940e-03
7.987298e+00    -1.500914e-03
7.999511e+00    -1.419272e-03
8.011724e+00    -1.337060e-03
8.023937e+00    -1.254367e-03
8.036150e+00    -1.171258e-03
8.048364e+00    -1.087802e-03
8.060576e+00    -1.004071e-03
8.072789e+00    -9.201382e-04
8.085002e+00    -8.360738e-04
8.097216e+00    -7.519410e-04
8.109428e+00    -6.678312e-04
8.121641e+00    -5.837996e-04
8.133854e+00    -4.999244e-04
8.146068e+00    -4.162627e-04
8.158280e+00    -3.329026e-04
8.170493e+00    -2.499038e-04
8.182706e+00    -1.673402e-04
8.194920e+00    -8.526081e-05
8.207132e+00    -3.757830e-06
8.219345e+00    7.711631e-05
8.231558e+00    1.572949e-04
8.243772e+00    2.367213e-04
8.255984e+00    3.153235e-04
8.268197e+00    3.930442e-04
8.280410e+00    4.698316e-04
8.292624e+00    5.456255e-04
8.304836e+00    6.203608e-04
8.317049e+00    6.939944e-04
8.329262e+00    7.664697e-04
8.341475e+00    8.377458e-04
8.353688e+00    9.077602e-04
8.365901e+00    9.764742e-04
8.378115e+00    1.043850e-03
8.390327e+00    1.109829e-03
8.402540e+00    1.174389e-03
8.414753e+00    1.237470e-03
8.426967e+00    1.299066e-03
8.439179e+00    1.359119e-03
8.451392e+00    1.417608e-03
8.463605e+00    1.474503e-03
8.475819e+00    1.529780e-03
8.488031e+00    1.583412e-03
8.500244e+00    1.635376e-03
8.512457e+00    1.685654e-03
8.524671e+00    1.734226e-03
8.536883e+00    1.781089e-03
8.549096e+00    1.826211e-03
8.561309e+00    1.869599e-03
8.573523e+00    1.911240e-03
8.585735e+00    1.951121e-03
8.597948e+00    1.989262e-03
8.610161e+00    2.025616e-03
8.622375e+00    2.060231e-03
8.634587e+00    2.093086e-03
8.646800e+00    2.124195e-03
8.659013e+00    2.153563e-03
8.671227e+00    2.181204e-03
8.683439e+00    2.207119e-03
8.695652e+00    2.231330e-03
8.707865e+00    2.253855e-03
8.720078e+00    2.274712e-03
8.732291e+00    2.293908e-03
8.744504e+00    2.311477e-03
8.756717e+00    2.327439e-03
8.768930e+00    2.341816e-03
8.781143e+00    2.354632e-03
8.793356e+00    2.365924e-03
8.805569e+00    2.375711e-03
8.817782e+00    2.384028e-03
8.829995e+00    2.390906e-03
8.842208e+00    2.396385e-03
8.854421e+00    2.400487e-03
8.866634e+00    2.403255e-03
8.878847e+00    2.404725e-03
8.891060e+00    2.404935e-03
8.903273e+00    2.403917e-03
8.915486e+00    2.401718e-03
8.927699e+00    2.398374e-03
8.939912e+00    2.393921e-03
8.952125e+00    2.388405e-03
8.964338e+00    2.381871e-03
8.976551e+00    2.374353e-03
8.988764e+00    2.365894e-03
9.000977e+00    2.356551e-03
9.013190e+00    2.346333e-03
9.025403e+00    2.335320e-03
9.037616e+00    2.323529e-03
9.049829e+00    2.311018e-03
9.062042e+00    2.297813e-03
9.074255e+00    2.283972e-03
9.086468e+00    2.269525e-03
9.098680e+00    2.254508e-03
9.110894e+00    2.238993e-03
9.123107e+00    2.222987e-03
9.135320e+00    2.206545e-03
9.147532e+00    2.189702e-03
9.159746e+00    2.172495e-03
9.171959e+00    2.154968e-03
9.184172e+00    2.137152e-03
9.196384e+00    2.119086e-03
9.208598e+00    2.100799e-03
9.220811e+00    2.082329e-03
9.233024e+00    2.063713e-03
9.245236e+00    2.044982e-03
9.257450e+00    2.026162e-03
9.269663e+00    2.007284e-03
9.281876e+00    1.988379e-03
9.294088e+00    1.969470e-03
9.306302e+00    1.950588e-03
9.318515e+00    1.931760e-03
9.330728e+00    1.913002e-03
9.342940e+00    1.894334e-03
9.355154e+00    1.875781e-03
9.367367e+00    1.857370e-03
9.379580e+00    1.839107e-03
9.391793e+00    1.821012e-03
9.404006e+00    1.803102e-03
9.416219e+00    1.785393e-03
9.428432e+00    1.767890e-03
9.440645e+00    1.750606e-03
9.452858e+00    1.733554e-03
9.465071e+00    1.716742e-03
9.477283e+00    1.700171e-03
9.489497e+00    1.683851e-03
9.501710e+00    1.667778e-03
9.513923e+00    1.651963e-03
9.526135e+00    1.636402e-03
9.538349e+00    1.621097e-03
9.550562e+00    1.606049e-03
9.562775e+00    1.591246e-03
9.574987e+00    1.576684e-03
9.587201e+00    1.562370e-03
9.599414e+00    1.548296e-03
9.611627e+00    1.534430e-03
9.623839e+00    1.520791e-03
9.636053e+00    1.507352e-03
9.648266e+00    1.494106e-03
9.660479e+00    1.481049e-03
9.672691e+00    1.468154e-03
9.684905e+00    1.455413e-03
9.697118e+00    1.442813e-03
9.709331e+00    1.430333e-03
9.721543e+00    1.417964e-03
9.733757e+00    1.405678e-03
9.745970e+00    1.393469e-03
9.758183e+00    1.381305e-03
9.770395e+00    1.369177e-03
9.782609e+00    1.357056e-03
9.794822e+00    1.344932e-03
9.807034e+00    1.332773e-03
9.819247e+00    1.320562e-03
9.831461e+00    1.308280e-03
9.843674e+00    1.295903e-03
9.855886e+00    1.283412e-03
9.868099e+00    1.270782e-03
9.880313e+00    1.257990e-03
9.892526e+00    1.245018e-03
9.904738e+00    1.231844e-03
9.916951e+00    1.218433e-03
9.929165e+00    1.204775e-03
9.941378e+00    1.190845e-03
9.953590e+00    1.176627e-03
9.965803e+00    1.162095e-03
9.978017e+00    1.147224e-03
9.990230e+00    1.131999e-03
1.000244e+01    1.116403e-03
1.001466e+01    1.100408e-03
1.002687e+01    1.084000e-03
1.003908e+01    1.067162e-03
1.005129e+01    1.049871e-03
1.006351e+01    1.032117e-03
1.007572e+01    1.013882e-03
1.008793e+01    9.951441e-04
1.010015e+01    9.758761e-04
1.011236e+01    9.561267e-04
1.012457e+01    9.358072e-04
1.013679e+01    9.149471e-04
1.014900e+01    8.935182e-04
1.016121e+01    8.715219e-04
1.017342e+01    8.489420e-04
1.018564e+01    8.257757e-04
1.019785e+01    8.020049e-04
1.021006e+01    7.776507e-04
1.022228e+01    7.526785e-04
1.023449e+01    7.271006e-04
1.024670e+01    7.009102e-04
1.025891e+01    6.741085e-04
1.027113e+01    6.466898e-04
1.028334e+01    6.186677e-04
1.029555e+01    5.900292e-04
1.030777e+01    5.607833e-04
1.031998e+01    5.309479e-04
1.033219e+01    5.005081e-04
1.034441e+01    4.694884e-04
1.035662e+01    4.378862e-04
1.036883e+01    4.057117e-04
1.038105e+01    3.729849e-04
1.039326e+01    3.397036e-04
1.040547e+01    3.058962e-04
1.041768e+01    2.715632e-04
1.042990e+01    2.367310e-04
1.044211e+01    2.014082e-04
1.045432e+01    1.656141e-04
1.046654e+01    1.293718e-04
1.047875e+01    9.269740e-05
1.049096e+01    5.560723e-05
1.050318e+01    1.813456e-05
1.051539e+01    -1.971654e-05
1.052760e+01    -5.790358e-05
1.053981e+01    -9.641227e-05
1.055203e+01    -1.352199e-04
1.056424e+01    -1.742937e-04
1.057645e+01    -2.136058e-04
1.058867e+01    -2.531320e-04
1.060088e+01    -2.928480e-04
1.061309e+01    -3.327283e-04
1.062531e+01    -3.727273e-04
1.063752e+01    -4.128316e-04
1.064973e+01    -4.530025e-04
1.066194e+01    -4.932074e-04
1.067416e+01    -5.334179e-04
1.068637e+01    -5.736059e-04
1.069858e+01    -6.137390e-04
1.071080e+01    -6.537716e-04
1.072301e+01    -6.936887e-04
1.073522e+01    -7.334459e-04
1.074744e+01    -7.730185e-04
1.075965e+01    -8.123708e-04
1.077186e+01    -8.514666e-04
1.078407e+01    -8.902749e-04
1.079629e+01    -9.287604e-04
1.080850e+01    -9.668996e-04
1.082071e+01    -1.004647e-03
1.083293e+01    -1.041981e-03
1.084514e+01    -1.078868e-03
1.085735e+01    -1.115264e-03
1.086957e+01    -1.151152e-03
1.088178e+01    -1.186494e-03
1.089399e+01    -1.221263e-03
1.090620e+01    -1.255425e-03
1.091842e+01    -1.288953e-03
1.093063e+01    -1.321815e-03
1.094284e+01    -1.353991e-03
1.095506e+01    -1.385441e-03
1.096727e+01    -1.416152e-03
1.097948e+01    -1.446079e-03
1.099170e+01    -1.475212e-03
1.100391e+01    -1.503530e-03
1.101612e+01    -1.530990e-03
1.102833e+01    -1.557587e-03
1.104055e+01    -1.583297e-03
1.105276e+01    -1.608085e-03
1.106497e+01    -1.631946e-03
1.107719e+01    -1.654855e-03
1.108940e+01    -1.676796e-03
1.110161e+01    -1.697749e-03
1.111382e+01    -1.717697e-03
1.112604e+01    -1.736635e-03
1.113825e+01    -1.754540e-03
1.115046e+01    -1.771404e-03
1.116268e+01    -1.787214e-03
1.117489e+01    -1.801957e-03
1.118710e+01    -1.815634e-03
1.119932e+01    -1.828226e-03
1.121153e+01    -1.839737e-03
1.122374e+01    -1.850150e-03
1.123596e+01    -1.859468e-03
1.124817e+01    -1.867691e-03
1.126038e+01    -1.874815e-03
1.127259e+01    -1.880833e-03
1.128481e+01    -1.885755e-03
1.129702e+01    -1.889580e-03
1.130923e+01    -1.892308e-03
1.132145e+01    -1.893950e-03
1.133366e+01    -1.894504e-03
1.134587e+01    -1.893981e-03
1.135808e+01    -1.892391e-03
1.137030e+01    -1.889743e-03
1.138251e+01    -1.886041e-03
1.139472e+01    -1.881301e-03
1.140694e+01    -1.875536e-03
1.141915e+01    -1.868756e-03
1.143136e+01    -1.860982e-03
1.144358e+01    -1.852223e-03
1.145579e+01    -1.842498e-03
1.146800e+01    -1.831824e-03
1.148022e+01    -1.820220e-03
1.149243e+01    -1.807707e-03
1.150464e+01    -1.794303e-03
1.151685e+01    -1.780027e-03
1.152907e+01    -1.764909e-03
1.154128e+01    -1.748965e-03
1.155349e+01    -1.732217e-03
1.156571e+01    -1.714694e-03
1.157792e+01    -1.696417e-03
1.159013e+01    -1.677411e-03
1.160234e+01    -1.657707e-03
1.161456e+01    -1.637324e-03
1.162677e+01    -1.616293e-03
1.163898e+01    -1.594645e-03
1.165120e+01    -1.572399e-03
1.166341e+01    -1.549593e-03
1.167562e+01    -1.526253e-03
1.168784e+01    -1.502406e-03
1.170005e+01    -1.478072e-03
1.171226e+01    -1.453299e-03
1.172447e+01    -1.428101e-03
1.173669e+01    -1.402521e-03
1.174890e+01    -1.376577e-03
1.176111e+01    -1.350299e-03
1.177333e+01    -1.323726e-03
1.178554e+01    -1.296880e-03
1.179775e+01    -1.269786e-03
1.180997e+01    -1.242499e-03
1.182218e+01    -1.215014e-03
1.183439e+01    -1.187383e-03
1.184660e+01    -1.159625e-03
1.185882e+01    -1.131774e-03
1.187103e+01    -1.103850e-03
1.188324e+01    -1.075894e-03
1.189546e+01    -1.047924e-03
1.190767e+01    -1.019967e-03
1.191988e+01    -9.920532e-04
1.193210e+01    -9.642098e-04
1.194431e+01    -9.364578e-04
1.195652e+01    -9.088219e-04
1.196873e+01    -8.813321e-04
1.198095e+01    -8.540126e-04
1.199316e+01    -8.268777e-04
1.200537e+01    -7.999626e-04
1.201759e+01    -7.732790e-04
1.202980e+01    -7.468493e-04
1.204201e+01    -7.207026e-04
1.205423e+01    -6.948476e-04
1.206644e+01    -6.693117e-04
1.207865e+01    -6.441025e-04
1.209086e+01    -6.192485e-04
1.210308e+01    -5.947460e-04
1.211529e+01    -5.706550e-04
1.212750e+01    -5.469503e-04
1.213972e+01    -5.236536e-04
1.215193e+01    -5.007801e-04
1.216414e+01    -4.783482e-04
1.217636e+01    -4.563615e-04
1.218857e+01    -4.348373e-04
1.220078e+01    -4.137740e-04
1.221299e+01    -3.931920e-04
1.222521e+01    -3.730916e-04
1.223742e+01    -3.534854e-04
1.224963e+01    -3.343765e-04
1.226185e+01    -3.157673e-04
1.227406e+01    -2.976637e-04
1.228627e+01    -2.800720e-04
1.229849e+01    -2.629941e-04
1.231070e+01    -2.464234e-04
1.232291e+01    -2.303735e-04
1.233512e+01    -2.148382e-04
1.234734e+01    -1.998053e-04
1.235955e+01    -1.852967e-04
1.237176e+01    -1.712914e-04
1.238398e+01    -1.577921e-04
1.239619e+01    -1.447939e-04
1.240840e+01    -1.322926e-04
1.242062e+01    -1.202847e-04
1.243283e+01    -1.087561e-04
1.244504e+01    -9.771604e-05
1.245725e+01    -8.713966e-05
1.246947e+01    -7.702694e-05
1.248168e+01    -6.736866e-05
1.249389e+01    -5.815941e-05
1.250611e+01    -4.937423e-05
1.251832e+01    -4.101864e-05
1.253053e+01    -3.307471e-05
1.254275e+01    -2.553715e-05
1.255496e+01    -1.838687e-05
1.256717e+01    -1.161248e-05
1.257938e+01    -5.205502e-06
1.259160e+01    8.467978e-07
1.260381e+01    6.557852e-06
1.261602e+01    1.195167e-05
1.262824e+01    1.703095e-05
1.264045e+01    2.181272e-05
1.265266e+01    2.630885e-05
1.266488e+01    3.053741e-05
1.267709e+01    3.451083e-05
1.268930e+01    3.824134e-05
1.270151e+01    4.174549e-05
1.271373e+01    4.505078e-05
1.272594e+01    4.815230e-05
1.273815e+01    5.107508e-05
1.275037e+01    5.383826e-05
1.276258e+01    5.643854e-05
1.277479e+01    5.890517e-05
1.278701e+01    6.125294e-05
1.279922e+01    6.349647e-05
1.281143e+01    6.563882e-05
1.282364e+01    6.770757e-05
1.283586e+01    6.970543e-05
1.284807e+01    7.165677e-05
1.286028e+01    7.356259e-05
1.287250e+01    7.544806e-05
1.288471e+01    7.731777e-05
1.289692e+01    7.918571e-05
1.290914e+01    8.107079e-05
1.292135e+01    8.296355e-05
1.293356e+01    8.489853e-05
1.294577e+01    8.687367e-05
1.295799e+01    8.890955e-05
1.297020e+01    9.100507e-05
1.298241e+01    9.317252e-05
1.299463e+01    9.542394e-05
1.300684e+01    9.776504e-05
1.301905e+01    1.002045e-04
1.303127e+01    1.027462e-04
1.304348e+01    1.054067e-04
1.305569e+01    1.081776e-04
1.306790e+01    1.110762e-04
1.308012e+01    1.141058e-04
1.309233e+01    1.172691e-04
1.310454e+01    1.205725e-04
1.311676e+01    1.240117e-04
1.312897e+01    1.276031e-04
1.314118e+01    1.313332e-04
1.315340e+01    1.352169e-04
1.316561e+01    1.392528e-04
1.317782e+01    1.434322e-04
1.319003e+01    1.477669e-04
1.320225e+01    1.522429e-04
1.321446e+01    1.568894e-04
1.322667e+01    1.616719e-04
1.323889e+01    1.666012e-04
1.325110e+01    1.716709e-04
1.326331e+01    1.768866e-04
1.327553e+01    1.822401e-04
1.328774e+01    1.877220e-04
1.329995e+01    1.933310e-04
1.331216e+01    1.990731e-04
1.332438e+01    2.049304e-04
1.333659e+01    2.108949e-04
1.334880e+01    2.169691e-04
1.336102e+01    2.231425e-04
1.337323e+01    2.294082e-04
1.338544e+01    2.357591e-04
1.339766e+01    2.421926e-04
1.340987e+01    2.486984e-04
1.342208e+01    2.552533e-04
1.343429e+01    2.618660e-04
1.344651e+01    2.685226e-04
1.345872e+01    2.752154e-04
1.347093e+01    2.819348e-04
1.348315e+01    2.886654e-04
1.349536e+01    2.954056e-04
1.350757e+01    3.021403e-04
1.351978e+01    3.088677e-04
1.353200e+01    3.155594e-04
1.354421e+01    3.222296e-04
1.355642e+01    3.288429e-04
1.356864e+01    3.354097e-04
1.358085e+01    3.419041e-04
1.359306e+01    3.483250e-04
1.360528e+01    3.546569e-04
1.361749e+01    3.609005e-04
1.362970e+01    3.670309e-04
1.364192e+01    3.730461e-04
1.365413e+01    3.789343e-04
1.366634e+01    3.846841e-04
1.367855e+01    3.902856e-04
1.369077e+01    3.957347e-04
1.370298e+01    4.010164e-04
1.371519e+01    4.061190e-04
1.372741e+01    4.110311e-04
1.373962e+01    4.157582e-04
1.375183e+01    4.202788e-04
1.376404e+01    4.245966e-04
1.377626e+01    4.286886e-04
1.378847e+01    4.325561e-04
1.380068e+01    4.361935e-04
1.381290e+01    4.395852e-04
1.382511e+01    4.427334e-04
1.383732e+01    4.456295e-04
1.384954e+01    4.482630e-04
1.386175e+01    4.506386e-04
1.387396e+01    4.527388e-04
1.388618e+01    4.545652e-04
1.389839e+01    4.561148e-04
1.391060e+01    4.573826e-04
1.392281e+01    4.583657e-04
1.393503e+01    4.590585e-04
1.394724e+01    4.594588e-04
1.395945e+01    4.595714e-04
1.397167e+01    4.593854e-04
1.398388e+01    4.589040e-04
1.399609e+01    4.581264e-04
1.400830e+01    4.570551e-04
1.402052e+01    4.556864e-04
1.403273e+01    4.540242e-04
1.404494e+01    4.520684e-04
1.405716e+01    4.498185e-04
1.406937e+01    4.472811e-04
1.408158e+01    4.444588e-04
1.409380e+01    4.413465e-04
1.410601e+01    4.379699e-04
1.411822e+01    4.342982e-04
1.413043e+01    4.303663e-04
1.414265e+01    4.261642e-04
1.415486e+01    4.217043e-04
1.416707e+01    4.169892e-04
1.417929e+01    4.120255e-04
1.419150e+01    4.068287e-04
1.420371e+01    4.013748e-04
1.421593e+01    3.957050e-04
1.422814e+01    3.898189e-04
1.424035e+01    3.837146e-04
1.425256e+01    3.774119e-04
1.426478e+01    3.709086e-04
1.427699e+01    3.642258e-04
1.428920e+01    3.573683e-04
1.430142e+01    3.503321e-04
1.431363e+01    3.431537e-04
1.432584e+01    3.358261e-04
1.433806e+01    3.283566e-04
1.435027e+01    3.207621e-04
1.436248e+01    3.130522e-04
1.437469e+01    3.052423e-04
1.438691e+01    2.973363e-04
1.439912e+01    2.893470e-04
1.441133e+01    2.812883e-04
1.442355e+01    2.731657e-04
1.443576e+01    2.649978e-04
1.444797e+01    2.567950e-04
1.446019e+01    2.485621e-04
1.447240e+01    2.403162e-04
1.448461e+01    2.320713e-04
1.449682e+01    2.238340e-04
1.450904e+01    2.156172e-04
1.452125e+01    2.074294e-04
1.453346e+01    1.992837e-04
1.454568e+01    1.911998e-04
1.455789e+01    1.831753e-04
1.457010e+01    1.752198e-04
1.458232e+01    1.673637e-04
1.459453e+01    1.595965e-04
1.460674e+01    1.519385e-04
1.461895e+01    1.444004e-04
1.463117e+01    1.369861e-04
1.464338e+01    1.297104e-04
1.465559e+01    1.225791e-04
1.466781e+01    1.156083e-04
1.468002e+01    1.087936e-04
1.469223e+01    1.021627e-04
1.470445e+01    9.570226e-05
1.471666e+01    8.942841e-05
1.472887e+01    8.335809e-05
1.474109e+01    7.748762e-05
1.475330e+01    7.183023e-05
1.476551e+01    6.638802e-05
1.477772e+01    6.116764e-05
1.478994e+01    5.617080e-05
1.480215e+01    5.140926e-05
1.481436e+01    4.688868e-05
1.482658e+01    4.261153e-05
1.483879e+01    3.857435e-05
1.485100e+01    3.479115e-05
1.486321e+01    3.125463e-05
1.487543e+01    2.797954e-05
1.488764e+01    2.495498e-05
1.489985e+01    2.219525e-05
1.491207e+01    1.969671e-05
1.492428e+01    1.745292e-05
1.493649e+01    1.546896e-05
1.494871e+01    1.375318e-05
1.496092e+01    1.229390e-05
1.497313e+01    1.109195e-05
1.498534e+01    1.014884e-05
1.499756e+01    9.459342e-06
1.500977e+01    9.029942e-06
1.502198e+01    8.849616e-06
1.503420e+01    8.915385e-06
1.504641e+01    9.224579e-06
1.505862e+01    9.774081e-06
1.507084e+01    1.055935e-05
1.508305e+01    1.157668e-05
1.509526e+01    1.281680e-05
1.510747e+01    1.427808e-05
1.511969e+01    1.595298e-05
1.513190e+01    1.783126e-05
1.514411e+01    1.991624e-05
1.515633e+01    2.219177e-05
1.516854e+01    2.465913e-05
1.518075e+01    2.730025e-05
1.519297e+01    3.011697e-05
1.520518e+01    3.308787e-05
1.521739e+01    3.621773e-05
1.522960e+01    3.949496e-05
1.524182e+01    4.290798e-05
1.525403e+01    4.644693e-05
1.526624e+01    5.010521e-05
1.527846e+01    5.387301e-05
1.529067e+01    5.774198e-05
1.530288e+01    6.169959e-05
1.531509e+01    6.572888e-05
1.532731e+01    6.983813e-05
1.533952e+01    7.400075e-05
1.535173e+01    7.821433e-05
1.536395e+01    8.246329e-05
1.537616e+01    8.674148e-05
1.538837e+01    9.103944e-05
1.540059e+01    9.534211e-05
1.541280e+01    9.964959e-05
1.542501e+01    1.039312e-04
1.543723e+01    1.081949e-04
1.544944e+01    1.124273e-04
1.546165e+01    1.166097e-04
1.547386e+01    1.207397e-04
1.548608e+01    1.248096e-04
1.549829e+01    1.288138e-04
1.551050e+01    1.327102e-04
1.552272e+01    1.365289e-04
1.553493e+01    1.402426e-04
1.554714e+01    1.438455e-04
1.555935e+01    1.473248e-04
1.557157e+01    1.506768e-04
1.558378e+01    1.538878e-04
1.559599e+01    1.569609e-04
1.560821e+01    1.598710e-04
1.562042e+01    1.626207e-04
1.563263e+01    1.652054e-04
1.564485e+01    1.676105e-04
1.565706e+01    1.698337e-04
1.566927e+01    1.718632e-04
1.568149e+01    1.736987e-04
1.569370e+01    1.753283e-04
1.570591e+01    1.767601e-04
1.571812e+01    1.779762e-04
1.573034e+01    1.789688e-04
1.574255e+01    1.797438e-04
1.575476e+01    1.802960e-04
1.576698e+01    1.806151e-04
1.577919e+01    1.806997e-04
1.579140e+01    1.805523e-04
1.580362e+01    1.801662e-04
1.581583e+01    1.795391e-04
1.582804e+01    1.786711e-04
1.584025e+01    1.775612e-04
1.585247e+01    1.762054e-04
1.586468e+01    1.746064e-04
1.587689e+01    1.727607e-04
1.588911e+01    1.706648e-04
1.590132e+01    1.683419e-04
1.591353e+01    1.657699e-04
1.592575e+01    1.629542e-04
1.593796e+01    1.599048e-04
1.595017e+01    1.566138e-04
1.596238e+01    1.530945e-04
1.597460e+01    1.493415e-04
1.598681e+01    1.453614e-04
1.599902e+01    1.411585e-04
1.601124e+01    1.367348e-04
1.602345e+01    1.320988e-04
1.603566e+01    1.272496e-04
1.604787e+01    1.222004e-04
1.606009e+01    1.169513e-04
1.607230e+01    1.115062e-04
1.608451e+01    1.058729e-04
1.609673e+01    1.000600e-04
1.610894e+01    9.407493e-05
1.612115e+01    8.792190e-05
1.613337e+01    8.160982e-05
1.614558e+01    7.514667e-05
1.615779e+01    6.853437e-05
1.617001e+01    6.178757e-05
1.618222e+01    5.490877e-05
1.619443e+01    4.791228e-05
1.620664e+01    4.080459e-05
1.621886e+01    3.359072e-05
1.623107e+01    2.628500e-05
1.624328e+01    1.888978e-05
1.625550e+01    1.141930e-05
1.626771e+01    3.881134e-06
1.627992e+01    -3.714544e-06
1.629214e+01    -1.136066e-05
1.630435e+01    -1.905169e-05
1.631656e+01    -2.676806e-05
1.632877e+01    -3.450493e-05
1.634099e+01    -4.225752e-05
1.635320e+01    -5.001186e-05
1.636541e+01    -5.775450e-05
1.637763e+01    -6.548962e-05
1.638984e+01    -7.318788e-05
1.640205e+01    -8.086704e-05
1.641426e+01    -8.849166e-05
1.642648e+01    -9.606445e-05
1.643869e+01    -1.035765e-04
1.645090e+01    -1.110199e-04
1.646312e+01    -1.183839e-04
1.647533e+01    -1.256619e-04
1.648754e+01    -1.328399e-04
1.649976e+01    -1.399124e-04
1.651197e+01    -1.468786e-04
1.652418e+01    -1.537229e-04
1.653639e+01    -1.604391e-04
1.654861e+01    -1.670186e-04
1.656082e+01    -1.734614e-04
1.657303e+01    -1.797486e-04
1.658525e+01    -1.858805e-04
1.659746e+01    -1.918462e-04
1.660967e+01    -1.976581e-04
1.662189e+01    -2.032810e-04
1.663410e+01    -2.087333e-04
1.664631e+01    -2.139936e-04
1.665853e+01    -2.190673e-04
1.667074e+01    -2.239483e-04
1.668295e+01    -2.286270e-04
1.669516e+01    -2.331026e-04
1.670738e+01    -2.373685e-04
1.671959e+01    -2.414291e-04
1.673180e+01    -2.452707e-04
1.674402e+01    -2.488982e-04
1.675623e+01    -2.523073e-04
1.676844e+01    -2.554951e-04
1.678065e+01    -2.584622e-04
1.679287e+01    -2.612004e-04
1.680508e+01    -2.637218e-04
1.681729e+01    -2.660030e-04
1.682951e+01    -2.680655e-04
1.684172e+01    -2.699000e-04
1.685393e+01    -2.715088e-04
1.686615e+01    -2.728906e-04
1.687836e+01    -2.740485e-04
1.689057e+01    -2.749768e-04
1.690278e+01    -2.756885e-04
1.691500e+01    -2.761785e-04
1.692721e+01    -2.764485e-04
1.693942e+01    -2.765045e-04
1.695164e+01    -2.763451e-04
1.696385e+01    -2.759714e-04
1.697606e+01    -2.753956e-04
1.698828e+01    -2.746110e-04
1.700049e+01    -2.736251e-04
1.701270e+01    -2.724493e-04
1.702491e+01    -2.710771e-04
1.703713e+01    -2.695158e-04
1.704934e+01    -2.677754e-04
1.706155e+01    -2.658547e-04
1.707377e+01    -2.637599e-04
1.708598e+01    -2.615022e-04
1.709819e+01    -2.590879e-04
1.711040e+01    -2.564922e-04
1.712262e+01    -2.537733e-04
1.713483e+01    -2.508995e-04
1.714705e+01    -2.478895e-04
1.715926e+01    -2.447424e-04
1.717147e+01    -2.414740e-04
1.718368e+01    -2.380867e-04
1.719590e+01    -2.345947e-04
1.720811e+01    -2.309823e-04
1.722032e+01    -2.272749e-04
1.723254e+01    -2.234796e-04
1.724475e+01    -2.195926e-04
1.725696e+01    -2.156340e-04
1.726917e+01    -2.116007e-04
1.728139e+01    -2.075012e-04
1.729360e+01    -2.033484e-04
1.730581e+01    -1.991333e-04
1.731803e+01    -1.948929e-04
1.733024e+01    -1.906021e-04
1.734245e+01    -1.862831e-04
1.735467e+01    -1.819420e-04
1.736688e+01    -1.775849e-04
1.737909e+01    -1.732151e-04
1.739130e+01    -1.688372e-04
1.740352e+01    -1.644615e-04
1.741573e+01    -1.601045e-04
1.742794e+01    -1.557545e-04
1.744016e+01    -1.514232e-04
1.745237e+01    -1.471222e-04
1.746458e+01    -1.428531e-04
1.747680e+01    -1.386222e-04
1.748901e+01    -1.344300e-04
1.750122e+01    -1.302930e-04
1.751343e+01    -1.261980e-04
1.752565e+01    -1.221639e-04
1.753786e+01    -1.181974e-04
1.755007e+01    -1.142956e-04
1.756229e+01    -1.104614e-04
1.757450e+01    -1.067013e-04
1.758671e+01    -1.030242e-04
1.759892e+01    -9.943280e-05
1.761114e+01    -9.591738e-05
1.762335e+01    -9.249226e-05
1.763556e+01    -8.916621e-05
1.764778e+01    -8.592285e-05
1.765999e+01    -8.278211e-05
1.767220e+01    -7.974046e-05
1.768442e+01    -7.679256e-05
1.769663e+01    -7.394378e-05
1.770884e+01    -7.121033e-05
1.772106e+01    -6.857422e-05
1.773327e+01    -6.604130e-05
1.774548e+01    -6.361530e-05
1.775769e+01    -6.129267e-05
1.776991e+01    -5.908051e-05
1.778212e+01    -5.696921e-05
1.779433e+01    -5.496378e-05
1.780655e+01    -5.306736e-05
1.781876e+01    -5.127021e-05
1.783097e+01    -4.957612e-05
1.784319e+01    -4.798481e-05
1.785540e+01    -4.648857e-05
1.786761e+01    -4.509874e-05
1.787982e+01    -4.379469e-05
1.789204e+01    -4.258950e-05
1.790425e+01    -4.147872e-05
1.791646e+01    -4.045905e-05
1.792868e+01    -3.951768e-05
1.794089e+01    -3.866815e-05
1.795310e+01    -3.789277e-05
1.796531e+01    -3.720000e-05
1.797753e+01    -3.657506e-05
1.798974e+01    -3.602632e-05
1.800196e+01    -3.554276e-05
1.801417e+01    -3.512070e-05
1.802638e+01    -3.475987e-05
1.803859e+01    -3.445486e-05
1.805081e+01    -3.419770e-05
1.806302e+01    -3.399135e-05
1.807523e+01    -3.382360e-05
1.808744e+01    -3.369685e-05
1.809966e+01    -3.360159e-05
1.811187e+01    -3.354280e-05
1.812408e+01    -3.350107e-05
1.813630e+01    -3.348221e-05
1.814851e+01    -3.347680e-05
1.816072e+01    -3.349123e-05
1.817294e+01    -3.350532e-05
1.818515e+01    -3.352301e-05
1.819736e+01    -3.354176e-05
1.820958e+01    -3.355107e-05
1.822179e+01    -3.355305e-05
1.823400e+01    -3.353198e-05
1.824621e+01    -3.350154e-05
1.825843e+01    -3.343931e-05
1.827064e+01    -3.334641e-05
1.828285e+01    -3.322621e-05
1.829507e+01    -3.307709e-05
1.830728e+01    -3.287639e-05
1.831949e+01    -3.262947e-05
1.833171e+01    -3.233354e-05
1.834392e+01    -3.199733e-05
1.835613e+01    -3.159861e-05
1.836834e+01    -3.114273e-05
1.838056e+01    -3.061851e-05
1.839277e+01    -3.003934e-05
1.840498e+01    -2.938742e-05
1.841720e+01    -2.866797e-05
1.842941e+01    -2.787402e-05
1.844162e+01    -2.700929e-05
1.845383e+01    -2.606097e-05
1.846605e+01    -2.503698e-05
1.847826e+01    -2.392347e-05
1.849047e+01    -2.273510e-05
1.850269e+01    -2.146955e-05
1.851490e+01    -2.010399e-05
1.852711e+01    -1.865427e-05
1.853933e+01    -1.711806e-05
1.855154e+01    -1.549534e-05
1.856375e+01    -1.378439e-05
1.857596e+01    -1.198635e-05
1.858818e+01    -1.009030e-05
1.860039e+01    -8.114614e-06
1.861260e+01    -6.048824e-06
1.862482e+01    -3.895024e-06
1.863703e+01    -1.653796e-06
1.864924e+01    6.749760e-07
1.866146e+01    3.084075e-06
1.867367e+01    5.577691e-06
1.868588e+01    8.151866e-06
1.869810e+01    1.080916e-05
1.871031e+01    1.354562e-05
1.872252e+01    1.635449e-05
1.873473e+01    1.923530e-05
1.874695e+01    2.218783e-05
1.875916e+01    2.520718e-05
1.877137e+01    2.829311e-05
1.878359e+01    3.143819e-05
1.879580e+01    3.464567e-05
1.880801e+01    3.790227e-05
1.882022e+01    4.121009e-05
1.883244e+01    4.457450e-05
1.884465e+01    4.797359e-05
1.885686e+01    5.141553e-05
1.886908e+01    5.489052e-05
1.888129e+01    5.839765e-05
1.889350e+01    6.193831e-05
1.890572e+01    6.549223e-05
1.891793e+01    6.906409e-05
1.893014e+01    7.265434e-05
1.894235e+01    7.624971e-05
1.895457e+01    7.985276e-05
1.896678e+01    8.345232e-05
1.897899e+01    8.704187e-05
1.899121e+01    9.062700e-05
1.900342e+01    9.419490e-05
1.901563e+01    9.773602e-05
1.902785e+01    1.012573e-04
1.904006e+01    1.047465e-04
1.905227e+01    1.081969e-04
1.906449e+01    1.116068e-04
1.907670e+01    1.149675e-04
1.908891e+01    1.182823e-04
1.910112e+01    1.215363e-04
1.911334e+01    1.247351e-04
1.912555e+01    1.278641e-04
1.913776e+01    1.309258e-04
1.914997e+01    1.339066e-04
1.916219e+01    1.368107e-04
1.917440e+01    1.396276e-04
1.918661e+01    1.423607e-04
1.919883e+01    1.449920e-04
1.921104e+01    1.475331e-04
1.922325e+01    1.499663e-04
1.923547e+01    1.522976e-04
1.924768e+01    1.545176e-04
1.925989e+01    1.566235e-04
1.927211e+01    1.586110e-04
1.928432e+01    1.604845e-04
1.929653e+01    1.622261e-04
1.930874e+01    1.638456e-04
1.932096e+01    1.653311e-04
1.933317e+01    1.666883e-04
1.934538e+01    1.679064e-04
1.935760e+01    1.689894e-04
1.936981e+01    1.699282e-04
1.938202e+01    1.707249e-04
1.939424e+01    1.713807e-04
1.940645e+01    1.718923e-04
1.941866e+01    1.722558e-04
1.943087e+01    1.724728e-04
1.944309e+01    1.725391e-04
1.945530e+01    1.724501e-04
1.946751e+01    1.722143e-04
1.947973e+01    1.718298e-04
1.949194e+01    1.712880e-04
1.950415e+01    1.706012e-04
1.951637e+01    1.697579e-04
1.952858e+01    1.687641e-04
1.954079e+01    1.676262e-04
1.955301e+01    1.663352e-04
1.956522e+01    1.649010e-04
1.957743e+01    1.633104e-04
1.958964e+01    1.615842e-04
1.960186e+01    1.597056e-04
1.961407e+01    1.576851e-04
1.962628e+01    1.555326e-04
1.963849e+01    1.532393e-04
1.965071e+01    1.508171e-04
1.966292e+01    1.482574e-04
1.967513e+01    1.455672e-04
1.968735e+01    1.427542e-04
1.969956e+01    1.398093e-04
1.971177e+01    1.367537e-04
1.972399e+01    1.335803e-04
1.973620e+01    1.302951e-04
1.974841e+01    1.269014e-04
1.976063e+01    1.234039e-04
1.977284e+01    1.198029e-04
1.978505e+01    1.161034e-04
1.979726e+01    1.123252e-04
1.980948e+01    1.084472e-04
1.982169e+01    1.044929e-04
1.983390e+01    1.004562e-04
1.984612e+01    9.634643e-05
1.985833e+01    9.217235e-05
1.987054e+01    8.793682e-05
1.988276e+01    8.364028e-05
1.989497e+01    7.929414e-05
1.990718e+01    7.489056e-05
1.991939e+01    7.045630e-05
1.993161e+01    6.597931e-05
1.994382e+01    6.147148e-05
1.995603e+01    5.693594e-05
1.996825e+01    5.238096e-05
1.998046e+01    4.781573e-05
1.999267e+01    4.323258e-05
2.000488e+01    3.864337e-05
2.001710e+01    3.406208e-05
2.002931e+01    2.948893e-05
2.004152e+01    2.491634e-05
2.005374e+01    2.036773e-05
2.006595e+01    1.583726e-05
2.007816e+01    1.133705e-05
2.009038e+01    6.858172e-06
2.010259e+01    2.428016e-06
2.011480e+01    -1.957233e-06
2.012702e+01    -6.305287e-06
2.013923e+01    -1.060168e-05
2.015144e+01    -1.484097e-05
2.016365e+01    -1.901633e-05
2.017587e+01    -2.312887e-05
2.018808e+01    -2.716415e-05
2.020029e+01    -3.113542e-05
2.021251e+01    -3.502742e-05
2.022472e+01    -3.883793e-05
2.023693e+01    -4.256106e-05
2.024915e+01    -4.619715e-05
2.026136e+01    -4.973952e-05
2.027357e+01    -5.318405e-05
2.028578e+01    -5.652619e-05
2.029800e+01    -5.977636e-05
2.031021e+01    -6.291585e-05
2.032242e+01    -6.594716e-05
2.033464e+01    -6.886989e-05
2.034685e+01    -7.168032e-05
2.035906e+01    -7.437068e-05
2.037127e+01    -7.695513e-05
2.038349e+01    -7.941166e-05
2.039570e+01    -8.175572e-05
2.040791e+01    -8.397007e-05
2.042013e+01    -8.606866e-05
2.043234e+01    -8.804705e-05
2.044455e+01    -8.989064e-05
2.045677e+01    -9.161778e-05
2.046898e+01    -9.321779e-05
2.048119e+01    -9.469128e-05
2.049340e+01    -9.603745e-05
2.050562e+01    -9.727276e-05
2.051783e+01    -9.835882e-05
2.053004e+01    -9.933421e-05
2.054226e+01    -1.001815e-04
2.055447e+01    -1.009108e-04
2.056668e+01    -1.015099e-04
2.057890e+01    -1.019960e-04
2.059111e+01    -1.023554e-04
2.060332e+01    -1.025968e-04
2.061554e+01    -1.027370e-04
2.062775e+01    -1.027508e-04
2.063996e+01    -1.026507e-04
2.065217e+01    -1.024479e-04
2.066439e+01    -1.021277e-04
2.067660e+01    -1.017072e-04
2.068881e+01    -1.011902e-04
2.070103e+01    -1.005625e-04
2.071324e+01    -9.984418e-05
2.072545e+01    -9.902872e-05
2.073767e+01    -9.812186e-05
2.074988e+01    -9.712015e-05
2.076209e+01    -9.604378e-05
2.077430e+01    -9.488351e-05
2.078652e+01    -9.364315e-05
2.079873e+01    -9.233352e-05
2.081094e+01    -9.095020e-05
2.082316e+01    -8.949212e-05
2.083537e+01    -8.797427e-05
2.084758e+01    -8.639817e-05
2.085979e+01    -8.476971e-05
2.087201e+01    -8.308423e-05
2.088422e+01    -8.135309e-05
2.089643e+01    -7.956954e-05
2.090865e+01    -7.776063e-05
2.092086e+01    -7.591236e-05
2.093307e+01    -7.402551e-05
2.094529e+01    -7.210959e-05
2.095750e+01    -7.017723e-05
2.096971e+01    -6.821557e-05
2.098192e+01    -6.623802e-05
2.099414e+01    -6.425211e-05
2.100635e+01    -6.225650e-05
2.101856e+01    -6.025701e-05
2.103078e+01    -5.824813e-05
2.104299e+01    -5.625399e-05
2.105520e+01    -5.425810e-05
2.106742e+01    -5.227188e-05
2.107963e+01    -5.029884e-05
2.109184e+01    -4.833525e-05
2.110406e+01    -4.640128e-05
2.111627e+01    -4.449322e-05
2.112848e+01    -4.260542e-05
2.114069e+01    -4.074456e-05
2.115291e+01    -3.891799e-05
2.116512e+01    -3.712390e-05
2.117733e+01    -3.537348e-05
2.118955e+01    -3.366045e-05
2.120176e+01    -3.198561e-05
2.121397e+01    -3.036167e-05
2.122618e+01    -2.878300e-05
2.123840e+01    -2.725297e-05
2.125061e+01    -2.577687e-05
2.126282e+01    -2.434750e-05
2.127504e+01    -2.298101e-05
2.128725e+01    -2.166053e-05
2.129946e+01    -2.040793e-05
2.131168e+01    -1.921125e-05
2.132389e+01    -1.807380e-05
2.133610e+01    -1.699757e-05
2.134831e+01    -1.598177e-05
2.136053e+01    -1.503008e-05
2.137274e+01    -1.414678e-05
2.138495e+01    -1.331700e-05
2.139717e+01    -1.256214e-05
2.140938e+01    -1.186377e-05
2.142159e+01    -1.122748e-05
2.143381e+01    -1.066138e-05
2.144602e+01    -1.015765e-05
2.145823e+01    -9.713011e-06
2.147044e+01    -9.330943e-06
2.148266e+01    -9.014751e-06
2.149487e+01    -8.756120e-06
2.150708e+01    -8.551942e-06
2.151930e+01    -8.421281e-06
2.153151e+01    -8.338393e-06
2.154372e+01    -8.309406e-06
2.155593e+01    -8.339412e-06
2.156815e+01    -8.420131e-06
2.158036e+01    -8.555580e-06
2.159258e+01    -8.745446e-06
2.160479e+01    -8.967305e-06
2.161700e+01    -9.242227e-06
2.162921e+01    -9.566400e-06
2.164143e+01    -9.929041e-06
2.165364e+01    -1.032936e-05
2.166585e+01    -1.076533e-05
2.167807e+01    -1.123391e-05
2.169028e+01    -1.173725e-05
2.170249e+01    -1.227716e-05
2.171470e+01    -1.283220e-05
2.172692e+01    -1.341627e-05
2.173913e+01    -1.402278e-05
2.175134e+01    -1.464815e-05
2.176356e+01    -1.528572e-05
2.177577e+01    -1.594436e-05
2.178798e+01    -1.660487e-05
2.180020e+01    -1.727717e-05
2.181241e+01    -1.796158e-05
2.182462e+01    -1.863772e-05
2.183683e+01    -1.931723e-05
2.184905e+01    -1.999456e-05
2.186126e+01    -2.066422e-05
2.187347e+01    -2.132737e-05
2.188569e+01    -2.197758e-05
2.189790e+01    -2.260882e-05
2.191011e+01    -2.322934e-05
2.192233e+01    -2.382780e-05
2.193454e+01    -2.440656e-05
2.194675e+01    -2.495563e-05
2.195897e+01    -2.547716e-05
2.197118e+01    -2.597457e-05
2.198339e+01    -2.644106e-05
2.199560e+01    -2.687417e-05
2.200782e+01    -2.726381e-05
2.202003e+01    -2.761341e-05
2.203224e+01    -2.793736e-05
2.204445e+01    -2.820152e-05
2.205667e+01    -2.843300e-05
2.206888e+01    -2.861305e-05
2.208109e+01    -2.874894e-05
2.209331e+01    -2.884229e-05
2.210552e+01    -2.887121e-05
2.211773e+01    -2.885800e-05
2.212995e+01    -2.878619e-05
2.214216e+01    -2.866716e-05
2.215437e+01    -2.848533e-05
2.216659e+01    -2.825486e-05
2.217880e+01    -2.796727e-05
2.219101e+01    -2.761869e-05
2.220322e+01    -2.721744e-05
2.221544e+01    -2.675366e-05
2.222765e+01    -2.623705e-05
2.223986e+01    -2.565926e-05
2.225208e+01    -2.502481e-05
2.226429e+01    -2.433164e-05
2.227650e+01    -2.357999e-05
2.228872e+01    -2.277648e-05
2.230093e+01    -2.191758e-05
2.231314e+01    -2.098947e-05
2.232535e+01    -2.001892e-05
2.233757e+01    -1.899299e-05
2.234978e+01    -1.791210e-05
2.236199e+01    -1.677831e-05
2.237421e+01    -1.558795e-05
2.238642e+01    -1.436452e-05
2.239863e+01    -1.307914e-05
2.241084e+01    -1.175731e-05
2.242306e+01    -1.038669e-05
2.243527e+01    -8.974574e-06
2.244748e+01    -7.521186e-06
2.245970e+01    -6.036076e-06
2.247191e+01    -4.505622e-06
2.248412e+01    -2.944318e-06
2.249634e+01    -1.353619e-06
2.250855e+01    2.696179e-07
2.252076e+01    1.915672e-06
2.253297e+01    3.588822e-06
2.254519e+01    5.280308e-06
2.255740e+01    6.996037e-06
2.256961e+01    8.722360e-06
2.258183e+01    1.046446e-05
2.259404e+01    1.220999e-05
2.260625e+01    1.397362e-05
2.261847e+01    1.573935e-05
2.263068e+01    1.750159e-05
2.264289e+01    1.926709e-05
2.265511e+01    2.102688e-05
2.266732e+01    2.277928e-05
2.267953e+01    2.451724e-05
2.269174e+01    2.624223e-05
2.270396e+01    2.795825e-05
2.271617e+01    2.963969e-05
2.272838e+01    3.130600e-05
2.274060e+01    3.294769e-05
2.275281e+01    3.455876e-05
2.276502e+01    3.613607e-05
2.277724e+01    3.768050e-05
2.278945e+01    3.918662e-05
2.280166e+01    4.064693e-05
2.281387e+01    4.206871e-05
2.282609e+01    4.343712e-05
2.283830e+01    4.475715e-05
2.285051e+01    4.602788e-05
2.286273e+01    4.723936e-05
2.287494e+01    4.839402e-05
2.288715e+01    4.949101e-05
2.289936e+01    5.052669e-05
2.291158e+01    5.149358e-05
2.292379e+01    5.239237e-05
2.293600e+01    5.322386e-05
2.294822e+01    5.397788e-05
2.296043e+01    5.466584e-05
2.297264e+01    5.527347e-05
2.298486e+01    5.580694e-05
2.299707e+01    5.625805e-05
2.300928e+01    5.663245e-05
2.302150e+01    5.691661e-05
2.303371e+01    5.712267e-05
2.304592e+01    5.724275e-05
2.305813e+01    5.727744e-05
2.307035e+01    5.722657e-05
2.308256e+01    5.708513e-05
2.309477e+01    5.685893e-05
2.310699e+01    5.653489e-05
2.311920e+01    5.612912e-05
2.313141e+01    5.562825e-05
2.314363e+01    5.503860e-05
2.315584e+01    5.436147e-05
2.316805e+01    5.359633e-05
2.318026e+01    5.273387e-05
2.319248e+01    5.178165e-05
2.320469e+01    5.074823e-05
2.321690e+01    4.961842e-05
2.322912e+01    4.840223e-05
2.324133e+01    4.709943e-05
2.325354e+01    4.570640e-05
2.326575e+01    4.423200e-05
2.327797e+01    4.267244e-05
2.329018e+01    4.103192e-05
2.330239e+01    3.930443e-05
2.331461e+01    3.749935e-05
2.332682e+01    3.561768e-05
2.333903e+01    3.365992e-05
2.335125e+01    3.162469e-05
2.336346e+01    2.951513e-05
2.337567e+01    2.734107e-05
2.338788e+01    2.509641e-05
2.340010e+01    2.278195e-05
2.341231e+01    2.040801e-05
2.342452e+01    1.797348e-05
2.343674e+01    1.547433e-05
2.344895e+01    1.292577e-05
2.346116e+01    1.032063e-05
2.347338e+01    7.664959e-06
2.348559e+01    4.964066e-06
2.349780e+01    2.218643e-06
2.351002e+01    -5.770125e-07
2.352223e+01    -3.400492e-06
2.353444e+01    -6.261514e-06
2.354665e+01    -9.156822e-06
2.355887e+01    -1.207925e-05
2.357108e+01    -1.503364e-05
2.358329e+01    -1.800607e-05
2.359550e+01    -2.100022e-05
2.360772e+01    -2.400664e-05
2.361993e+01    -2.703076e-05
2.363214e+01    -3.005902e-05
2.364436e+01    -3.309816e-05
2.365657e+01    -3.613904e-05
2.366878e+01    -3.917783e-05
2.368100e+01    -4.221569e-05
2.369321e+01    -4.524359e-05
2.370542e+01    -4.826183e-05
2.371764e+01    -5.126360e-05
2.372985e+01    -5.426054e-05
2.374206e+01    -5.722040e-05
2.375427e+01    -6.016251e-05
2.376649e+01    -6.308180e-05
2.377870e+01    -6.597186e-05
2.379091e+01    -6.882835e-05
2.380313e+01    -7.164612e-05
2.381534e+01    -7.443113e-05
2.382755e+01    -7.716799e-05
2.383977e+01    -7.986370e-05
2.385198e+01    -8.250918e-05
2.386419e+01    -8.511165e-05
2.387640e+01    -8.765812e-05
2.388862e+01    -9.015435e-05
2.390083e+01    -9.259291e-05
2.391304e+01    -9.497022e-05
2.392526e+01    -9.728799e-05
2.393747e+01    -9.953865e-05
2.394968e+01    -1.017286e-04
2.396189e+01    -1.038490e-04
2.397411e+01    -1.058983e-04
2.398632e+01    -1.078726e-04
2.399854e+01    -1.097873e-04
2.401075e+01    -1.116263e-04
2.402296e+01    -1.133804e-04
2.403517e+01    -1.150652e-04
2.404739e+01    -1.166665e-04
2.405960e+01    -1.181919e-04
2.407181e+01    -1.196351e-04
2.408403e+01    -1.210023e-04
2.409624e+01    -1.222840e-04
2.410845e+01    -1.234898e-04
2.412066e+01    -1.246073e-04
2.413288e+01    -1.256475e-04
2.414509e+01    -1.266034e-04
2.415730e+01    -1.274744e-04
2.416952e+01    -1.282594e-04
2.418173e+01    -1.289688e-04
2.419394e+01    -1.295895e-04
2.420616e+01    -1.301304e-04
2.421837e+01    -1.305883e-04
2.423058e+01    -1.309640e-04
2.424279e+01    -1.312586e-04
2.425501e+01    -1.314777e-04
2.426722e+01    -1.316130e-04
2.427943e+01    -1.316746e-04
2.429165e+01    -1.316543e-04
2.430386e+01    -1.315565e-04
2.431607e+01    -1.313855e-04
2.432829e+01    -1.311465e-04
2.434050e+01    -1.308265e-04
2.435271e+01    -1.304408e-04
2.436492e+01    -1.299847e-04
2.437714e+01    -1.294715e-04
2.438935e+01    -1.288743e-04
2.440156e+01    -1.282211e-04
2.441378e+01    -1.275043e-04
2.442599e+01    -1.267322e-04
2.443820e+01    -1.258932e-04
2.445041e+01    -1.250034e-04
2.446263e+01    -1.240589e-04
2.447484e+01    -1.230561e-04
2.448705e+01    -1.220154e-04
2.449927e+01    -1.209157e-04
2.451148e+01    -1.197783e-04
2.452369e+01    -1.185865e-04
2.453591e+01    -1.173601e-04
2.454812e+01    -1.160942e-04
2.456033e+01    -1.147913e-04
2.457255e+01    -1.134524e-04
2.458476e+01    -1.120824e-04
2.459697e+01    -1.106838e-04
2.460918e+01    -1.092538e-04
2.462140e+01    -1.077980e-04
2.463361e+01    -1.063251e-04
2.464582e+01    -1.048288e-04
2.465804e+01    -1.033130e-04
2.467025e+01    -1.017817e-04
2.468246e+01    -1.002369e-04
2.469468e+01    -9.867665e-05
2.470689e+01    -9.710708e-05
2.471910e+01    -9.553545e-05
2.473131e+01    -9.395531e-05
2.474353e+01    -9.237273e-05
2.475574e+01    -9.078390e-05
2.476795e+01    -8.919998e-05
2.478017e+01    -8.761630e-05
2.479238e+01    -8.603503e-05
2.480459e+01    -8.446301e-05
2.481680e+01    -8.290270e-05
2.482902e+01    -8.133851e-05
2.484123e+01    -7.979534e-05
2.485344e+01    -7.826134e-05
2.486566e+01    -7.673894e-05
2.487787e+01    -7.523794e-05
2.489008e+01    -7.374518e-05
2.490230e+01    -7.227753e-05
2.491451e+01    -7.082286e-05
2.492672e+01    -6.938993e-05
2.493893e+01    -6.797395e-05
2.495115e+01    -6.658418e-05
2.496336e+01    -6.521516e-05
2.497557e+01    -6.387143e-05
2.498779e+01    -6.254170e-05
2.500000e+01    -6.124970e-05
