0.000000e+00    1.433580e-01
1.221299e-02    1.430132e-01
2.442599e-02    1.419797e-01
3.663898e-02    1.402597e-01
4.885198e-02    1.378568e-01
6.106497e-02    1.347767e-01
7.327797e-02    1.310257e-01
8.549096e-02    1.266122e-01
9.770396e-02    1.215458e-01
1.099169e-01    1.158373e-01
1.221299e-01    1.094991e-01
1.343429e-01    1.025446e-01
1.465559e-01    9.498847e-02
1.587689e-01    8.684666e-02
1.709819e-01    7.813605e-02
1.831949e-01    6.887457e-02
1.954079e-01    5.908101e-02
2.076209e-01    4.877511e-02
2.198339e-01    3.797732e-02
2.320469e-01    2.670877e-02
2.442599e-01    1.499124e-02
2.564729e-01    2.846977e-03
2.686859e-01    -9.701272e-03
2.808989e-01    -2.263046e-02
2.931119e-01    -3.591723e-02
3.053249e-01    -4.953812e-02
3.175378e-01    -6.346950e-02
3.297509e-01    -7.768779e-02
3.419639e-01    -9.216927e-02
3.541768e-01    -1.068906e-01
3.663898e-01    -1.218285e-01
3.786028e-01    -1.369601e-01
3.908158e-01    -1.522627e-01
4.030288e-01    -1.677140e-01
4.152418e-01    -1.832925e-01
4.274548e-01    -1.989768e-01
4.396678e-01    -2.147462e-01
4.518808e-01    -2.305809e-01
4.640938e-01    -2.464613e-01
4.763068e-01    -2.623688e-01
4.885198e-01    -2.782854e-01
5.007328e-01    -2.941939e-01
5.129458e-01    -3.100778e-01
5.251588e-01    -3.259216e-01
5.373718e-01    -3.417103e-01
5.495847e-01    -3.574300e-01
5.617977e-01    -3.730676e-01
5.740107e-01    -3.886104e-01
5.862237e-01    -4.040470e-01
5.984367e-01    -4.193668e-01
6.106497e-01    -4.345596e-01
6.228627e-01    -4.496164e-01
6.350757e-01    -4.645286e-01
6.472887e-01    -4.792886e-01
6.595017e-01    -4.938897e-01
6.717147e-01    -5.083253e-01
6.839277e-01    -5.225900e-01
6.961407e-01    -5.366787e-01
7.083537e-01    -5.505872e-01
7.205667e-01    -5.643118e-01
7.327797e-01    -5.778491e-01
7.449927e-01    -5.911965e-01
7.572057e-01    -6.043518e-01
7.694187e-01    -6.173129e-01
7.816316e-01    -6.300786e-01
7.938446e-01    -6.426479e-01
8.060576e-01    -6.550199e-01
8.182706e-01    -6.671943e-01
8.304836e-01    -6.791708e-01
8.426966e-01    -6.909494e-01
8.549096e-01    -7.025305e-01
8.671226e-01    -7.139143e-01
8.793356e-01    -7.251014e-01
8.915486e-01    -7.360924e-01
9.037616e-01    -7.468879e-01
9.159746e-01    -7.574887e-01
9.281876e-01    -7.678955e-01
9.404006e-01    -7.781088e-01
9.526136e-01    -7.881297e-01
9.648266e-01    -7.979585e-01
9.770396e-01    -8.075960e-01
9.892526e-01    -8.170426e-01
1.001466e+00    -8.262988e-01
1.013679e+00    -8.353648e-01
1.025892e+00    -8.442409e-01
1.038105e+00    -8.529273e-01
1.050318e+00    -8.614237e-01
1.062531e+00    -8.697301e-01
1.074744e+00    -8.778460e-01
1.086957e+00    -8.857711e-01
1.099169e+00    -8.935047e-01
1.111382e+00    -9.010461e-01
1.123595e+00    -9.083945e-01
1.135808e+00    -9.155486e-01
1.148021e+00    -9.225076e-01
1.160234e+00    -9.292701e-01
1.172447e+00    -9.358348e-01
1.184660e+00    -9.422001e-01
1.196873e+00    -9.483646e-01
1.209086e+00    -9.543264e-01
1.221299e+00    -9.600838e-01
1.233512e+00    -9.656351e-01
1.245725e+00    -9.709784e-01
1.257938e+00    -9.761118e-01
1.270151e+00    -9.810334e-01
1.282364e+00    -9.857410e-01
1.294577e+00    -9.902328e-01
1.306790e+00    -9.945070e-01
1.319003e+00    -9.985614e-01
1.331216e+00    -1.002394e+00
1.343429e+00    -1.006003e+00
1.355642e+00    -1.009387e+00
1.367855e+00    -1.012544e+00
1.380068e+00    -1.015472e+00
1.392281e+00    -1.018170e+00
1.404494e+00    -1.020636e+00
1.416707e+00    -1.022868e+00
1.428920e+00    -1.024866e+00
1.441133e+00    -1.026629e+00
1.453346e+00    -1.028155e+00
1.465559e+00    -1.029443e+00
1.477772e+00    -1.030493e+00
1.489985e+00    -1.031304e+00
1.502198e+00    -1.031876e+00
1.514411e+00    -1.032209e+00
1.526624e+00    -1.032302e+00
1.538837e+00    -1.032156e+00
1.551050e+00    -1.031771e+00
1.563263e+00    -1.031147e+00
1.575476e+00    -1.030286e+00
1.587689e+00    -1.029187e+00
1.599902e+00    -1.027853e+00
1.612115e+00    -1.026284e+00
1.624328e+00    -1.024482e+00
1.636541e+00    -1.022449e+00
1.648754e+00    -1.020185e+00
1.660967e+00    -1.017694e+00
1.673180e+00    -1.014977e+00
1.685393e+00    -1.012037e+00
1.697606e+00    -1.008877e+00
1.709819e+00    -1.005498e+00
1.722032e+00    -1.001905e+00
1.734245e+00    -9.980989e-01
1.746458e+00    -9.940844e-01
1.758671e+00    -9.898643e-01
1.770884e+00    -9.854423e-01
1.783097e+00    -9.808219e-01
1.795310e+00    -9.760070e-01
1.807523e+00    -9.710013e-01
1.819736e+00    -9.658092e-01
1.831949e+00    -9.604346e-01
1.844162e+00    -9.548818e-01
1.856375e+00    -9.491552e-01
1.868588e+00    -9.432591e-01
1.880801e+00    -9.371983e-01
1.893014e+00    -9.309775e-01
1.905227e+00    -9.246012e-01
1.917440e+00    -9.180740e-01
1.929653e+00    -9.114013e-01
1.941866e+00    -9.045876e-01
1.954079e+00    -8.976381e-01
1.966292e+00    -8.905575e-01
1.978505e+00    -8.833511e-01
1.990718e+00    -8.760239e-01
2.002931e+00    -8.685811e-01
2.015144e+00    -8.610274e-01
2.027357e+00    -8.533682e-01
2.039570e+00    -8.456087e-01
2.051783e+00    -8.377538e-01
2.063996e+00    -8.298088e-01
2.076209e+00    -8.217788e-01
2.088422e+00    -8.136686e-01
2.100635e+00    -8.054836e-01
2.112848e+00    -7.972287e-01
2.125061e+00    -7.889090e-01
2.137274e+00    -7.805291e-01
2.149487e+00    -7.720944e-01
2.161700e+00    -7.636096e-01
2.173913e+00    -7.550793e-01
2.186126e+00    -7.465087e-01
2.198339e+00    -7.379020e-01
2.210552e+00    -7.292643e-01
2.222765e+00    -7.205999e-01
2.234978e+00    -7.119136e-01
2.247191e+00    -7.032096e-01
2.259404e+00    -6.944925e-01
2.271617e+00    -6.857665e-01
2.283830e+00    -6.770358e-01
2.296043e+00    -6.683047e-01
2.308256e+00    -6.595771e-01
2.320469e+00    -6.508570e-01
2.332682e+00    -6.421485e-01
2.344895e+00    -6.334552e-01
2.357108e+00    -6.247810e-01
2.369321e+00    -6.161293e-01
2.381534e+00    -6.075041e-01
2.393747e+00    -5.989084e-01
2.405960e+00    -5.903457e-01
2.418173e+00    -5.818196e-01
2.430386e+00    -5.733329e-01
2.442599e+00    -5.648887e-01
2.454812e+00    -5.564902e-01
2.467025e+00    -5.481402e-01
2.479238e+00    -5.398414e-01
2.491451e+00    -5.315967e-01
2.503664e+00    -5.234085e-01
2.515877e+00    -5.152795e-01
2.528090e+00    -5.072121e-01
2.540303e+00    -4.992086e-01
2.552516e+00    -4.912711e-01
2.564729e+00    -4.834020e-01
2.576942e+00    -4.756031e-01
2.589155e+00    -4.678763e-01
2.601368e+00    -4.602237e-01
2.613581e+00    -4.526467e-01
2.625794e+00    -4.451474e-01
2.638007e+00    -4.377272e-01
2.650220e+00    -4.303875e-01
2.662433e+00    -4.231296e-01
2.674646e+00    -4.159551e-01
2.686859e+00    -4.088649e-01
2.699072e+00    -4.018604e-01
2.711285e+00    -3.949424e-01
2.723498e+00    -3.881119e-01
2.735711e+00    -3.813699e-01
2.747924e+00    -3.747171e-01
2.760137e+00    -3.681540e-01
2.772350e+00    -3.616815e-01
2.784563e+00    -3.553000e-01
2.796776e+00    -3.490101e-01
2.808989e+00    -3.428119e-01
2.821202e+00    -3.367059e-01
2.833415e+00    -3.306923e-01
2.845628e+00    -3.247712e-01
2.857841e+00    -3.189427e-01
2.870054e+00    -3.132068e-01
2.882267e+00    -3.075635e-01
2.894480e+00    -3.020126e-01
2.906693e+00    -2.965540e-01
2.918906e+00    -2.911873e-01
2.931119e+00    -2.859123e-01
2.943332e+00    -2.807286e-01
2.955545e+00    -2.756357e-01
2.967758e+00    -2.706331e-01
2.979971e+00    -2.657203e-01
2.992184e+00    -2.608967e-01
3.004397e+00    -2.561616e-01
3.016610e+00    -2.515143e-01
3.028823e+00    -2.469541e-01
3.041036e+00    -2.424801e-01
3.053249e+00    -2.380914e-01
3.065462e+00    -2.337874e-01
3.077675e+00    -2.295669e-01
3.089888e+00    -2.254289e-01
3.102101e+00    -2.213725e-01
3.114314e+00    -2.173968e-01
3.126527e+00    -2.135005e-01
3.138740e+00    -2.096826e-01
3.150953e+00    -2.059419e-01
3.163166e+00    -2.022773e-01
3.175379e+00    -1.986876e-01
3.187592e+00    -1.951715e-01
3.199805e+00    -1.917279e-01
3.212018e+00    -1.883554e-01
3.224231e+00    -1.850529e-01
3.236444e+00    -1.818191e-01
3.248657e+00    -1.786526e-01
3.260870e+00    -1.755520e-01
3.273082e+00    -1.725163e-01
3.285295e+00    -1.695438e-01
3.297508e+00    -1.666334e-01
3.309721e+00    -1.637838e-01
3.321934e+00    -1.609935e-01
3.334147e+00    -1.582612e-01
3.346360e+00    -1.555855e-01
3.358573e+00    -1.529652e-01
3.370786e+00    -1.503989e-01
3.382999e+00    -1.478852e-01
3.395212e+00    -1.454229e-01
3.407425e+00    -1.430105e-01
3.419638e+00    -1.406468e-01
3.431851e+00    -1.383306e-01
3.444064e+00    -1.360604e-01
3.456277e+00    -1.338351e-01
3.468490e+00    -1.316533e-01
3.480703e+00    -1.295138e-01
3.492916e+00    -1.274155e-01
3.505129e+00    -1.253570e-01
3.517342e+00    -1.233372e-01
3.529555e+00    -1.213549e-01
3.541768e+00    -1.194090e-01
3.553981e+00    -1.174984e-01
3.566194e+00    -1.156219e-01
3.578407e+00    -1.137784e-01
3.590620e+00    -1.119669e-01
3.602833e+00    -1.101864e-01
3.615046e+00    -1.084359e-01
3.627259e+00    -1.067143e-01
3.639472e+00    -1.050207e-01
3.651685e+00    -1.033542e-01
3.663898e+00    -1.017139e-01
3.676111e+00    -1.000989e-01
3.688324e+00    -9.850842e-02
3.700537e+00    -9.694154e-02
3.712750e+00    -9.539755e-02
3.724963e+00    -9.387564e-02
3.737176e+00    -9.237510e-02
3.749389e+00    -9.089525e-02
3.761602e+00    -8.943539e-02
3.773815e+00    -8.799488e-02
3.786028e+00    -8.657309e-02
3.798241e+00    -8.516947e-02
3.810454e+00    -8.378346e-02
3.822667e+00    -8.241447e-02
3.834880e+00    -8.106205e-02
3.847093e+00    -7.972573e-02
3.859306e+00    -7.840505e-02
3.871519e+00    -7.709958e-02
3.883732e+00    -7.580894e-02
3.895945e+00    -7.453278e-02
3.908158e+00    -7.327072e-02
3.920371e+00    -7.202246e-02
3.932584e+00    -7.078774e-02
3.944797e+00    -6.956626e-02
3.957010e+00    -6.835778e-02
3.969223e+00    -6.716210e-02
3.981436e+00    -6.597903e-02
3.993649e+00    -6.480837e-02
4.005862e+00    -6.364997e-02
4.018075e+00    -6.250373e-02
4.030288e+00    -6.136946e-02
4.042501e+00    -6.024718e-02
4.054714e+00    -5.913668e-02
4.066927e+00    -5.803805e-02
4.079140e+00    -5.695113e-02
4.091353e+00    -5.587596e-02
4.103566e+00    -5.481250e-02
4.115779e+00    -5.376078e-02
4.127992e+00    -5.272079e-02
4.140205e+00    -5.169261e-02
4.152418e+00    -5.067622e-02
4.164631e+00    -4.967174e-02
4.176844e+00    -4.867916e-02
4.189057e+00    -4.769862e-02
4.201270e+00    -4.673021e-02
4.213483e+00    -4.577398e-02
4.225696e+00    -4.483008e-02
4.237909e+00    -4.389855e-02
4.250122e+00    -4.297959e-02
4.262335e+00    -4.207321e-02
4.274548e+00    -4.117963e-02
4.286761e+00    -4.029891e-02
4.298974e+00    -3.943125e-02
4.311187e+00    -3.857669e-02
4.323400e+00    -3.773545e-02
4.335613e+00    -3.690758e-02
4.347826e+00    -3.609329e-02
4.360039e+00    -3.529265e-02
4.372252e+00    -3.450584e-02
4.384465e+00    -3.373293e-02
4.396678e+00    -3.297412e-02
4.408891e+00    -3.222946e-02
4.421104e+00    -3.149914e-02
4.433317e+00    -3.078320e-02
4.445530e+00    -3.008180e-02
4.457743e+00    -2.939503e-02
4.469956e+00    -2.872299e-02
4.482169e+00    -2.806575e-02
4.494382e+00    -2.742344e-02
4.506595e+00    -2.679608e-02
4.518808e+00    -2.618380e-02
4.531021e+00    -2.558661e-02
4.543234e+00    -2.500460e-02
4.555447e+00    -2.443779e-02
4.567660e+00    -2.388623e-02
4.579873e+00    -2.334993e-02
4.592086e+00    -2.282893e-02
4.604299e+00    -2.232320e-02
4.616512e+00    -2.183278e-02
4.628725e+00    -2.135762e-02
4.640938e+00    -2.089771e-02
4.653151e+00    -2.045302e-02
4.665364e+00    -2.002349e-02
4.677577e+00    -1.960906e-02
4.689790e+00    -1.920968e-02
4.702003e+00    -1.882526e-02
4.714216e+00    -1.845573e-02
4.726429e+00    -1.810094e-02
4.738642e+00    -1.776083e-02
4.750855e+00    -1.743524e-02
4.763068e+00    -1.712407e-02
4.775281e+00    -1.682714e-02
4.787494e+00    -1.654432e-02
4.799707e+00    -1.627544e-02
4.811920e+00    -1.602032e-02
4.824133e+00    -1.577877e-02
4.836346e+00    -1.555059e-02
4.848559e+00    -1.533559e-02
4.860772e+00    -1.513354e-02
4.872985e+00    -1.494422e-02
4.885198e+00    -1.476739e-02
4.897411e+00    -1.460281e-02
4.909624e+00    -1.445023e-02
4.921837e+00    -1.430937e-02
4.934050e+00    -1.418000e-02
4.946263e+00    -1.406182e-02
4.958476e+00    -1.395455e-02
4.970689e+00    -1.385789e-02
4.982902e+00    -1.377155e-02
4.995115e+00    -1.369523e-02
5.007328e+00    -1.362863e-02
5.019541e+00    -1.357141e-02
5.031754e+00    -1.352328e-02
5.043967e+00    -1.348388e-02
5.056180e+00    -1.345292e-02
5.068393e+00    -1.343003e-02
5.080606e+00    -1.341490e-02
5.092819e+00    -1.340719e-02
5.105031e+00    -1.340655e-02
5.117245e+00    -1.341263e-02
5.129457e+00    -1.342510e-02
5.141671e+00    -1.344360e-02
5.153883e+00    -1.346779e-02
5.166097e+00    -1.349732e-02
5.178309e+00    -1.353184e-02
5.190523e+00    -1.357100e-02
5.202735e+00    -1.361446e-02
5.214949e+00    -1.366188e-02
5.227162e+00    -1.371290e-02
5.239375e+00    -1.376718e-02
5.251588e+00    -1.382439e-02
5.263801e+00    -1.388419e-02
5.276014e+00    -1.394624e-02
5.288227e+00    -1.401023e-02
5.300440e+00    -1.407582e-02
5.312653e+00    -1.414267e-02
5.324866e+00    -1.421051e-02
5.337079e+00    -1.427899e-02
5.349292e+00    -1.434782e-02
5.361505e+00    -1.441670e-02
5.373718e+00    -1.448533e-02
5.385931e+00    -1.455343e-02
5.398144e+00    -1.462072e-02
5.410357e+00    -1.468692e-02
5.422570e+00    -1.475178e-02
5.434783e+00    -1.481502e-02
5.446996e+00    -1.487640e-02
5.459208e+00    -1.493568e-02
5.471422e+00    -1.499263e-02
5.483634e+00    -1.504701e-02
5.495848e+00    -1.509862e-02
5.508060e+00    -1.514724e-02
5.520274e+00    -1.519268e-02
5.532486e+00    -1.523474e-02
5.544700e+00    -1.527325e-02
5.556912e+00    -1.530803e-02
5.569126e+00    -1.533892e-02
5.581338e+00    -1.536578e-02
5.593552e+00    -1.538847e-02
5.605764e+00    -1.540683e-02
5.617978e+00    -1.542077e-02
5.630190e+00    -1.543016e-02
5.642404e+00    -1.543490e-02
5.654616e+00    -1.543490e-02
5.666830e+00    -1.543009e-02
5.679042e+00    -1.542038e-02
5.691256e+00    -1.540571e-02
5.703468e+00    -1.538603e-02
5.715682e+00    -1.536130e-02
5.727894e+00    -1.533147e-02
5.740108e+00    -1.529654e-02
5.752320e+00    -1.525649e-02
5.764534e+00    -1.521130e-02
5.776746e+00    -1.516099e-02
5.788960e+00    -1.510556e-02
5.801172e+00    -1.504504e-02
5.813385e+00    -1.497946e-02
5.825598e+00    -1.490886e-02
5.837811e+00    -1.483328e-02
5.850024e+00    -1.475279e-02
5.862237e+00    -1.466743e-02
5.874450e+00    -1.457730e-02
5.886663e+00    -1.448246e-02
5.898876e+00    -1.438300e-02
5.911089e+00    -1.427902e-02
5.923302e+00    -1.417061e-02
5.935515e+00    -1.405788e-02
5.947728e+00    -1.394094e-02
5.959941e+00    -1.381992e-02
5.972154e+00    -1.369493e-02
5.984367e+00    -1.356610e-02
5.996580e+00    -1.343358e-02
6.008793e+00    -1.329749e-02
6.021006e+00    -1.315799e-02
6.033219e+00    -1.301522e-02
6.045432e+00    -1.286933e-02
6.057645e+00    -1.272048e-02
6.069858e+00    -1.256884e-02
6.082071e+00    -1.241454e-02
6.094284e+00    -1.225779e-02
6.106497e+00    -1.209871e-02
6.118710e+00    -1.193751e-02
6.130923e+00    -1.177433e-02
6.143136e+00    -1.160936e-02
6.155349e+00    -1.144277e-02
6.167562e+00    -1.127473e-02
6.179775e+00    -1.110542e-02
6.191988e+00    -1.093501e-02
6.204201e+00    -1.076368e-02
6.216414e+00    -1.059161e-02
6.228627e+00    -1.041896e-02
6.240840e+00    -1.024592e-02
6.253053e+00    -1.007264e-02
6.265266e+00    -9.899304e-03
6.277479e+00    -9.726088e-03
6.289692e+00    -9.553147e-03
6.301905e+00    -9.380649e-03
6.314118e+00    -9.208760e-03
6.326331e+00    -9.037638e-03
6.338544e+00    -8.867431e-03
6.350757e+00    -8.698308e-03
6.362970e+00    -8.530400e-03
6.375183e+00    -8.363869e-03
6.387396e+00    -8.198853e-03
6.399609e+00    -8.035487e-03
6.411822e+00    -7.873898e-03
6.424035e+00    -7.714238e-03
6.436248e+00    -7.556608e-03
6.448461e+00    -7.401147e-03
6.460674e+00    -7.247961e-03
6.472887e+00    -7.097170e-03
6.485100e+00    -6.948861e-03
6.497313e+00    -6.803155e-03
6.509526e+00    -6.660135e-03
6.521739e+00    -6.519901e-03
6.533952e+00    -6.382526e-03
6.546165e+00    -6.248099e-03
6.558378e+00    -6.116682e-03
6.570591e+00    -5.988354e-03
6.582804e+00    -5.863167e-03
6.595017e+00    -5.741190e-03
6.607230e+00    -5.622454e-03
6.619443e+00    -5.507023e-03
6.631656e+00    -5.394917e-03
6.643869e+00    -5.286186e-03
6.656082e+00    -5.180848e-03
6.668295e+00    -5.078924e-03
6.680508e+00    -4.980433e-03
6.692721e+00    -4.885382e-03
6.704934e+00    -4.793773e-03
6.717147e+00    -4.705611e-03
6.729360e+00    -4.620883e-03
6.741573e+00    -4.539580e-03
6.753786e+00    -4.461682e-03
6.765999e+00    -4.387169e-03
6.778212e+00    -4.316006e-03
6.790425e+00    -4.248168e-03
6.802638e+00    -4.183609e-03
6.814851e+00    -4.122291e-03
6.827064e+00    -4.064161e-03
6.839277e+00    -4.009178e-03
6.851490e+00    -3.957269e-03
6.863703e+00    -3.908389e-03
6.875916e+00    -3.862464e-03
6.888129e+00    -3.819417e-03
6.900342e+00    -3.779194e-03
6.912555e+00    -3.741702e-03
6.924768e+00    -3.706867e-03
6.936981e+00    -3.674608e-03
6.949194e+00    -3.644829e-03
6.961407e+00    -3.617460e-03
6.973620e+00    -3.592391e-03
6.985833e+00    -3.569532e-03
6.998046e+00    -3.548784e-03
7.010259e+00    -3.530053e-03
7.022472e+00    -3.513232e-03
7.034685e+00    -3.498223e-03
7.046898e+00    -3.484916e-03
7.059111e+00    -3.473213e-03
7.071324e+00    -3.463001e-03
7.083537e+00    -3.454168e-03
7.095750e+00    -3.446613e-03
7.107963e+00    -3.440221e-03
7.120176e+00    -3.434885e-03
7.132389e+00    -3.430497e-03
7.144602e+00    -3.426932e-03
7.156815e+00    -3.424098e-03
7.169028e+00    -3.421879e-03
7.181241e+00    -3.420162e-03
7.193454e+00    -3.418842e-03
7.205667e+00    -3.417810e-03
7.217880e+00    -3.416959e-03
7.230093e+00    -3.416180e-03
7.242306e+00    -3.415379e-03
7.254519e+00    -3.414443e-03
7.266732e+00    -3.413280e-03
7.278944e+00    -3.411783e-03
7.291158e+00    -3.409857e-03
7.303371e+00    -3.407412e-03
7.315584e+00    -3.404353e-03
7.327797e+00    -3.400589e-03
7.340010e+00    -3.396035e-03
7.352223e+00    -3.390596e-03
7.364436e+00    -3.384206e-03
7.376649e+00    -3.376780e-03
7.388862e+00    -3.368236e-03
7.401075e+00    -3.358530e-03
7.413288e+00    -3.347524e-03
7.425501e+00    -3.335214e-03
7.437714e+00    -3.321530e-03
7.449927e+00    -3.306400e-03
7.462140e+00    -3.289762e-03
7.474353e+00    -3.271573e-03
7.486566e+00    -3.251788e-03
7.498779e+00    -3.230366e-03
7.510992e+00    -3.207236e-03
7.523205e+00    -3.182393e-03
7.535418e+00    -3.155795e-03
7.547631e+00    -3.127405e-03
7.559844e+00    -3.097203e-03
7.572057e+00    -3.065160e-03
7.584270e+00    -3.031271e-03
7.596483e+00    -2.995509e-03
7.608696e+00    -2.957869e-03
7.620909e+00    -2.918343e-03
7.633121e+00    -2.876930e-03
7.645335e+00    -2.833624e-03
7.657547e+00    -2.788439e-03
7.669761e+00    -2.741375e-03
7.681973e+00    -2.692447e-03
7.694187e+00    -2.641674e-03
7.706399e+00    -2.589070e-03
7.718613e+00    -2.534656e-03
7.730825e+00    -2.478464e-03
7.743039e+00    -2.420515e-03
7.755251e+00    -2.360847e-03
7.767465e+00    -2.299490e-03
7.779677e+00    -2.236494e-03
7.791891e+00    -2.171884e-03
7.804103e+00    -2.105718e-03
7.816317e+00    -2.038028e-03
7.828529e+00    -1.968884e-03
7.840743e+00    -1.898319e-03
7.852955e+00    -1.826401e-03
7.865169e+00    -1.753177e-03
7.877381e+00    -1.678714e-03
7.889595e+00    -1.603063e-03
7.901807e+00    -1.526293e-03
7.914021e+00    -1.448479e-03
7.926233e+00    -1.369678e-03
7.938447e+00    -1.289953e-03
7.950659e+00    -1.209393e-03
7.962873e+00    -1.128034e-03
7.975085e+00    -1.045975e-03
7.987298e+00    -9.632875e-04
7.999511e+00    -8.800529e-04
8.011724e+00    -7.963191e-04
8.023937e+00    -7.121873e-04
8.036150e+00    -6.277239e-04
8.048364e+00    -5.430049e-04
8.060576e+00    -4.581100e-04
8.072789e+00    -3.731176e-04
8.085002e+00    -2.881007e-04
8.097216e+00    -2.031287e-04
8.109428e+00    -1.183033e-04
8.121641e+00    -3.368023e-05
8.133854e+00    5.065530e-05
8.146068e+00    1.346450e-04
8.158280e+00    2.181906e-04
8.170493e+00    3.012295e-04
8.182706e+00    3.836846e-04
8.194920e+00    4.655003e-04
8.207132e+00    5.465838e-04
8.219345e+00    6.268760e-04
8.231558e+00    7.063072e-04
8.243772e+00    7.848170e-04
8.255984e+00    8.623317e-04
8.268197e+00    9.387897e-04
8.280410e+00    1.014137e-03
8.292624e+00    1.088310e-03
8.304836e+00    1.161243e-03
8.317049e+00    1.232889e-03
8.329262e+00    1.303190e-03
8.341475e+00    1.372105e-03
8.353688e+00    1.439569e-03
8.365901e+00    1.505545e-03
8.378115e+00    1.569990e-03
8.390327e+00    1.632847e-03
8.402540e+00    1.694096e-03
8.414753e+00    1.753678e-03
8.426967e+00    1.811579e-03
8.439179e+00    1.867752e-03
8.451392e+00    1.922170e-03
8.463605e+00    1.974808e-03
8.475819e+00    2.025641e-03
8.488031e+00    2.074646e-03
8.500244e+00    2.121800e-03
8.512457e+00    2.167089e-03
8.524671e+00    2.210496e-03
8.536883e+00    2.252019e-03
8.549096e+00    2.291631e-03
8.561309e+00    2.329340e-03
8.573523e+00    2.365138e-03
8.585735e+00    2.399018e-03
8.597948e+00    2.431002e-03
8.610161e+00    2.461043e-03
8.622375e+00    2.489199e-03
8.634587e+00    2.515453e-03
8.646800e+00    2.539824e-03
8.659013e+00    2.562321e-03
8.671227e+00    2.582965e-03
8.683439e+00    2.601759e-03
8.695652e+00    2.618734e-03
8.707865e+00    2.633914e-03
8.720078e+00    2.647318e-03
8.732291e+00    2.658965e-03
8.744504e+00    2.668893e-03
8.756717e+00    2.677129e-03
8.768930e+00    2.683700e-03
8.781143e+00    2.688638e-03
8.793356e+00    2.691987e-03
8.805569e+00    2.693771e-03
8.817782e+00    2.694031e-03
8.829995e+00    2.692809e-03
8.842208e+00    2.690149e-03
8.854421e+00    2.686081e-03
8.866634e+00    2.680656e-03
8.878847e+00    2.673914e-03
8.891060e+00    2.665902e-03
8.903273e+00    2.656657e-03
8.915486e+00    2.646240e-03
8.927699e+00    2.634687e-03
8.939912e+00    2.622044e-03
8.952125e+00    2.608360e-03
8.964338e+00    2.593692e-03
8.976551e+00    2.578079e-03
8.988764e+00    2.561570e-03
9.000977e+00    2.544230e-03
9.013190e+00    2.526072e-03
9.025403e+00    2.507186e-03
9.037616e+00    2.487594e-03
9.049829e+00    2.467359e-03
9.062042e+00    2.446515e-03
9.074255e+00    2.425124e-03
9.086468e+00    2.403224e-03
9.098680e+00    2.380854e-03
9.110894e+00    2.358095e-03
9.123107e+00    2.334957e-03
9.135320e+00    2.311500e-03
9.147532e+00    2.287766e-03
9.159746e+00    2.263794e-03
9.171959e+00    2.239635e-03
9.184172e+00    2.215324e-03
9.196384e+00    2.190902e-03
9.208598e+00    2.166404e-03
9.220811e+00    2.141872e-03
9.233024e+00    2.117345e-03
9.245236e+00    2.092859e-03
9.257450e+00    2.068440e-03
9.269663e+00    2.044126e-03
9.281876e+00    2.019949e-03
9.294088e+00    1.995931e-03
9.306302e+00    1.972110e-03
9.318515e+00    1.948513e-03
9.330728e+00    1.925154e-03
9.342940e+00    1.902062e-03
9.355154e+00    1.879257e-03
9.367367e+00    1.856766e-03
9.379580e+00    1.834601e-03
9.391793e+00    1.812778e-03
9.404006e+00    1.791315e-03
9.416219e+00    1.770230e-03
9.428432e+00    1.749524e-03
9.440645e+00    1.729212e-03
9.452858e+00    1.709305e-03
9.465071e+00    1.689810e-03
9.477283e+00    1.670727e-03
9.489497e+00    1.652066e-03
9.501710e+00    1.633817e-03
9.513923e+00    1.615990e-03
9.526135e+00    1.598582e-03
9.538349e+00    1.581588e-03
9.550562e+00    1.565012e-03
9.562775e+00    1.548835e-03
9.574987e+00    1.533049e-03
9.587201e+00    1.517661e-03
9.599414e+00    1.502658e-03
9.611627e+00    1.488001e-03
9.623839e+00    1.473711e-03
9.636053e+00    1.459754e-03
9.648266e+00    1.446120e-03
9.660479e+00    1.432800e-03
9.672691e+00    1.419761e-03
9.684905e+00    1.406992e-03
9.697118e+00    1.394477e-03
9.709331e+00    1.382186e-03
9.721543e+00    1.370108e-03
9.733757e+00    1.358209e-03
9.745970e+00    1.346478e-03
9.758183e+00    1.334878e-03
9.770395e+00    1.323395e-03
9.782609e+00    1.311993e-03
9.794822e+00    1.300660e-03
9.807034e+00    1.289353e-03
9.819247e+00    1.278054e-03
9.831461e+00    1.266739e-03
9.843674e+00    1.255374e-03
9.855886e+00    1.243938e-03
9.868099e+00    1.232401e-03
9.880313e+00    1.220730e-03
9.892526e+00    1.208906e-03
9.904738e+00    1.196899e-03
9.916951e+00    1.184667e-03
9.929165e+00    1.172200e-03
9.941378e+00    1.159463e-03
9.953590e+00    1.146435e-03
9.965803e+00    1.133086e-03
9.978017e+00    1.119385e-03
9.990230e+00    1.105311e-03
1.000244e+01    1.090843e-03
1.001466e+01    1.075950e-03
1.002687e+01    1.060609e-03
1.003908e+01    1.044800e-03
1.005129e+01    1.028495e-03
1.006351e+01    1.011681e-03
1.007572e+01    9.943331e-04
1.008793e+01    9.764271e-04
1.010015e+01    9.579303e-04
1.011236e+01    9.388891e-04
1.012457e+01    9.192089e-04
1.013679e+01    8.989166e-04
1.014900e+01    8.779794e-04
1.016121e+01    8.563981e-04
1.017342e+01    8.341494e-04
1.018564e+01    8.112305e-04
1.019785e+01    7.876191e-04
1.021006e+01    7.633324e-04
1.022228e+01    7.383352e-04
1.023449e+01    7.126370e-04
1.024670e+01    6.862283e-04
1.025891e+01    6.591098e-04
1.027113e+01    6.312717e-04
1.028334e+01    6.027280e-04
1.029555e+01    5.734637e-04
1.030777e+01    5.434858e-04
1.031998e+01    5.128131e-04
1.033219e+01    4.814267e-04
1.034441e+01    4.493537e-04
1.035662e+01    4.165897e-04
1.036883e+01    3.831451e-04
1.038105e+01    3.490385e-04
1.039326e+01    3.142692e-04
1.040547e+01    2.788667e-04
1.041768e+01    2.428292e-04
1.042990e+01    2.061867e-04
1.044211e+01    1.689474e-04
1.045432e+01    1.311316e-04
1.046654e+01    9.276457e-05
1.047875e+01    5.386279e-05
1.049096e+01    1.444507e-05
1.050318e+01    -2.545628e-05
1.051539e+01    -6.583230e-05
1.052760e+01    -1.066380e-04
1.053981e+01    -1.478591e-04
1.055203e+01    -1.894703e-04
1.056424e+01    -2.314345e-04
1.057645e+01    -2.737220e-04
1.058867e+01    -3.163059e-04
1.060088e+01    -3.591625e-04
1.061309e+01    -4.022549e-04
1.062531e+01    -4.455420e-04
1.063752e+01    -4.890041e-04
1.064973e+01    -5.326002e-04
1.066194e+01    -5.762929e-04
1.067416e+01    -6.200510e-04
1.068637e+01    -6.638417e-04
1.069858e+01    -7.076318e-04
1.071080e+01    -7.513686e-04
1.072301e+01    -7.950359e-04
1.073522e+01    -8.385839e-04
1.074744e+01    -8.819833e-04
1.075965e+01    -9.251956e-04
1.077186e+01    -9.681801e-04
1.078407e+01    -1.010902e-03
1.079629e+01    -1.053320e-03
1.080850e+01    -1.095411e-03
1.082071e+01    -1.137121e-03
1.083293e+01    -1.178426e-03
1.084514e+01    -1.219287e-03
1.085735e+01    -1.259659e-03
1.086957e+01    -1.299517e-03
1.088178e+01    -1.338821e-03
1.089399e+01    -1.377539e-03
1.090620e+01    -1.415635e-03
1.091842e+01    -1.453073e-03
1.093063e+01    -1.489824e-03
1.094284e+01    -1.525858e-03
1.095506e+01    -1.561136e-03
1.096727e+01    -1.595636e-03
1.097948e+01    -1.629313e-03
1.099170e+01    -1.662152e-03
1.100391e+01    -1.694129e-03
1.101612e+01    -1.725197e-03
1.102833e+01    -1.755349e-03
1.104055e+01    -1.784555e-03
1.105276e+01    -1.812776e-03
1.106497e+01    -1.840009e-03
1.107719e+01    -1.866221e-03
1.108940e+01    -1.891395e-03
1.110161e+01    -1.915509e-03
1.111382e+01    -1.938541e-03
1.112604e+01    -1.960484e-03
1.113825e+01    -1.981313e-03
1.115046e+01    -2.001019e-03
1.116268e+01    -2.019585e-03
1.117489e+01    -2.036994e-03
1.118710e+01    -2.053250e-03
1.119932e+01    -2.068326e-03
1.121153e+01    -2.082231e-03
1.122374e+01    -2.094940e-03
1.123596e+01    -2.106459e-03
1.124817e+01    -2.116784e-03
1.126038e+01    -2.125911e-03
1.127259e+01    -2.133831e-03
1.128481e+01    -2.140554e-03
1.129702e+01    -2.146078e-03
1.130923e+01    -2.150400e-03
1.132145e+01    -2.153534e-03
1.133366e+01    -2.155476e-03
1.134587e+01    -2.156235e-03
1.135808e+01    -2.155824e-03
1.137030e+01    -2.154249e-03
1.138251e+01    -2.151516e-03
1.139472e+01    -2.147640e-03
1.140694e+01    -2.142634e-03
1.141915e+01    -2.136512e-03
1.143136e+01    -2.129290e-03
1.144358e+01    -2.120981e-03
1.145579e+01    -2.111604e-03
1.146800e+01    -2.101177e-03
1.148022e+01    -2.089721e-03
1.149243e+01    -2.077255e-03
1.150464e+01    -2.063801e-03
1.151685e+01    -2.049379e-03
1.152907e+01    -2.034019e-03
1.154128e+01    -2.017740e-03
1.155349e+01    -2.000563e-03
1.156571e+01    -1.982523e-03
1.157792e+01    -1.963637e-03
1.159013e+01    -1.943937e-03
1.160234e+01    -1.923452e-03
1.161456e+01    -1.902207e-03
1.162677e+01    -1.880232e-03
1.163898e+01    -1.857560e-03
1.165120e+01    -1.834211e-03
1.166341e+01    -1.810230e-03
1.167562e+01    -1.785638e-03
1.168784e+01    -1.760471e-03
1.170005e+01    -1.734747e-03
1.171226e+01    -1.708519e-03
1.172447e+01    -1.681799e-03
1.173669e+01    -1.654636e-03
1.174890e+01    -1.627051e-03
1.176111e+01    -1.599072e-03
1.177333e+01    -1.570746e-03
1.178554e+01    -1.542093e-03
1.179775e+01    -1.513140e-03
1.180997e+01    -1.483949e-03
1.182218e+01    -1.454513e-03
1.183439e+01    -1.424888e-03
1.184660e+01    -1.395097e-03
1.185882e+01    -1.365172e-03
1.187103e+01    -1.335136e-03
1.188324e+01    -1.305036e-03
1.189546e+01    -1.274889e-03
1.190767e+01    -1.244726e-03
1.191988e+01    -1.214577e-03
1.193210e+01    -1.184474e-03
1.194431e+01    -1.154437e-03
1.195652e+01    -1.124495e-03
1.196873e+01    -1.094679e-03
1.198095e+01    -1.065016e-03
1.199316e+01    -1.035521e-03
1.200537e+01    -1.006232e-03
1.201759e+01    -9.771627e-04
1.202980e+01    -9.483333e-04
1.204201e+01    -9.197795e-04
1.205423e+01    -8.915084e-04
1.206644e+01    -8.635499e-04
1.207865e+01    -8.359120e-04
1.209086e+01    -8.086265e-04
1.210308e+01    -7.816874e-04
1.211529e+01    -7.551603e-04
1.212750e+01    -7.290191e-04
1.213972e+01    -7.032860e-04
1.215193e+01    -6.779764e-04
1.216414e+01    -6.531118e-04
1.217636e+01    -6.286942e-04
1.218857e+01    -6.047412e-04
1.220078e+01    -5.812558e-04
1.221299e+01    -5.582558e-04
1.222521e+01    -5.357432e-04
1.223742e+01    -5.137279e-04
1.224963e+01    -4.922164e-04
1.226185e+01    -4.712123e-04
1.227406e+01    -4.507194e-04
1.228627e+01    -4.307440e-04
1.229849e+01    -4.112871e-04
1.231070e+01    -3.923478e-04
1.232291e+01    -3.739342e-04
1.233512e+01    -3.560391e-04
1.234734e+01    -3.386541e-04
1.235955e+01    -3.217988e-04
1.237176e+01    -3.054511e-04
1.238398e+01    -2.896154e-04
1.239619e+01    -2.742838e-04
1.240840e+01    -2.594527e-04
1.242062e+01    -2.451200e-04
1.243283e+01    -2.312688e-04
1.244504e+01    -2.179070e-04
1.245725e+01    -2.050108e-04
1.246947e+01    -1.925809e-04
1.248168e+01    -1.806017e-04
1.249389e+01    -1.690702e-04
1.250611e+01    -1.579670e-04
1.251832e+01    -1.472855e-04
1.253053e+01    -1.370138e-04
1.254275e+01    -1.271454e-04
1.255496e+01    -1.176584e-04
1.256717e+01    -1.085409e-04
1.257938e+01    -9.978328e-05
1.259160e+01    -9.137407e-05
1.260381e+01    -8.329812e-05
1.261602e+01    -7.552558e-05
1.262824e+01    -6.805984e-05
1.264045e+01    -6.088136e-05
1.265266e+01    -5.397440e-05
1.266488e+01    -4.732142e-05
1.267709e+01    -4.091045e-05
1.268930e+01    -3.472929e-05
1.270151e+01    -2.875609e-05
1.271373e+01    -2.296619e-05
1.272594e+01    -1.736214e-05
1.273815e+01    -1.192053e-05
1.275037e+01    -6.620123e-06
1.276258e+01    -1.462900e-06
1.277479e+01    3.580863e-06
1.278701e+01    8.526556e-06
1.279922e+01    1.338723e-05
1.281143e+01    1.817065e-05
1.282364e+01    2.290084e-05
1.283586e+01    2.758060e-05
1.284807e+01    3.223806e-05
1.286028e+01    3.687288e-05
1.287250e+01    4.151089e-05
1.288471e+01    4.615478e-05
1.289692e+01    5.081938e-05
1.290914e+01    5.552580e-05
1.292135e+01    6.026052e-05
1.293356e+01    6.506243e-05
1.294577e+01    6.992721e-05
1.295799e+01    7.487366e-05
1.297020e+01    7.990394e-05
1.298241e+01    8.502591e-05
1.299463e+01    9.025511e-05
1.300684e+01    9.559392e-05
1.301905e+01    1.010508e-04
1.303127e+01    1.066307e-04
1.304348e+01    1.123456e-04
1.305569e+01    1.181914e-04
1.306790e+01    1.241820e-04
1.308012e+01    1.303178e-04
1.309233e+01    1.366044e-04
1.310454e+01    1.430432e-04
1.311676e+01    1.496324e-04
1.312897e+01    1.563850e-04
1.314118e+01    1.632858e-04
1.315340e+01    1.703514e-04
1.316561e+01    1.775745e-04
1.317782e+01    1.849486e-04
1.319003e+01    1.924844e-04
1.320225e+01    2.001620e-04
1.321446e+01    2.080129e-04
1.322667e+01    2.159994e-04
1.323889e+01    2.241301e-04
1.325110e+01    2.323991e-04
1.326331e+01    2.408082e-04
1.327553e+01    2.493472e-04
1.328774e+01    2.580060e-04
1.329995e+01    2.667810e-04
1.331216e+01    2.756749e-04
1.332438e+01    2.846699e-04
1.333659e+01    2.937540e-04
1.334880e+01    3.029300e-04
1.336102e+01    3.121837e-04
1.337323e+01    3.215063e-04
1.338544e+01    3.308875e-04
1.339766e+01    3.403247e-04
1.340987e+01    3.498063e-04
1.342208e+01    3.593010e-04
1.343429e+01    3.688216e-04
1.344651e+01    3.783489e-04
1.345872e+01    3.878761e-04
1.347093e+01    3.973875e-04
1.348315e+01    4.068674e-04
1.349536e+01    4.163123e-04
1.350757e+01    4.257066e-04
1.351978e+01    4.350423e-04
1.353200e+01    4.442925e-04
1.354421e+01    4.534678e-04
1.355642e+01    4.625315e-04
1.356864e+01    4.714913e-04
1.358085e+01    4.803184e-04
1.359306e+01    4.890125e-04
1.360528e+01    4.975529e-04
1.361749e+01    5.059435e-04
1.362970e+01    5.141522e-04
1.364192e+01    5.221787e-04
1.365413e+01    5.300081e-04
1.366634e+01    5.376265e-04
1.367855e+01    5.450236e-04
1.369077e+01    5.521938e-04
1.370298e+01    5.591210e-04
1.371519e+01    5.657909e-04
1.372741e+01    5.721927e-04
1.373962e+01    5.783307e-04
1.375183e+01    5.841795e-04
1.376404e+01    5.897431e-04
1.377626e+01    5.949975e-04
1.378847e+01    5.999435e-04
1.380068e+01    6.045750e-04
1.381290e+01    6.088753e-04
1.382511e+01    6.128454e-04
1.383732e+01    6.164761e-04
1.384954e+01    6.197562e-04
1.386175e+01    6.226911e-04
1.387396e+01    6.252615e-04
1.388618e+01    6.274686e-04
1.389839e+01    6.293115e-04
1.391060e+01    6.307850e-04
1.392281e+01    6.318843e-04
1.393503e+01    6.326030e-04
1.394724e+01    6.329415e-04
1.395945e+01    6.329039e-04
1.397167e+01    6.324792e-04
1.398388e+01    6.316730e-04
1.399609e+01    6.304827e-04
1.400830e+01    6.289129e-04
1.402052e+01    6.269604e-04
1.403273e+01    6.246298e-04
1.404494e+01    6.219204e-04
1.405716e+01    6.188351e-04
1.406937e+01    6.153802e-04
1.408158e+01    6.115594e-04
1.409380e+01    6.073698e-04
1.410601e+01    6.028397e-04
1.411822e+01    5.979352e-04
1.413043e+01    5.926950e-04
1.414265e+01    5.871130e-04
1.415486e+01    5.811997e-04
1.416707e+01    5.749613e-04
1.417929e+01    5.684059e-04
1.419150e+01    5.615505e-04
1.420371e+01    5.543736e-04
1.421593e+01    5.469165e-04
1.422814e+01    5.391835e-04
1.424035e+01    5.311726e-04
1.425256e+01    5.229086e-04
1.426478e+01    5.143875e-04
1.427699e+01    5.056350e-04
1.428920e+01    4.966584e-04
1.430142e+01    4.874558e-04
1.431363e+01    4.780638e-04
1.432584e+01    4.684806e-04
1.433806e+01    4.587151e-04
1.435027e+01    4.487859e-04
1.436248e+01    4.387072e-04
1.437469e+01    4.284933e-04
1.438691e+01    4.181542e-04
1.439912e+01    4.077041e-04
1.441133e+01    3.971582e-04
1.442355e+01    3.865257e-04
1.443576e+01    3.758274e-04
1.444797e+01    3.650764e-04
1.446019e+01    3.542789e-04
1.447240e+01    3.434584e-04
1.448461e+01    3.326274e-04
1.449682e+01    3.217960e-04
1.450904e+01    3.109821e-04
1.452125e+01    3.001920e-04
1.453346e+01    2.894465e-04
1.454568e+01    2.787651e-04
1.455789e+01    2.681474e-04
1.457010e+01    2.576060e-04
1.458232e+01    2.471755e-04
1.459453e+01    2.368441e-04
1.460674e+01    2.266386e-04
1.461895e+01    2.165696e-04
1.463117e+01    2.066421e-04
1.464338e+01    1.968764e-04
1.465559e+01    1.872766e-04
1.466781e+01    1.778651e-04
1.468002e+01    1.686384e-04
1.469223e+01    1.596243e-04
1.470445e+01    1.508124e-04
1.471666e+01    1.422204e-04
1.472887e+01    1.338684e-04
1.474109e+01    1.257536e-04
1.475330e+01    1.178898e-04
1.476551e+01    1.102841e-04
1.477772e+01    1.029414e-04
1.478994e+01    9.586573e-05
1.480215e+01    8.907289e-05
1.481436e+01    8.256637e-05
1.482658e+01    7.635215e-05
1.483879e+01    7.042660e-05
1.485100e+01    6.480685e-05
1.486321e+01    5.948397e-05
1.487543e+01    5.447560e-05
1.488764e+01    4.977159e-05
1.489985e+01    4.538861e-05
1.491207e+01    4.131967e-05
1.492428e+01    3.756293e-05
1.493649e+01    3.412174e-05
1.494871e+01    3.100747e-05
1.496092e+01    2.820411e-05
1.497313e+01    2.572162e-05
1.498534e+01    2.355442e-05
1.499756e+01    2.169866e-05
1.500977e+01    2.016342e-05
1.502198e+01    1.893598e-05
1.503420e+01    1.801254e-05
1.504641e+01    1.739183e-05
1.505862e+01    1.707126e-05
1.507084e+01    1.704630e-05
1.508305e+01    1.731051e-05
1.509526e+01    1.785704e-05
1.510747e+01    1.868366e-05
1.511969e+01    1.977866e-05
1.513190e+01    2.113551e-05
1.514411e+01    2.275518e-05
1.515633e+01    2.462083e-05
1.516854e+01    2.673567e-05
1.518075e+01    2.907671e-05
1.519297e+01    3.164732e-05
1.520518e+01    3.442485e-05
1.521739e+01    3.741384e-05
1.522960e+01    4.059984e-05
1.524182e+01    4.397198e-05
1.525403e+01    4.752008e-05
1.526624e+01    5.123446e-05
1.527846e+01    5.510412e-05
1.529067e+01    5.912126e-05
1.530288e+01    6.327152e-05
1.531509e+01    6.753687e-05
1.532731e+01    7.192354e-05
1.533952e+01    7.640227e-05
1.535173e+01    8.097348e-05
1.536395e+01    8.561715e-05
1.537616e+01    9.032740e-05
1.538837e+01    9.509361e-05
1.540059e+01    9.989578e-05
1.541280e+01    1.047351e-04
1.542501e+01    1.095798e-04
1.543723e+01    1.144350e-04
1.544944e+01    1.192892e-04
1.546165e+01    1.241175e-04
1.547386e+01    1.289197e-04
1.548608e+01    1.336845e-04
1.549829e+01    1.384069e-04
1.551050e+01    1.430408e-04
1.552272e+01    1.476170e-04
1.553493e+01    1.521058e-04
1.554714e+01    1.565006e-04
1.555935e+01    1.607861e-04
1.557157e+01    1.649585e-04
1.558378e+01    1.690007e-04
1.559599e+01    1.729171e-04
1.560821e+01    1.766807e-04
1.562042e+01    1.802896e-04
1.563263e+01    1.837425e-04
1.564485e+01    1.870194e-04
1.565706e+01    1.901207e-04
1.566927e+01    1.930303e-04
1.568149e+01    1.957464e-04
1.569370e+01    1.982595e-04
1.570591e+01    2.005747e-04
1.571812e+01    2.026696e-04
1.573034e+01    2.045446e-04
1.574255e+01    2.061942e-04
1.575476e+01    2.076171e-04
1.576698e+01    2.088030e-04
1.577919e+01    2.097472e-04
1.579140e+01    2.104508e-04
1.580362e+01    2.109078e-04
1.581583e+01    2.111191e-04
1.582804e+01    2.110754e-04
1.584025e+01    2.107825e-04
1.585247e+01    2.102299e-04
1.586468e+01    2.094262e-04
1.587689e+01    2.083619e-04
1.588911e+01    2.070364e-04
1.590132e+01    2.054687e-04
1.591353e+01    2.036402e-04
1.592575e+01    2.015536e-04
1.593796e+01    1.992180e-04
1.595017e+01    1.966264e-04
1.596238e+01    1.937933e-04
1.597460e+01    1.907116e-04
1.598681e+01    1.873843e-04
1.599902e+01    1.838231e-04
1.601124e+01    1.800229e-04
1.602345e+01    1.759940e-04
1.603566e+01    1.717390e-04
1.604787e+01    1.672661e-04
1.606009e+01    1.625811e-04
1.607230e+01    1.576819e-04
1.608451e+01    1.525796e-04
1.609673e+01    1.472825e-04
1.610894e+01    1.417942e-04
1.612115e+01    1.361303e-04
1.613337e+01    1.302879e-04
1.614558e+01    1.242805e-04
1.615779e+01    1.181109e-04
1.617001e+01    1.117920e-04
1.618222e+01    1.053271e-04
1.619443e+01    9.873028e-05
1.620664e+01    9.201096e-05
1.621886e+01    8.517417e-05
1.623107e+01    7.822963e-05
1.624328e+01    7.118459e-05
1.625550e+01    6.405526e-05
1.626771e+01    5.684481e-05
1.627992e+01    4.956634e-05
1.629214e+01    4.222932e-05
1.630435e+01    3.483432e-05
1.631656e+01    2.740836e-05
1.632877e+01    1.995248e-05
1.634099e+01    1.247020e-05
1.635320e+01    4.979211e-06
1.636541e+01    -2.508338e-06
1.637763e+01    -9.992158e-06
1.638984e+01    -1.744800e-05
1.640205e+01    -2.489052e-05
1.641426e+01    -3.228303e-05
1.642648e+01    -3.963156e-05
1.643869e+01    -4.692285e-05
1.645090e+01    -5.414785e-05
1.646312e+01    -6.129856e-05
1.647533e+01    -6.836853e-05
1.648754e+01    -7.534066e-05
1.649976e+01    -8.220955e-05
1.651197e+01    -8.897528e-05
1.652418e+01    -9.562122e-05
1.653639e+01    -1.021409e-04
1.654861e+01    -1.085256e-04
1.656082e+01    -1.147744e-04
1.657303e+01    -1.208729e-04
1.658525e+01    -1.268112e-04
1.659746e+01    -1.325881e-04
1.660967e+01    -1.382089e-04
1.662189e+01    -1.436408e-04
1.663410e+01    -1.489044e-04
1.664631e+01    -1.539742e-04
1.665853e+01    -1.588603e-04
1.667074e+01    -1.635523e-04
1.668295e+01    -1.680422e-04
1.669516e+01    -1.723312e-04
1.670738e+01    -1.764113e-04
1.671959e+01    -1.802827e-04
1.673180e+01    -1.839365e-04
1.674402e+01    -1.873774e-04
1.675623e+01    -1.905994e-04
1.676844e+01    -1.936042e-04
1.678065e+01    -1.963861e-04
1.679287e+01    -1.989397e-04
1.680508e+01    -2.012820e-04
1.681729e+01    -2.033842e-04
1.682951e+01    -2.052665e-04
1.684172e+01    -2.069275e-04
1.685393e+01    -2.083642e-04
1.686615e+01    -2.095797e-04
1.687836e+01    -2.105700e-04
1.689057e+01    -2.113392e-04
1.690278e+01    -2.118938e-04
1.691500e+01    -2.122314e-04
1.692721e+01    -2.123566e-04
1.693942e+01    -2.122752e-04
1.695164e+01    -2.119809e-04
1.696385e+01    -2.114836e-04
1.697606e+01    -2.107892e-04
1.698828e+01    -2.098945e-04
1.700049e+01    -2.088095e-04
1.701270e+01    -2.075422e-04
1.702491e+01    -2.060902e-04
1.703713e+01    -2.044579e-04
1.704934e+01    -2.026590e-04
1.706155e+01    -2.006924e-04
1.707377e+01    -1.985626e-04
1.708598e+01    -1.962861e-04
1.709819e+01    -1.938643e-04
1.711040e+01    -1.912725e-04
1.712262e+01    -1.885784e-04
1.713483e+01    -1.857473e-04
1.714705e+01    -1.827928e-04
1.715926e+01    -1.797185e-04
1.717147e+01    -1.765398e-04
1.718368e+01    -1.732628e-04
1.719590e+01    -1.699012e-04
1.720811e+01    -1.664382e-04
1.722032e+01    -1.628978e-04
1.723254e+01    -1.592929e-04
1.724475e+01    -1.556182e-04
1.725696e+01    -1.518904e-04
1.726917e+01    -1.481146e-04
1.728139e+01    -1.442944e-04
1.729360e+01    -1.404437e-04
1.730581e+01    -1.365542e-04
1.731803e+01    -1.326656e-04
1.733024e+01    -1.287510e-04
1.734245e+01    -1.248377e-04
1.735467e+01    -1.209227e-04
1.736688e+01    -1.170180e-04
1.737909e+01    -1.131295e-04
1.739130e+01    -1.092615e-04
1.740352e+01    -1.054188e-04
1.741573e+01    -1.016239e-04
1.742794e+01    -9.786105e-05
1.744016e+01    -9.414952e-05
1.745237e+01    -9.049206e-05
1.746458e+01    -8.689480e-05
1.747680e+01    -8.336251e-05
1.748901e+01    -7.990222e-05
1.750122e+01    -7.651797e-05
1.751343e+01    -7.321215e-05
1.752565e+01    -6.998994e-05
1.753786e+01    -6.686256e-05
1.755007e+01    -6.383088e-05
1.756229e+01    -6.088928e-05
1.757450e+01    -5.805142e-05
1.758671e+01    -5.532530e-05
1.759892e+01    -5.270829e-05
1.761114e+01    -5.019525e-05
1.762335e+01    -4.780131e-05
1.763556e+01    -4.553114e-05
1.764778e+01    -4.336667e-05
1.765999e+01    -4.132853e-05
1.767220e+01    -3.941376e-05
1.768442e+01    -3.761484e-05
1.769663e+01    -3.594205e-05
1.770884e+01    -3.440581e-05
1.772106e+01    -3.298919e-05
1.773327e+01    -3.169393e-05
1.774548e+01    -3.052762e-05
1.775769e+01    -2.948060e-05
1.776991e+01    -2.856308e-05
1.778212e+01    -2.777266e-05
1.779433e+01    -2.709586e-05
1.780655e+01    -2.654969e-05
1.781876e+01    -2.611378e-05
1.783097e+01    -2.579704e-05
1.784319e+01    -2.559698e-05
1.785540e+01    -2.550543e-05
1.786761e+01    -2.552899e-05
1.787982e+01    -2.564712e-05
1.789204e+01    -2.587568e-05
1.790425e+01    -2.620579e-05
1.791646e+01    -2.663243e-05
1.792868e+01    -2.714852e-05
1.794089e+01    -2.775436e-05
1.795310e+01    -2.844036e-05
1.796531e+01    -2.920913e-05
1.797753e+01    -3.005004e-05
1.798974e+01    -3.096823e-05
1.800196e+01    -3.194543e-05
1.801417e+01    -3.298531e-05
1.802638e+01    -3.408002e-05
1.803859e+01    -3.522733e-05
1.805081e+01    -3.641724e-05
1.806302e+01    -3.765017e-05
1.807523e+01    -3.891281e-05
1.808744e+01    -4.020581e-05
1.809966e+01    -4.152083e-05
1.811187e+01    -4.286555e-05
1.812408e+01    -4.420336e-05
1.813630e+01    -4.555658e-05
1.814851e+01    -4.690874e-05
1.816072e+01    -4.826079e-05
1.817294e+01    -4.959677e-05
1.818515e+01    -5.091907e-05
1.819736e+01    -5.221833e-05
1.820958e+01    -5.348906e-05
1.822179e+01    -5.472737e-05
1.823400e+01    -5.592324e-05
1.824621e+01    -5.708338e-05
1.825843e+01    -5.819206e-05
1.827064e+01    -5.923992e-05
1.828285e+01    -6.023352e-05
1.829507e+01    -6.117136e-05
1.830728e+01    -6.202643e-05
1.831949e+01    -6.280793e-05
1.833171e+01    -6.350910e-05
1.834392e+01    -6.414158e-05
1.835613e+01    -6.467698e-05
1.836834e+01    -6.512075e-05
1.838056e+01    -6.546720e-05
1.839277e+01    -6.572355e-05
1.840498e+01    -6.587361e-05
1.841720e+01    -6.592134e-05
1.842941e+01    -6.585685e-05
1.844162e+01    -6.568548e-05
1.845383e+01    -6.539281e-05
1.846605e+01    -6.499200e-05
1.847826e+01    -6.447046e-05
1.849047e+01    -6.382598e-05
1.850269e+01    -6.307266e-05
1.851490e+01    -6.217358e-05
1.852711e+01    -6.116135e-05
1.853933e+01    -6.002071e-05
1.855154e+01    -5.875668e-05
1.856375e+01    -5.736749e-05
1.857596e+01    -5.585060e-05
1.858818e+01    -5.419832e-05
1.860039e+01    -5.242741e-05
1.861260e+01    -5.053147e-05
1.862482e+01    -4.850910e-05
1.863703e+01    -4.635938e-05
1.864924e+01    -4.408672e-05
1.866146e+01    -4.169764e-05
1.867367e+01    -3.918796e-05
1.868588e+01    -3.655767e-05
1.869810e+01    -3.380910e-05
1.871031e+01    -3.095157e-05
1.872252e+01    -2.798531e-05
1.873473e+01    -2.490659e-05
1.874695e+01    -2.172682e-05
1.875916e+01    -1.844834e-05
1.877137e+01    -1.506857e-05
1.878359e+01    -1.160358e-05
1.879580e+01    -8.038245e-06
1.880801e+01    -4.396308e-06
1.882022e+01    -6.721821e-07
1.883244e+01    3.134599e-06
1.884465e+01    7.004011e-06
1.885686e+01    1.094444e-05
1.886908e+01    1.494633e-05
1.888129e+01    1.900247e-05
1.889350e+01    2.311566e-05
1.890572e+01    2.727122e-05
1.891793e+01    3.146147e-05
1.893014e+01    3.569340e-05
1.894235e+01    3.995397e-05
1.895457e+01    4.423084e-05
1.896678e+01    4.853494e-05
1.897899e+01    5.283952e-05
1.899121e+01    5.715806e-05
1.900342e+01    6.147381e-05
1.901563e+01    6.577675e-05
1.902785e+01    7.006922e-05
1.904006e+01    7.434608e-05
1.905227e+01    7.859094e-05
1.906449e+01    8.281297e-05
1.907670e+01    8.699147e-05
1.908891e+01    9.112584e-05
1.910112e+01    9.520969e-05
1.911334e+01    9.924290e-05
1.912555e+01    1.032121e-04
1.913776e+01    1.071114e-04
1.914997e+01    1.109395e-04
1.916219e+01    1.146869e-04
1.917440e+01    1.183561e-04
1.918661e+01    1.219275e-04
1.919883e+01    1.254033e-04
1.921104e+01    1.287819e-04
1.922325e+01    1.320534e-04
1.923547e+01    1.352144e-04
1.924768e+01    1.382621e-04
1.925989e+01    1.411837e-04
1.927211e+01    1.439801e-04
1.928432e+01    1.466557e-04
1.929653e+01    1.491924e-04
1.930874e+01    1.515903e-04
1.932096e+01    1.538441e-04
1.933317e+01    1.559579e-04
1.934538e+01    1.579213e-04
1.935760e+01    1.597363e-04
1.936981e+01    1.613930e-04
1.938202e+01    1.628891e-04
1.939424e+01    1.642313e-04
1.940645e+01    1.654131e-04
1.941866e+01    1.664319e-04
1.943087e+01    1.672861e-04
1.944309e+01    1.679693e-04
1.945530e+01    1.684837e-04
1.946751e+01    1.688232e-04
1.947973e+01    1.690044e-04
1.949194e+01    1.690051e-04
1.950415e+01    1.688414e-04
1.951637e+01    1.684988e-04
1.952858e+01    1.679843e-04
1.954079e+01    1.673067e-04
1.955301e+01    1.664548e-04
1.956522e+01    1.654356e-04
1.957743e+01    1.642405e-04
1.958964e+01    1.628892e-04
1.960186e+01    1.613628e-04
1.961407e+01    1.596747e-04
1.962628e+01    1.578298e-04
1.963849e+01    1.558225e-04
1.965071e+01    1.536623e-04
1.966292e+01    1.513466e-04
1.967513e+01    1.488802e-04
1.968735e+01    1.462609e-04
1.969956e+01    1.434924e-04
1.971177e+01    1.405978e-04
1.972399e+01    1.375595e-04
1.973620e+01    1.343857e-04
1.974841e+01    1.310856e-04
1.976063e+01    1.276585e-04
1.977284e+01    1.241116e-04
1.978505e+01    1.204458e-04
1.979726e+01    1.166785e-04
1.980948e+01    1.127936e-04
1.982169e+01    1.088141e-04
1.983390e+01    1.047366e-04
1.984612e+01    1.005660e-04
1.985833e+01    9.631427e-05
1.987054e+01    9.198100e-05
1.988276e+01    8.757308e-05
1.989497e+01    8.310183e-05
1.990718e+01    7.855601e-05
1.991939e+01    7.395810e-05
1.993161e+01    6.931153e-05
1.994382e+01    6.461755e-05
1.995603e+01    5.988198e-05
1.996825e+01    5.511096e-05
1.998046e+01    5.031953e-05
1.999267e+01    4.550407e-05
2.000488e+01    4.066544e-05
2.001710e+01    3.582455e-05
2.002931e+01    3.098318e-05
2.004152e+01    2.613262e-05
2.005374e+01    2.129699e-05
2.006595e+01    1.647390e-05
2.007816e+01    1.167002e-05
2.009038e+01    6.883114e-06
2.010259e+01    2.137385e-06
2.011480e+01    -2.569926e-06
2.012702e+01    -7.245806e-06
2.013923e+01    -1.187067e-05
2.015144e+01    -1.644256e-05
2.016365e+01    -2.096203e-05
2.017587e+01    -2.541576e-05
2.018808e+01    -2.979609e-05
2.020029e+01    -3.411129e-05
2.021251e+01    -3.835312e-05
2.022472e+01    -4.250929e-05
2.023693e+01    -4.658586e-05
2.024915e+01    -5.056980e-05
2.026136e+01    -5.446043e-05
2.027357e+01    -5.825257e-05
2.028578e+01    -6.194069e-05
2.029800e+01    -6.553487e-05
2.031021e+01    -6.901842e-05
2.032242e+01    -7.238757e-05
2.033464e+01    -7.564892e-05
2.034685e+01    -7.879132e-05
2.035906e+01    -8.181221e-05
2.037127e+01    -8.472201e-05
2.038349e+01    -8.750273e-05
2.039570e+01    -9.016588e-05
2.040791e+01    -9.269206e-05
2.042013e+01    -9.509851e-05
2.043234e+01    -9.737705e-05
2.044455e+01    -9.951773e-05
2.045677e+01    -1.015363e-04
2.046898e+01    -1.034243e-04
2.048119e+01    -1.051786e-04
2.049340e+01    -1.067972e-04
2.050562e+01    -1.082972e-04
2.051783e+01    -1.096452e-04
2.053004e+01    -1.108747e-04
2.054226e+01    -1.119687e-04
2.055447e+01    -1.129421e-04
2.056668e+01    -1.137814e-04
2.057890e+01    -1.144938e-04
2.059111e+01    -1.150753e-04
2.060332e+01    -1.155362e-04
2.061554e+01    -1.158858e-04
2.062775e+01    -1.161042e-04
2.063996e+01    -1.162029e-04
2.065217e+01    -1.161894e-04
2.066439e+01    -1.160591e-04
2.067660e+01    -1.158211e-04
2.068881e+01    -1.154756e-04
2.070103e+01    -1.150153e-04
2.071324e+01    -1.144615e-04
2.072545e+01    -1.138050e-04
2.073767e+01    -1.130524e-04
2.074988e+01    -1.121988e-04
2.076209e+01    -1.112657e-04
2.077430e+01    -1.102416e-04
2.078652e+01    -1.091394e-04
2.079873e+01    -1.079585e-04
2.081094e+01    -1.067071e-04
2.082316e+01    -1.053689e-04
2.083537e+01    -1.039730e-04
2.084758e+01    -1.025135e-04
2.085979e+01    -1.009957e-04
2.087201e+01    -9.942264e-05
2.088422e+01    -9.779977e-05
2.089643e+01    -9.612330e-05
2.090865e+01    -9.442065e-05
2.092086e+01    -9.267294e-05
2.093307e+01    -9.088732e-05
2.094529e+01    -8.907112e-05
2.095750e+01    -8.723770e-05
2.096971e+01    -8.537386e-05
2.098192e+01    -8.349134e-05
2.099414e+01    -8.160452e-05
2.100635e+01    -7.970491e-05
2.101856e+01    -7.779888e-05
2.103078e+01    -7.588674e-05
2.104299e+01    -7.398862e-05
2.105520e+01    -7.209150e-05
2.106742e+01    -7.020382e-05
2.107963e+01    -6.832798e-05
2.109184e+01    -6.646429e-05
2.110406e+01    -6.462733e-05
2.111627e+01    -6.282574e-05
2.112848e+01    -6.103952e-05
2.114069e+01    -5.928407e-05
2.115291e+01    -5.756061e-05
2.116512e+01    -5.587465e-05
2.117733e+01    -5.423358e-05
2.118955e+01    -5.262798e-05
2.120176e+01    -5.106480e-05
2.121397e+01    -4.955446e-05
2.122618e+01    -4.809398e-05
2.123840e+01    -4.667714e-05
2.125061e+01    -4.531752e-05
2.126282e+01    -4.400878e-05
2.127504e+01    -4.276040e-05
2.128725e+01    -4.156292e-05
2.129946e+01    -4.043391e-05
2.131168e+01    -3.935720e-05
2.132389e+01    -3.834613e-05
2.133610e+01    -3.739671e-05
2.134831e+01    -3.650716e-05
2.136053e+01    -3.568491e-05
2.137274e+01    -3.492288e-05
2.138495e+01    -3.422417e-05
2.139717e+01    -3.359259e-05
2.140938e+01    -3.301908e-05
2.142159e+01    -3.250715e-05
2.143381e+01    -3.206766e-05
2.144602e+01    -3.168707e-05
2.145823e+01    -3.136339e-05
2.147044e+01    -3.110298e-05
2.148266e+01    -3.090269e-05
2.149487e+01    -3.075539e-05
2.150708e+01    -3.066506e-05
2.151930e+01    -3.064182e-05
2.153151e+01    -3.066784e-05
2.154372e+01    -3.073941e-05
2.155593e+01    -3.086728e-05
2.156815e+01    -3.104458e-05
2.158036e+01    -3.126732e-05
2.159258e+01    -3.153636e-05
2.160479e+01    -3.183862e-05
2.161700e+01    -3.218398e-05
2.162921e+01    -3.257486e-05
2.164143e+01    -3.298923e-05
2.165364e+01    -3.344501e-05
2.166585e+01    -3.392532e-05
2.167807e+01    -3.442553e-05
2.169028e+01    -3.495760e-05
2.170249e+01    -3.551574e-05
2.171470e+01    -3.607881e-05
2.172692e+01    -3.666067e-05
2.173913e+01    -3.725803e-05
2.175134e+01    -3.785627e-05
2.176356e+01    -3.846653e-05
2.177577e+01    -3.907825e-05
2.178798e+01    -3.968616e-05
2.180020e+01    -4.028909e-05
2.181241e+01    -4.089668e-05
2.182462e+01    -4.148231e-05
2.183683e+01    -4.205578e-05
2.184905e+01    -4.261435e-05
2.186126e+01    -4.315051e-05
2.187347e+01    -4.366682e-05
2.188569e+01    -4.415710e-05
2.189790e+01    -4.461435e-05
2.191011e+01    -4.504988e-05
2.192233e+01    -4.544442e-05
2.193454e+01    -4.580029e-05
2.194675e+01    -4.611920e-05
2.195897e+01    -4.639087e-05
2.197118e+01    -4.662103e-05
2.198339e+01    -4.680881e-05
2.199560e+01    -4.694374e-05
2.200782e+01    -4.702126e-05
2.202003e+01    -4.704283e-05
2.203224e+01    -4.701552e-05
2.204445e+01    -4.692161e-05
2.205667e+01    -4.677247e-05
2.206888e+01    -4.656117e-05
2.208109e+01    -4.628493e-05
2.209331e+01    -4.594898e-05
2.210552e+01    -4.553665e-05
2.211773e+01    -4.506338e-05
2.212995e+01    -4.451518e-05
2.214216e+01    -4.390402e-05
2.215437e+01    -4.321468e-05
2.216659e+01    -4.246297e-05
2.217880e+01    -4.163363e-05
2.219101e+01    -4.073081e-05
2.220322e+01    -3.976312e-05
2.221544e+01    -3.871299e-05
2.222765e+01    -3.759885e-05
2.223986e+01    -3.640525e-05
2.225208e+01    -3.514410e-05
2.226429e+01    -3.381231e-05
2.227650e+01    -3.240548e-05
2.228872e+01    -3.093418e-05
2.230093e+01    -2.939742e-05
2.231314e+01    -2.777738e-05
2.232535e+01    -2.610654e-05
2.233757e+01    -2.436510e-05
2.234978e+01    -2.255886e-05
2.236199e+01    -2.068977e-05
2.237421e+01    -1.875166e-05
2.238642e+01    -1.677728e-05
2.239863e+01    -1.472590e-05
2.241084e+01    -1.263796e-05
2.242306e+01    -1.048943e-05
2.243527e+01    -8.292263e-06
2.244748e+01    -6.047427e-06
2.245970e+01    -3.764289e-06
2.247191e+01    -1.434499e-06
2.248412e+01    9.333307e-07
2.249634e+01    3.333611e-06
2.250855e+01    5.770766e-06
2.252076e+01    8.231029e-06
2.253297e+01    1.072185e-05
2.254519e+01    1.323427e-05
2.255740e+01    1.576357e-05
2.256961e+01    1.830875e-05
2.258183e+01    2.086628e-05
2.259404e+01    2.342591e-05
2.260625e+01    2.600072e-05
2.261847e+01    2.857554e-05
2.263068e+01    3.114331e-05
2.264289e+01    3.371027e-05
2.265511e+01    3.626512e-05
2.266732e+01    3.880408e-05
2.267953e+01    4.132453e-05
2.269174e+01    4.382542e-05
2.270396e+01    4.630594e-05
2.271617e+01    4.874362e-05
2.272838e+01    5.115784e-05
2.274060e+01    5.353591e-05
2.275281e+01    5.587260e-05
2.276502e+01    5.816354e-05
2.277724e+01    6.040861e-05
2.278945e+01    6.260327e-05
2.280166e+01    6.474042e-05
2.281387e+01    6.682071e-05
2.282609e+01    6.883196e-05
2.283830e+01    7.078418e-05
2.285051e+01    7.266871e-05
2.286273e+01    7.447606e-05
2.287494e+01    7.621187e-05
2.288715e+01    7.786829e-05
2.289936e+01    7.944787e-05
2.291158e+01    8.094026e-05
2.292379e+01    8.234428e-05
2.293600e+01    8.366141e-05
2.294822e+01    8.488080e-05
2.296043e+01    8.601497e-05
2.297264e+01    8.704548e-05
2.298486e+01    8.798297e-05
2.299707e+01    8.881395e-05
2.300928e+01    8.954725e-05
2.302150e+01    9.016762e-05
2.303371e+01    9.068602e-05
2.304592e+01    9.109714e-05
2.305813e+01    9.139848e-05
2.307035e+01    9.159168e-05
2.308256e+01    9.166932e-05
2.309477e+01    9.164010e-05
2.310699e+01    9.149004e-05
2.311920e+01    9.123271e-05
2.313141e+01    9.085552e-05
2.314363e+01    9.036670e-05
2.315584e+01    8.976407e-05
2.316805e+01    8.905184e-05
2.318026e+01    8.821755e-05
2.319248e+01    8.726976e-05
2.320469e+01    8.621556e-05
2.321690e+01    8.504052e-05
2.322912e+01    8.375407e-05
2.324133e+01    8.236000e-05
2.325354e+01    8.085126e-05
2.326575e+01    7.923803e-05
2.327797e+01    7.751433e-05
2.329018e+01    7.569231e-05
2.330239e+01    7.375138e-05
2.331461e+01    7.171568e-05
2.332682e+01    6.958254e-05
2.333903e+01    6.735098e-05
2.335125e+01    6.501819e-05
2.336346e+01    6.259093e-05
2.337567e+01    6.007927e-05
2.338788e+01    5.747669e-05
2.340010e+01    5.478249e-05
2.341231e+01    5.201134e-05
2.342452e+01    4.915934e-05
2.343674e+01    4.622579e-05
2.344895e+01    4.322419e-05
2.346116e+01    4.014955e-05
2.347338e+01    3.700302e-05
2.348559e+01    3.380002e-05
2.349780e+01    3.053376e-05
2.351002e+01    2.720335e-05
2.352223e+01    2.382830e-05
2.353444e+01    2.040312e-05
2.354665e+01    1.693150e-05
2.355887e+01    1.341605e-05
2.357108e+01    9.859330e-06
2.358329e+01    6.272923e-06
2.359550e+01    2.651825e-06
2.360772e+01    -9.922660e-07
2.361993e+01    -4.662958e-06
2.363214e+01    -8.345989e-06
2.364436e+01    -1.204899e-05
2.365657e+01    -1.576304e-05
2.366878e+01    -1.948047e-05
2.368100e+01    -2.320338e-05
2.369321e+01    -2.692326e-05
2.370542e+01    -3.063882e-05
2.371764e+01    -3.434025e-05
2.372985e+01    -3.804342e-05
2.374206e+01    -4.171074e-05
2.375427e+01    -4.536420e-05
2.376649e+01    -4.899479e-05
2.377870e+01    -5.260122e-05
2.379091e+01    -5.617301e-05
2.380313e+01    -5.970523e-05
2.381534e+01    -6.320485e-05
2.382755e+01    -6.665499e-05
2.383977e+01    -7.006241e-05
2.385198e+01    -7.341633e-05
2.386419e+01    -7.672503e-05
2.387640e+01    -7.997424e-05
2.388862e+01    -8.316938e-05
2.390083e+01    -8.630322e-05
2.391304e+01    -8.936750e-05
2.392526e+01    -9.236840e-05
2.393747e+01    -9.529560e-05
2.394968e+01    -9.815500e-05
2.396189e+01    -1.009392e-04
2.397411e+01    -1.036429e-04
2.398632e+01    -1.062632e-04
2.399854e+01    -1.088179e-04
2.401075e+01    -1.112866e-04
2.402296e+01    -1.136603e-04
2.403517e+01    -1.159545e-04
2.404739e+01    -1.181563e-04
2.405960e+01    -1.202711e-04
2.407181e+01    -1.222945e-04
2.408403e+01    -1.242283e-04
2.409624e+01    -1.260643e-04
2.410845e+01    -1.278151e-04
2.412066e+01    -1.294642e-04
2.413288e+01    -1.310248e-04
2.414509e+01    -1.324859e-04
2.415730e+01    -1.338520e-04
2.416952e+01    -1.351196e-04
2.418173e+01    -1.362969e-04
2.419394e+01    -1.373707e-04
2.420616e+01    -1.383538e-04
2.421837e+01    -1.392380e-04
2.423058e+01    -1.400268e-04
2.424279e+01    -1.407240e-04
2.425501e+01    -1.413253e-04
2.426722e+01    -1.418325e-04
2.427943e+01    -1.422518e-04
2.429165e+01    -1.425770e-04
2.430386e+01    -1.428060e-04
2.431607e+01    -1.429499e-04
2.432829e+01    -1.430126e-04
2.434050e+01    -1.429780e-04
2.435271e+01    -1.428660e-04
2.436492e+01    -1.426664e-04
2.437714e+01    -1.423994e-04
2.438935e+01    -1.420316e-04
2.440156e+01    -1.415943e-04
2.441378e+01    -1.410797e-04
2.442599e+01    -1.404963e-04
2.443820e+01    -1.398326e-04
2.445041e+01    -1.391057e-04
2.446263e+01    -1.383094e-04
2.447484e+01    -1.374406e-04
2.448705e+01    -1.365235e-04
2.449927e+01    -1.355323e-04
2.451148e+01    -1.344943e-04
2.452369e+01    -1.333842e-04
2.453591e+01    -1.322297e-04
2.454812e+01    -1.310239e-04
2.456033e+01    -1.297686e-04
2.457255e+01    -1.284665e-04
2.458476e+01    -1.271214e-04
2.459697e+01    -1.257351e-04
2.460918e+01    -1.243075e-04
2.462140e+01    -1.228442e-04
2.463361e+01    -1.213502e-04
2.464582e+01    -1.198226e-04
2.465804e+01    -1.182680e-04
2.467025e+01    -1.166860e-04
2.468246e+01    -1.150818e-04
2.469468e+01    -1.134521e-04
2.470689e+01    -1.118027e-04
2.471910e+01    -1.101428e-04
2.473131e+01    -1.084654e-04
2.474353e+01    -1.067768e-04
2.475574e+01    -1.050734e-04
2.476795e+01    -1.033658e-04
2.478017e+01    -1.016521e-04
2.479238e+01    -9.993250e-05
2.480459e+01    -9.821307e-05
2.481680e+01    -9.649724e-05
2.482902e+01    -9.477114e-05
2.484123e+01    -9.305970e-05
2.485344e+01    -9.134984e-05
2.486566e+01    -8.964525e-05
2.487787e+01    -8.795399e-05
2.489008e+01    -8.626563e-05
2.490230e+01    -8.459520e-05
2.491451e+01    -8.293227e-05
2.492672e+01    -8.128525e-05
2.493893e+01    -7.964851e-05
2.495115e+01    -7.803297e-05
2.496336e+01    -7.643150e-05
2.497557e+01    -7.485061e-05
2.498779e+01    -7.327611e-05
2.500000e+01    -7.173746e-05
