0.000000e+00    2.136089e-01
1.221299e-02    2.132458e-01
2.442599e-02    2.121575e-01
3.663898e-02    2.103461e-01
4.885198e-02    2.078159e-01
6.106497e-02    2.045721e-01
7.327797e-02    2.006219e-01
8.549096e-02    1.959738e-01
9.770396e-02    1.906377e-01
1.099169e-01    1.846252e-01
1.221299e-01    1.779491e-01
1.343429e-01    1.706233e-01
1.465559e-01    1.626634e-01
1.587689e-01    1.540858e-01
1.709819e-01    1.449082e-01
1.831949e-01    1.351494e-01
1.954079e-01    1.248290e-01
2.076209e-01    1.139677e-01
2.198339e-01    1.025867e-01
2.320469e-01    9.070825e-02
2.442599e-01    7.835507e-02
2.564729e-01    6.555043e-02
2.686859e-01    5.231814e-02
2.808989e-01    3.868226e-02
2.931119e-01    2.466720e-02
3.053249e-01    1.029758e-02
3.175378e-01    -4.401902e-03
3.297509e-01    -1.940654e-02
3.419639e-01    -3.469156e-02
3.541768e-01    -5.023244e-02
3.663898e-01    -6.600490e-02
3.786028e-01    -8.198483e-02
3.908158e-01    -9.814850e-02
4.030288e-01    -1.144727e-01
4.152418e-01    -1.309346e-01
4.274548e-01    -1.475120e-01
4.396678e-01    -1.641831e-01
4.518808e-01    -1.809268e-01
4.640938e-01    -1.977230e-01
4.763068e-01    -2.145519e-01
4.885198e-01    -2.313945e-01
5.007328e-01    -2.482329e-01
5.129458e-01    -2.650496e-01
5.251588e-01    -2.818282e-01
5.373718e-01    -2.985531e-01
5.495847e-01    -3.152094e-01
5.617977e-01    -3.317832e-01
5.740107e-01    -3.482614e-01
5.862237e-01    -3.646318e-01
5.984367e-01    -3.808829e-01
6.106497e-01    -3.970041e-01
6.228627e-01    -4.129857e-01
6.350757e-01    -4.288186e-01
6.472887e-01    -4.444948e-01
6.595017e-01    -4.600069e-01
6.717147e-01    -4.753478e-01
6.839277e-01    -4.905117e-01
6.961407e-01    -5.054933e-01
7.083537e-01    -5.202879e-01
7.205667e-01    -5.348913e-01
7.327797e-01    -5.492998e-01
7.449927e-01    -5.635107e-01
7.572057e-01    -5.775210e-01
7.694187e-01    -5.913289e-01
7.816316e-01    -6.049327e-01
7.938446e-01    -6.183311e-01
8.060576e-01    -6.315231e-01
8.182706e-01    -6.445081e-01
8.304836e-01    -6.572857e-01
8.426966e-01    -6.698557e-01
8.549096e-01    -6.822181e-01
8.671226e-01    -6.943734e-01
8.793356e-01    -7.063218e-01
8.915486e-01    -7.180638e-01
9.037616e-01    -7.295998e-01
9.159746e-01    -7.409307e-01
9.281876e-01    -7.520569e-01
9.404006e-01    -7.629790e-01
9.526136e-01    -7.736977e-01
9.648266e-01    -7.842134e-01
9.770396e-01    -7.945268e-01
9.892526e-01    -8.046382e-01
1.001466e+00    -8.145481e-01
1.013679e+00    -8.242566e-01
1.025892e+00    -8.337638e-01
1.038105e+00    -8.430698e-01
1.050318e+00    -8.521745e-01
1.062531e+00    -8.610775e-01
1.074744e+00    -8.697786e-01
1.086957e+00    -8.782774e-01
1.099169e+00    -8.865727e-01
1.111382e+00    -8.946641e-01
1.123595e+00    -9.025505e-01
1.135808e+00    -9.102309e-01
1.148021e+00    -9.177043e-01
1.160234e+00    -9.249690e-01
1.172447e+00    -9.320239e-01
1.184660e+00    -9.388674e-01
1.196873e+00    -9.454978e-01
1.209086e+00    -9.519132e-01
1.221299e+00    -9.581122e-01
1.233512e+00    -9.640929e-01
1.245725e+00    -9.698532e-01
1.257938e+00    -9.753911e-01
1.270151e+00    -9.807050e-01
1.282364e+00    -9.857926e-01
1.294577e+00    -9.906521e-01
1.306790e+00    -9.952816e-01
1.319003e+00    -9.996788e-01
1.331216e+00    -1.003842e+00
1.343429e+00    -1.007770e+00
1.355642e+00    -1.011460e+00
1.367855e+00    -1.014910e+00
1.380068e+00    -1.018119e+00
1.392281e+00    -1.021086e+00
1.404494e+00    -1.023809e+00
1.416707e+00    -1.026287e+00
1.428920e+00    -1.028518e+00
1.441133e+00    -1.030502e+00
1.453346e+00    -1.032237e+00
1.465559e+00    -1.033723e+00
1.477772e+00    -1.034959e+00
1.489985e+00    -1.035946e+00
1.502198e+00    -1.036681e+00
1.514411e+00    -1.037166e+00
1.526624e+00    -1.037400e+00
1.538837e+00    -1.037385e+00
1.551050e+00    -1.037119e+00
1.563263e+00    -1.036605e+00
1.575476e+00    -1.035842e+00
1.587689e+00    -1.034832e+00
1.599902e+00    -1.033577e+00
1.612115e+00    -1.032077e+00
1.624328e+00    -1.030335e+00
1.636541e+00    -1.028351e+00
1.648754e+00    -1.026129e+00
1.660967e+00    -1.023670e+00
1.673180e+00    -1.020977e+00
1.685393e+00    -1.018053e+00
1.697606e+00    -1.014900e+00
1.709819e+00    -1.011521e+00
1.722032e+00    -1.007920e+00
1.734245e+00    -1.004099e+00
1.746458e+00    -1.000062e+00
1.758671e+00    -9.958138e-01
1.770884e+00    -9.913569e-01
1.783097e+00    -9.866955e-01
1.795310e+00    -9.818339e-01
1.807523e+00    -9.767760e-01
1.819736e+00    -9.715266e-01
1.831949e+00    -9.660897e-01
1.844162e+00    -9.604700e-01
1.856375e+00    -9.546724e-01
1.868588e+00    -9.487014e-01
1.880801e+00    -9.425620e-01
1.893014e+00    -9.362590e-01
1.905227e+00    -9.297978e-01
1.917440e+00    -9.231829e-01
1.929653e+00    -9.164200e-01
1.941866e+00    -9.095140e-01
1.954079e+00    -9.024701e-01
1.966292e+00    -8.952938e-01
1.978505e+00    -8.879902e-01
1.990718e+00    -8.805649e-01
2.002931e+00    -8.730232e-01
2.015144e+00    -8.653702e-01
2.027357e+00    -8.576115e-01
2.039570e+00    -8.497527e-01
2.051783e+00    -8.417987e-01
2.063996e+00    -8.337553e-01
2.076209e+00    -8.256276e-01
2.088422e+00    -8.174208e-01
2.100635e+00    -8.091406e-01
2.112848e+00    -8.007919e-01
2.125061e+00    -7.923801e-01
2.137274e+00    -7.839101e-01
2.149487e+00    -7.753874e-01
2.161700e+00    -7.668169e-01
2.173913e+00    -7.582036e-01
2.186126e+00    -7.495525e-01
2.198339e+00    -7.408683e-01
2.210552e+00    -7.321561e-01
2.222765e+00    -7.234204e-01
2.234978e+00    -7.146661e-01
2.247191e+00    -7.058977e-01
2.259404e+00    -6.971196e-01
2.271617e+00    -6.883363e-01
2.283830e+00    -6.795522e-01
2.296043e+00    -6.707716e-01
2.308256e+00    -6.619985e-01
2.320469e+00    -6.532371e-01
2.332682e+00    -6.444913e-01
2.344895e+00    -6.357651e-01
2.357108e+00    -6.270623e-01
2.369321e+00    -6.183863e-01
2.381534e+00    -6.097411e-01
2.393747e+00    -6.011299e-01
2.405960e+00    -5.925562e-01
2.418173e+00    -5.840234e-01
2.430386e+00    -5.755345e-01
2.442599e+00    -5.670927e-01
2.454812e+00    -5.587008e-01
2.467025e+00    -5.503621e-01
2.479238e+00    -5.420790e-01
2.491451e+00    -5.338544e-01
2.503664e+00    -5.256906e-01
2.515877e+00    -5.175903e-01
2.528090e+00    -5.095559e-01
2.540303e+00    -5.015896e-01
2.552516e+00    -4.936934e-01
2.564729e+00    -4.858697e-01
2.576942e+00    -4.781202e-01
2.589155e+00    -4.704468e-01
2.601368e+00    -4.628514e-01
2.613581e+00    -4.553353e-01
2.625794e+00    -4.479005e-01
2.638007e+00    -4.405483e-01
2.650220e+00    -4.332801e-01
2.662433e+00    -4.260971e-01
2.674646e+00    -4.190006e-01
2.686859e+00    -4.119915e-01
2.699072e+00    -4.050710e-01
2.711285e+00    -3.982400e-01
2.723498e+00    -3.914991e-01
2.735711e+00    -3.848492e-01
2.747924e+00    -3.782910e-01
2.760137e+00    -3.718248e-01
2.772350e+00    -3.654513e-01
2.784563e+00    -3.591709e-01
2.796776e+00    -3.529838e-01
2.808989e+00    -3.468902e-01
2.821202e+00    -3.408904e-01
2.833415e+00    -3.349843e-01
2.845628e+00    -3.291721e-01
2.857841e+00    -3.234535e-01
2.870054e+00    -3.178285e-01
2.882267e+00    -3.122970e-01
2.894480e+00    -3.068585e-01
2.906693e+00    -3.015126e-01
2.918906e+00    -2.962592e-01
2.931119e+00    -2.910975e-01
2.943332e+00    -2.860272e-01
2.955545e+00    -2.810476e-01
2.967758e+00    -2.761581e-01
2.979971e+00    -2.713580e-01
2.992184e+00    -2.666465e-01
3.004397e+00    -2.620228e-01
3.016610e+00    -2.574861e-01
3.028823e+00    -2.530355e-01
3.041036e+00    -2.486699e-01
3.053249e+00    -2.443886e-01
3.065462e+00    -2.401903e-01
3.077675e+00    -2.360741e-01
3.089888e+00    -2.320389e-01
3.102101e+00    -2.280835e-01
3.114314e+00    -2.242068e-01
3.126527e+00    -2.204075e-01
3.138740e+00    -2.166845e-01
3.150953e+00    -2.130365e-01
3.163166e+00    -2.094622e-01
3.175379e+00    -2.059604e-01
3.187592e+00    -2.025297e-01
3.199805e+00    -1.991688e-01
3.212018e+00    -1.958764e-01
3.224231e+00    -1.926511e-01
3.236444e+00    -1.894916e-01
3.248657e+00    -1.863964e-01
3.260870e+00    -1.833642e-01
3.273082e+00    -1.803936e-01
3.285295e+00    -1.774831e-01
3.297508e+00    -1.746315e-01
3.309721e+00    -1.718373e-01
3.321934e+00    -1.690990e-01
3.334147e+00    -1.664155e-01
3.346360e+00    -1.637851e-01
3.358573e+00    -1.612066e-01
3.370786e+00    -1.586785e-01
3.382999e+00    -1.561995e-01
3.395212e+00    -1.537684e-01
3.407425e+00    -1.513836e-01
3.419638e+00    -1.490439e-01
3.431851e+00    -1.467480e-01
3.444064e+00    -1.444946e-01
3.456277e+00    -1.422824e-01
3.468490e+00    -1.401102e-01
3.480703e+00    -1.379767e-01
3.492916e+00    -1.358806e-01
3.505129e+00    -1.338209e-01
3.517342e+00    -1.317963e-01
3.529555e+00    -1.298057e-01
3.541768e+00    -1.278480e-01
3.553981e+00    -1.259220e-01
3.566194e+00    -1.240267e-01
3.578407e+00    -1.221611e-01
3.590620e+00    -1.203241e-01
3.602833e+00    -1.185147e-01
3.615046e+00    -1.167321e-01
3.627259e+00    -1.149752e-01
3.639472e+00    -1.132431e-01
3.651685e+00    -1.115350e-01
3.663898e+00    -1.098501e-01
3.676111e+00    -1.081876e-01
3.688324e+00    -1.065466e-01
3.700537e+00    -1.049264e-01
3.712750e+00    -1.033263e-01
3.724963e+00    -1.017457e-01
3.737176e+00    -1.001837e-01
3.749389e+00    -9.863997e-02
3.761602e+00    -9.711374e-02
3.773815e+00    -9.560449e-02
3.786028e+00    -9.411168e-02
3.798241e+00    -9.263482e-02
3.810454e+00    -9.117343e-02
3.822667e+00    -8.972707e-02
3.834880e+00    -8.829534e-02
3.847093e+00    -8.687782e-02
3.859306e+00    -8.547419e-02
3.871519e+00    -8.408409e-02
3.883732e+00    -8.270723e-02
3.895945e+00    -8.134337e-02
3.908158e+00    -7.999219e-02
3.920371e+00    -7.865352e-02
3.932584e+00    -7.732715e-02
3.944797e+00    -7.601289e-02
3.957010e+00    -7.471060e-02
3.969223e+00    -7.342014e-02
3.981436e+00    -7.214144e-02
3.993649e+00    -7.087436e-02
4.005862e+00    -6.961887e-02
4.018075e+00    -6.837492e-02
4.030288e+00    -6.714244e-02
4.042501e+00    -6.592150e-02
4.054714e+00    -6.471201e-02
4.066927e+00    -6.351411e-02
4.079140e+00    -6.232772e-02
4.091353e+00    -6.115299e-02
4.103566e+00    -5.998991e-02
4.115779e+00    -5.883864e-02
4.127992e+00    -5.769918e-02
4.140205e+00    -5.657173e-02
4.152418e+00    -5.545630e-02
4.164631e+00    -5.435312e-02
4.176844e+00    -5.326222e-02
4.189057e+00    -5.218379e-02
4.201270e+00    -5.111800e-02
4.213483e+00    -5.006495e-02
4.225696e+00    -4.902485e-02
4.237909e+00    -4.799777e-02
4.250122e+00    -4.698401e-02
4.262335e+00    -4.598356e-02
4.274548e+00    -4.499674e-02
4.286761e+00    -4.402364e-02
4.298974e+00    -4.306448e-02
4.311187e+00    -4.211934e-02
4.323400e+00    -4.118851e-02
4.335613e+00    -4.027203e-02
4.347826e+00    -3.937016e-02
4.360039e+00    -3.848299e-02
4.372252e+00    -3.761072e-02
4.384465e+00    -3.675346e-02
4.396678e+00    -3.591141e-02
4.408891e+00    -3.508465e-02
4.421104e+00    -3.427336e-02
4.433317e+00    -3.347762e-02
4.445530e+00    -3.269758e-02
4.457743e+00    -3.193334e-02
4.469956e+00    -3.118502e-02
4.482169e+00    -3.045268e-02
4.494382e+00    -2.973644e-02
4.506595e+00    -2.903632e-02
4.518808e+00    -2.835245e-02
4.531021e+00    -2.768483e-02
4.543234e+00    -2.703355e-02
4.555447e+00    -2.639859e-02
4.567660e+00    -2.578003e-02
4.579873e+00    -2.517781e-02
4.592086e+00    -2.459201e-02
4.604299e+00    -2.402254e-02
4.616512e+00    -2.346943e-02
4.628725e+00    -2.293260e-02
4.640938e+00    -2.241204e-02
4.653151e+00    -2.190766e-02
4.665364e+00    -2.141941e-02
4.677577e+00    -2.094718e-02
4.689790e+00    -2.049089e-02
4.702003e+00    -2.005042e-02
4.714216e+00    -1.962566e-02
4.726429e+00    -1.921646e-02
4.738642e+00    -1.882268e-02
4.750855e+00    -1.844416e-02
4.763068e+00    -1.808074e-02
4.775281e+00    -1.773223e-02
4.787494e+00    -1.739845e-02
4.799707e+00    -1.707919e-02
4.811920e+00    -1.677423e-02
4.824133e+00    -1.648334e-02
4.836346e+00    -1.620631e-02
4.848559e+00    -1.594287e-02
4.860772e+00    -1.569279e-02
4.872985e+00    -1.545578e-02
4.885198e+00    -1.523159e-02
4.897411e+00    -1.501992e-02
4.909624e+00    -1.482050e-02
4.921837e+00    -1.463301e-02
4.934050e+00    -1.445717e-02
4.946263e+00    -1.429265e-02
4.958476e+00    -1.413914e-02
4.970689e+00    -1.399631e-02
4.982902e+00    -1.386383e-02
4.995115e+00    -1.374136e-02
5.007328e+00    -1.362856e-02
5.019541e+00    -1.352509e-02
5.031754e+00    -1.343060e-02
5.043967e+00    -1.334473e-02
5.056180e+00    -1.326713e-02
5.068393e+00    -1.319743e-02
5.080606e+00    -1.313528e-02
5.092819e+00    -1.308031e-02
5.105031e+00    -1.303215e-02
5.117245e+00    -1.299044e-02
5.129457e+00    -1.295483e-02
5.141671e+00    -1.292493e-02
5.153883e+00    -1.290038e-02
5.166097e+00    -1.288083e-02
5.178309e+00    -1.286590e-02
5.190523e+00    -1.285525e-02
5.202735e+00    -1.284850e-02
5.214949e+00    -1.284530e-02
5.227162e+00    -1.284531e-02
5.239375e+00    -1.284817e-02
5.251588e+00    -1.285355e-02
5.263801e+00    -1.286109e-02
5.276014e+00    -1.287047e-02
5.288227e+00    -1.288137e-02
5.300440e+00    -1.289344e-02
5.312653e+00    -1.290637e-02
5.324866e+00    -1.291988e-02
5.337079e+00    -1.293362e-02
5.349292e+00    -1.294732e-02
5.361505e+00    -1.296069e-02
5.373718e+00    -1.297344e-02
5.385931e+00    -1.298530e-02
5.398144e+00    -1.299600e-02
5.410357e+00    -1.300529e-02
5.422570e+00    -1.301292e-02
5.434783e+00    -1.301865e-02
5.446996e+00    -1.302225e-02
5.459208e+00    -1.302349e-02
5.471422e+00    -1.302217e-02
5.483634e+00    -1.301809e-02
5.495848e+00    -1.301105e-02
5.508060e+00    -1.300088e-02
5.520274e+00    -1.298740e-02
5.532486e+00    -1.297045e-02
5.544700e+00    -1.294989e-02
5.556912e+00    -1.292557e-02
5.569126e+00    -1.289736e-02
5.581338e+00    -1.286514e-02
5.593552e+00    -1.282881e-02
5.605764e+00    -1.278827e-02
5.617978e+00    -1.274343e-02
5.630190e+00    -1.269421e-02
5.642404e+00    -1.264055e-02
5.654616e+00    -1.258239e-02
5.666830e+00    -1.251969e-02
5.679042e+00    -1.245241e-02
5.691256e+00    -1.238052e-02
5.703468e+00    -1.230402e-02
5.715682e+00    -1.222290e-02
5.727894e+00    -1.213715e-02
5.740108e+00    -1.204679e-02
5.752320e+00    -1.195187e-02
5.764534e+00    -1.185238e-02
5.776746e+00    -1.174839e-02
5.788960e+00    -1.163995e-02
5.801172e+00    -1.152711e-02
5.813385e+00    -1.140994e-02
5.825598e+00    -1.128852e-02
5.837811e+00    -1.116293e-02
5.850024e+00    -1.103327e-02
5.862237e+00    -1.089962e-02
5.874450e+00    -1.076211e-02
5.886663e+00    -1.062083e-02
5.898876e+00    -1.047593e-02
5.911089e+00    -1.032750e-02
5.923302e+00    -1.017570e-02
5.935515e+00    -1.002065e-02
5.947728e+00    -9.862497e-03
5.959941e+00    -9.701389e-03
5.972154e+00    -9.537485e-03
5.984367e+00    -9.370932e-03
5.996580e+00    -9.201903e-03
6.008793e+00    -9.030543e-03
6.021006e+00    -8.857043e-03
6.033219e+00    -8.681557e-03
6.045432e+00    -8.504262e-03
6.057645e+00    -8.325338e-03
6.069858e+00    -8.144965e-03
6.082071e+00    -7.963312e-03
6.094284e+00    -7.780575e-03
6.106497e+00    -7.596918e-03
6.118710e+00    -7.412544e-03
6.130923e+00    -7.227623e-03
6.143136e+00    -7.042342e-03
6.155349e+00    -6.856877e-03
6.167562e+00    -6.671426e-03
6.179775e+00    -6.486154e-03
6.191988e+00    -6.301258e-03
6.204201e+00    -6.116902e-03
6.216414e+00    -5.933272e-03
6.228627e+00    -5.750536e-03
6.240840e+00    -5.568884e-03
6.253053e+00    -5.388462e-03
6.265266e+00    -5.209446e-03
6.277479e+00    -5.032015e-03
6.289692e+00    -4.856312e-03
6.301905e+00    -4.682502e-03
6.314118e+00    -4.510741e-03
6.326331e+00    -4.341178e-03
6.338544e+00    -4.173951e-03
6.350757e+00    -4.009212e-03
6.362970e+00    -3.847081e-03
6.375183e+00    -3.687705e-03
6.387396e+00    -3.531209e-03
6.399609e+00    -3.377705e-03
6.411822e+00    -3.227307e-03
6.424035e+00    -3.080144e-03
6.436248e+00    -2.936299e-03
6.448461e+00    -2.795890e-03
6.460674e+00    -2.658999e-03
6.472887e+00    -2.525721e-03
6.485100e+00    -2.396122e-03
6.497313e+00    -2.270299e-03
6.509526e+00    -2.148306e-03
6.521739e+00    -2.030217e-03
6.533952e+00    -1.916078e-03
6.546165e+00    -1.805948e-03
6.558378e+00    -1.699866e-03
6.570591e+00    -1.597878e-03
6.582804e+00    -1.500008e-03
6.595017e+00    -1.406291e-03
6.607230e+00    -1.316730e-03
6.619443e+00    -1.231360e-03
6.631656e+00    -1.150166e-03
6.643869e+00    -1.073169e-03
6.656082e+00    -1.000352e-03
6.668295e+00    -9.317083e-04
6.680508e+00    -8.672227e-04
6.692721e+00    -8.068691e-04
6.704934e+00    -7.506175e-04
6.717147e+00    -6.984418e-04
6.729360e+00    -6.502963e-04
6.741573e+00    -6.061369e-04
6.753786e+00    -5.659175e-04
6.765999e+00    -5.295774e-04
6.778212e+00    -4.970616e-04
6.790425e+00    -4.683053e-04
6.802638e+00    -4.432350e-04
6.814851e+00    -4.217804e-04
6.827064e+00    -4.038594e-04
6.839277e+00    -3.894010e-04
6.851490e+00    -3.783029e-04
6.863703e+00    -3.704895e-04
6.875916e+00    -3.658634e-04
6.888129e+00    -3.643164e-04
6.900342e+00    -3.657684e-04
6.912555e+00    -3.700980e-04
6.924768e+00    -3.772120e-04
6.936981e+00    -3.869976e-04
6.949194e+00    -3.993378e-04
6.961407e+00    -4.141376e-04
6.973620e+00    -4.312688e-04
6.985833e+00    -4.506136e-04
6.998046e+00    -4.720594e-04
7.010259e+00    -4.954854e-04
7.022472e+00    -5.207697e-04
7.034685e+00    -5.477949e-04
7.046898e+00    -5.764336e-04
7.059111e+00    -6.065717e-04
7.071324e+00    -6.380798e-04
7.083537e+00    -6.708328e-04
7.095750e+00    -7.047185e-04
7.107963e+00    -7.396040e-04
7.120176e+00    -7.753746e-04
7.132389e+00    -8.119106e-04
7.144602e+00    -8.490792e-04
7.156815e+00    -8.867763e-04
7.169028e+00    -9.248808e-04
7.181241e+00    -9.632745e-04
7.193454e+00    -1.001843e-03
7.205667e+00    -1.040474e-03
7.217880e+00    -1.079057e-03
7.230093e+00    -1.117481e-03
7.242306e+00    -1.155649e-03
7.254519e+00    -1.193446e-03
7.266732e+00    -1.230781e-03
7.278944e+00    -1.267547e-03
7.291158e+00    -1.303654e-03
7.303371e+00    -1.339008e-03
7.315584e+00    -1.373520e-03
7.327797e+00    -1.407106e-03
7.340010e+00    -1.439680e-03
7.352223e+00    -1.471157e-03
7.364436e+00    -1.501475e-03
7.376649e+00    -1.530557e-03
7.388862e+00    -1.558324e-03
7.401075e+00    -1.584748e-03
7.413288e+00    -1.609692e-03
7.425501e+00    -1.633165e-03
7.437714e+00    -1.655108e-03
7.449927e+00    -1.675455e-03
7.462140e+00    -1.694157e-03
7.474353e+00    -1.711182e-03
7.486566e+00    -1.726496e-03
7.498779e+00    -1.740069e-03
7.510992e+00    -1.751844e-03
7.523205e+00    -1.761829e-03
7.535418e+00    -1.769990e-03
7.547631e+00    -1.776308e-03
7.559844e+00    -1.780773e-03
7.572057e+00    -1.783369e-03
7.584270e+00    -1.784104e-03
7.596483e+00    -1.782968e-03
7.608696e+00    -1.779963e-03
7.620909e+00    -1.775100e-03
7.633121e+00    -1.768386e-03
7.645335e+00    -1.759833e-03
7.657547e+00    -1.749463e-03
7.669761e+00    -1.737293e-03
7.681973e+00    -1.723348e-03
7.694187e+00    -1.707662e-03
7.706399e+00    -1.690257e-03
7.718613e+00    -1.671168e-03
7.730825e+00    -1.650437e-03
7.743039e+00    -1.628101e-03
7.755251e+00    -1.604202e-03
7.767465e+00    -1.578784e-03
7.779677e+00    -1.551903e-03
7.791891e+00    -1.523599e-03
7.804103e+00    -1.493937e-03
7.816317e+00    -1.462954e-03
7.828529e+00    -1.430729e-03
7.840743e+00    -1.397306e-03
7.852955e+00    -1.362752e-03
7.865169e+00    -1.327126e-03
7.877381e+00    -1.290498e-03
7.889595e+00    -1.252924e-03
7.901807e+00    -1.214474e-03
7.914021e+00    -1.175232e-03
7.926233e+00    -1.135251e-03
7.938447e+00    -1.094602e-03
7.950659e+00    -1.053367e-03
7.962873e+00    -1.011593e-03
7.975085e+00    -9.693681e-04
7.987298e+00    -9.267670e-04
7.999511e+00    -8.838663e-04
8.011724e+00    -8.407167e-04
8.023937e+00    -7.974096e-04
8.036150e+00    -7.540098e-04
8.048364e+00    -7.105899e-04
8.060576e+00    -6.672194e-04
8.072789e+00    -6.239683e-04
8.085002e+00    -5.809091e-04
8.097216e+00    -5.381022e-04
8.109428e+00    -4.956315e-04
8.121641e+00    -4.535491e-04
8.133854e+00    -4.119286e-04
8.146068e+00    -3.708223e-04
8.158280e+00    -3.303058e-04
8.170493e+00    -2.904331e-04
8.182706e+00    -2.512696e-04
8.194920e+00    -2.128601e-04
8.207132e+00    -1.752736e-04
8.219345e+00    -1.385576e-04
8.231558e+00    -1.027666e-04
8.243772e+00    -6.794783e-05
8.255984e+00    -3.415062e-05
8.268197e+00    -1.419419e-06
8.280410e+00    3.020732e-05
8.292624e+00    6.068214e-05
8.304836e+00    8.996567e-05
8.317049e+00    1.180300e-04
8.329262e+00    1.448342e-04
8.341475e+00    1.703557e-04
8.353688e+00    1.945580e-04
8.365901e+00    2.174219e-04
8.378115e+00    2.389247e-04
8.390327e+00    2.590356e-04
8.402540e+00    2.777544e-04
8.414753e+00    2.950438e-04
8.426967e+00    3.109144e-04
8.439179e+00    3.253412e-04
8.451392e+00    3.383245e-04
8.463605e+00    3.498567e-04
8.475819e+00    3.599385e-04
8.488031e+00    3.685709e-04
8.500244e+00    3.757583e-04
8.512457e+00    3.815020e-04
8.524671e+00    3.858098e-04
8.536883e+00    3.887089e-04
8.549096e+00    3.901921e-04
8.561309e+00    3.902904e-04
8.573523e+00    3.890142e-04
8.585735e+00    3.863876e-04
8.597948e+00    3.824488e-04
8.610161e+00    3.771778e-04
8.622375e+00    3.706473e-04
8.634587e+00    3.628680e-04
8.646800e+00    3.538777e-04
8.659013e+00    3.437067e-04
8.671227e+00    3.323913e-04
8.683439e+00    3.199630e-04
8.695652e+00    3.064658e-04
8.707865e+00    2.919454e-04
8.720078e+00    2.764349e-04
8.732291e+00    2.599779e-04
8.744504e+00    2.426244e-04
8.756717e+00    2.244199e-04
8.768930e+00    2.054037e-04
8.781143e+00    1.856297e-04
8.793356e+00    1.651510e-04
8.805569e+00    1.440088e-04
8.817782e+00    1.222541e-04
8.829995e+00    9.994606e-05
8.842208e+00    7.713515e-05
8.854421e+00    5.386744e-05
8.866634e+00    3.019702e-05
8.878847e+00    6.183063e-06
8.891060e+00    -1.812511e-05
8.903273e+00    -4.268302e-05
8.915486e+00    -6.741703e-05
8.927699e+00    -9.229018e-05
8.939912e+00    -1.172477e-04
8.952125e+00    -1.422360e-04
8.964338e+00    -1.671977e-04
8.976551e+00    -1.920861e-04
8.988764e+00    -2.168521e-04
9.000977e+00    -2.414285e-04
9.013190e+00    -2.658023e-04
9.025403e+00    -2.898844e-04
9.037616e+00    -3.136519e-04
9.049829e+00    -3.370430e-04
9.062042e+00    -3.600294e-04
9.074255e+00    -3.825500e-04
9.086468e+00    -4.045701e-04
9.098680e+00    -4.260594e-04
9.110894e+00    -4.469372e-04
9.123107e+00    -4.672048e-04
9.135320e+00    -4.868062e-04
9.147532e+00    -5.057091e-04
9.159746e+00    -5.238824e-04
9.171959e+00    -5.412844e-04
9.184172e+00    -5.578896e-04
9.196384e+00    -5.736685e-04
9.208598e+00    -5.885956e-04
9.220811e+00    -6.026430e-04
9.233024e+00    -6.157834e-04
9.245236e+00    -6.279947e-04
9.257450e+00    -6.392601e-04
9.269663e+00    -6.495627e-04
9.281876e+00    -6.588816e-04
9.294088e+00    -6.672090e-04
9.306302e+00    -6.745229e-04
9.318515e+00    -6.808162e-04
9.330728e+00    -6.860871e-04
9.342940e+00    -6.903266e-04
9.355154e+00    -6.935290e-04
9.367367e+00    -6.956866e-04
9.379580e+00    -6.968075e-04
9.391793e+00    -6.968897e-04
9.404006e+00    -6.959371e-04
9.416219e+00    -6.939513e-04
9.428432e+00    -6.909477e-04
9.440645e+00    -6.869296e-04
9.452858e+00    -6.819117e-04
9.465071e+00    -6.759014e-04
9.477283e+00    -6.689194e-04
9.489497e+00    -6.609744e-04
9.501710e+00    -6.521000e-04
9.513923e+00    -6.423028e-04
9.526135e+00    -6.316088e-04
9.538349e+00    -6.200367e-04
9.550562e+00    -6.076120e-04
9.562775e+00    -5.943664e-04
9.574987e+00    -5.803307e-04
9.587201e+00    -5.655141e-04
9.599414e+00    -5.499531e-04
9.611627e+00    -5.337078e-04
9.623839e+00    -5.167722e-04
9.636053e+00    -4.991986e-04
9.648266e+00    -4.810208e-04
9.660479e+00    -4.622650e-04
9.672691e+00    -4.429802e-04
9.684905e+00    -4.231934e-04
9.697118e+00    -4.029462e-04
9.709331e+00    -3.822817e-04
9.721543e+00    -3.612262e-04
9.733757e+00    -3.398331e-04
9.745970e+00    -3.181295e-04
9.758183e+00    -2.961698e-04
9.770395e+00    -2.739831e-04
9.782609e+00    -2.516172e-04
9.794822e+00    -2.291051e-04
9.807034e+00    -2.065016e-04
9.819247e+00    -1.838388e-04
9.831461e+00    -1.611527e-04
9.843674e+00    -1.384940e-04
9.855886e+00    -1.158954e-04
9.868099e+00    -9.339984e-05
9.880313e+00    -7.104814e-05
9.892526e+00    -4.887595e-05
9.904738e+00    -2.692357e-05
9.916951e+00    -5.242087e-06
9.929165e+00    1.615047e-05
9.941378e+00    3.720490e-05
9.953590e+00    5.789287e-05
9.965803e+00    7.817549e-05
9.978017e+00    9.801674e-05
9.990230e+00    1.173833e-04
1.000244e+01    1.362498e-04
1.001466e+01    1.545741e-04
1.002687e+01    1.723341e-04
1.003908e+01    1.894975e-04
1.005129e+01    2.060333e-04
1.006351e+01    2.219221e-04
1.007572e+01    2.371388e-04
1.008793e+01    2.516480e-04
1.010015e+01    2.654175e-04
1.011236e+01    2.784880e-04
1.012457e+01    2.907675e-04
1.013679e+01    3.022716e-04
1.014900e+01    3.129705e-04
1.016121e+01    3.228608e-04
1.017342e+01    3.319220e-04
1.018564e+01    3.401428e-04
1.019785e+01    3.475046e-04
1.021006e+01    3.540223e-04
1.022228e+01    3.596626e-04
1.023449e+01    3.644316e-04
1.024670e+01    3.683202e-04
1.025891e+01    3.713294e-04
1.027113e+01    3.734543e-04
1.028334e+01    3.747025e-04
1.029555e+01    3.750632e-04
1.030777e+01    3.745434e-04
1.031998e+01    3.731670e-04
1.033219e+01    3.709107e-04
1.034441e+01    3.678045e-04
1.035662e+01    3.638463e-04
1.036883e+01    3.590508e-04
1.038105e+01    3.534334e-04
1.039326e+01    3.469955e-04
1.040547e+01    3.397703e-04
1.041768e+01    3.317593e-04
1.042990e+01    3.229885e-04
1.044211e+01    3.134711e-04
1.045432e+01    3.032312e-04
1.046654e+01    2.922905e-04
1.047875e+01    2.806693e-04
1.049096e+01    2.683875e-04
1.050318e+01    2.554821e-04
1.051539e+01    2.419575e-04
1.052760e+01    2.278610e-04
1.053981e+01    2.132093e-04
1.055203e+01    1.980319e-04
1.056424e+01    1.823594e-04
1.057645e+01    1.662245e-04
1.058867e+01    1.496542e-04
1.060088e+01    1.326740e-04
1.061309e+01    1.153178e-04
1.062531e+01    9.762726e-05
1.063752e+01    7.962207e-05
1.064973e+01    6.134339e-05
1.066194e+01    4.282193e-05
1.067416e+01    2.409368e-05
1.068637e+01    5.184738e-06
1.069858e+01    -1.386801e-05
1.071080e+01    -3.302099e-05
1.072301e+01    -5.225534e-05
1.073522e+01    -7.152702e-05
1.074744e+01    -9.080672e-05
1.075965e+01    -1.100629e-04
1.077186e+01    -1.292580e-04
1.078407e+01    -1.483589e-04
1.079629e+01    -1.673294e-04
1.080850e+01    -1.861529e-04
1.082071e+01    -2.047780e-04
1.083293e+01    -2.231879e-04
1.084514e+01    -2.413450e-04
1.085735e+01    -2.592149e-04
1.086957e+01    -2.767759e-04
1.088178e+01    -2.939948e-04
1.089399e+01    -3.108452e-04
1.090620e+01    -3.272995e-04
1.091842e+01    -3.433274e-04
1.093063e+01    -3.589079e-04
1.094284e+01    -3.740156e-04
1.095506e+01    -3.886233e-04
1.096727e+01    -4.027153e-04
1.097948e+01    -4.162549e-04
1.099170e+01    -4.292330e-04
1.100391e+01    -4.416370e-04
1.101612e+01    -4.534263e-04
1.102833e+01    -4.646035e-04
1.104055e+01    -4.751469e-04
1.105276e+01    -4.850304e-04
1.106497e+01    -4.942534e-04
1.107719e+01    -5.027981e-04
1.108940e+01    -5.106518e-04
1.110161e+01    -5.178057e-04
1.111382e+01    -5.242443e-04
1.112604e+01    -5.299727e-04
1.113825e+01    -5.349743e-04
1.115046e+01    -5.392488e-04
1.116268e+01    -5.427903e-04
1.117489e+01    -5.455899e-04
1.118710e+01    -5.476605e-04
1.119932e+01    -5.489868e-04
1.121153e+01    -5.495844e-04
1.122374e+01    -5.494386e-04
1.123596e+01    -5.485652e-04
1.124817e+01    -5.469677e-04
1.126038e+01    -5.446515e-04
1.127259e+01    -5.416169e-04
1.128481e+01    -5.378821e-04
1.129702e+01    -5.334528e-04
1.130923e+01    -5.283352e-04
1.132145e+01    -5.225504e-04
1.133366e+01    -5.161011e-04
1.134587e+01    -5.090046e-04
1.135808e+01    -5.012809e-04
1.137030e+01    -4.929440e-04
1.138251e+01    -4.840039e-04
1.139472e+01    -4.744843e-04
1.140694e+01    -4.644032e-04
1.141915e+01    -4.537791e-04
1.143136e+01    -4.426345e-04
1.144358e+01    -4.309867e-04
1.145579e+01    -4.188612e-04
1.146800e+01    -4.062750e-04
1.148022e+01    -3.932580e-04
1.149243e+01    -3.798306e-04
1.150464e+01    -3.660166e-04
1.151685e+01    -3.518398e-04
1.152907e+01    -3.373324e-04
1.154128e+01    -3.225136e-04
1.155349e+01    -3.074072e-04
1.156571e+01    -2.920471e-04
1.157792e+01    -2.764509e-04
1.159013e+01    -2.606529e-04
1.160234e+01    -2.446777e-04
1.161456e+01    -2.285516e-04
1.162677e+01    -2.123004e-04
1.163898e+01    -1.959578e-04
1.165120e+01    -1.795397e-04
1.166341e+01    -1.630880e-04
1.167562e+01    -1.466205e-04
1.168784e+01    -1.301691e-04
1.170005e+01    -1.137455e-04
1.171226e+01    -9.740125e-05
1.172447e+01    -8.113900e-05
1.173669e+01    -6.500438e-05
1.174890e+01    -4.900946e-05
1.176111e+01    -3.317945e-05
1.177333e+01    -1.754989e-05
1.178554e+01    -2.134024e-06
1.179775e+01    1.304915e-05
1.180997e+01    2.794526e-05
1.182218e+01    4.257253e-05
1.183439e+01    5.688382e-05
1.184660e+01    7.086757e-05
1.185882e+01    8.449858e-05
1.187103e+01    9.776684e-05
1.188324e+01    1.106366e-04
1.189546e+01    1.231035e-04
1.190767e+01    1.351457e-04
1.191988e+01    1.467486e-04
1.193210e+01    1.578918e-04
1.194431e+01    1.685662e-04
1.195652e+01    1.787573e-04
1.196873e+01    1.884506e-04
1.198095e+01    1.976287e-04
1.199316e+01    2.062938e-04
1.200537e+01    2.144189e-04
1.201759e+01    2.220080e-04
1.202980e+01    2.290557e-04
1.204201e+01    2.355399e-04
1.205423e+01    2.414673e-04
1.206644e+01    2.468258e-04
1.207865e+01    2.516232e-04
1.209086e+01    2.558410e-04
1.210308e+01    2.595010e-04
1.211529e+01    2.625568e-04
1.212750e+01    2.650484e-04
1.213972e+01    2.669686e-04
1.215193e+01    2.683170e-04
1.216414e+01    2.690938e-04
1.217636e+01    2.693061e-04
1.218857e+01    2.689572e-04
1.220078e+01    2.680563e-04
1.221299e+01    2.666048e-04
1.222521e+01    2.646160e-04
1.223742e+01    2.620948e-04
1.224963e+01    2.590491e-04
1.226185e+01    2.554943e-04
1.227406e+01    2.514399e-04
1.228627e+01    2.468951e-04
1.229849e+01    2.418737e-04
1.231070e+01    2.363928e-04
1.232291e+01    2.304599e-04
1.233512e+01    2.240935e-04
1.234734e+01    2.173160e-04
1.235955e+01    2.101263e-04
1.237176e+01    2.025568e-04
1.238398e+01    1.946188e-04
1.239619e+01    1.863285e-04
1.240840e+01    1.777102e-04
1.242062e+01    1.687722e-04
1.243283e+01    1.595480e-04
1.244504e+01    1.500364e-04
1.245725e+01    1.402796e-04
1.246947e+01    1.302840e-04
1.248168e+01    1.200753e-04
1.249389e+01    1.096686e-04
1.250611e+01    9.909548e-05
1.251832e+01    8.836673e-05
1.253053e+01    7.750874e-05
1.254275e+01    6.653589e-05
1.255496e+01    5.547777e-05
1.256717e+01    4.435262e-05
1.257938e+01    3.318137e-05
1.259160e+01    2.198119e-05
1.260381e+01    1.077338e-05
1.261602e+01    -4.066624e-07
1.262824e+01    -1.155206e-05
1.264045e+01    -2.264272e-05
1.265266e+01    -3.365475e-05
1.266488e+01    -4.456982e-05
1.267709e+01    -5.536636e-05
1.268930e+01    -6.603052e-05
1.270151e+01    -7.653853e-05
1.271373e+01    -8.686316e-05
1.272594e+01    -9.700283e-05
1.273815e+01    -1.069317e-04
1.275037e+01    -1.166267e-04
1.276258e+01    -1.260914e-04
1.277479e+01    -1.352930e-04
1.278701e+01    -1.442167e-04
1.279922e+01    -1.528487e-04
1.281143e+01    -1.611830e-04
1.282364e+01    -1.691950e-04
1.283586e+01    -1.768810e-04
1.284807e+01    -1.842204e-04
1.286028e+01    -1.912109e-04
1.287250e+01    -1.978313e-04
1.288471e+01    -2.040774e-04
1.289692e+01    -2.099416e-04
1.290914e+01    -2.154066e-04
1.292135e+01    -2.204862e-04
1.293356e+01    -2.251466e-04
1.294577e+01    -2.293973e-04
1.295799e+01    -2.332230e-04
1.297020e+01    -2.366270e-04
1.298241e+01    -2.396052e-04
1.299463e+01    -2.421495e-04
1.300684e+01    -2.442619e-04
1.301905e+01    -2.459380e-04
1.303127e+01    -2.471815e-04
1.304348e+01    -2.479839e-04
1.305569e+01    -2.483579e-04
1.306790e+01    -2.482945e-04
1.308012e+01    -2.478001e-04
1.309233e+01    -2.468765e-04
1.310454e+01    -2.455290e-04
1.311676e+01    -2.437654e-04
1.312897e+01    -2.415822e-04
1.314118e+01    -2.389972e-04
1.315340e+01    -2.360060e-04
1.316561e+01    -2.326188e-04
1.317782e+01    -2.288528e-04
1.319003e+01    -2.247039e-04
1.320225e+01    -2.201985e-04
1.321446e+01    -2.153115e-04
1.322667e+01    -2.100888e-04
1.323889e+01    -2.045303e-04
1.325110e+01    -1.986488e-04
1.326331e+01    -1.924479e-04
1.327553e+01    -1.859470e-04
1.328774e+01    -1.791616e-04
1.329995e+01    -1.721032e-04
1.331216e+01    -1.647759e-04
1.332438e+01    -1.572043e-04
1.333659e+01    -1.494071e-04
1.334880e+01    -1.413887e-04
1.336102e+01    -1.331680e-04
1.337323e+01    -1.247613e-04
1.338544e+01    -1.161855e-04
1.339766e+01    -1.074483e-04
1.340987e+01    -9.856656e-05
1.342208e+01    -8.957723e-05
1.343429e+01    -8.047549e-05
1.344651e+01    -7.128278e-05
1.345872e+01    -6.201334e-05
1.347093e+01    -5.268453e-05
1.348315e+01    -4.331938e-05
1.349536e+01    -3.392524e-05
1.350757e+01    -2.452108e-05
1.351978e+01    -1.512005e-05
1.353200e+01    -5.752561e-06
1.354421e+01    3.590350e-06
1.355642e+01    1.286490e-05
1.356864e+01    2.207909e-05
1.358085e+01    3.119942e-05
1.359306e+01    4.022420e-05
1.360528e+01    4.912959e-05
1.361749e+01    5.791667e-05
1.362970e+01    6.655212e-05
1.364192e+01    7.503471e-05
1.365413e+01    8.334697e-05
1.366634e+01    9.147324e-05
1.367855e+01    9.940450e-05
1.369077e+01    1.071323e-04
1.370298e+01    1.146392e-04
1.371519e+01    1.219128e-04
1.372741e+01    1.289410e-04
1.373962e+01    1.357269e-04
1.375183e+01    1.422467e-04
1.376404e+01    1.485064e-04
1.377626e+01    1.544793e-04
1.378847e+01    1.601680e-04
1.380068e+01    1.655682e-04
1.381290e+01    1.706633e-04
1.382511e+01    1.754565e-04
1.383732e+01    1.799383e-04
1.384954e+01    1.841024e-04
1.386175e+01    1.879519e-04
1.387396e+01    1.914720e-04
1.388618e+01    1.946653e-04
1.389839e+01    1.975323e-04
1.391060e+01    2.000686e-04
1.392281e+01    2.022739e-04
1.393503e+01    2.041455e-04
1.394724e+01    2.056809e-04
1.395945e+01    2.068913e-04
1.397167e+01    2.077674e-04
1.398388e+01    2.083150e-04
1.399609e+01    2.085363e-04
1.400830e+01    2.084386e-04
1.402052e+01    2.080189e-04
1.403273e+01    2.072865e-04
1.404494e+01    2.062447e-04
1.405716e+01    2.048948e-04
1.406937e+01    2.032497e-04
1.408158e+01    2.013127e-04
1.409380e+01    1.990872e-04
1.410601e+01    1.965998e-04
1.411822e+01    1.938198e-04
1.413043e+01    1.907902e-04
1.414265e+01    1.875061e-04
1.415486e+01    1.839796e-04
1.416707e+01    1.802208e-04
1.417929e+01    1.762384e-04
1.419150e+01    1.720513e-04
1.420371e+01    1.676386e-04
1.421593e+01    1.630474e-04
1.422814e+01    1.582777e-04
1.424035e+01    1.533329e-04
1.425256e+01    1.482385e-04
1.426478e+01    1.429920e-04
1.427699e+01    1.376184e-04
1.428920e+01    1.321262e-04
1.430142e+01    1.265138e-04
1.431363e+01    1.208211e-04
1.432584e+01    1.150446e-04
1.433806e+01    1.091903e-04
1.435027e+01    1.032819e-04
1.436248e+01    9.733062e-05
1.437469e+01    9.135171e-05
1.438691e+01    8.535264e-05
1.439912e+01    7.934788e-05
1.441133e+01    7.335129e-05
1.442355e+01    6.737231e-05
1.443576e+01    6.142849e-05
1.444797e+01    5.553088e-05
1.446019e+01    4.968801e-05
1.447240e+01    4.391701e-05
1.448461e+01    3.823022e-05
1.449682e+01    3.263322e-05
1.450904e+01    2.714591e-05
1.452125e+01    2.176817e-05
1.453346e+01    1.651975e-05
1.454568e+01    1.141593e-05
1.455789e+01    6.451759e-06
1.457010e+01    1.640557e-06
1.458232e+01    -2.990000e-06
1.459453e+01    -7.452694e-06
1.460674e+01    -1.172939e-05
1.461895e+01    -1.580773e-05
1.463117e+01    -1.969253e-05
1.464338e+01    -2.336303e-05
1.465559e+01    -2.682083e-05
1.466781e+01    -3.005037e-05
1.468002e+01    -3.305833e-05
1.469223e+01    -3.582149e-05
1.470445e+01    -3.835417e-05
1.471666e+01    -4.064511e-05
1.472887e+01    -4.267946e-05
1.474109e+01    -4.446317e-05
1.475330e+01    -4.599114e-05
1.476551e+01    -4.725980e-05
1.477772e+01    -4.827044e-05
1.478994e+01    -4.902238e-05
1.480215e+01    -4.950753e-05
1.481436e+01    -4.972591e-05
1.482658e+01    -4.968048e-05
1.483879e+01    -4.937551e-05
1.485100e+01    -4.880324e-05
1.486321e+01    -4.797812e-05
1.487543e+01    -4.688518e-05
1.488764e+01    -4.554247e-05
1.489985e+01    -4.393931e-05
1.491207e+01    -4.208536e-05
1.492428e+01    -3.999314e-05
1.493649e+01    -3.765721e-05
1.494871e+01    -3.507720e-05
1.496092e+01    -3.227211e-05
1.497313e+01    -2.923772e-05
1.498534e+01    -2.598371e-05
1.499756e+01    -2.252104e-05
1.500977e+01    -1.884384e-05
1.502198e+01    -1.496889e-05
1.503420e+01    -1.090589e-05
1.504641e+01    -6.659189e-06
1.505862e+01    -2.236697e-06
1.507084e+01    2.351908e-06
1.508305e+01    7.099039e-06
1.509526e+01    1.199292e-05
1.510747e+01    1.702613e-05
1.511969e+01    2.218455e-05
1.513190e+01    2.746018e-05
1.514411e+01    3.284733e-05
1.515633e+01    3.832936e-05
1.516854e+01    4.390503e-05
1.518075e+01    4.955004e-05
1.519297e+01    5.526464e-05
1.520518e+01    6.102452e-05
1.521739e+01    6.683201e-05
1.522960e+01    7.267253e-05
1.524182e+01    7.853205e-05
1.525403e+01    8.440005e-05
1.526624e+01    9.026531e-05
1.527846e+01    9.611872e-05
1.529067e+01    1.019490e-04
1.530288e+01    1.077427e-04
1.531509e+01    1.134812e-04
1.532731e+01    1.191711e-04
1.533952e+01    1.247864e-04
1.535173e+01    1.303254e-04
1.536395e+01    1.357689e-04
1.537616e+01    1.411126e-04
1.538837e+01    1.463489e-04
1.540059e+01    1.514589e-04
1.541280e+01    1.564463e-04
1.542501e+01    1.612791e-04
1.543723e+01    1.659670e-04
1.544944e+01    1.705005e-04
1.546165e+01    1.748577e-04
1.547386e+01    1.790396e-04
1.548608e+01    1.830402e-04
1.549829e+01    1.868594e-04
1.551050e+01    1.904507e-04
1.552272e+01    1.938516e-04
1.553493e+01    1.970367e-04
1.554714e+01    2.000026e-04
1.555935e+01    2.027371e-04
1.557157e+01    2.052421e-04
1.558378e+01    2.075077e-04
1.559599e+01    2.095406e-04
1.560821e+01    2.113187e-04
1.562042e+01    2.128455e-04
1.563263e+01    2.141262e-04
1.564485e+01    2.151442e-04
1.565706e+01    2.159076e-04
1.566927e+01    2.164057e-04
1.568149e+01    2.166412e-04
1.569370e+01    2.166091e-04
1.570591e+01    2.163239e-04
1.571812e+01    2.157667e-04
1.573034e+01    2.149454e-04
1.574255e+01    2.138599e-04
1.575476e+01    2.125141e-04
1.576698e+01    2.109075e-04
1.577919e+01    2.090355e-04
1.579140e+01    2.069109e-04
1.580362e+01    2.045303e-04
1.581583e+01    2.019041e-04
1.582804e+01    1.990270e-04
1.584025e+01    1.959115e-04
1.585247e+01    1.925521e-04
1.586468e+01    1.889640e-04
1.587689e+01    1.851450e-04
1.588911e+01    1.810999e-04
1.590132e+01    1.768528e-04
1.591353e+01    1.723916e-04
1.592575e+01    1.677240e-04
1.593796e+01    1.628647e-04
1.595017e+01    1.578150e-04
1.596238e+01    1.525908e-04
1.597460e+01    1.471900e-04
1.598681e+01    1.416276e-04
1.599902e+01    1.359099e-04
1.601124e+01    1.300449e-04
1.602345e+01    1.240442e-04
1.603566e+01    1.179149e-04
1.604787e+01    1.116701e-04
1.606009e+01    1.053197e-04
1.607230e+01    9.886700e-05
1.608451e+01    9.232180e-05
1.609673e+01    8.570257e-05
1.610894e+01    7.901366e-05
1.612115e+01    7.227255e-05
1.613337e+01    6.548210e-05
1.614558e+01    5.865563e-05
1.615779e+01    5.179788e-05
1.617001e+01    4.492727e-05
1.618222e+01    3.805036e-05
1.619443e+01    3.117668e-05
1.620664e+01    2.432619e-05
1.621886e+01    1.749613e-05
1.623107e+01    1.070538e-05
1.624328e+01    3.956582e-06
1.625550e+01    -2.732571e-06
1.626771e+01    -9.354126e-06
1.627992e+01    -1.589930e-05
1.629214e+01    -2.235803e-05
1.630435e+01    -2.872416e-05
1.631656e+01    -3.497990e-05
1.632877e+01    -4.112190e-05
1.634099e+01    -4.714116e-05
1.635320e+01    -5.303139e-05
1.636541e+01    -5.877503e-05
1.637763e+01    -6.437627e-05
1.638984e+01    -6.980764e-05
1.640205e+01    -7.509287e-05
1.641426e+01    -8.019389e-05
1.642648e+01    -8.511830e-05
1.643869e+01    -8.985374e-05
1.645090e+01    -9.440194e-05
1.646312e+01    -9.875047e-05
1.647533e+01    -1.028969e-04
1.648754e+01    -1.068313e-04
1.649976e+01    -1.105482e-04
1.651197e+01    -1.140526e-04
1.652418e+01    -1.173318e-04
1.653639e+01    -1.203833e-04
1.654861e+01    -1.232016e-04
1.656082e+01    -1.257916e-04
1.657303e+01    -1.281395e-04
1.658525e+01    -1.302490e-04
1.659746e+01    -1.321139e-04
1.660967e+01    -1.337501e-04
1.662189e+01    -1.351263e-04
1.663410e+01    -1.362709e-04
1.664631e+01    -1.371644e-04
1.665853e+01    -1.378157e-04
1.667074e+01    -1.382248e-04
1.668295e+01    -1.383889e-04
1.669516e+01    -1.383111e-04
1.670738e+01    -1.379952e-04
1.671959e+01    -1.374425e-04
1.673180e+01    -1.366475e-04
1.674402e+01    -1.356227e-04
1.675623e+01    -1.343721e-04
1.676844e+01    -1.328943e-04
1.678065e+01    -1.311945e-04
1.679287e+01    -1.292739e-04
1.680508e+01    -1.271503e-04
1.681729e+01    -1.248015e-04
1.682951e+01    -1.222572e-04
1.684172e+01    -1.195147e-04
1.685393e+01    -1.165810e-04
1.686615e+01    -1.134625e-04
1.687836e+01    -1.101625e-04
1.689057e+01    -1.066881e-04
1.690278e+01    -1.030502e-04
1.691500e+01    -9.925543e-05
1.692721e+01    -9.530771e-05
1.693942e+01    -9.121667e-05
1.695164e+01    -8.698744e-05
1.696385e+01    -8.262772e-05
1.697606e+01    -7.815168e-05
1.698828e+01    -7.355827e-05
1.700049e+01    -6.886112e-05
1.701270e+01    -6.407587e-05
1.702491e+01    -5.919792e-05
1.703713e+01    -5.423879e-05
1.704934e+01    -4.921158e-05
1.706155e+01    -4.412803e-05
1.707377e+01    -3.898473e-05
1.708598e+01    -3.380419e-05
1.709819e+01    -2.859268e-05
1.711040e+01    -2.332860e-05
1.712262e+01    -1.808287e-05
1.713483e+01    -1.281164e-05
1.714705e+01    -7.545852e-06
1.715926e+01    -2.282017e-06
1.717147e+01    2.959459e-06
1.718368e+01    8.172592e-06
1.719590e+01    1.334743e-05
1.720811e+01    1.849431e-05
1.722032e+01    2.358152e-05
1.723254e+01    2.861004e-05
1.724475e+01    3.357670e-05
1.725696e+01    3.846693e-05
1.726917e+01    4.327275e-05
1.728139e+01    4.799590e-05
1.729360e+01    5.261524e-05
1.730581e+01    5.714758e-05
1.731803e+01    6.154917e-05
1.733024e+01    6.584740e-05
1.734245e+01    7.002405e-05
1.735467e+01    7.407182e-05
1.736688e+01    7.798518e-05
1.737909e+01    8.176563e-05
1.739130e+01    8.540024e-05
1.740352e+01    8.889569e-05
1.741573e+01    9.222585e-05
1.742794e+01    9.540451e-05
1.744016e+01    9.842761e-05
1.745237e+01    1.012834e-04
1.746458e+01    1.039727e-04
1.747680e+01    1.064983e-04
1.748901e+01    1.088481e-04
1.750122e+01    1.110207e-04
1.751343e+01    1.130270e-04
1.752565e+01    1.148553e-04
1.753786e+01    1.165019e-04
1.755007e+01    1.179707e-04
1.756229e+01    1.192628e-04
1.757450e+01    1.203747e-04
1.758671e+01    1.213063e-04
1.759892e+01    1.220549e-04
1.761114e+01    1.226376e-04
1.762335e+01    1.230355e-04
1.763556e+01    1.232538e-04
1.764778e+01    1.233076e-04
1.765999e+01    1.231851e-04
1.767220e+01    1.228939e-04
1.768442e+01    1.224432e-04
1.769663e+01    1.218314e-04
1.770884e+01    1.210442e-04
1.772106e+01    1.201065e-04
1.773327e+01    1.190262e-04
1.774548e+01    1.177864e-04
1.775769e+01    1.164082e-04
1.776991e+01    1.148873e-04
1.778212e+01    1.132322e-04
1.779433e+01    1.114506e-04
1.780655e+01    1.095344e-04
1.781876e+01    1.075071e-04
1.783097e+01    1.053677e-04
1.784319e+01    1.031175e-04
1.785540e+01    1.007656e-04
1.786761e+01    9.831467e-05
1.787982e+01    9.578359e-05
1.789204e+01    9.316433e-05
1.790425e+01    9.046003e-05
1.791646e+01    8.769169e-05
1.792868e+01    8.486045e-05
1.794089e+01    8.196871e-05
1.795310e+01    7.903313e-05
1.796531e+01    7.604568e-05
1.797753e+01    7.302962e-05
1.798974e+01    6.997796e-05
1.800196e+01    6.690287e-05
1.801417e+01    6.381341e-05
1.802638e+01    6.071909e-05
1.803859e+01    5.761607e-05
1.805081e+01    5.452574e-05
1.806302e+01    5.143930e-05
1.807523e+01    4.837287e-05
1.808744e+01    4.533463e-05
1.809966e+01    4.232372e-05
1.811187e+01    3.934244e-05
1.812408e+01    3.641937e-05
1.813630e+01    3.354374e-05
1.814851e+01    3.072282e-05
1.816072e+01    2.795702e-05
1.817294e+01    2.526725e-05
1.818515e+01    2.264936e-05
1.819736e+01    2.011098e-05
1.820958e+01    1.765200e-05
1.822179e+01    1.528987e-05
1.823400e+01    1.301721e-05
1.824621e+01    1.084182e-05
1.825843e+01    8.771603e-06
1.827064e+01    6.812450e-06
1.828285e+01    4.960340e-06
1.829507e+01    3.213645e-06
1.830728e+01    1.596520e-06
1.831949e+01    1.030276e-07
1.833171e+01    -1.266948e-06
1.834392e+01    -2.515735e-06
1.835613e+01    -3.630994e-06
1.836834e+01    -4.616333e-06
1.838056e+01    -5.462905e-06
1.839277e+01    -6.177463e-06
1.840498e+01    -6.759888e-06
1.841720e+01    -7.201452e-06
1.842941e+01    -7.503550e-06
1.844162e+01    -7.666880e-06
1.845383e+01    -7.688534e-06
1.846605e+01    -7.578637e-06
1.847826e+01    -7.322174e-06
1.849047e+01    -6.929855e-06
1.850269e+01    -6.413087e-06
1.851490e+01    -5.738460e-06
1.852711e+01    -4.938454e-06
1.853933e+01    -4.004803e-06
1.855154e+01    -2.940884e-06
1.856375e+01    -1.749489e-06
1.857596e+01    -4.336471e-07
1.858818e+01    1.014210e-06
1.860039e+01    2.572779e-06
1.861260e+01    4.254980e-06
1.862482e+01    6.045215e-06
1.863703e+01    7.952331e-06
1.864924e+01    9.965384e-06
1.866146e+01    1.207832e-05
1.867367e+01    1.428882e-05
1.868588e+01    1.659198e-05
1.869810e+01    1.899432e-05
1.871031e+01    2.146885e-05
1.872252e+01    2.402696e-05
1.873473e+01    2.666097e-05
1.874695e+01    2.936297e-05
1.875916e+01    3.212597e-05
1.877137e+01    3.495207e-05
1.878359e+01    3.782427e-05
1.879580e+01    4.074769e-05
1.880801e+01    4.371000e-05
1.882022e+01    4.670420e-05
1.883244e+01    4.973565e-05
1.884465e+01    5.278154e-05
1.885686e+01    5.584955e-05
1.886908e+01    5.892548e-05
1.888129e+01    6.200676e-05
1.889350e+01    6.508734e-05
1.890572e+01    6.815721e-05
1.891793e+01    7.121125e-05
1.893014e+01    7.424713e-05
1.894235e+01    7.725810e-05
1.895457e+01    8.023344e-05
1.896678e+01    8.317712e-05
1.897899e+01    8.606305e-05
1.899121e+01    8.891104e-05
1.900342e+01    9.169802e-05
1.901563e+01    9.441795e-05
1.902785e+01    9.707548e-05
1.904006e+01    9.965966e-05
1.905227e+01    1.021600e-04
1.906449e+01    1.045850e-04
1.907670e+01    1.069125e-04
1.908891e+01    1.091554e-04
1.910112e+01    1.112880e-04
1.911334e+01    1.133266e-04
1.912555e+01    1.152527e-04
1.913776e+01    1.170691e-04
1.914997e+01    1.187678e-04
1.916219e+01    1.203432e-04
1.917440e+01    1.218010e-04
1.918661e+01    1.231295e-04
1.919883e+01    1.243238e-04
1.921104e+01    1.253835e-04
1.922325e+01    1.263099e-04
1.923547e+01    1.270958e-04
1.924768e+01    1.277418e-04
1.925989e+01    1.282414e-04
1.927211e+01    1.285942e-04
1.928432e+01    1.288047e-04
1.929653e+01    1.288662e-04
1.930874e+01    1.287750e-04
1.932096e+01    1.285318e-04
1.933317e+01    1.281396e-04
1.934538e+01    1.275931e-04
1.935760e+01    1.268935e-04
1.936981e+01    1.260460e-04
1.938202e+01    1.250404e-04
1.939424e+01    1.238879e-04
1.940645e+01    1.225884e-04
1.941866e+01    1.211388e-04
1.943087e+01    1.195428e-04
1.944309e+01    1.177984e-04
1.945530e+01    1.159053e-04
1.946751e+01    1.138687e-04
1.947973e+01    1.116998e-04
1.949194e+01    1.093855e-04
1.950415e+01    1.069440e-04
1.951637e+01    1.043626e-04
1.952858e+01    1.016508e-04
1.954079e+01    9.881885e-05
1.955301e+01    9.586458e-05
1.956522e+01    9.278959e-05
1.957743e+01    8.959690e-05
1.958964e+01    8.630293e-05
1.960186e+01    8.288899e-05
1.961407e+01    7.937866e-05
1.962628e+01    7.577322e-05
1.963849e+01    7.207255e-05
1.965071e+01    6.828707e-05
1.966292e+01    6.441760e-05
1.967513e+01    6.046722e-05
1.968735e+01    5.644269e-05
1.969956e+01    5.234563e-05
1.971177e+01    4.819344e-05
1.972399e+01    4.398567e-05
1.973620e+01    3.971846e-05
1.974841e+01    3.541348e-05
1.976063e+01    3.106319e-05
1.977284e+01    2.667657e-05
1.978505e+01    2.226222e-05
1.979726e+01    1.782909e-05
1.980948e+01    1.337114e-05
1.982169e+01    8.903764e-06
1.983390e+01    4.429254e-06
1.984612e+01    -4.566391e-08
1.985833e+01    -4.517264e-06
1.987054e+01    -8.974981e-06
1.988276e+01    -1.342117e-05
1.989497e+01    -1.783806e-05
1.990718e+01    -2.223859e-05
1.991939e+01    -2.660134e-05
1.993161e+01    -3.092605e-05
1.994382e+01    -3.521013e-05
1.995603e+01    -3.944658e-05
1.996825e+01    -4.362743e-05
1.998046e+01    -4.774818e-05
1.999267e+01    -5.181247e-05
2.000488e+01    -5.581049e-05
2.001710e+01    -5.973075e-05
2.002931e+01    -6.357304e-05
2.004152e+01    -6.734219e-05
2.005374e+01    -7.102557e-05
2.006595e+01    -7.461972e-05
2.007816e+01    -7.812199e-05
2.009038e+01    -8.153691e-05
2.010259e+01    -8.484174e-05
2.011480e+01    -8.804185e-05
2.012702e+01    -9.114892e-05
2.013923e+01    -9.414525e-05
2.015144e+01    -9.702914e-05
2.016365e+01    -9.980093e-05
2.017587e+01    -1.024598e-04
2.018808e+01    -1.049979e-04
2.020029e+01    -1.074198e-04
2.021251e+01    -1.097258e-04
2.022472e+01    -1.119043e-04
2.023693e+01    -1.139657e-04
2.024915e+01    -1.159013e-04
2.026136e+01    -1.177136e-04
2.027357e+01    -1.194011e-04
2.028578e+01    -1.209543e-04
2.029800e+01    -1.223992e-04
2.031021e+01    -1.237119e-04
2.032242e+01    -1.248964e-04
2.033464e+01    -1.259611e-04
2.034685e+01    -1.269022e-04
2.035906e+01    -1.277181e-04
2.037127e+01    -1.284193e-04
2.038349e+01    -1.289963e-04
2.039570e+01    -1.294601e-04
2.040791e+01    -1.297939e-04
2.042013e+01    -1.300276e-04
2.043234e+01    -1.301449e-04
2.044455e+01    -1.301476e-04
2.045677e+01    -1.300478e-04
2.046898e+01    -1.298447e-04
2.048119e+01    -1.295344e-04
2.049340e+01    -1.291247e-04
2.050562e+01    -1.286312e-04
2.051783e+01    -1.280214e-04
2.053004e+01    -1.273364e-04
2.054226e+01    -1.265563e-04
2.055447e+01    -1.257051e-04
2.056668e+01    -1.247661e-04
2.057890e+01    -1.237540e-04
2.059111e+01    -1.226637e-04
2.060332e+01    -1.215116e-04
2.061554e+01    -1.203049e-04
2.062775e+01    -1.190277e-04
2.063996e+01    -1.176961e-04
2.065217e+01    -1.163171e-04
2.066439e+01    -1.148881e-04
2.067660e+01    -1.134180e-04
2.068881e+01    -1.119092e-04
2.070103e+01    -1.103626e-04
2.071324e+01    -1.087921e-04
2.072545e+01    -1.071916e-04
2.073767e+01    -1.055718e-04
2.074988e+01    -1.039282e-04
2.076209e+01    -1.022789e-04
2.077430e+01    -1.006193e-04
2.078652e+01    -9.895820e-05
2.079873e+01    -9.730011e-05
2.081094e+01    -9.564456e-05
2.082316e+01    -9.398577e-05
2.083537e+01    -9.234756e-05
2.084758e+01    -9.072611e-05
2.085979e+01    -8.912606e-05
2.087201e+01    -8.754886e-05
2.088422e+01    -8.599559e-05
2.089643e+01    -8.446634e-05
2.090865e+01    -8.299148e-05
2.092086e+01    -8.154803e-05
2.093307e+01    -8.014009e-05
2.094529e+01    -7.877297e-05
2.095750e+01    -7.746182e-05
2.096971e+01    -7.619118e-05
2.098192e+01    -7.497308e-05
2.099414e+01    -7.381887e-05
2.100635e+01    -7.271708e-05
2.101856e+01    -7.167233e-05
2.103078e+01    -7.068847e-05
2.104299e+01    -6.977512e-05
2.105520e+01    -6.891860e-05
2.106742e+01    -6.813163e-05
2.107963e+01    -6.741290e-05
2.109184e+01    -6.675383e-05
2.110406e+01    -6.617678e-05
2.111627e+01    -6.566950e-05
2.112848e+01    -6.523193e-05
2.114069e+01    -6.486133e-05
2.115291e+01    -6.456676e-05
2.116512e+01    -6.434145e-05
2.117733e+01    -6.419557e-05
2.118955e+01    -6.411737e-05
2.120176e+01    -6.410684e-05
2.121397e+01    -6.417219e-05
2.122618e+01    -6.430823e-05
2.123840e+01    -6.450800e-05
2.125061e+01    -6.478328e-05
2.126282e+01    -6.511567e-05
2.127504e+01    -6.552460e-05
2.128725e+01    -6.598586e-05
2.129946e+01    -6.651484e-05
2.131168e+01    -6.710630e-05
2.132389e+01    -6.774948e-05
2.133610e+01    -6.845850e-05
2.134831e+01    -6.921144e-05
2.136053e+01    -7.001871e-05
2.137274e+01    -7.087362e-05
2.138495e+01    -7.177322e-05
2.139717e+01    -7.272036e-05
2.140938e+01    -7.370293e-05
2.142159e+01    -7.471785e-05
2.143381e+01    -7.577596e-05
2.144602e+01    -7.686212e-05
2.145823e+01    -7.797036e-05
2.147044e+01    -7.910083e-05
2.148266e+01    -8.025653e-05
2.149487e+01    -8.142518e-05
2.150708e+01    -8.260424e-05
2.151930e+01    -8.380349e-05
2.153151e+01    -8.499756e-05
2.154372e+01    -8.619280e-05
2.155593e+01    -8.739071e-05
2.156815e+01    -8.857988e-05
2.158036e+01    -8.975840e-05
2.159258e+01    -9.092872e-05
2.160479e+01    -9.207184e-05
2.161700e+01    -9.319644e-05
2.162921e+01    -9.429899e-05
2.164143e+01    -9.537027e-05
2.165364e+01    -9.640929e-05
2.166585e+01    -9.740741e-05
2.167807e+01    -9.836179e-05
2.169028e+01    -9.928342e-05
2.170249e+01    -1.001550e-04
2.171470e+01    -1.009632e-04
2.172692e+01    -1.017199e-04
2.173913e+01    -1.024262e-04
2.175134e+01    -1.030676e-04
2.176356e+01    -1.036440e-04
2.177577e+01    -1.041502e-04
2.178798e+01    -1.045867e-04
2.180020e+01    -1.049483e-04
2.181241e+01    -1.052415e-04
2.182462e+01    -1.054414e-04
2.183683e+01    -1.055677e-04
2.184905e+01    -1.056089e-04
2.186126e+01    -1.055591e-04
2.187347e+01    -1.054255e-04
2.188569e+01    -1.052010e-04
2.189790e+01    -1.048780e-04
2.191011e+01    -1.044648e-04
2.192233e+01    -1.039606e-04
2.193454e+01    -1.033556e-04
2.194675e+01    -1.026477e-04
2.195897e+01    -1.018410e-04
2.197118e+01    -1.009356e-04
2.198339e+01    -9.993379e-05
2.199560e+01    -9.883059e-05
2.200782e+01    -9.762168e-05
2.202003e+01    -9.630601e-05
2.203224e+01    -9.489801e-05
2.204445e+01    -9.337994e-05
2.205667e+01    -9.176598e-05
2.206888e+01    -9.004751e-05
2.208109e+01    -8.822755e-05
2.209331e+01    -8.631944e-05
2.210552e+01    -8.429922e-05
2.211773e+01    -8.218789e-05
2.212995e+01    -7.997756e-05
2.214216e+01    -7.767712e-05
2.215437e+01    -7.527886e-05
2.216659e+01    -7.279601e-05
2.217880e+01    -7.022325e-05
2.219101e+01    -6.756073e-05
2.220322e+01    -6.481949e-05
2.221544e+01    -6.199008e-05
2.222765e+01    -5.908752e-05
2.223986e+01    -5.610428e-05
2.225208e+01    -5.305206e-05
2.226429e+01    -4.992967e-05
2.227650e+01    -4.673842e-05
2.228872e+01    -4.348565e-05
2.230093e+01    -4.017784e-05
2.231314e+01    -3.679682e-05
2.232535e+01    -3.337978e-05
2.233757e+01    -2.991011e-05
2.234978e+01    -2.638949e-05
2.236199e+01    -2.283335e-05
2.237421e+01    -1.922640e-05
2.238642e+01    -1.561231e-05
2.239863e+01    -1.194770e-05
2.241084e+01    -8.272676e-06
2.242306e+01    -4.570436e-06
2.243527e+01    -8.534698e-07
2.244748e+01    2.878165e-06
2.245970e+01    6.609189e-06
2.247191e+01    1.034988e-05
2.248412e+01    1.408753e-05
2.249634e+01    1.781399e-05
2.250855e+01    2.153494e-05
2.252076e+01    2.523779e-05
2.253297e+01    2.891960e-05
2.254519e+01    3.257929e-05
2.255740e+01    3.621017e-05
2.256961e+01    3.980543e-05
2.258183e+01    4.336250e-05
2.259404e+01    4.687428e-05
2.260625e+01    5.034782e-05
2.261847e+01    5.376915e-05
2.263068e+01    5.713006e-05
2.264289e+01    6.044027e-05
2.265511e+01    6.368157e-05
2.266732e+01    6.685802e-05
2.267953e+01    6.995804e-05
2.269174e+01    7.298705e-05
2.270396e+01    7.594359e-05
2.271617e+01    7.880456e-05
2.272838e+01    8.158898e-05
2.274060e+01    8.428283e-05
2.275281e+01    8.688623e-05
2.276502e+01    8.939143e-05
2.277724e+01    9.180338e-05
2.278945e+01    9.411154e-05
2.280166e+01    9.631476e-05
2.281387e+01    9.841489e-05
2.282609e+01    1.003995e-04
2.283830e+01    1.022774e-04
2.285051e+01    1.040422e-04
2.286273e+01    1.056889e-04
2.287494e+01    1.072212e-04
2.288715e+01    1.086376e-04
2.289936e+01    1.099337e-04
2.291158e+01    1.111075e-04
2.292379e+01    1.121575e-04
2.293600e+01    1.130857e-04
2.294822e+01    1.138861e-04
2.296043e+01    1.145685e-04
2.297264e+01    1.151207e-04
2.298486e+01    1.155514e-04
2.299707e+01    1.158545e-04
2.300928e+01    1.160337e-04
2.302150e+01    1.160805e-04
2.303371e+01    1.160090e-04
2.304592e+01    1.158112e-04
2.305813e+01    1.154898e-04
2.307035e+01    1.150495e-04
2.308256e+01    1.144813e-04
2.309477e+01    1.137991e-04
2.310699e+01    1.129914e-04
2.311920e+01    1.120702e-04
2.313141e+01    1.110288e-04
2.314363e+01    1.098772e-04
2.315584e+01    1.086139e-04
2.316805e+01    1.072451e-04
2.318026e+01    1.057604e-04
2.319248e+01    1.041718e-04
2.320469e+01    1.024866e-04
2.321690e+01    1.006968e-04
2.322912e+01    9.880826e-05
2.324133e+01    9.682844e-05
2.325354e+01    9.475276e-05
2.326575e+01    9.259314e-05
2.327797e+01    9.034609e-05
2.329018e+01    8.802454e-05
2.330239e+01    8.560967e-05
2.331461e+01    8.312851e-05
2.332682e+01    8.057646e-05
2.333903e+01    7.795723e-05
2.335125e+01    7.527042e-05
2.336346e+01    7.252285e-05
2.337567e+01    6.972277e-05
2.338788e+01    6.686844e-05
2.340010e+01    6.395968e-05
2.341231e+01    6.101181e-05
2.342452e+01    5.802274e-05
2.343674e+01    5.499128e-05
2.344895e+01    5.193189e-05
2.346116e+01    4.884385e-05
2.347338e+01    4.572532e-05
2.348559e+01    4.258909e-05
2.349780e+01    3.943517e-05
2.351002e+01    3.626099e-05
2.352223e+01    3.308855e-05
2.353444e+01    2.990884e-05
2.354665e+01    2.672378e-05
2.355887e+01    2.354395e-05
2.357108e+01    2.036249e-05
2.358329e+01    1.719716e-05
2.359550e+01    1.404068e-05
2.360772e+01    1.090736e-05
2.361993e+01    7.788243e-06
2.363214e+01    4.699687e-06
2.364436e+01    1.633249e-06
2.365657e+01    -1.403561e-06
2.366878e+01    -4.402129e-06
2.368100e+01    -7.368100e-06
2.369321e+01    -1.029030e-05
2.370542e+01    -1.317012e-05
2.371764e+01    -1.599989e-05
2.372985e+01    -1.879805e-05
2.374206e+01    -2.152461e-05
2.375427e+01    -2.420280e-05
2.376649e+01    -2.682774e-05
2.377870e+01    -2.939743e-05
2.379091e+01    -3.190472e-05
2.380313e+01    -3.434456e-05
2.381534e+01    -3.672688e-05
2.382755e+01    -3.903493e-05
2.383977e+01    -4.127802e-05
2.385198e+01    -4.344736e-05
2.386419e+01    -4.555500e-05
2.387640e+01    -4.758325e-05
2.388862e+01    -4.954432e-05
2.390083e+01    -5.142973e-05
2.391304e+01    -5.323696e-05
2.392526e+01    -5.496980e-05
2.393747e+01    -5.662290e-05
2.394968e+01    -5.820289e-05
2.396189e+01    -5.970360e-05
2.397411e+01    -6.112474e-05
2.398632e+01    -6.246398e-05
2.399854e+01    -6.373809e-05
2.401075e+01    -6.493489e-05
2.402296e+01    -6.604212e-05
2.403517e+01    -6.708043e-05
2.404739e+01    -6.803748e-05
2.405960e+01    -6.892241e-05
2.407181e+01    -6.973027e-05
2.408403e+01    -7.046497e-05
2.409624e+01    -7.112313e-05
2.410845e+01    -7.171754e-05
2.412066e+01    -7.223396e-05
2.413288e+01    -7.268650e-05
2.414509e+01    -7.306869e-05
2.415730e+01    -7.338289e-05
2.416952e+01    -7.362867e-05
2.418173e+01    -7.381747e-05
2.419394e+01    -7.393872e-05
2.420616e+01    -7.400347e-05
2.421837e+01    -7.400801e-05
2.423058e+01    -7.395400e-05
2.424279e+01    -7.385071e-05
2.425501e+01    -7.369273e-05
2.426722e+01    -7.348217e-05
2.427943e+01    -7.322908e-05
2.429165e+01    -7.292762e-05
2.430386e+01    -7.257535e-05
2.431607e+01    -7.218673e-05
2.432829e+01    -7.176379e-05
2.434050e+01    -7.129440e-05
2.435271e+01    -7.079687e-05
2.436492e+01    -7.026296e-05
2.437714e+01    -6.971238e-05
2.438935e+01    -6.911223e-05
2.440156e+01    -6.849787e-05
2.441378e+01    -6.785625e-05
2.442599e+01    -6.719877e-05
2.443820e+01    -6.651651e-05
2.445041e+01    -6.582294e-05
2.446263e+01    -6.511327e-05
2.447484e+01    -6.438582e-05
2.448705e+01    -6.366169e-05
2.449927e+01    -6.291756e-05
2.451148e+01    -6.217847e-05
2.452369e+01    -6.141901e-05
2.453591e+01    -6.066807e-05
2.454812e+01    -5.991623e-05
2.456033e+01    -5.916497e-05
2.457255e+01    -5.841797e-05
2.458476e+01    -5.767678e-05
2.459697e+01    -5.694138e-05
2.460918e+01    -5.621329e-05
2.462140e+01    -5.549422e-05
2.463361e+01    -5.479131e-05
2.464582e+01    -5.409715e-05
2.465804e+01    -5.341921e-05
2.467025e+01    -5.275616e-05
2.468246e+01    -5.210997e-05
2.469468e+01    -5.147653e-05
2.470689e+01    -5.086031e-05
2.471910e+01    -5.027026e-05
2.473131e+01    -4.969642e-05
2.474353e+01    -4.914220e-05
2.475574e+01    -4.860527e-05
2.476795e+01    -4.809347e-05
2.478017e+01    -4.760163e-05
2.479238e+01    -4.712991e-05
2.480459e+01    -4.668193e-05
2.481680e+01    -4.625975e-05
2.482902e+01    -4.584691e-05
2.484123e+01    -4.546662e-05
2.485344e+01    -4.510381e-05
2.486566e+01    -4.476051e-05
2.487787e+01    -4.444324e-05
2.489008e+01    -4.413861e-05
2.490230e+01    -4.385946e-05
2.491451e+01    -4.359501e-05
2.492672e+01    -4.335042e-05
2.493893e+01    -4.311797e-05
2.495115e+01    -4.290797e-05
2.496336e+01    -4.271019e-05
2.497557e+01    -4.252944e-05
2.498779e+01    -4.234943e-05
2.500000e+01    -4.219793e-05
