0.000000e+00    2.215247e-01
1.221299e-02    2.215436e-01
2.442599e-02    2.215999e-01
3.663898e-02    2.216921e-01
4.885198e-02    2.218179e-01
6.106497e-02    2.219737e-01
7.327797e-02    2.221554e-01
8.549096e-02    2.223579e-01
9.770396e-02    2.225749e-01
1.099169e-01    2.227997e-01
1.221299e-01    2.230245e-01
1.343429e-01    2.232410e-01
1.465559e-01    2.234400e-01
1.587689e-01    2.236118e-01
1.709819e-01    2.237459e-01
1.831949e-01    2.238316e-01
1.954079e-01    2.238573e-01
2.076209e-01    2.238115e-01
2.198339e-01    2.236820e-01
2.320469e-01    2.234565e-01
2.442599e-01    2.231224e-01
2.564729e-01    2.226670e-01
2.686859e-01    2.220775e-01
2.808989e-01    2.213414e-01
2.931119e-01    2.204460e-01
3.053249e-01    2.193787e-01
3.175378e-01    2.181273e-01
3.297509e-01    2.166798e-01
3.419639e-01    2.150247e-01
3.541768e-01    2.131507e-01
3.663898e-01    2.110471e-01
3.786028e-01    2.087037e-01
3.908158e-01    2.061107e-01
4.030288e-01    2.032592e-01
4.152418e-01    2.001408e-01
4.274548e-01    1.967479e-01
4.396678e-01    1.930736e-01
4.518808e-01    1.891117e-01
4.640938e-01    1.848569e-01
4.763068e-01    1.803047e-01
4.885198e-01    1.754515e-01
5.007328e-01    1.702943e-01
5.129458e-01    1.648314e-01
5.251588e-01    1.590617e-01
5.373718e-01    1.529848e-01
5.495847e-01    1.466017e-01
5.617977e-01    1.399138e-01
5.740107e-01    1.329235e-01
5.862237e-01    1.256341e-01
5.984367e-01    1.180497e-01
6.106497e-01    1.101751e-01
6.228627e-01    1.020162e-01
6.350757e-01    9.357916e-02
6.472887e-01    8.487125e-02
6.595017e-01    7.590029e-02
6.717147e-01    6.667484e-02
6.839277e-01    5.720397e-02
6.961407e-01    4.749741e-02
7.083537e-01    3.756539e-02
7.205667e-01    2.741864e-02
7.327797e-01    1.706844e-02
7.449927e-01    6.526361e-03
7.572057e-01    -4.195517e-03
7.694187e-01    -1.508490e-02
7.816316e-01    -2.612911e-02
7.938446e-01    -3.731526e-02
8.060576e-01    -4.863028e-02
8.182706e-01    -6.006088e-02
8.304836e-01    -7.159369e-02
8.426966e-01    -8.321524e-02
8.549096e-01    -9.491202e-02
8.671226e-01    -1.066705e-01
8.793356e-01    -1.184773e-01
8.915486e-01    -1.303188e-01
9.037616e-01    -1.421819e-01
9.159746e-01    -1.540534e-01
9.281876e-01    -1.659202e-01
9.404006e-01    -1.777695e-01
9.526136e-01    -1.895887e-01
9.648266e-01    -2.013655e-01
9.770396e-01    -2.130878e-01
9.892526e-01    -2.247439e-01
1.001466e+00    -2.363223e-01
1.013679e+00    -2.478117e-01
1.025892e+00    -2.592016e-01
1.038105e+00    -2.704813e-01
1.050318e+00    -2.816409e-01
1.062531e+00    -2.926708e-01
1.074744e+00    -3.035615e-01
1.086957e+00    -3.143044e-01
1.099169e+00    -3.248908e-01
1.111382e+00    -3.353127e-01
1.123595e+00    -3.455626e-01
1.135808e+00    -3.556330e-01
1.148021e+00    -3.655174e-01
1.160234e+00    -3.752092e-01
1.172447e+00    -3.847024e-01
1.184660e+00    -3.939915e-01
1.196873e+00    -4.030713e-01
1.209086e+00    -4.119369e-01
1.221299e+00    -4.205841e-01
1.233512e+00    -4.290087e-01
1.245725e+00    -4.372071e-01
1.257938e+00    -4.451759e-01
1.270151e+00    -4.529124e-01
1.282364e+00    -4.604138e-01
1.294577e+00    -4.676780e-01
1.306790e+00    -4.747031e-01
1.319003e+00    -4.814872e-01
1.331216e+00    -4.880293e-01
1.343429e+00    -4.943281e-01
1.355642e+00    -5.003830e-01
1.367855e+00    -5.061935e-01
1.380068e+00    -5.117593e-01
1.392281e+00    -5.170805e-01
1.404494e+00    -5.221574e-01
1.416707e+00    -5.269902e-01
1.428920e+00    -5.315799e-01
1.441133e+00    -5.359272e-01
1.453346e+00    -5.400332e-01
1.465559e+00    -5.438991e-01
1.477772e+00    -5.475263e-01
1.489985e+00    -5.509166e-01
1.502198e+00    -5.540714e-01
1.514411e+00    -5.569927e-01
1.526624e+00    -5.596825e-01
1.538837e+00    -5.621430e-01
1.551050e+00    -5.643764e-01
1.563263e+00    -5.663849e-01
1.575476e+00    -5.681711e-01
1.587689e+00    -5.697377e-01
1.599902e+00    -5.710871e-01
1.612115e+00    -5.722220e-01
1.624328e+00    -5.731454e-01
1.636541e+00    -5.738600e-01
1.648754e+00    -5.743688e-01
1.660967e+00    -5.746748e-01
1.673180e+00    -5.747812e-01
1.685393e+00    -5.746911e-01
1.697606e+00    -5.744075e-01
1.709819e+00    -5.739337e-01
1.722032e+00    -5.732732e-01
1.734245e+00    -5.724291e-01
1.746458e+00    -5.714046e-01
1.758671e+00    -5.702034e-01
1.770884e+00    -5.688289e-01
1.783097e+00    -5.672846e-01
1.795310e+00    -5.655738e-01
1.807523e+00    -5.637001e-01
1.819736e+00    -5.616671e-01
1.831949e+00    -5.594784e-01
1.844162e+00    -5.571377e-01
1.856375e+00    -5.546485e-01
1.868588e+00    -5.520144e-01
1.880801e+00    -5.492393e-01
1.893014e+00    -5.463268e-01
1.905227e+00    -5.432806e-01
1.917440e+00    -5.401043e-01
1.929653e+00    -5.368020e-01
1.941866e+00    -5.333771e-01
1.954079e+00    -5.298337e-01
1.966292e+00    -5.261753e-01
1.978505e+00    -5.224059e-01
1.990718e+00    -5.185292e-01
2.002931e+00    -5.145491e-01
2.015144e+00    -5.104693e-01
2.027357e+00    -5.062937e-01
2.039570e+00    -5.020261e-01
2.051783e+00    -4.976705e-01
2.063996e+00    -4.932304e-01
2.076209e+00    -4.887099e-01
2.088422e+00    -4.841127e-01
2.100635e+00    -4.794426e-01
2.112848e+00    -4.747033e-01
2.125061e+00    -4.698988e-01
2.137274e+00    -4.650327e-01
2.149487e+00    -4.601088e-01
2.161700e+00    -4.551308e-01
2.173913e+00    -4.501024e-01
2.186126e+00    -4.450274e-01
2.198339e+00    -4.399093e-01
2.210552e+00    -4.347519e-01
2.222765e+00    -4.295586e-01
2.234978e+00    -4.243332e-01
2.247191e+00    -4.190790e-01
2.259404e+00    -4.137997e-01
2.271617e+00    -4.084985e-01
2.283830e+00    -4.031790e-01
2.296043e+00    -3.978446e-01
2.308256e+00    -3.924984e-01
2.320469e+00    -3.871439e-01
2.332682e+00    -3.817841e-01
2.344895e+00    -3.764223e-01
2.357108e+00    -3.710615e-01
2.369321e+00    -3.657048e-01
2.381534e+00    -3.603552e-01
2.393747e+00    -3.550156e-01
2.405960e+00    -3.496888e-01
2.418173e+00    -3.443777e-01
2.430386e+00    -3.390848e-01
2.442599e+00    -3.338130e-01
2.454812e+00    -3.285646e-01
2.467025e+00    -3.233424e-01
2.479238e+00    -3.181487e-01
2.491451e+00    -3.129858e-01
2.503664e+00    -3.078560e-01
2.515877e+00    -3.027615e-01
2.528090e+00    -2.977044e-01
2.540303e+00    -2.926868e-01
2.552516e+00    -2.877106e-01
2.564729e+00    -2.827778e-01
2.576942e+00    -2.778900e-01
2.589155e+00    -2.730490e-01
2.601368e+00    -2.682565e-01
2.613581e+00    -2.635139e-01
2.625794e+00    -2.588227e-01
2.638007e+00    -2.541845e-01
2.650220e+00    -2.496005e-01
2.662433e+00    -2.450718e-01
2.674646e+00    -2.405996e-01
2.686859e+00    -2.361850e-01
2.699072e+00    -2.318289e-01
2.711285e+00    -2.275324e-01
2.723498e+00    -2.232961e-01
2.735711e+00    -2.191207e-01
2.747924e+00    -2.150072e-01
2.760137e+00    -2.109558e-01
2.772350e+00    -2.069673e-01
2.784563e+00    -2.030420e-01
2.796776e+00    -1.991803e-01
2.808989e+00    -1.953825e-01
2.821202e+00    -1.916488e-01
2.833415e+00    -1.879794e-01
2.845628e+00    -1.843744e-01
2.857841e+00    -1.808338e-01
2.870054e+00    -1.773576e-01
2.882267e+00    -1.739457e-01
2.894480e+00    -1.705978e-01
2.906693e+00    -1.673139e-01
2.918906e+00    -1.640936e-01
2.931119e+00    -1.609365e-01
2.943332e+00    -1.578424e-01
2.955545e+00    -1.548108e-01
2.967758e+00    -1.518412e-01
2.979971e+00    -1.489331e-01
2.992184e+00    -1.460858e-01
3.004397e+00    -1.432988e-01
3.016610e+00    -1.405715e-01
3.028823e+00    -1.379031e-01
3.041036e+00    -1.352928e-01
3.053249e+00    -1.327400e-01
3.065462e+00    -1.302438e-01
3.077675e+00    -1.278033e-01
3.089888e+00    -1.254178e-01
3.102101e+00    -1.230862e-01
3.114314e+00    -1.208078e-01
3.126527e+00    -1.185816e-01
3.138740e+00    -1.164065e-01
3.150953e+00    -1.142816e-01
3.163166e+00    -1.122059e-01
3.175379e+00    -1.101785e-01
3.187592e+00    -1.081981e-01
3.199805e+00    -1.062639e-01
3.212018e+00    -1.043748e-01
3.224231e+00    -1.025296e-01
3.236444e+00    -1.007274e-01
3.248657e+00    -9.896696e-02
3.260870e+00    -9.724730e-02
3.273082e+00    -9.556733e-02
3.285295e+00    -9.392595e-02
3.297508e+00    -9.232206e-02
3.309721e+00    -9.075462e-02
3.321934e+00    -8.922251e-02
3.334147e+00    -8.772469e-02
3.346360e+00    -8.626006e-02
3.358573e+00    -8.482759e-02
3.370786e+00    -8.342618e-02
3.382999e+00    -8.205485e-02
3.395212e+00    -8.071253e-02
3.407425e+00    -7.939823e-02
3.419638e+00    -7.811092e-02
3.431851e+00    -7.684962e-02
3.444064e+00    -7.561336e-02
3.456277e+00    -7.440119e-02
3.468490e+00    -7.321214e-02
3.480703e+00    -7.204532e-02
3.492916e+00    -7.089981e-02
3.505129e+00    -6.977472e-02
3.517342e+00    -6.866919e-02
3.529555e+00    -6.758240e-02
3.541768e+00    -6.651349e-02
3.553981e+00    -6.546169e-02
3.566194e+00    -6.442621e-02
3.578407e+00    -6.340631e-02
3.590620e+00    -6.240125e-02
3.602833e+00    -6.141032e-02
3.615046e+00    -6.043284e-02
3.627259e+00    -5.946817e-02
3.639472e+00    -5.851565e-02
3.651685e+00    -5.757467e-02
3.663898e+00    -5.664468e-02
3.676111e+00    -5.572512e-02
3.688324e+00    -5.481545e-02
3.700537e+00    -5.391513e-02
3.712750e+00    -5.302375e-02
3.724963e+00    -5.214079e-02
3.737176e+00    -5.126585e-02
3.749389e+00    -5.039852e-02
3.761602e+00    -4.953843e-02
3.773815e+00    -4.868522e-02
3.786028e+00    -4.783854e-02
3.798241e+00    -4.699811e-02
3.810454e+00    -4.616364e-02
3.822667e+00    -4.533488e-02
3.834880e+00    -4.451157e-02
3.847093e+00    -4.369353e-02
3.859306e+00    -4.288056e-02
3.871519e+00    -4.207248e-02
3.883732e+00    -4.126917e-02
3.895945e+00    -4.047050e-02
3.908158e+00    -3.967636e-02
3.920371e+00    -3.888667e-02
3.932584e+00    -3.810136e-02
3.944797e+00    -3.732041e-02
3.957010e+00    -3.654378e-02
3.969223e+00    -3.577146e-02
3.981436e+00    -3.500348e-02
3.993649e+00    -3.423985e-02
4.005862e+00    -3.348062e-02
4.018075e+00    -3.272587e-02
4.030288e+00    -3.197562e-02
4.042501e+00    -3.123002e-02
4.054714e+00    -3.048911e-02
4.066927e+00    -2.975308e-02
4.079140e+00    -2.902197e-02
4.091353e+00    -2.829600e-02
4.103566e+00    -2.757526e-02
4.115779e+00    -2.685994e-02
4.127992e+00    -2.615017e-02
4.140205e+00    -2.544619e-02
4.152418e+00    -2.474810e-02
4.164631e+00    -2.405616e-02
4.176844e+00    -2.337052e-02
4.189057e+00    -2.269140e-02
4.201270e+00    -2.201903e-02
4.213483e+00    -2.135357e-02
4.225696e+00    -2.069528e-02
4.237909e+00    -2.004433e-02
4.250122e+00    -1.940100e-02
4.262335e+00    -1.876542e-02
4.274548e+00    -1.813790e-02
4.286761e+00    -1.751859e-02
4.298974e+00    -1.690777e-02
4.311187e+00    -1.630560e-02
4.323400e+00    -1.571234e-02
4.335613e+00    -1.512816e-02
4.347826e+00    -1.455332e-02
4.360039e+00    -1.398798e-02
4.372252e+00    -1.343238e-02
4.384465e+00    -1.288667e-02
4.396678e+00    -1.235109e-02
4.408891e+00    -1.182578e-02
4.421104e+00    -1.131097e-02
4.433317e+00    -1.080677e-02
4.445530e+00    -1.031341e-02
4.457743e+00    -9.830996e-03
4.469956e+00    -9.359713e-03
4.482169e+00    -8.899671e-03
4.494382e+00    -8.451029e-03
4.506595e+00    -8.013882e-03
4.518808e+00    -7.588377e-03
4.531021e+00    -7.174583e-03
4.543234e+00    -6.772626e-03
4.555447e+00    -6.382560e-03
4.567660e+00    -6.004483e-03
4.579873e+00    -5.638430e-03
4.592086e+00    -5.284488e-03
4.604299e+00    -4.942659e-03
4.616512e+00    -4.613006e-03
4.628725e+00    -4.295518e-03
4.640938e+00    -3.990229e-03
4.653151e+00    -3.697115e-03
4.665364e+00    -3.416174e-03
4.677577e+00    -3.147358e-03
4.689790e+00    -2.890657e-03
4.702003e+00    -2.645997e-03
4.714216e+00    -2.413335e-03
4.726429e+00    -2.192580e-03
4.738642e+00    -1.983669e-03
4.750855e+00    -1.786487e-03
4.763068e+00    -1.600945e-03
4.775281e+00    -1.426918e-03
4.787494e+00    -1.264279e-03
4.799707e+00    -1.112898e-03
4.811920e+00    -9.726240e-04
4.824133e+00    -8.432914e-04
4.836346e+00    -7.247444e-04
4.848559e+00    -6.167985e-04
4.860772e+00    -5.192762e-04
4.872985e+00    -4.319740e-04
4.885198e+00    -3.546959e-04
4.897411e+00    -2.872227e-04
4.909624e+00    -2.293372e-04
4.921837e+00    -1.808130e-04
4.934050e+00    -1.414159e-04
4.946263e+00    -1.109059e-04
4.958476e+00    -8.903101e-05
4.970689e+00    -7.553281e-05
4.982902e+00    -7.015781e-05
4.995115e+00    -7.263373e-05
5.007328e+00    -8.269393e-05
5.019541e+00    -1.000622e-04
5.031754e+00    -1.244547e-04
5.043967e+00    -1.555879e-04
5.056180e+00    -1.931746e-04
5.068393e+00    -2.369243e-04
5.080606e+00    -2.865396e-04
5.092819e+00    -3.417326e-04
5.105031e+00    -4.021961e-04
5.117245e+00    -4.676361e-04
5.129457e+00    -5.377506e-04
5.141671e+00    -6.122408e-04
5.153883e+00    -6.908017e-04
5.166097e+00    -7.731367e-04
5.178309e+00    -8.589429e-04
5.190523e+00    -9.479227e-04
5.202735e+00    -1.039774e-03
5.214949e+00    -1.134205e-03
5.227162e+00    -1.230923e-03
5.239375e+00    -1.329629e-03
5.251588e+00    -1.430042e-03
5.263801e+00    -1.531873e-03
5.276014e+00    -1.634843e-03
5.288227e+00    -1.738672e-03
5.300440e+00    -1.843096e-03
5.312653e+00    -1.947821e-03
5.324866e+00    -2.052613e-03
5.337079e+00    -2.157197e-03
5.349292e+00    -2.261329e-03
5.361505e+00    -2.364754e-03
5.373718e+00    -2.467240e-03
5.385931e+00    -2.568540e-03
5.398144e+00    -2.668442e-03
5.410357e+00    -2.766710e-03
5.422570e+00    -2.863145e-03
5.434783e+00    -2.957529e-03
5.446996e+00    -3.049674e-03
5.459208e+00    -3.139373e-03
5.471422e+00    -3.226459e-03
5.483634e+00    -3.310746e-03
5.495848e+00    -3.392077e-03
5.508060e+00    -3.470283e-03
5.520274e+00    -3.545220e-03
5.532486e+00    -3.616741e-03
5.544700e+00    -3.684722e-03
5.556912e+00    -3.749030e-03
5.569126e+00    -3.809553e-03
5.581338e+00    -3.866181e-03
5.593552e+00    -3.918824e-03
5.605764e+00    -3.967381e-03
5.617978e+00    -4.011785e-03
5.630190e+00    -4.051951e-03
5.642404e+00    -4.087825e-03
5.654616e+00    -4.119351e-03
5.666830e+00    -4.146486e-03
5.679042e+00    -4.169192e-03
5.691256e+00    -4.187438e-03
5.703468e+00    -4.201210e-03
5.715682e+00    -4.210494e-03
5.727894e+00    -4.215285e-03
5.740108e+00    -4.215596e-03
5.752320e+00    -4.211436e-03
5.764534e+00    -4.202825e-03
5.776746e+00    -4.189795e-03
5.788960e+00    -4.172382e-03
5.801172e+00    -4.150637e-03
5.813385e+00    -4.124598e-03
5.825598e+00    -4.094339e-03
5.837811e+00    -4.059913e-03
5.850024e+00    -4.021400e-03
5.862237e+00    -3.978875e-03
5.874450e+00    -3.932425e-03
5.886663e+00    -3.882138e-03
5.898876e+00    -3.828118e-03
5.911089e+00    -3.770457e-03
5.923302e+00    -3.709270e-03
5.935515e+00    -3.644666e-03
5.947728e+00    -3.576765e-03
5.959941e+00    -3.505684e-03
5.972154e+00    -3.431554e-03
5.984367e+00    -3.354501e-03
5.996580e+00    -3.274663e-03
6.008793e+00    -3.192165e-03
6.021006e+00    -3.107164e-03
6.033219e+00    -3.019789e-03
6.045432e+00    -2.930192e-03
6.057645e+00    -2.838521e-03
6.069858e+00    -2.744922e-03
6.082071e+00    -2.649547e-03
6.094284e+00    -2.552553e-03
6.106497e+00    -2.454089e-03
6.118710e+00    -2.354315e-03
6.130923e+00    -2.253381e-03
6.143136e+00    -2.151446e-03
6.155349e+00    -2.048662e-03
6.167562e+00    -1.945192e-03
6.179775e+00    -1.841183e-03
6.191988e+00    -1.736798e-03
6.204201e+00    -1.632181e-03
6.216414e+00    -1.527495e-03
6.228627e+00    -1.422879e-03
6.240840e+00    -1.318497e-03
6.253053e+00    -1.214481e-03
6.265266e+00    -1.110982e-03
6.277479e+00    -1.008149e-03
6.289692e+00    -9.061132e-04
6.301905e+00    -8.050133e-04
6.314118e+00    -7.049951e-04
6.326331e+00    -6.061797e-04
6.338544e+00    -5.086943e-04
6.350757e+00    -4.126695e-04
6.362970e+00    -3.182155e-04
6.375183e+00    -2.254615e-04
6.387396e+00    -1.345137e-04
6.399609e+00    -4.548492e-05
6.411822e+00    4.153242e-05
6.424035e+00    1.264212e-04
6.436248e+00    2.090994e-04
6.448461e+00    2.894661e-04
6.460674e+00    3.674415e-04
6.472887e+00    4.429375e-04
6.485100e+00    5.158898e-04
6.497313e+00    5.862137e-04
6.509526e+00    6.538518e-04
6.521739e+00    7.187370e-04
6.533952e+00    7.808171e-04
6.546165e+00    8.400369e-04
6.558378e+00    8.963542e-04
6.570591e+00    9.497252e-04
6.582804e+00    1.000116e-03
6.595017e+00    1.047493e-03
6.607230e+00    1.091839e-03
6.619443e+00    1.133123e-03
6.631656e+00    1.171342e-03
6.643869e+00    1.206475e-03
6.656082e+00    1.238524e-03
6.668295e+00    1.267487e-03
6.680508e+00    1.293367e-03
6.692721e+00    1.316178e-03
6.704934e+00    1.335932e-03
6.717147e+00    1.352653e-03
6.729360e+00    1.366360e-03
6.741573e+00    1.377083e-03
6.753786e+00    1.384856e-03
6.765999e+00    1.389717e-03
6.778212e+00    1.391705e-03
6.790425e+00    1.390868e-03
6.802638e+00    1.387257e-03
6.814851e+00    1.380922e-03
6.827064e+00    1.371924e-03
6.839277e+00    1.360318e-03
6.851490e+00    1.346176e-03
6.863703e+00    1.329558e-03
6.875916e+00    1.310535e-03
6.888129e+00    1.289191e-03
6.900342e+00    1.265588e-03
6.912555e+00    1.239815e-03
6.924768e+00    1.211947e-03
6.936981e+00    1.182071e-03
6.949194e+00    1.150275e-03
6.961407e+00    1.116637e-03
6.973620e+00    1.081254e-03
6.985833e+00    1.044218e-03
6.998046e+00    1.005618e-03
7.010259e+00    9.655505e-04
7.022472e+00    9.241079e-04
7.034685e+00    8.813861e-04
7.046898e+00    8.374830e-04
7.059111e+00    7.924935e-04
7.071324e+00    7.465161e-04
7.083537e+00    6.996494e-04
7.095750e+00    6.519835e-04
7.107963e+00    6.036345e-04
7.120176e+00    5.546806e-04
7.132389e+00    5.052225e-04
7.144602e+00    4.553655e-04
7.156815e+00    4.051960e-04
7.169028e+00    3.548081e-04
7.181241e+00    3.043012e-04
7.193454e+00    2.537616e-04
7.205667e+00    2.032862e-04
7.217880e+00    1.529571e-04
7.230093e+00    1.028701e-04
7.242306e+00    5.310162e-05
7.254519e+00    3.744737e-06
7.266732e+00    -4.512543e-05
7.278944e+00    -9.342578e-05
7.291158e+00    -1.410787e-04
7.303371e+00    -1.880098e-04
7.315584e+00    -2.341459e-04
7.327797e+00    -2.794195e-04
7.340010e+00    -3.237583e-04
7.352223e+00    -3.670962e-04
7.364436e+00    -4.093777e-04
7.376649e+00    -4.505423e-04
7.388862e+00    -4.905271e-04
7.401075e+00    -5.292998e-04
7.413288e+00    -5.667657e-04
7.425501e+00    -6.029169e-04
7.437714e+00    -6.377040e-04
7.449927e+00    -6.710801e-04
7.462140e+00    -7.030022e-04
7.474353e+00    -7.334434e-04
7.486566e+00    -7.623736e-04
7.498779e+00    -7.897652e-04
7.510992e+00    -8.155806e-04
7.523205e+00    -8.398163e-04
7.535418e+00    -8.624445e-04
7.547631e+00    -8.834545e-04
7.559844e+00    -9.028314e-04
7.572057e+00    -9.205650e-04
7.584270e+00    -9.366593e-04
7.596483e+00    -9.511060e-04
7.608696e+00    -9.639029e-04
7.620909e+00    -9.750630e-04
7.633121e+00    -9.845881e-04
7.645335e+00    -9.924899e-04
7.657547e+00    -9.987800e-04
7.669761e+00    -1.003478e-03
7.681973e+00    -1.006599e-03
7.694187e+00    -1.008171e-03
7.706399e+00    -1.008213e-03
7.718613e+00    -1.006750e-03
7.730825e+00    -1.003817e-03
7.743039e+00    -9.994439e-04
7.755251e+00    -9.936641e-04
7.767465e+00    -9.865126e-04
7.779677e+00    -9.780342e-04
7.791891e+00    -9.682599e-04
7.804103e+00    -9.572437e-04
7.816317e+00    -9.450170e-04
7.828529e+00    -9.316394e-04
7.840743e+00    -9.171484e-04
7.852955e+00    -9.015989e-04
7.865169e+00    -8.850389e-04
7.877381e+00    -8.675219e-04
7.889595e+00    -8.490983e-04
7.901807e+00    -8.298195e-04
7.914021e+00    -8.097565e-04
7.926233e+00    -7.889520e-04
7.938447e+00    -7.674638e-04
7.950659e+00    -7.453560e-04
7.962873e+00    -7.226713e-04
7.975085e+00    -6.994811e-04
7.987298e+00    -6.758412e-04
7.999511e+00    -6.518141e-04
8.011724e+00    -6.274483e-04
8.023937e+00    -6.028110e-04
8.036150e+00    -5.779585e-04
8.048364e+00    -5.529474e-04
8.060576e+00    -5.278350e-04
8.072789e+00    -5.026820e-04
8.085002e+00    -4.775421e-04
8.097216e+00    -4.524674e-04
8.109428e+00    -4.275261e-04
8.121641e+00    -4.027591e-04
8.133854e+00    -3.782284e-04
8.146068e+00    -3.539759e-04
8.158280e+00    -3.300628e-04
8.170493e+00    -3.065331e-04
8.182706e+00    -2.834407e-04
8.194920e+00    -2.608222e-04
8.207132e+00    -2.387320e-04
8.219345e+00    -2.172111e-04
8.231558e+00    -1.963028e-04
8.243772e+00    -1.760445e-04
8.255984e+00    -1.564776e-04
8.268197e+00    -1.376391e-04
8.280410e+00    -1.195600e-04
8.292624e+00    -1.022765e-04
8.304836e+00    -8.582215e-05
8.317049e+00    -7.022139e-05
8.329262e+00    -5.550503e-05
8.341475e+00    -4.169212e-05
8.353688e+00    -2.881174e-05
8.365901e+00    -1.688002e-05
8.378115e+00    -5.916874e-06
8.390327e+00    4.057969e-06
8.402540e+00    1.304129e-05
8.414753e+00    2.100106e-05
8.426967e+00    2.794796e-05
8.439179e+00    3.386311e-05
8.451392e+00    3.874634e-05
8.463605e+00    4.259249e-05
8.475819e+00    4.540053e-05
8.488031e+00    4.717382e-05
8.500244e+00    4.791461e-05
8.512457e+00    4.762624e-05
8.524671e+00    4.631569e-05
8.536883e+00    4.400108e-05
8.549096e+00    4.068470e-05
8.561309e+00    3.638522e-05
8.573523e+00    3.111676e-05
8.585735e+00    2.489498e-05
8.597948e+00    1.775618e-05
8.610161e+00    9.682777e-06
8.622375e+00    7.334645e-07
8.634587e+00    -9.080438e-06
8.646800e+00    -1.972735e-05
8.659013e+00    -3.118459e-05
8.671227e+00    -4.341974e-05
8.683439e+00    -5.640617e-05
8.695652e+00    -7.010748e-05
8.707865e+00    -8.448839e-05
8.720078e+00    -9.951679e-05
8.732291e+00    -1.151595e-04
8.744504e+00    -1.313745e-04
8.756717e+00    -1.481241e-04
8.768930e+00    -1.653742e-04
8.781143e+00    -1.830817e-04
8.793356e+00    -2.012030e-04
8.805569e+00    -2.197018e-04
8.817782e+00    -2.385354e-04
8.829995e+00    -2.576597e-04
8.842208e+00    -2.770284e-04
8.854421e+00    -2.966043e-04
8.866634e+00    -3.163445e-04
8.878847e+00    -3.361979e-04
8.891060e+00    -3.561245e-04
8.903273e+00    -3.760884e-04
8.915486e+00    -3.960291e-04
8.927699e+00    -4.159155e-04
8.939912e+00    -4.357015e-04
8.952125e+00    -4.553440e-04
8.964338e+00    -4.747979e-04
8.976551e+00    -4.940226e-04
8.988764e+00    -5.129782e-04
9.000977e+00    -5.316105e-04
9.013190e+00    -5.499069e-04
9.025403e+00    -5.677974e-04
9.037616e+00    -5.852610e-04
9.049829e+00    -6.022519e-04
9.062042e+00    -6.187403e-04
9.074255e+00    -6.346814e-04
9.086468e+00    -6.500455e-04
9.098680e+00    -6.648061e-04
9.110894e+00    -6.789067e-04
9.123107e+00    -6.923386e-04
9.135320e+00    -7.050627e-04
9.147532e+00    -7.170510e-04
9.159746e+00    -7.282778e-04
9.171959e+00    -7.387137e-04
9.184172e+00    -7.483364e-04
9.196384e+00    -7.571231e-04
9.208598e+00    -7.650518e-04
9.220811e+00    -7.721058e-04
9.233024e+00    -7.782609e-04
9.245236e+00    -7.835007e-04
9.257450e+00    -7.878145e-04
9.269663e+00    -7.911883e-04
9.281876e+00    -7.936081e-04
9.294088e+00    -7.950674e-04
9.306302e+00    -7.955525e-04
9.318515e+00    -7.950587e-04
9.330728e+00    -7.935850e-04
9.342940e+00    -7.911273e-04
9.355154e+00    -7.876828e-04
9.367367e+00    -7.832504e-04
9.379580e+00    -7.778353e-04
9.391793e+00    -7.714385e-04
9.404006e+00    -7.640694e-04
9.416219e+00    -7.557301e-04
9.428432e+00    -7.464350e-04
9.440645e+00    -7.361884e-04
9.452858e+00    -7.250084e-04
9.465071e+00    -7.129050e-04
9.477283e+00    -6.998946e-04
9.489497e+00    -6.859895e-04
9.501710e+00    -6.712204e-04
9.513923e+00    -6.555943e-04
9.526135e+00    -6.391392e-04
9.538349e+00    -6.218723e-04
9.550562e+00    -6.038174e-04
9.562775e+00    -5.850059e-04
9.574987e+00    -5.654646e-04
9.587201e+00    -5.452076e-04
9.599414e+00    -5.242681e-04
9.611627e+00    -5.026951e-04
9.623839e+00    -4.804947e-04
9.636053e+00    -4.577079e-04
9.648266e+00    -4.343702e-04
9.660479e+00    -4.105067e-04
9.672691e+00    -3.861599e-04
9.684905e+00    -3.613584e-04
9.697118e+00    -3.361392e-04
9.709331e+00    -3.105436e-04
9.721543e+00    -2.845979e-04
9.733757e+00    -2.583463e-04
9.745970e+00    -2.318223e-04
9.758183e+00    -2.050696e-04
9.770395e+00    -1.781189e-04
9.782609e+00    -1.510129e-04
9.794822e+00    -1.237857e-04
9.807034e+00    -9.648423e-05
9.819247e+00    -6.913967e-05
9.831461e+00    -4.178833e-05
9.843674e+00    -1.447570e-05
9.855886e+00    1.276681e-05
9.868099e+00    3.989850e-05
9.880313e+00    6.688293e-05
9.892526e+00    9.368262e-05
9.904738e+00    1.202643e-04
9.916951e+00    1.465787e-04
9.929165e+00    1.726070e-04
9.941378e+00    1.983029e-04
9.953590e+00    2.236391e-04
9.965803e+00    2.485791e-04
9.978017e+00    2.730906e-04
9.990230e+00    2.971387e-04
1.000244e+01    3.206984e-04
1.001466e+01    3.437311e-04
1.002687e+01    3.662152e-04
1.003908e+01    3.881179e-04
1.005129e+01    4.094118e-04
1.006351e+01    4.300736e-04
1.007572e+01    4.500798e-04
1.008793e+01    4.693992e-04
1.010015e+01    4.880003e-04
1.011236e+01    5.059040e-04
1.012457e+01    5.230433e-04
1.013679e+01    5.394199e-04
1.014900e+01    5.550088e-04
1.016121e+01    5.697986e-04
1.017342e+01    5.837742e-04
1.018564e+01    5.969207e-04
1.019785e+01    6.092199e-04
1.021006e+01    6.206743e-04
1.022228e+01    6.312621e-04
1.023449e+01    6.409796e-04
1.024670e+01    6.498185e-04
1.025891e+01    6.577749e-04
1.027113e+01    6.648434e-04
1.028334e+01    6.710247e-04
1.029555e+01    6.763086e-04
1.030777e+01    6.807033e-04
1.031998e+01    6.842145e-04
1.033219e+01    6.868299e-04
1.034441e+01    6.885694e-04
1.035662e+01    6.894270e-04
1.036883e+01    6.894156e-04
1.038105e+01    6.885430e-04
1.039326e+01    6.868112e-04
1.040547e+01    6.842410e-04
1.041768e+01    6.808399e-04
1.042990e+01    6.766203e-04
1.044211e+01    6.715948e-04
1.045432e+01    6.657818e-04
1.046654e+01    6.591986e-04
1.047875e+01    6.518590e-04
1.049096e+01    6.437781e-04
1.050318e+01    6.349885e-04
1.051539e+01    6.254925e-04
1.052760e+01    6.153270e-04
1.053981e+01    6.045058e-04
1.055203e+01    5.930529e-04
1.056424e+01    5.809930e-04
1.057645e+01    5.683526e-04
1.058867e+01    5.551546e-04
1.060088e+01    5.414214e-04
1.061309e+01    5.271831e-04
1.062531e+01    5.124680e-04
1.063752e+01    4.972977e-04
1.064973e+01    4.817046e-04
1.066194e+01    4.657168e-04
1.067416e+01    4.493621e-04
1.068637e+01    4.326665e-04
1.069858e+01    4.156611e-04
1.071080e+01    3.983788e-04
1.072301e+01    3.808421e-04
1.073522e+01    3.630844e-04
1.074744e+01    3.451342e-04
1.075965e+01    3.270197e-04
1.077186e+01    3.087712e-04
1.078407e+01    2.904197e-04
1.079629e+01    2.719971e-04
1.080850e+01    2.535187e-04
1.082071e+01    2.350280e-04
1.083293e+01    2.165446e-04
1.084514e+01    1.980985e-04
1.085735e+01    1.797218e-04
1.086957e+01    1.614358e-04
1.088178e+01    1.432699e-04
1.089399e+01    1.252481e-04
1.090620e+01    1.073972e-04
1.091842e+01    8.974582e-05
1.093063e+01    7.231234e-05
1.094284e+01    5.512204e-05
1.095506e+01    3.820017e-05
1.096727e+01    2.156483e-05
1.097948e+01    5.244611e-06
1.099170e+01    -1.074375e-05
1.100391e+01    -2.638788e-05
1.101612e+01    -4.165488e-05
1.102833e+01    -5.653864e-05
1.104055e+01    -7.101831e-05
1.105276e+01    -8.507009e-05
1.106497e+01    -9.868861e-05
1.107719e+01    -1.118551e-04
1.108940e+01    -1.245572e-04
1.110161e+01    -1.367807e-04
1.111382e+01    -1.485143e-04
1.112604e+01    -1.597517e-04
1.113825e+01    -1.704799e-04
1.115046e+01    -1.806902e-04
1.116268e+01    -1.903771e-04
1.117489e+01    -1.995315e-04
1.118710e+01    -2.081549e-04
1.119932e+01    -2.162323e-04
1.121153e+01    -2.237716e-04
1.122374e+01    -2.307608e-04
1.123596e+01    -2.372045e-04
1.124817e+01    -2.431034e-04
1.126038e+01    -2.484554e-04
1.127259e+01    -2.532611e-04
1.128481e+01    -2.575278e-04
1.129702e+01    -2.612551e-04
1.130923e+01    -2.644507e-04
1.132145e+01    -2.671202e-04
1.133366e+01    -2.692679e-04
1.134587e+01    -2.708989e-04
1.135808e+01    -2.720291e-04
1.137030e+01    -2.726635e-04
1.138251e+01    -2.728100e-04
1.139472e+01    -2.724822e-04
1.140694e+01    -2.716912e-04
1.141915e+01    -2.704467e-04
1.143136e+01    -2.687662e-04
1.144358e+01    -2.666591e-04
1.145579e+01    -2.641440e-04
1.146800e+01    -2.612312e-04
1.148022e+01    -2.579395e-04
1.149243e+01    -2.542830e-04
1.150464e+01    -2.502785e-04
1.151685e+01    -2.459433e-04
1.152907e+01    -2.412978e-04
1.154128e+01    -2.363568e-04
1.155349e+01    -2.311357e-04
1.156571e+01    -2.256596e-04
1.157792e+01    -2.199408e-04
1.159013e+01    -2.140033e-04
1.160234e+01    -2.078660e-04
1.161456e+01    -2.015432e-04
1.162677e+01    -1.950587e-04
1.163898e+01    -1.884341e-04
1.165120e+01    -1.816823e-04
1.166341e+01    -1.748328e-04
1.167562e+01    -1.678987e-04
1.168784e+01    -1.609025e-04
1.170005e+01    -1.538568e-04
1.171226e+01    -1.467948e-04
1.172447e+01    -1.397206e-04
1.173669e+01    -1.326660e-04
1.174890e+01    -1.256446e-04
1.176111e+01    -1.186709e-04
1.177333e+01    -1.117713e-04
1.178554e+01    -1.049581e-04
1.179775e+01    -9.824414e-05
1.180997e+01    -9.166935e-05
1.182218e+01    -8.522326e-05
1.183439e+01    -7.893772e-05
1.184660e+01    -7.282278e-05
1.185882e+01    -6.689833e-05
1.187103e+01    -6.117069e-05
1.188324e+01    -5.566625e-05
1.189546e+01    -5.038978e-05
1.190767e+01    -4.535843e-05
1.191988e+01    -4.058113e-05
1.193210e+01    -3.607498e-05
1.194431e+01    -3.184707e-05
1.195652e+01    -2.790760e-05
1.196873e+01    -2.426856e-05
1.198095e+01    -2.094079e-05
1.199316e+01    -1.792744e-05
1.200537e+01    -1.524396e-05
1.201759e+01    -1.288814e-05
1.202980e+01    -1.087066e-05
1.204201e+01    -9.200658e-06
1.205423e+01    -7.876684e-06
1.206644e+01    -6.905708e-06
1.207865e+01    -6.285745e-06
1.209086e+01    -6.027978e-06
1.210308e+01    -6.118573e-06
1.211529e+01    -6.587314e-06
1.212750e+01    -7.408502e-06
1.213972e+01    -8.587591e-06
1.215193e+01    -1.012439e-05
1.216414e+01    -1.201820e-05
1.217636e+01    -1.426449e-05
1.218857e+01    -1.686104e-05
1.220078e+01    -1.979694e-05
1.221299e+01    -2.307704e-05
1.222521e+01    -2.668937e-05
1.223742e+01    -3.062903e-05
1.224963e+01    -3.488956e-05
1.226185e+01    -3.946063e-05
1.227406e+01    -4.433452e-05
1.228627e+01    -4.950475e-05
1.229849e+01    -5.496001e-05
1.231070e+01    -6.068860e-05
1.232291e+01    -6.668325e-05
1.233512e+01    -7.293072e-05
1.234734e+01    -7.941326e-05
1.235955e+01    -8.613100e-05
1.237176e+01    -9.306164e-05
1.238398e+01    -1.001948e-04
1.239619e+01    -1.075181e-04
1.240840e+01    -1.150143e-04
1.242062e+01    -1.226759e-04
1.243283e+01    -1.304792e-04
1.244504e+01    -1.384200e-04
1.245725e+01    -1.464724e-04
1.246947e+01    -1.546284e-04
1.248168e+01    -1.628680e-04
1.249389e+01    -1.711833e-04
1.250611e+01    -1.795445e-04
1.251832e+01    -1.879478e-04
1.253053e+01    -1.963711e-04
1.254275e+01    -2.048036e-04
1.255496e+01    -2.132247e-04
1.256717e+01    -2.216185e-04
1.257938e+01    -2.299718e-04
1.259160e+01    -2.382680e-04
1.260381e+01    -2.464903e-04
1.261602e+01    -2.546204e-04
1.262824e+01    -2.626460e-04
1.264045e+01    -2.705511e-04
1.265266e+01    -2.783216e-04
1.266488e+01    -2.859409e-04
1.267709e+01    -2.933949e-04
1.268930e+01    -3.006721e-04
1.270151e+01    -3.077549e-04
1.271373e+01    -3.146247e-04
1.272594e+01    -3.212787e-04
1.273815e+01    -3.276982e-04
1.275037e+01    -3.338681e-04
1.276258e+01    -3.397871e-04
1.277479e+01    -3.454337e-04
1.278701e+01    -3.507982e-04
1.279922e+01    -3.558703e-04
1.281143e+01    -3.606424e-04
1.282364e+01    -3.651021e-04
1.283586e+01    -3.692428e-04
1.284807e+01    -3.730539e-04
1.286028e+01    -3.765304e-04
1.287250e+01    -3.796584e-04
1.288471e+01    -3.824389e-04
1.289692e+01    -3.848615e-04
1.290914e+01    -3.869183e-04
1.292135e+01    -3.886175e-04
1.293356e+01    -3.899369e-04
1.294577e+01    -3.908847e-04
1.295799e+01    -3.914502e-04
1.297020e+01    -3.916374e-04
1.298241e+01    -3.914431e-04
1.299463e+01    -3.908658e-04
1.300684e+01    -3.899029e-04
1.301905e+01    -3.885571e-04
1.303127e+01    -3.868313e-04
1.304348e+01    -3.847200e-04
1.305569e+01    -3.822357e-04
1.306790e+01    -3.793715e-04
1.308012e+01    -3.761353e-04
1.309233e+01    -3.725294e-04
1.310454e+01    -3.685606e-04
1.311676e+01    -3.642337e-04
1.312897e+01    -3.595511e-04
1.314118e+01    -3.545269e-04
1.315340e+01    -3.491593e-04
1.316561e+01    -3.434590e-04
1.317782e+01    -3.374386e-04
1.319003e+01    -3.311003e-04
1.320225e+01    -3.244615e-04
1.321446e+01    -3.175127e-04
1.322667e+01    -3.102836e-04
1.323889e+01    -3.027781e-04
1.325110e+01    -2.950081e-04
1.326331e+01    -2.869801e-04
1.327553e+01    -2.787108e-04
1.328774e+01    -2.702119e-04
1.329995e+01    -2.614949e-04
1.331216e+01    -2.525683e-04
1.332438e+01    -2.434480e-04
1.333659e+01    -2.341522e-04
1.334880e+01    -2.246881e-04
1.336102e+01    -2.150712e-04
1.337323e+01    -2.053154e-04
1.338544e+01    -1.954365e-04
1.339766e+01    -1.854411e-04
1.340987e+01    -1.753471e-04
1.342208e+01    -1.651821e-04
1.343429e+01    -1.549455e-04
1.344651e+01    -1.446544e-04
1.345872e+01    -1.343233e-04
1.347093e+01    -1.239680e-04
1.348315e+01    -1.136064e-04
1.349536e+01    -1.032487e-04
1.350757e+01    -9.290624e-05
1.351978e+01    -8.259731e-05
1.353200e+01    -7.234201e-05
1.354421e+01    -6.213896e-05
1.355642e+01    -5.201986e-05
1.356864e+01    -4.198333e-05
1.358085e+01    -3.205434e-05
1.359306e+01    -2.223911e-05
1.360528e+01    -1.255796e-05
1.361749e+01    -3.005040e-06
1.362970e+01    6.388040e-06
1.364192e+01    1.561676e-05
1.365413e+01    2.466907e-05
1.366634e+01    3.353144e-05
1.367855e+01    4.219588e-05
1.369077e+01    5.065292e-05
1.370298e+01    5.888812e-05
1.371519e+01    6.689526e-05
1.372741e+01    7.465878e-05
1.373962e+01    8.217909e-05
1.375183e+01    8.944288e-05
1.376404e+01    9.644807e-05
1.377626e+01    1.031765e-04
1.378847e+01    1.096285e-04
1.380068e+01    1.157996e-04
1.381290e+01    1.216774e-04
1.382511e+01    1.272631e-04
1.383732e+01    1.325488e-04
1.384954e+01    1.375293e-04
1.386175e+01    1.422057e-04
1.387396e+01    1.465683e-04
1.388618e+01    1.506173e-04
1.389839e+01    1.543530e-04
1.391060e+01    1.577725e-04
1.392281e+01    1.608745e-04
1.393503e+01    1.636575e-04
1.394724e+01    1.661212e-04
1.395945e+01    1.682713e-04
1.397167e+01    1.701028e-04
1.398388e+01    1.716202e-04
1.399609e+01    1.728273e-04
1.400830e+01    1.737234e-04
1.402052e+01    1.743150e-04
1.403273e+01    1.746053e-04
1.404494e+01    1.745974e-04
1.405716e+01    1.742958e-04
1.406937e+01    1.737072e-04
1.408158e+01    1.728386e-04
1.409380e+01    1.716908e-04
1.410601e+01    1.702868e-04
1.411822e+01    1.686031e-04
1.413043e+01    1.666728e-04
1.414265e+01    1.644952e-04
1.415486e+01    1.620804e-04
1.416707e+01    1.594356e-04
1.417929e+01    1.565702e-04
1.419150e+01    1.535022e-04
1.420371e+01    1.502112e-04
1.421593e+01    1.467376e-04
1.422814e+01    1.430847e-04
1.424035e+01    1.392560e-04
1.425256e+01    1.352696e-04
1.426478e+01    1.311294e-04
1.427699e+01    1.268507e-04
1.428920e+01    1.224462e-04
1.430142e+01    1.179190e-04
1.431363e+01    1.132900e-04
1.432584e+01    1.085686e-04
1.433806e+01    1.037595e-04
1.435027e+01    9.888022e-05
1.436248e+01    9.394090e-05
1.437469e+01    8.895684e-05
1.438691e+01    8.393607e-05
1.439912e+01    7.888948e-05
1.441133e+01    7.383193e-05
1.442355e+01    6.876965e-05
1.443576e+01    6.371980e-05
1.444797e+01    5.869315e-05
1.446019e+01    5.369615e-05
1.447240e+01    4.874404e-05
1.448461e+01    4.385090e-05
1.449682e+01    3.901789e-05
1.450904e+01    3.426947e-05
1.452125e+01    2.960192e-05
1.453346e+01    2.503195e-05
1.454568e+01    2.057459e-05
1.455789e+01    1.623074e-05
1.457010e+01    1.200651e-05
1.458232e+01    7.927943e-06
1.459453e+01    3.987266e-06
1.460674e+01    1.997250e-07
1.461895e+01    -3.423518e-06
1.463117e+01    -6.882967e-06
1.464338e+01    -1.016356e-05
1.465559e+01    -1.326477e-05
1.466781e+01    -1.617124e-05
1.468002e+01    -1.888691e-05
1.469223e+01    -2.139532e-05
1.470445e+01    -2.370267e-05
1.471666e+01    -2.580016e-05
1.472887e+01    -2.767441e-05
1.474109e+01    -2.933111e-05
1.475330e+01    -3.076030e-05
1.476551e+01    -3.196273e-05
1.477772e+01    -3.293530e-05
1.478994e+01    -3.367641e-05
1.480215e+01    -3.418219e-05
1.481436e+01    -3.444694e-05
1.482658e+01    -3.447526e-05
1.483879e+01    -3.426752e-05
1.485100e+01    -3.381905e-05
1.486321e+01    -3.313625e-05
1.487543e+01    -3.221180e-05
1.488764e+01    -3.105516e-05
1.489985e+01    -2.965804e-05
1.491207e+01    -2.802985e-05
1.492428e+01    -2.617352e-05
1.493649e+01    -2.409152e-05
1.494871e+01    -2.178054e-05
1.496092e+01    -1.925076e-05
1.497313e+01    -1.650724e-05
1.498534e+01    -1.354965e-05
1.499756e+01    -1.038911e-05
1.500977e+01    -7.018050e-06
1.502198e+01    -3.453970e-06
1.503420e+01    2.999150e-07
1.504641e+01    4.237336e-06
1.505862e+01    8.353079e-06
1.507084e+01    1.264002e-05
1.508305e+01    1.709236e-05
1.509526e+01    2.169920e-05
1.510747e+01    2.645556e-05
1.511969e+01    3.135178e-05
1.513190e+01    3.638006e-05
1.514411e+01    4.153555e-05
1.515633e+01    4.680480e-05
1.516854e+01    5.218553e-05
1.518075e+01    5.765999e-05
1.519297e+01    6.322992e-05
1.520518e+01    6.887006e-05
1.521739e+01    7.458587e-05
1.522960e+01    8.036399e-05
1.524182e+01    8.619347e-05
1.525403e+01    9.206498e-05
1.526624e+01    9.796985e-05
1.527846e+01    1.038974e-04
1.529067e+01    1.098411e-04
1.530288e+01    1.157895e-04
1.531509e+01    1.217254e-04
1.532731e+01    1.276539e-04
1.533952e+01    1.335540e-04
1.535173e+01    1.394222e-04
1.536395e+01    1.452449e-04
1.537616e+01    1.510167e-04
1.538837e+01    1.567283e-04
1.540059e+01    1.623662e-04
1.541280e+01    1.679318e-04
1.542501e+01    1.733997e-04
1.543723e+01    1.787737e-04
1.544944e+01    1.840474e-04
1.546165e+01    1.892036e-04
1.547386e+01    1.942409e-04
1.548608e+01    1.991511e-04
1.549829e+01    2.039319e-04
1.551050e+01    2.085551e-04
1.552272e+01    2.130391e-04
1.553493e+01    2.173660e-04
1.554714e+01    2.215296e-04
1.555935e+01    2.255237e-04
1.557157e+01    2.293459e-04
1.558378e+01    2.329873e-04
1.559599e+01    2.364500e-04
1.560821e+01    2.397197e-04
1.562042e+01    2.427949e-04
1.563263e+01    2.456765e-04
1.564485e+01    2.483557e-04
1.565706e+01    2.508329e-04
1.566927e+01    2.531004e-04
1.568149e+01    2.551592e-04
1.569370e+01    2.570047e-04
1.570591e+01    2.586426e-04
1.571812e+01    2.600652e-04
1.573034e+01    2.612657e-04
1.574255e+01    2.622539e-04
1.575476e+01    2.630274e-04
1.576698e+01    2.635815e-04
1.577919e+01    2.639192e-04
1.579140e+01    2.640412e-04
1.580362e+01    2.639467e-04
1.581583e+01    2.636447e-04
1.582804e+01    2.631284e-04
1.584025e+01    2.624041e-04
1.585247e+01    2.614725e-04
1.586468e+01    2.603382e-04
1.587689e+01    2.590021e-04
1.588911e+01    2.574632e-04
1.590132e+01    2.557462e-04
1.591353e+01    2.538337e-04
1.592575e+01    2.517351e-04
1.593796e+01    2.494587e-04
1.595017e+01    2.470059e-04
1.596238e+01    2.443843e-04
1.597460e+01    2.416001e-04
1.598681e+01    2.386557e-04
1.599902e+01    2.355608e-04
1.601124e+01    2.323165e-04
1.602345e+01    2.289358e-04
1.603566e+01    2.254209e-04
1.604787e+01    2.217812e-04
1.606009e+01    2.180228e-04
1.607230e+01    2.141503e-04
1.608451e+01    2.101711e-04
1.609673e+01    2.060974e-04
1.610894e+01    2.019306e-04
1.612115e+01    1.976862e-04
1.613337e+01    1.933637e-04
1.614558e+01    1.889778e-04
1.615779e+01    1.845277e-04
1.617001e+01    1.800303e-04
1.618222e+01    1.754854e-04
1.619443e+01    1.709083e-04
1.620664e+01    1.663036e-04
1.621886e+01    1.616767e-04
1.623107e+01    1.570409e-04
1.624328e+01    1.523978e-04
1.625550e+01    1.477601e-04
1.626771e+01    1.431360e-04
1.627992e+01    1.385275e-04
1.629214e+01    1.339458e-04
1.630435e+01    1.293992e-04
1.631656e+01    1.248925e-04
1.632877e+01    1.204359e-04
1.634099e+01    1.160315e-04
1.635320e+01    1.116906e-04
1.636541e+01    1.074219e-04
1.637763e+01    1.032227e-04
1.638984e+01    9.911375e-05
1.640205e+01    9.508179e-05
1.641426e+01    9.115067e-05
1.642648e+01    8.731749e-05
1.643869e+01    8.359142e-05
1.645090e+01    7.997145e-05
1.646312e+01    7.646687e-05
1.647533e+01    7.308125e-05
1.648754e+01    6.982184e-05
1.649976e+01    6.669206e-05
1.651197e+01    6.368908e-05
1.652418e+01    6.082387e-05
1.653639e+01    5.809906e-05
1.654861e+01    5.551699e-05
1.656082e+01    5.307496e-05
1.657303e+01    5.078678e-05
1.658525e+01    4.864630e-05
1.659746e+01    4.665737e-05
1.660967e+01    4.481669e-05
1.662189e+01    4.313793e-05
1.663410e+01    4.160705e-05
1.664631e+01    4.023681e-05
1.665853e+01    3.901982e-05
1.667074e+01    3.795825e-05
1.668295e+01    3.705459e-05
1.669516e+01    3.630337e-05
1.670738e+01    3.571119e-05
1.671959e+01    3.526903e-05
1.673180e+01    3.498089e-05
1.674402e+01    3.484102e-05
1.675623e+01    3.484948e-05
1.676844e+01    3.500377e-05
1.678065e+01    3.529862e-05
1.679287e+01    3.573795e-05
1.680508e+01    3.630807e-05
1.681729e+01    3.702027e-05
1.682951e+01    3.786124e-05
1.684172e+01    3.882822e-05
1.685393e+01    3.991535e-05
1.686615e+01    4.112191e-05
1.687836e+01    4.244303e-05
1.689057e+01    4.387659e-05
1.690278e+01    4.540774e-05
1.691500e+01    4.704004e-05
1.692721e+01    4.876711e-05
1.693942e+01    5.058161e-05
1.695164e+01    5.248107e-05
1.696385e+01    5.445807e-05
1.697606e+01    5.650581e-05
1.698828e+01    5.862156e-05
1.700049e+01    6.079691e-05
1.701270e+01    6.302290e-05
1.702491e+01    6.529927e-05
1.703713e+01    6.761882e-05
1.704934e+01    6.997160e-05
1.706155e+01    7.235367e-05
1.707377e+01    7.475965e-05
1.708598e+01    7.717756e-05
1.709819e+01    7.960411e-05
1.711040e+01    8.205348e-05
1.712262e+01    8.447425e-05
1.713483e+01    8.689648e-05
1.714705e+01    8.930249e-05
1.715926e+01    9.169195e-05
1.717147e+01    9.404730e-05
1.718368e+01    9.637054e-05
1.719590e+01    9.864957e-05
1.720811e+01    1.008905e-04
1.722032e+01    1.030795e-04
1.723254e+01    1.052064e-04
1.724475e+01    1.072747e-04
1.725696e+01    1.092734e-04
1.726917e+01    1.111976e-04
1.728139e+01    1.130460e-04
1.729360e+01    1.148061e-04
1.730581e+01    1.164874e-04
1.731803e+01    1.180625e-04
1.733024e+01    1.195490e-04
1.734245e+01    1.209311e-04
1.735467e+01    1.222095e-04
1.736688e+01    1.233788e-04
1.737909e+01    1.244365e-04
1.739130e+01    1.253767e-04
1.740352e+01    1.262017e-04
1.741573e+01    1.269005e-04
1.742794e+01    1.274752e-04
1.744016e+01    1.279237e-04
1.745237e+01    1.282457e-04
1.746458e+01    1.284337e-04
1.747680e+01    1.284912e-04
1.748901e+01    1.284155e-04
1.750122e+01    1.282018e-04
1.751343e+01    1.278557e-04
1.752565e+01    1.273760e-04
1.753786e+01    1.267544e-04
1.755007e+01    1.259998e-04
1.756229e+01    1.251105e-04
1.757450e+01    1.240845e-04
1.758671e+01    1.229221e-04
1.759892e+01    1.216236e-04
1.761114e+01    1.201988e-04
1.762335e+01    1.186393e-04
1.763556e+01    1.169450e-04
1.764778e+01    1.151321e-04
1.765999e+01    1.131891e-04
1.767220e+01    1.111237e-04
1.768442e+01    1.089428e-04
1.769663e+01    1.066448e-04
1.770884e+01    1.042261e-04
1.772106e+01    1.017012e-04
1.773327e+01    9.906998e-05
1.774548e+01    9.633275e-05
1.775769e+01    9.349978e-05
1.776991e+01    9.056877e-05
1.778212e+01    8.754760e-05
1.779433e+01    8.444268e-05
1.780655e+01    8.124945e-05
1.781876e+01    7.798674e-05
1.783097e+01    7.465012e-05
1.784319e+01    7.124597e-05
1.785540e+01    6.778075e-05
1.786761e+01    6.425764e-05
1.787982e+01    6.068759e-05
1.789204e+01    5.707185e-05
1.790425e+01    5.341088e-05
1.791646e+01    4.971616e-05
1.792868e+01    4.599912e-05
1.794089e+01    4.225189e-05
1.795310e+01    3.849462e-05
1.796531e+01    3.472374e-05
1.797753e+01    3.094967e-05
1.798974e+01    2.717279e-05
1.800196e+01    2.340288e-05
1.801417e+01    1.964497e-05
1.802638e+01    1.591055e-05
1.803859e+01    1.219433e-05
1.805081e+01    8.513176e-06
1.806302e+01    4.862697e-06
1.807523e+01    1.255568e-06
1.808744e+01    -2.303626e-06
1.809966e+01    -5.810638e-06
1.811187e+01    -9.269046e-06
1.812408e+01    -1.264925e-05
1.813630e+01    -1.596767e-05
1.814851e+01    -1.921316e-05
1.816072e+01    -2.238154e-05
1.817294e+01    -2.546547e-05
1.818515e+01    -2.846331e-05
1.819736e+01    -3.136904e-05
1.820958e+01    -3.417878e-05
1.822179e+01    -3.688497e-05
1.823400e+01    -3.948627e-05
1.824621e+01    -4.198134e-05
1.825843e+01    -4.436471e-05
1.827064e+01    -4.662882e-05
1.828285e+01    -4.877808e-05
1.829507e+01    -5.081022e-05
1.830728e+01    -5.271065e-05
1.831949e+01    -5.448330e-05
1.833171e+01    -5.612517e-05
1.834392e+01    -5.764165e-05
1.835613e+01    -5.902007e-05
1.836834e+01    -6.026466e-05
1.838056e+01    -6.137078e-05
1.839277e+01    -6.234262e-05
1.840498e+01    -6.317458e-05
1.841720e+01    -6.386801e-05
1.842941e+01    -6.441679e-05
1.844162e+01    -6.482902e-05
1.845383e+01    -6.510026e-05
1.846605e+01    -6.522995e-05
1.847826e+01    -6.521889e-05
1.849047e+01    -6.507023e-05
1.850269e+01    -6.478780e-05
1.851490e+01    -6.436009e-05
1.852711e+01    -6.379909e-05
1.853933e+01    -6.310479e-05
1.855154e+01    -6.227684e-05
1.856375e+01    -6.132235e-05
1.857596e+01    -6.023934e-05
1.858818e+01    -5.902245e-05
1.860039e+01    -5.769497e-05
1.861260e+01    -5.623954e-05
1.862482e+01    -5.467178e-05
1.863703e+01    -5.298795e-05
1.864924e+01    -5.119457e-05
1.866146e+01    -4.929572e-05
1.867367e+01    -4.729279e-05
1.868588e+01    -4.519185e-05
1.869810e+01    -4.299521e-05
1.871031e+01    -4.071032e-05
1.872252e+01    -3.833952e-05
1.873473e+01    -3.588537e-05
1.874695e+01    -3.335392e-05
1.875916e+01    -3.075355e-05
1.877137e+01    -2.808438e-05
1.878359e+01    -2.535444e-05
1.879580e+01    -2.256630e-05
1.880801e+01    -1.972937e-05
1.882022e+01    -1.684634e-05
1.883244e+01    -1.391838e-05
1.884465e+01    -1.095945e-05
1.885686e+01    -7.966300e-06
1.886908e+01    -4.951842e-06
1.888129e+01    -1.917942e-06
1.889350e+01    1.133536e-06
1.890572e+01    4.191534e-06
1.891793e+01    7.250113e-06
1.893014e+01    1.030567e-05
1.894235e+01    1.335412e-05
1.895457e+01    1.638778e-05
1.896678e+01    1.940475e-05
1.897899e+01    2.239266e-05
1.899121e+01    2.535398e-05
1.900342e+01    2.827821e-05
1.901563e+01    3.115932e-05
1.902785e+01    3.399921e-05
1.904006e+01    3.678701e-05
1.905227e+01    3.951823e-05
1.906449e+01    4.219043e-05
1.907670e+01    4.479376e-05
1.908891e+01    4.733296e-05
1.910112e+01    4.979229e-05
1.911334e+01    5.217659e-05
1.912555e+01    5.447853e-05
1.913776e+01    5.669257e-05
1.914997e+01    5.881459e-05
1.916219e+01    6.084586e-05
1.917440e+01    6.277650e-05
1.918661e+01    6.460695e-05
1.919883e+01    6.633287e-05
1.921104e+01    6.794935e-05
1.922325e+01    6.945702e-05
1.923547e+01    7.085124e-05
1.924768e+01    7.213061e-05
1.925989e+01    7.329031e-05
1.927211e+01    7.433028e-05
1.928432e+01    7.525572e-05
1.929653e+01    7.604968e-05
1.930874e+01    7.672337e-05
1.932096e+01    7.726828e-05
1.933317e+01    7.768735e-05
1.934538e+01    7.797920e-05
1.935760e+01    7.814163e-05
1.936981e+01    7.817506e-05
1.938202e+01    7.807800e-05
1.939424e+01    7.785491e-05
1.940645e+01    7.750413e-05
1.941866e+01    7.702406e-05
1.943087e+01    7.641903e-05
1.944309e+01    7.568480e-05
1.945530e+01    7.482189e-05
1.946751e+01    7.383486e-05
1.947973e+01    7.272974e-05
1.949194e+01    7.149962e-05
1.950415e+01    7.015206e-05
1.951637e+01    6.868372e-05
1.952858e+01    6.710138e-05
1.954079e+01    6.540726e-05
1.955301e+01    6.360208e-05
1.956522e+01    6.169220e-05
1.957743e+01    5.967099e-05
1.958964e+01    5.755548e-05
1.960186e+01    5.533230e-05
1.961407e+01    5.301707e-05
1.962628e+01    5.061248e-05
1.963849e+01    4.811955e-05
1.965071e+01    4.554248e-05
1.966292e+01    4.288433e-05
1.967513e+01    4.014688e-05
1.968735e+01    3.733613e-05
1.969956e+01    3.445338e-05
1.971177e+01    3.151324e-05
1.972399e+01    2.850992e-05
1.973620e+01    2.545020e-05
1.974841e+01    2.233940e-05
1.976063e+01    1.918080e-05
1.977284e+01    1.597976e-05
1.978505e+01    1.273775e-05
1.979726e+01    9.469972e-06
1.980948e+01    6.167029e-06
1.982169e+01    2.838606e-06
1.983390e+01    -5.053807e-07
1.984612e+01    -3.868779e-06
1.985833e+01    -7.240160e-06
1.987054e+01    -1.061652e-05
1.988276e+01    -1.399489e-05
1.989497e+01    -1.736954e-05
1.990718e+01    -2.073999e-05
1.991939e+01    -2.409631e-05
1.993161e+01    -2.743639e-05
1.994382e+01    -3.075477e-05
1.995603e+01    -3.404859e-05
1.996825e+01    -3.731492e-05
1.998046e+01    -4.054218e-05
1.999267e+01    -4.373625e-05
2.000488e+01    -4.688915e-05
2.001710e+01    -4.999692e-05
2.002931e+01    -5.305211e-05
2.004152e+01    -5.605999e-05
2.005374e+01    -5.901075e-05
2.006595e+01    -6.190156e-05
2.007816e+01    -6.472912e-05
2.009038e+01    -6.749458e-05
2.010259e+01    -7.018785e-05
2.011480e+01    -7.280821e-05
2.012702e+01    -7.535856e-05
2.013923e+01    -7.783246e-05
2.015144e+01    -8.022622e-05
2.016365e+01    -8.253881e-05
2.017587e+01    -8.476965e-05
2.018808e+01    -8.691133e-05
2.020029e+01    -8.896840e-05
2.021251e+01    -9.094134e-05
2.022472e+01    -9.282104e-05
2.023693e+01    -9.461214e-05
2.024915e+01    -9.630945e-05
2.026136e+01    -9.791549e-05
2.027357e+01    -9.942635e-05
2.028578e+01    -1.008368e-04
2.029800e+01    -1.021675e-04
2.031021e+01    -1.033955e-04
2.032242e+01    -1.045286e-04
2.033464e+01    -1.055687e-04
2.034685e+01    -1.065133e-04
2.035906e+01    -1.073625e-04
2.037127e+01    -1.081238e-04
2.038349e+01    -1.087889e-04
2.039570e+01    -1.093644e-04
2.040791e+01    -1.098469e-04
2.042013e+01    -1.102445e-04
2.043234e+01    -1.105523e-04
2.044455e+01    -1.107704e-04
2.045677e+01    -1.109094e-04
2.046898e+01    -1.109640e-04
2.048119e+01    -1.109375e-04
2.049340e+01    -1.108313e-04
2.050562e+01    -1.106577e-04
2.051783e+01    -1.103919e-04
2.053004e+01    -1.100662e-04
2.054226e+01    -1.096670e-04
2.055447e+01    -1.092050e-04
2.056668e+01    -1.086748e-04
2.057890e+01    -1.080847e-04
2.059111e+01    -1.074312e-04
2.060332e+01    -1.067295e-04
2.061554e+01    -1.059772e-04
2.062775e+01    -1.051709e-04
2.063996e+01    -1.043157e-04
2.065217e+01    -1.034220e-04
2.066439e+01    -1.024871e-04
2.067660e+01    -1.015118e-04
2.068881e+01    -1.005107e-04
2.070103e+01    -9.947235e-05
2.071324e+01    -9.841117e-05
2.072545e+01    -9.732458e-05
2.073767e+01    -9.621872e-05
2.074988e+01    -9.509033e-05
2.076209e+01    -9.395415e-05
2.077430e+01    -9.280475e-05
2.078652e+01    -9.164930e-05
2.079873e+01    -9.049219e-05
2.081094e+01    -8.933805e-05
2.082316e+01    -8.817419e-05
2.083537e+01    -8.702115e-05
2.084758e+01    -8.587755e-05
2.085979e+01    -8.474827e-05
2.087201e+01    -8.362903e-05
2.088422e+01    -8.252986e-05
2.089643e+01    -8.144623e-05
2.090865e+01    -8.039398e-05
2.092086e+01    -7.936344e-05
2.093307e+01    -7.836097e-05
2.094529e+01    -7.738540e-05
2.095750e+01    -7.644731e-05
2.096971e+01    -7.554030e-05
2.098192e+01    -7.466814e-05
2.099414e+01    -7.384254e-05
2.100635e+01    -7.305425e-05
2.101856e+01    -7.230700e-05
2.103078e+01    -7.160400e-05
2.104299e+01    -7.095115e-05
2.105520e+01    -7.034131e-05
2.106742e+01    -6.978076e-05
2.107963e+01    -6.926837e-05
2.109184e+01    -6.880251e-05
2.110406e+01    -6.839416e-05
2.111627e+01    -6.804206e-05
2.112848e+01    -6.773508e-05
2.114069e+01    -6.748100e-05
2.115291e+01    -6.728193e-05
2.116512e+01    -6.713232e-05
2.117733e+01    -6.704428e-05
2.118955e+01    -6.700232e-05
2.120176e+01    -6.701778e-05
2.121397e+01    -6.708302e-05
2.122618e+01    -6.720034e-05
2.123840e+01    -6.736736e-05
2.125061e+01    -6.758900e-05
2.126282e+01    -6.785400e-05
2.127504e+01    -6.817245e-05
2.128725e+01    -6.853385e-05
2.129946e+01    -6.894591e-05
2.131168e+01    -6.939852e-05
2.132389e+01    -6.989529e-05
2.133610e+01    -7.043147e-05
2.134831e+01    -7.100795e-05
2.136053e+01    -7.162181e-05
2.137274e+01    -7.227284e-05
2.138495e+01    -7.295248e-05
2.139717e+01    -7.366691e-05
2.140938e+01    -7.440566e-05
2.142159e+01    -7.517333e-05
2.143381e+01    -7.596640e-05
2.144602e+01    -7.677972e-05
2.145823e+01    -7.761052e-05
2.147044e+01    -7.845438e-05
2.148266e+01    -7.931491e-05
2.149487e+01    -8.018473e-05
2.150708e+01    -8.105909e-05
2.151930e+01    -8.194557e-05
2.153151e+01    -8.283016e-05
2.154372e+01    -8.370925e-05
2.155593e+01    -8.458604e-05
2.156815e+01    -8.545555e-05
2.158036e+01    -8.631607e-05
2.159258e+01    -8.716242e-05
2.160479e+01    -8.799061e-05
2.161700e+01    -8.879803e-05
2.162921e+01    -8.958702e-05
2.164143e+01    -9.034638e-05
2.165364e+01    -9.108031e-05
2.166585e+01    -9.178104e-05
2.167807e+01    -9.244150e-05
2.169028e+01    -9.307055e-05
2.170249e+01    -9.366161e-05
2.171470e+01    -9.420110e-05
2.172692e+01    -9.469931e-05
2.173913e+01    -9.515035e-05
2.175134e+01    -9.554630e-05
2.176356e+01    -9.588937e-05
2.177577e+01    -9.617843e-05
2.178798e+01    -9.640544e-05
2.180020e+01    -9.657213e-05
2.181241e+01    -9.668343e-05
2.182462e+01    -9.671568e-05
2.183683e+01    -9.668640e-05
2.184905e+01    -9.658781e-05
2.186126e+01    -9.641556e-05
2.187347e+01    -9.617658e-05
2.188569e+01    -9.585764e-05
2.189790e+01    -9.546081e-05
2.191011e+01    -9.499140e-05
2.192233e+01    -9.444282e-05
2.193454e+01    -9.381268e-05
2.194675e+01    -9.310155e-05
2.195897e+01    -9.230606e-05
2.197118e+01    -9.143160e-05
2.198339e+01    -9.047525e-05
2.199560e+01    -8.943537e-05
2.200782e+01    -8.830918e-05
2.202003e+01    -8.709959e-05
2.203224e+01    -8.581162e-05
2.204445e+01    -8.443028e-05
2.205667e+01    -8.297140e-05
2.206888e+01    -8.142573e-05
2.208109e+01    -7.980160e-05
2.209331e+01    -7.809896e-05
2.210552e+01    -7.630434e-05
2.211773e+01    -7.443863e-05
2.212995e+01    -7.248548e-05
2.214216e+01    -7.046143e-05
2.215437e+01    -6.835564e-05
2.216659e+01    -6.617936e-05
2.217880e+01    -6.392763e-05
2.219101e+01    -6.160320e-05
2.220322e+01    -5.921441e-05
2.221544e+01    -5.674894e-05
2.222765e+01    -5.422341e-05
2.223986e+01    -5.163179e-05
2.225208e+01    -4.897939e-05
2.226429e+01    -4.626860e-05
2.227650e+01    -4.350188e-05
2.228872e+01    -4.068173e-05
2.230093e+01    -3.781292e-05
2.231314e+01    -3.488923e-05
2.232535e+01    -3.192551e-05
2.233757e+01    -2.891886e-05
2.234978e+01    -2.587175e-05
2.236199e+01    -2.278814e-05
2.237421e+01    -1.966633e-05
2.238642e+01    -1.652898e-05
2.239863e+01    -1.335306e-05
2.241084e+01    -1.016236e-05
2.242306e+01    -6.947826e-06
2.243527e+01    -3.720532e-06
2.244748e+01    -4.768372e-07
2.245970e+01    2.772373e-06
2.247191e+01    6.029266e-06
2.248412e+01    9.286799e-06
2.249634e+01    1.254116e-05
2.250855e+01    1.579072e-05
2.252076e+01    1.903242e-05
2.253297e+01    2.226137e-05
2.254519e+01    2.547211e-05
2.255740e+01    2.866576e-05
2.256961e+01    3.183438e-05
2.258183e+01    3.497358e-05
2.259404e+01    3.808326e-05
2.260625e+01    4.116242e-05
2.261847e+01    4.420493e-05
2.263068e+01    4.720071e-05
2.264289e+01    5.015946e-05
2.265511e+01    5.306717e-05
2.266732e+01    5.592397e-05
2.267953e+01    5.872632e-05
2.269174e+01    6.147302e-05
2.270396e+01    6.416373e-05
2.271617e+01    6.678476e-05
2.272838e+01    6.934447e-05
2.274060e+01    7.183573e-05
2.275281e+01    7.425711e-05
2.276502e+01    7.660376e-05
2.277724e+01    7.887610e-05
2.278945e+01    8.106962e-05
2.280166e+01    8.318308e-05
2.281387e+01    8.521529e-05
2.282609e+01    8.715931e-05
2.283830e+01    8.902096e-05
2.285051e+01    9.079330e-05
2.286273e+01    9.247594e-05
2.287494e+01    9.406742e-05
2.288715e+01    9.556755e-05
2.289936e+01    9.697798e-05
2.291158e+01    9.828771e-05
2.292379e+01    9.950413e-05
2.293600e+01    1.006249e-04
2.294822e+01    1.016458e-04
2.296043e+01    1.025736e-04
2.297264e+01    1.034001e-04
2.298486e+01    1.041297e-04
2.299707e+01    1.047589e-04
2.300928e+01    1.052927e-04
2.302150e+01    1.057238e-04
2.303371e+01    1.060598e-04
2.304592e+01    1.062974e-04
2.305813e+01    1.064367e-04
2.307035e+01    1.064825e-04
2.308256e+01    1.064287e-04
2.309477e+01    1.062825e-04
2.310699e+01    1.060386e-04
2.311920e+01    1.057054e-04
2.313141e+01    1.052780e-04
2.314363e+01    1.047629e-04
2.315584e+01    1.041589e-04
2.316805e+01    1.034689e-04
2.318026e+01    1.026903e-04
2.319248e+01    1.018290e-04
2.320469e+01    1.008901e-04
2.321690e+01    9.986776e-05
2.322912e+01    9.876717e-05
2.324133e+01    9.759507e-05
2.325354e+01    9.634570e-05
2.326575e+01    9.502997e-05
2.327797e+01    9.364382e-05
2.329018e+01    9.219834e-05
2.330239e+01    9.067782e-05
2.331461e+01    8.910408e-05
2.332682e+01    8.747261e-05
2.333903e+01    8.578840e-05
2.335125e+01    8.404913e-05
2.336346e+01    8.226145e-05
2.337567e+01    8.042902e-05
2.338788e+01    7.855301e-05
2.340010e+01    7.663510e-05
2.341231e+01    7.468226e-05
2.342452e+01    7.269764e-05
2.343674e+01    7.067638e-05
2.344895e+01    6.863216e-05
2.346116e+01    6.656168e-05
2.347338e+01    6.446854e-05
2.348559e+01    6.235865e-05
2.349780e+01    6.023253e-05
2.351002e+01    5.808819e-05
2.352223e+01    5.594475e-05
2.353444e+01    5.379171e-05
2.354665e+01    5.163328e-05
2.355887e+01    4.947715e-05
2.357108e+01    4.731838e-05
2.358329e+01    4.516807e-05
2.359550e+01    4.302477e-05
2.360772e+01    4.089493e-05
2.361993e+01    3.877541e-05
2.363214e+01    3.667799e-05
2.364436e+01    3.459319e-05
2.365657e+01    3.253130e-05
2.366878e+01    3.049508e-05
2.368100e+01    2.848383e-05
2.369321e+01    2.650253e-05
2.370542e+01    2.455292e-05
2.371764e+01    2.263705e-05
2.372985e+01    2.074707e-05
2.374206e+01    1.890774e-05
2.375427e+01    1.710380e-05
2.376649e+01    1.533641e-05
2.377870e+01    1.361271e-05
2.379091e+01    1.193426e-05
2.380313e+01    1.030567e-05
2.381534e+01    8.713949e-06
2.382755e+01    7.180992e-06
2.383977e+01    5.696202e-06
2.385198e+01    4.262372e-06
2.386419e+01    2.876215e-06
2.387640e+01    1.546432e-06
2.388862e+01    2.653687e-07
2.390083e+01    -9.588548e-07
2.391304e+01    -2.127228e-06
2.392526e+01    -3.242283e-06
2.393747e+01    -4.298548e-06
2.394968e+01    -5.302834e-06
2.396189e+01    -6.249466e-06
2.397411e+01    -7.137860e-06
2.398632e+01    -7.967290e-06
2.399854e+01    -8.751726e-06
2.401075e+01    -9.476906e-06
2.402296e+01    -1.014341e-05
2.403517e+01    -1.075811e-05
2.404739e+01    -1.131400e-05
2.405960e+01    -1.181880e-05
2.407181e+01    -1.226913e-05
2.408403e+01    -1.267125e-05
2.409624e+01    -1.301841e-05
2.410845e+01    -1.331948e-05
2.412066e+01    -1.356812e-05
2.413288e+01    -1.377150e-05
2.414509e+01    -1.392681e-05
2.415730e+01    -1.403598e-05
2.416952e+01    -1.409856e-05
2.418173e+01    -1.412454e-05
2.419394e+01    -1.410506e-05
2.420616e+01    -1.404862e-05
2.421837e+01    -1.395059e-05
2.423058e+01    -1.381742e-05
2.424279e+01    -1.364910e-05
2.425501e+01    -1.345115e-05
2.426722e+01    -1.321956e-05
2.427943e+01    -1.296027e-05
2.429165e+01    -1.267363e-05
2.430386e+01    -1.235634e-05
2.431607e+01    -1.201776e-05
2.432829e+01    -1.166138e-05
2.434050e+01    -1.127848e-05
2.435271e+01    -1.088189e-05
2.436492e+01    -1.046809e-05
2.437714e+01    -1.004811e-05
2.438935e+01    -9.602096e-06
2.440156e+01    -9.152500e-06
2.441378e+01    -8.692616e-06
2.442599e+01    -8.229414e-06
2.443820e+01    -7.757917e-06
2.445041e+01    -7.287163e-06
2.446263e+01    -6.815535e-06
2.447484e+01    -6.340226e-06
2.448705e+01    -5.874856e-06
2.449927e+01    -5.408787e-06
2.451148e+01    -4.953588e-06
2.452369e+01    -4.499205e-06
2.453591e+01    -4.059519e-06
2.454812e+01    -3.630004e-06
2.456033e+01    -3.213310e-06
2.457255e+01    -2.810761e-06
2.458476e+01    -2.424138e-06
2.459697e+01    -2.053050e-06
2.460918e+01    -1.700515e-06
2.462140e+01    -1.366614e-06
2.463361e+01    -1.055378e-06
2.464582e+01    -7.665803e-07
2.465804e+01    -4.970134e-07
2.467025e+01    -2.544111e-07
2.468246e+01    -3.584864e-08
2.469468e+01    1.598892e-07
2.470689e+01    3.307432e-07
2.471910e+01    4.692629e-07
2.473131e+01    5.835245e-07
2.474353e+01    6.696064e-07
2.475574e+01    7.302879e-07
2.476795e+01    7.602430e-07
2.478017e+01    7.616763e-07
2.479238e+01    7.337439e-07
2.480459e+01    6.783448e-07
2.481680e+01    5.912443e-07
2.482902e+01    4.817994e-07
2.484123e+01    3.374371e-07
2.485344e+01    1.677763e-07
2.486566e+01    -3.065361e-08
2.487787e+01    -2.585948e-07
2.489008e+01    -5.099791e-07
2.490230e+01    -7.921990e-07
2.491451e+01    -1.095657e-06
2.492672e+01    -1.427099e-06
2.493893e+01    -1.780052e-06
2.495115e+01    -2.159817e-06
2.496336e+01    -2.560257e-06
2.497557e+01    -2.984922e-06
2.498779e+01    -3.419962e-06
2.500000e+01    -3.889782e-06
