0.000000e+00    -2.590020e-01
1.221299e-02    -2.590967e-01
2.442599e-02    -2.593803e-01
3.663898e-02    -2.598535e-01
4.885198e-02    -2.605162e-01
6.106497e-02    -2.613690e-01
7.327797e-02    -2.624123e-01
8.549096e-02    -2.636467e-01
9.770396e-02    -2.650728e-01
1.099169e-01    -2.666914e-01
1.221299e-01    -2.685034e-01
1.343429e-01    -2.705095e-01
1.465559e-01    -2.727108e-01
1.587689e-01    -2.751080e-01
1.709819e-01    -2.777023e-01
1.831949e-01    -2.804946e-01
1.954079e-01    -2.834858e-01
2.076209e-01    -2.866769e-01
2.198339e-01    -2.900687e-01
2.320469e-01    -2.936621e-01
2.442599e-01    -2.974578e-01
2.564729e-01    -3.014564e-01
2.686859e-01    -3.056585e-01
2.808989e-01    -3.100645e-01
2.931119e-01    -3.146746e-01
3.053249e-01    -3.194889e-01
3.175378e-01    -3.245074e-01
3.297509e-01    -3.297299e-01
3.419639e-01    -3.351556e-01
3.541768e-01    -3.407841e-01
3.663898e-01    -3.466143e-01
3.786028e-01    -3.526452e-01
3.908158e-01    -3.588751e-01
4.030288e-01    -3.653025e-01
4.152418e-01    -3.719254e-01
4.274548e-01    -3.787416e-01
4.396678e-01    -3.857483e-01
4.518808e-01    -3.929431e-01
4.640938e-01    -4.003225e-01
4.763068e-01    -4.078832e-01
4.885198e-01    -4.156215e-01
5.007328e-01    -4.235333e-01
5.129458e-01    -4.316143e-01
5.251588e-01    -4.398600e-01
5.373718e-01    -4.482654e-01
5.495847e-01    -4.568253e-01
5.617977e-01    -4.655342e-01
5.740107e-01    -4.743863e-01
5.862237e-01    -4.833757e-01
5.984367e-01    -4.924960e-01
6.106497e-01    -5.017408e-01
6.228627e-01    -5.111031e-01
6.350757e-01    -5.205761e-01
6.472887e-01    -5.301526e-01
6.595017e-01    -5.398251e-01
6.717147e-01    -5.495861e-01
6.839277e-01    -5.594277e-01
6.961407e-01    -5.693420e-01
7.083537e-01    -5.793211e-01
7.205667e-01    -5.893567e-01
7.327797e-01    -5.994404e-01
7.449927e-01    -6.095639e-01
7.572057e-01    -6.197187e-01
7.694187e-01    -6.298961e-01
7.816316e-01    -6.400878e-01
7.938446e-01    -6.502849e-01
8.060576e-01    -6.604788e-01
8.182706e-01    -6.706612e-01
8.304836e-01    -6.808227e-01
8.426966e-01    -6.909553e-01
8.549096e-01    -7.010502e-01
8.671226e-01    -7.110990e-01
8.793356e-01    -7.210932e-01
8.915486e-01    -7.310243e-01
9.037616e-01    -7.408842e-01
9.159746e-01    -7.506648e-01
9.281876e-01    -7.603579e-01
9.404006e-01    -7.699553e-01
9.526136e-01    -7.794499e-01
9.648266e-01    -7.888336e-01
9.770396e-01    -7.980990e-01
9.892526e-01    -8.072389e-01
1.001466e+00    -8.162463e-01
1.013679e+00    -8.251139e-01
1.025892e+00    -8.338352e-01
1.038105e+00    -8.424039e-01
1.050318e+00    -8.508133e-01
1.062531e+00    -8.590574e-01
1.074744e+00    -8.671302e-01
1.086957e+00    -8.750263e-01
1.099169e+00    -8.827399e-01
1.111382e+00    -8.902659e-01
1.123595e+00    -8.975993e-01
1.135808e+00    -9.047353e-01
1.148021e+00    -9.116696e-01
1.160234e+00    -9.183973e-01
1.172447e+00    -9.249148e-01
1.184660e+00    -9.312180e-01
1.196873e+00    -9.373035e-01
1.209086e+00    -9.431676e-01
1.221299e+00    -9.488074e-01
1.233512e+00    -9.542198e-01
1.245725e+00    -9.594023e-01
1.257938e+00    -9.643521e-01
1.270151e+00    -9.690672e-01
1.282364e+00    -9.735456e-01
1.294577e+00    -9.777851e-01
1.306790e+00    -9.817845e-01
1.319003e+00    -9.855424e-01
1.331216e+00    -9.890575e-01
1.343429e+00    -9.923288e-01
1.355642e+00    -9.953555e-01
1.367855e+00    -9.981372e-01
1.380068e+00    -1.000673e+00
1.392281e+00    -1.002964e+00
1.404494e+00    -1.005009e+00
1.416707e+00    -1.006808e+00
1.428920e+00    -1.008362e+00
1.441133e+00    -1.009672e+00
1.453346e+00    -1.010738e+00
1.465559e+00    -1.011561e+00
1.477772e+00    -1.012141e+00
1.489985e+00    -1.012482e+00
1.502198e+00    -1.012583e+00
1.514411e+00    -1.012446e+00
1.526624e+00    -1.012072e+00
1.538837e+00    -1.011465e+00
1.551050e+00    -1.010624e+00
1.563263e+00    -1.009554e+00
1.575476e+00    -1.008255e+00
1.587689e+00    -1.006731e+00
1.599902e+00    -1.004983e+00
1.612115e+00    -1.003014e+00
1.624328e+00    -1.000827e+00
1.636541e+00    -9.984250e-01
1.648754e+00    -9.958102e-01
1.660967e+00    -9.929861e-01
1.673180e+00    -9.899558e-01
1.685393e+00    -9.867223e-01
1.697606e+00    -9.832890e-01
1.709819e+00    -9.796592e-01
1.722032e+00    -9.758366e-01
1.734245e+00    -9.718246e-01
1.746458e+00    -9.676268e-01
1.758671e+00    -9.632471e-01
1.770884e+00    -9.586891e-01
1.783097e+00    -9.539567e-01
1.795310e+00    -9.490539e-01
1.807523e+00    -9.439844e-01
1.819736e+00    -9.387527e-01
1.831949e+00    -9.333624e-01
1.844162e+00    -9.278181e-01
1.856375e+00    -9.221236e-01
1.868588e+00    -9.162833e-01
1.880801e+00    -9.103015e-01
1.893014e+00    -9.041824e-01
1.905227e+00    -8.979307e-01
1.917440e+00    -8.915502e-01
1.929653e+00    -8.850456e-01
1.941866e+00    -8.784214e-01
1.954079e+00    -8.716819e-01
1.966292e+00    -8.648316e-01
1.978505e+00    -8.578750e-01
1.990718e+00    -8.508166e-01
2.002931e+00    -8.436610e-01
2.015144e+00    -8.364122e-01
2.027357e+00    -8.290752e-01
2.039570e+00    -8.216543e-01
2.051783e+00    -8.141540e-01
2.063996e+00    -8.065789e-01
2.076209e+00    -7.989332e-01
2.088422e+00    -7.912215e-01
2.100635e+00    -7.834482e-01
2.112848e+00    -7.756178e-01
2.125061e+00    -7.677345e-01
2.137274e+00    -7.598028e-01
2.149487e+00    -7.518268e-01
2.161700e+00    -7.438110e-01
2.173913e+00    -7.357597e-01
2.186126e+00    -7.276769e-01
2.198339e+00    -7.195668e-01
2.210552e+00    -7.114336e-01
2.222765e+00    -7.032812e-01
2.234978e+00    -6.951139e-01
2.247191e+00    -6.869354e-01
2.259404e+00    -6.787497e-01
2.271617e+00    -6.705605e-01
2.283830e+00    -6.623720e-01
2.296043e+00    -6.541875e-01
2.308256e+00    -6.460108e-01
2.320469e+00    -6.378455e-01
2.332682e+00    -6.296950e-01
2.344895e+00    -6.215630e-01
2.357108e+00    -6.134526e-01
2.369321e+00    -6.053672e-01
2.381534e+00    -5.973101e-01
2.393747e+00    -5.892844e-01
2.405960e+00    -5.812930e-01
2.418173e+00    -5.733391e-01
2.430386e+00    -5.654255e-01
2.442599e+00    -5.575550e-01
2.454812e+00    -5.497302e-01
2.467025e+00    -5.419542e-01
2.479238e+00    -5.342290e-01
2.491451e+00    -5.265573e-01
2.503664e+00    -5.189415e-01
2.515877e+00    -5.113838e-01
2.528090e+00    -5.038865e-01
2.540303e+00    -4.964517e-01
2.552516e+00    -4.890813e-01
2.564729e+00    -4.817774e-01
2.576942e+00    -4.745417e-01
2.589155e+00    -4.673759e-01
2.601368e+00    -4.602818e-01
2.613581e+00    -4.532607e-01
2.625794e+00    -4.463144e-01
2.638007e+00    -4.394442e-01
2.650220e+00    -4.326513e-01
2.662433e+00    -4.259369e-01
2.674646e+00    -4.193022e-01
2.686859e+00    -4.127482e-01
2.699072e+00    -4.062758e-01
2.711285e+00    -3.998859e-01
2.723498e+00    -3.935792e-01
2.735711e+00    -3.873565e-01
2.747924e+00    -3.812184e-01
2.760137e+00    -3.751653e-01
2.772350e+00    -3.691977e-01
2.784563e+00    -3.633160e-01
2.796776e+00    -3.575205e-01
2.808989e+00    -3.518114e-01
2.821202e+00    -3.461888e-01
2.833415e+00    -3.406527e-01
2.845628e+00    -3.352033e-01
2.857841e+00    -3.298403e-01
2.870054e+00    -3.245636e-01
2.882267e+00    -3.193732e-01
2.894480e+00    -3.142685e-01
2.906693e+00    -3.092495e-01
2.918906e+00    -3.043154e-01
2.931119e+00    -2.994661e-01
2.943332e+00    -2.947010e-01
2.955545e+00    -2.900195e-01
2.967758e+00    -2.854209e-01
2.979971e+00    -2.809046e-01
2.992184e+00    -2.764698e-01
3.004397e+00    -2.721159e-01
3.016610e+00    -2.678419e-01
3.028823e+00    -2.636472e-01
3.041036e+00    -2.595306e-01
3.053249e+00    -2.554913e-01
3.065462e+00    -2.515283e-01
3.077675e+00    -2.476406e-01
3.089888e+00    -2.438273e-01
3.102101e+00    -2.400871e-01
3.114314e+00    -2.364190e-01
3.126527e+00    -2.328219e-01
3.138740e+00    -2.292947e-01
3.150953e+00    -2.258361e-01
3.163166e+00    -2.224450e-01
3.175379e+00    -2.191201e-01
3.187592e+00    -2.158603e-01
3.199805e+00    -2.126642e-01
3.212018e+00    -2.095307e-01
3.224231e+00    -2.064584e-01
3.236444e+00    -2.034461e-01
3.248657e+00    -2.004926e-01
3.260870e+00    -1.975963e-01
3.273082e+00    -1.947563e-01
3.285295e+00    -1.919711e-01
3.297508e+00    -1.892394e-01
3.309721e+00    -1.865600e-01
3.321934e+00    -1.839315e-01
3.334147e+00    -1.813526e-01
3.346360e+00    -1.788222e-01
3.358573e+00    -1.763388e-01
3.370786e+00    -1.739012e-01
3.382999e+00    -1.715083e-01
3.395212e+00    -1.691587e-01
3.407425e+00    -1.668512e-01
3.419638e+00    -1.645845e-01
3.431851e+00    -1.623576e-01
3.444064e+00    -1.601692e-01
3.456277e+00    -1.580181e-01
3.468490e+00    -1.559031e-01
3.480703e+00    -1.538232e-01
3.492916e+00    -1.517771e-01
3.505129e+00    -1.497640e-01
3.517342e+00    -1.477825e-01
3.529555e+00    -1.458318e-01
3.541768e+00    -1.439108e-01
3.553981e+00    -1.420184e-01
3.566194e+00    -1.401538e-01
3.578407e+00    -1.383158e-01
3.590620e+00    -1.365037e-01
3.602833e+00    -1.347166e-01
3.615046e+00    -1.329534e-01
3.627259e+00    -1.312135e-01
3.639472e+00    -1.294959e-01
3.651685e+00    -1.277999e-01
3.663898e+00    -1.261247e-01
3.676111e+00    -1.244696e-01
3.688324e+00    -1.228339e-01
3.700537e+00    -1.212168e-01
3.712750e+00    -1.196178e-01
3.724963e+00    -1.180361e-01
3.737176e+00    -1.164713e-01
3.749389e+00    -1.149227e-01
3.761602e+00    -1.133898e-01
3.773815e+00    -1.118721e-01
3.786028e+00    -1.103690e-01
3.798241e+00    -1.088802e-01
3.810454e+00    -1.074052e-01
3.822667e+00    -1.059436e-01
3.834880e+00    -1.044950e-01
3.847093e+00    -1.030590e-01
3.859306e+00    -1.016354e-01
3.871519e+00    -1.002237e-01
3.883732e+00    -9.882389e-02
3.895945e+00    -9.743553e-02
3.908158e+00    -9.605843e-02
3.920371e+00    -9.469236e-02
3.932584e+00    -9.333717e-02
3.944797e+00    -9.199270e-02
3.957010e+00    -9.065880e-02
3.969223e+00    -8.933532e-02
3.981436e+00    -8.802220e-02
3.993649e+00    -8.671935e-02
4.005862e+00    -8.542670e-02
4.018075e+00    -8.414420e-02
4.030288e+00    -8.287180e-02
4.042501e+00    -8.160956e-02
4.054714e+00    -8.035740e-02
4.066927e+00    -7.911543e-02
4.079140e+00    -7.788358e-02
4.091353e+00    -7.666201e-02
4.103566e+00    -7.545067e-02
4.115779e+00    -7.424976e-02
4.127992e+00    -7.305921e-02
4.140205e+00    -7.187927e-02
4.152418e+00    -7.070991e-02
4.164631e+00    -6.955134e-02
4.176844e+00    -6.840362e-02
4.189057e+00    -6.726690e-02
4.201270e+00    -6.614136e-02
4.213483e+00    -6.502705e-02
4.225696e+00    -6.392422e-02
4.237909e+00    -6.283291e-02
4.250122e+00    -6.175340e-02
4.262335e+00    -6.068569e-02
4.274548e+00    -5.963010e-02
4.286761e+00    -5.858666e-02
4.298974e+00    -5.755565e-02
4.311187e+00    -5.653710e-02
4.323400e+00    -5.553129e-02
4.335613e+00    -5.453829e-02
4.347826e+00    -5.355835e-02
4.360039e+00    -5.259152e-02
4.372252e+00    -5.163804e-02
4.384465e+00    -5.069799e-02
4.396678e+00    -4.977158e-02
4.408891e+00    -4.885889e-02
4.421104e+00    -4.796011e-02
4.433317e+00    -4.707531e-02
4.445530e+00    -4.620467e-02
4.457743e+00    -4.534825e-02
4.469956e+00    -4.450622e-02
4.482169e+00    -4.367862e-02
4.494382e+00    -4.286560e-02
4.506595e+00    -4.206718e-02
4.518808e+00    -4.128351e-02
4.531021e+00    -4.051459e-02
4.543234e+00    -3.976054e-02
4.555447e+00    -3.902135e-02
4.567660e+00    -3.829711e-02
4.579873e+00    -3.758781e-02
4.592086e+00    -3.689350e-02
4.604299e+00    -3.621417e-02
4.616512e+00    -3.554983e-02
4.628725e+00    -3.490044e-02
4.640938e+00    -3.426602e-02
4.653151e+00    -3.364650e-02
4.665364e+00    -3.304187e-02
4.677577e+00    -3.245203e-02
4.689790e+00    -3.187697e-02
4.702003e+00    -3.131656e-02
4.714216e+00    -3.077076e-02
4.726429e+00    -3.023942e-02
4.738642e+00    -2.972248e-02
4.750855e+00    -2.921977e-02
4.763068e+00    -2.873122e-02
4.775281e+00    -2.825664e-02
4.787494e+00    -2.779591e-02
4.799707e+00    -2.734884e-02
4.811920e+00    -2.691530e-02
4.824133e+00    -2.649507e-02
4.836346e+00    -2.608799e-02
4.848559e+00    -2.569384e-02
4.860772e+00    -2.531243e-02
4.872985e+00    -2.494354e-02
4.885198e+00    -2.458695e-02
4.897411e+00    -2.424240e-02
4.909624e+00    -2.390968e-02
4.921837e+00    -2.358854e-02
4.934050e+00    -2.327873e-02
4.946263e+00    -2.297997e-02
4.958476e+00    -2.269201e-02
4.970689e+00    -2.241456e-02
4.982902e+00    -2.214737e-02
4.995115e+00    -2.189012e-02
5.007328e+00    -2.164256e-02
5.019541e+00    -2.140437e-02
5.031754e+00    -2.117527e-02
5.043967e+00    -2.095494e-02
5.056180e+00    -2.074311e-02
5.068393e+00    -2.053943e-02
5.080606e+00    -2.034363e-02
5.092819e+00    -2.015538e-02
5.105031e+00    -1.997437e-02
5.117245e+00    -1.980029e-02
5.129457e+00    -1.963283e-02
5.141671e+00    -1.947166e-02
5.153883e+00    -1.931650e-02
5.166097e+00    -1.916699e-02
5.178309e+00    -1.902286e-02
5.190523e+00    -1.888377e-02
5.202735e+00    -1.874943e-02
5.214949e+00    -1.861953e-02
5.227162e+00    -1.849375e-02
5.239375e+00    -1.837181e-02
5.251588e+00    -1.825339e-02
5.263801e+00    -1.813822e-02
5.276014e+00    -1.802598e-02
5.288227e+00    -1.791642e-02
5.300440e+00    -1.780923e-02
5.312653e+00    -1.770413e-02
5.324866e+00    -1.760087e-02
5.337079e+00    -1.749918e-02
5.349292e+00    -1.739879e-02
5.361505e+00    -1.729945e-02
5.373718e+00    -1.720092e-02
5.385931e+00    -1.710295e-02
5.398144e+00    -1.700531e-02
5.410357e+00    -1.690778e-02
5.422570e+00    -1.681013e-02
5.434783e+00    -1.671216e-02
5.446996e+00    -1.661366e-02
5.459208e+00    -1.651444e-02
5.471422e+00    -1.641431e-02
5.483634e+00    -1.631309e-02
5.495848e+00    -1.621061e-02
5.508060e+00    -1.610671e-02
5.520274e+00    -1.600123e-02
5.532486e+00    -1.589404e-02
5.544700e+00    -1.578499e-02
5.556912e+00    -1.567397e-02
5.569126e+00    -1.556084e-02
5.581338e+00    -1.544551e-02
5.593552e+00    -1.532788e-02
5.605764e+00    -1.520786e-02
5.617978e+00    -1.508536e-02
5.630190e+00    -1.496031e-02
5.642404e+00    -1.483264e-02
5.654616e+00    -1.470232e-02
5.666830e+00    -1.456928e-02
5.679042e+00    -1.443350e-02
5.691256e+00    -1.429494e-02
5.703468e+00    -1.415359e-02
5.715682e+00    -1.400943e-02
5.727894e+00    -1.386247e-02
5.740108e+00    -1.371270e-02
5.752320e+00    -1.356016e-02
5.764534e+00    -1.340484e-02
5.776746e+00    -1.324679e-02
5.788960e+00    -1.308604e-02
5.801172e+00    -1.292265e-02
5.813385e+00    -1.275664e-02
5.825598e+00    -1.258811e-02
5.837811e+00    -1.241709e-02
5.850024e+00    -1.224368e-02
5.862237e+00    -1.206794e-02
5.874450e+00    -1.188997e-02
5.886663e+00    -1.170984e-02
5.898876e+00    -1.152767e-02
5.911089e+00    -1.134354e-02
5.923302e+00    -1.115759e-02
5.935515e+00    -1.096989e-02
5.947728e+00    -1.078059e-02
5.959941e+00    -1.058979e-02
5.972154e+00    -1.039762e-02
5.984367e+00    -1.020422e-02
5.996580e+00    -1.000971e-02
6.008793e+00    -9.814217e-03
6.021006e+00    -9.617900e-03
6.033219e+00    -9.420885e-03
6.045432e+00    -9.223316e-03
6.057645e+00    -9.025341e-03
6.069858e+00    -8.827109e-03
6.082071e+00    -8.628757e-03
6.094284e+00    -8.430447e-03
6.106497e+00    -8.232317e-03
6.118710e+00    -8.034527e-03
6.130923e+00    -7.837221e-03
6.143136e+00    -7.640551e-03
6.155349e+00    -7.444662e-03
6.167562e+00    -7.249719e-03
6.179775e+00    -7.055849e-03
6.191988e+00    -6.863219e-03
6.204201e+00    -6.671960e-03
6.216414e+00    -6.482229e-03
6.228627e+00    -6.294155e-03
6.240840e+00    -6.107898e-03
6.253053e+00    -5.923575e-03
6.265266e+00    -5.741328e-03
6.277479e+00    -5.561301e-03
6.289692e+00    -5.383609e-03
6.301905e+00    -5.208388e-03
6.314118e+00    -5.035759e-03
6.326331e+00    -4.865843e-03
6.338544e+00    -4.698747e-03
6.350757e+00    -4.534597e-03
6.362970e+00    -4.373483e-03
6.375183e+00    -4.215522e-03
6.387396e+00    -4.060811e-03
6.399609e+00    -3.909438e-03
6.411822e+00    -3.761492e-03
6.424035e+00    -3.617068e-03
6.436248e+00    -3.476232e-03
6.448461e+00    -3.339072e-03
6.460674e+00    -3.205648e-03
6.472887e+00    -3.076035e-03
6.485100e+00    -2.950272e-03
6.497313e+00    -2.828434e-03
6.509526e+00    -2.710557e-03
6.521739e+00    -2.596690e-03
6.533952e+00    -2.486865e-03
6.546165e+00    -2.381118e-03
6.558378e+00    -2.279471e-03
6.570591e+00    -2.181950e-03
6.582804e+00    -2.088566e-03
6.595017e+00    -1.999336e-03
6.607230e+00    -1.914249e-03
6.619443e+00    -1.833322e-03
6.631656e+00    -1.756530e-03
6.643869e+00    -1.683878e-03
6.656082e+00    -1.615338e-03
6.668295e+00    -1.550893e-03
6.680508e+00    -1.490514e-03
6.692721e+00    -1.434167e-03
6.704934e+00    -1.381814e-03
6.717147e+00    -1.333413e-03
6.729360e+00    -1.288918e-03
6.741573e+00    -1.248274e-03
6.753786e+00    -1.211427e-03
6.765999e+00    -1.178315e-03
6.778212e+00    -1.148871e-03
6.790425e+00    -1.123030e-03
6.802638e+00    -1.100715e-03
6.814851e+00    -1.081847e-03
6.827064e+00    -1.066347e-03
6.839277e+00    -1.054137e-03
6.851490e+00    -1.045114e-03
6.863703e+00    -1.039203e-03
6.875916e+00    -1.036302e-03
6.888129e+00    -1.036305e-03
6.900342e+00    -1.039133e-03
6.912555e+00    -1.044664e-03
6.924768e+00    -1.052806e-03
6.936981e+00    -1.063446e-03
6.949194e+00    -1.076470e-03
6.961407e+00    -1.091785e-03
6.973620e+00    -1.109267e-03
6.985833e+00    -1.128799e-03
6.998046e+00    -1.150272e-03
7.010259e+00    -1.173570e-03
7.022472e+00    -1.198573e-03
7.034685e+00    -1.225169e-03
7.046898e+00    -1.253235e-03
7.059111e+00    -1.282658e-03
7.071324e+00    -1.313317e-03
7.083537e+00    -1.345093e-03
7.095750e+00    -1.377877e-03
7.107963e+00    -1.411536e-03
7.120176e+00    -1.445968e-03
7.132389e+00    -1.481056e-03
7.144602e+00    -1.516672e-03
7.156815e+00    -1.552717e-03
7.169028e+00    -1.589076e-03
7.181241e+00    -1.625635e-03
7.193454e+00    -1.662288e-03
7.205667e+00    -1.698925e-03
7.217880e+00    -1.735443e-03
7.230093e+00    -1.771735e-03
7.242306e+00    -1.807710e-03
7.254519e+00    -1.843258e-03
7.266732e+00    -1.878293e-03
7.278944e+00    -1.912712e-03
7.291158e+00    -1.946430e-03
7.303371e+00    -1.979362e-03
7.315584e+00    -2.011416e-03
7.327797e+00    -2.042518e-03
7.340010e+00    -2.072586e-03
7.352223e+00    -2.101537e-03
7.364436e+00    -2.129312e-03
7.376649e+00    -2.155838e-03
7.388862e+00    -2.181044e-03
7.401075e+00    -2.204897e-03
7.413288e+00    -2.227272e-03
7.425501e+00    -2.248176e-03
7.437714e+00    -2.267550e-03
7.449927e+00    -2.285335e-03
7.462140e+00    -2.301481e-03
7.474353e+00    -2.315960e-03
7.486566e+00    -2.328739e-03
7.498779e+00    -2.339787e-03
7.510992e+00    -2.349052e-03
7.523205e+00    -2.356539e-03
7.535418e+00    -2.362215e-03
7.547631e+00    -2.366064e-03
7.559844e+00    -2.368074e-03
7.572057e+00    -2.368229e-03
7.584270e+00    -2.366537e-03
7.596483e+00    -2.362987e-03
7.608696e+00    -2.357580e-03
7.620909e+00    -2.350325e-03
7.633121e+00    -2.341231e-03
7.645335e+00    -2.330305e-03
7.657547e+00    -2.317569e-03
7.669761e+00    -2.303036e-03
7.681973e+00    -2.286731e-03
7.694187e+00    -2.268682e-03
7.706399e+00    -2.248914e-03
7.718613e+00    -2.227455e-03
7.730825e+00    -2.204346e-03
7.743039e+00    -2.179619e-03
7.755251e+00    -2.153316e-03
7.767465e+00    -2.125474e-03
7.779677e+00    -2.096150e-03
7.791891e+00    -2.065376e-03
7.804103e+00    -2.033214e-03
7.816317e+00    -1.999699e-03
7.828529e+00    -1.964904e-03
7.840743e+00    -1.928872e-03
7.852955e+00    -1.891664e-03
7.865169e+00    -1.853336e-03
7.877381e+00    -1.813953e-03
7.889595e+00    -1.773566e-03
7.901807e+00    -1.732245e-03
7.914021e+00    -1.690063e-03
7.926233e+00    -1.647076e-03
7.938447e+00    -1.603345e-03
7.950659e+00    -1.558954e-03
7.962873e+00    -1.513938e-03
7.975085e+00    -1.468390e-03
7.987298e+00    -1.422376e-03
7.999511e+00    -1.375969e-03
8.011724e+00    -1.329218e-03
8.023937e+00    -1.282208e-03
8.036150e+00    -1.235002e-03
8.048364e+00    -1.187669e-03
8.060576e+00    -1.140275e-03
8.072789e+00    -1.092889e-03
8.085002e+00    -1.045578e-03
8.097216e+00    -9.984013e-04
8.109428e+00    -9.514378e-04
8.121641e+00    -9.047403e-04
8.133854e+00    -8.583774e-04
8.146068e+00    -8.124016e-04
8.158280e+00    -7.668869e-04
8.170493e+00    -7.218848e-04
8.182706e+00    -6.774584e-04
8.194920e+00    -6.336505e-04
8.207132e+00    -5.905336e-04
8.219345e+00    -5.481517e-04
8.231558e+00    -5.065584e-04
8.243772e+00    -4.657999e-04
8.255984e+00    -4.259272e-04
8.268197e+00    -3.869871e-04
8.280410e+00    -3.490158e-04
8.292624e+00    -3.120608e-04
8.304836e+00    -2.761642e-04
8.317049e+00    -2.413552e-04
8.329262e+00    -2.076760e-04
8.341475e+00    -1.751504e-04
8.353688e+00    -1.438178e-04
8.365901e+00    -1.136992e-04
8.378115e+00    -8.482230e-05
8.390327e+00    -5.721548e-05
8.402540e+00    -3.088587e-05
8.414753e+00    -5.875736e-06
8.426967e+00    1.782579e-05
8.439179e+00    4.018790e-05
8.451392e+00    6.120652e-05
8.463605e+00    8.087199e-05
8.475819e+00    9.917809e-05
8.488031e+00    1.161226e-04
8.500244e+00    1.317019e-04
8.512457e+00    1.459163e-04
8.524671e+00    1.587675e-04
8.536883e+00    1.702738e-04
8.549096e+00    1.804247e-04
8.561309e+00    1.892456e-04
8.573523e+00    1.967413e-04
8.585735e+00    2.029269e-04
8.597948e+00    2.078353e-04
8.610161e+00    2.114423e-04
8.622375e+00    2.138113e-04
8.634587e+00    2.149477e-04
8.646800e+00    2.148803e-04
8.659013e+00    2.136341e-04
8.671227e+00    2.112376e-04
8.683439e+00    2.077157e-04
8.695652e+00    2.031054e-04
8.707865e+00    1.974423e-04
8.720078e+00    1.907583e-04
8.732291e+00    1.830825e-04
8.744504e+00    1.744603e-04
8.756717e+00    1.649293e-04
8.768930e+00    1.545247e-04
8.781143e+00    1.432887e-04
8.793356e+00    1.312674e-04
8.805569e+00    1.184960e-04
8.817782e+00    1.050196e-04
8.829995e+00    9.088589e-05
8.842208e+00    7.614250e-05
8.854421e+00    6.082348e-05
8.866634e+00    4.498193e-05
8.878847e+00    2.866386e-05
8.891060e+00    1.191607e-05
8.903273e+00    -5.223275e-06
8.915486e+00    -2.269351e-05
8.927699e+00    -4.045694e-05
8.939912e+00    -5.846878e-05
8.952125e+00    -7.668079e-05
8.964338e+00    -9.504020e-05
8.976551e+00    -1.135091e-04
8.988764e+00    -1.320418e-04
9.000977e+00    -1.505777e-04
9.013190e+00    -1.691065e-04
9.025403e+00    -1.875475e-04
9.037616e+00    -2.058794e-04
9.049829e+00    -2.240490e-04
9.062042e+00    -2.420290e-04
9.074255e+00    -2.597616e-04
9.086468e+00    -2.772191e-04
9.098680e+00    -2.943721e-04
9.110894e+00    -3.111470e-04
9.123107e+00    -3.275431e-04
9.135320e+00    -3.435109e-04
9.147532e+00    -3.590180e-04
9.159746e+00    -3.740363e-04
9.171959e+00    -3.885272e-04
9.184172e+00    -4.024659e-04
9.196384e+00    -4.158249e-04
9.208598e+00    -4.285784e-04
9.220811e+00    -4.406995e-04
9.233024e+00    -4.521621e-04
9.245236e+00    -4.629444e-04
9.257450e+00    -4.730299e-04
9.269663e+00    -4.823994e-04
9.281876e+00    -4.910325e-04
9.294088e+00    -4.989199e-04
9.306302e+00    -5.060395e-04
9.318515e+00    -5.123804e-04
9.330728e+00    -5.179411e-04
9.342940e+00    -5.227085e-04
9.355154e+00    -5.266750e-04
9.367367e+00    -5.298324e-04
9.379580e+00    -5.321831e-04
9.391793e+00    -5.337232e-04
9.404006e+00    -5.344515e-04
9.416219e+00    -5.343664e-04
9.428432e+00    -5.334812e-04
9.440645e+00    -5.317925e-04
9.452858e+00    -5.293100e-04
9.465071e+00    -5.260391e-04
9.477283e+00    -5.219929e-04
9.489497e+00    -5.171777e-04
9.501710e+00    -5.116179e-04
9.513923e+00    -5.053165e-04
9.526135e+00    -4.982927e-04
9.538349e+00    -4.905617e-04
9.550562e+00    -4.821406e-04
9.562775e+00    -4.730548e-04
9.574987e+00    -4.633284e-04
9.587201e+00    -4.529655e-04
9.599414e+00    -4.419951e-04
9.611627e+00    -4.304656e-04
9.623839e+00    -4.183711e-04
9.636053e+00    -4.057529e-04
9.648266e+00    -3.926392e-04
9.660479e+00    -3.790461e-04
9.672691e+00    -3.650165e-04
9.684905e+00    -3.505718e-04
9.697118e+00    -3.357427e-04
9.709331e+00    -3.205655e-04
9.721543e+00    -3.050609e-04
9.733757e+00    -2.892721e-04
9.745970e+00    -2.732186e-04
9.758183e+00    -2.569484e-04
9.770395e+00    -2.404813e-04
9.782609e+00    -2.238587e-04
9.794822e+00    -2.071053e-04
9.807034e+00    -1.902661e-04
9.819247e+00    -1.733676e-04
9.831461e+00    -1.564398e-04
9.843674e+00    -1.395222e-04
9.855886e+00    -1.226424e-04
9.868099e+00    -1.058351e-04
9.880313e+00    -8.913387e-05
9.892526e+00    -7.256756e-05
9.904738e+00    -5.616953e-05
9.916951e+00    -3.998133e-05
9.929165e+00    -2.401644e-05
9.941378e+00    -8.318730e-06
9.953590e+00    7.093906e-06
9.965803e+00    2.218624e-05
9.978017e+00    3.692902e-05
9.990230e+00    5.129540e-05
1.000244e+01    6.526522e-05
1.001466e+01    7.880506e-05
1.002687e+01    9.189383e-05
1.003908e+01    1.045083e-04
1.005129e+01    1.166211e-04
1.006351e+01    1.282169e-04
1.007572e+01    1.392780e-04
1.008793e+01    1.497720e-04
1.010015e+01    1.596713e-04
1.011236e+01    1.690189e-04
1.012457e+01    1.777285e-04
1.013679e+01    1.858210e-04
1.014900e+01    1.932676e-04
1.016121e+01    2.000679e-04
1.017342e+01    2.062056e-04
1.018564e+01    2.116723e-04
1.019785e+01    2.164509e-04
1.021006e+01    2.205592e-04
1.022228e+01    2.239658e-04
1.023449e+01    2.266781e-04
1.024670e+01    2.286886e-04
1.025891e+01    2.300008e-04
1.027113e+01    2.306086e-04
1.028334e+01    2.305219e-04
1.029555e+01    2.297309e-04
1.030777e+01    2.282418e-04
1.031998e+01    2.260778e-04
1.033219e+01    2.232188e-04
1.034441e+01    2.196912e-04
1.035662e+01    2.154929e-04
1.036883e+01    2.106378e-04
1.038105e+01    2.051409e-04
1.039326e+01    1.990030e-04
1.040547e+01    1.922535e-04
1.041768e+01    1.848948e-04
1.042990e+01    1.769481e-04
1.044211e+01    1.684266e-04
1.045432e+01    1.593519e-04
1.046654e+01    1.497431e-04
1.047875e+01    1.396173e-04
1.049096e+01    1.289920e-04
1.050318e+01    1.179000e-04
1.051539e+01    1.063453e-04
1.052760e+01    9.436908e-05
1.053981e+01    8.198550e-05
1.055203e+01    6.922025e-05
1.056424e+01    5.609998e-05
1.057645e+01    4.265440e-05
1.058867e+01    2.890454e-05
1.060088e+01    1.487723e-05
1.061309e+01    5.936272e-07
1.062531e+01    -1.390346e-05
1.063752e+01    -2.859969e-05
1.064973e+01    -4.345844e-05
1.066194e+01    -5.845383e-05
1.067416e+01    -7.355613e-05
1.068637e+01    -8.874115e-05
1.069858e+01    -1.039780e-04
1.071080e+01    -1.192291e-04
1.072301e+01    -1.344795e-04
1.073522e+01    -1.496897e-04
1.074744e+01    -1.648359e-04
1.075965e+01    -1.798920e-04
1.077186e+01    -1.948232e-04
1.078407e+01    -2.096052e-04
1.079629e+01    -2.242040e-04
1.080850e+01    -2.386074e-04
1.082071e+01    -2.527721e-04
1.083293e+01    -2.666827e-04
1.084514e+01    -2.803091e-04
1.085735e+01    -2.936200e-04
1.086957e+01    -3.066011e-04
1.088178e+01    -3.192217e-04
1.089399e+01    -3.314593e-04
1.090620e+01    -3.432931e-04
1.091842e+01    -3.546971e-04
1.093063e+01    -3.656535e-04
1.094284e+01    -3.761428e-04
1.095506e+01    -3.861410e-04
1.096727e+01    -3.956374e-04
1.097948e+01    -4.045988e-04
1.099170e+01    -4.130207e-04
1.100391e+01    -4.208946e-04
1.101612e+01    -4.281834e-04
1.102833e+01    -4.348943e-04
1.104055e+01    -4.410072e-04
1.105276e+01    -4.465005e-04
1.106497e+01    -4.513788e-04
1.107719e+01    -4.556253e-04
1.108940e+01    -4.592313e-04
1.110161e+01    -4.621902e-04
1.111382e+01    -4.644922e-04
1.112604e+01    -4.661407e-04
1.113825e+01    -4.671238e-04
1.115046e+01    -4.674444e-04
1.116268e+01    -4.670985e-04
1.117489e+01    -4.660813e-04
1.118710e+01    -4.644017e-04
1.119932e+01    -4.620538e-04
1.121153e+01    -4.590499e-04
1.122374e+01    -4.553800e-04
1.123596e+01    -4.510579e-04
1.124817e+01    -4.460924e-04
1.126038e+01    -4.404867e-04
1.127259e+01    -4.342458e-04
1.128481e+01    -4.273847e-04
1.129702e+01    -4.199122e-04
1.130923e+01    -4.118363e-04
1.132145e+01    -4.031769e-04
1.133366e+01    -3.939383e-04
1.134587e+01    -3.841381e-04
1.135808e+01    -3.737959e-04
1.137030e+01    -3.629244e-04
1.138251e+01    -3.515359e-04
1.139472e+01    -3.396528e-04
1.140694e+01    -3.272949e-04
1.141915e+01    -3.144757e-04
1.143136e+01    -3.012213e-04
1.144358e+01    -2.875478e-04
1.145579e+01    -2.734789e-04
1.146800e+01    -2.590321e-04
1.148022e+01    -2.442346e-04
1.149243e+01    -2.291087e-04
1.150464e+01    -2.136756e-04
1.151685e+01    -1.979569e-04
1.152907e+01    -1.819849e-04
1.154128e+01    -1.657785e-04
1.155349e+01    -1.493588e-04
1.156571e+01    -1.327576e-04
1.157792e+01    -1.159950e-04
1.159013e+01    -9.909902e-05
1.160234e+01    -8.209552e-05
1.161456e+01    -6.500906e-05
1.162677e+01    -4.786327e-05
1.163898e+01    -3.069065e-05
1.165120e+01    -1.350573e-05
1.166341e+01    3.651465e-06
1.167562e+01    2.076418e-05
1.168784e+01    3.780453e-05
1.170005e+01    5.475953e-05
1.171226e+01    7.158010e-05
1.172447e+01    8.826521e-05
1.173669e+01    1.047724e-04
1.174890e+01    1.210894e-04
1.176111e+01    1.371934e-04
1.177333e+01    1.530505e-04
1.178554e+01    1.686485e-04
1.179775e+01    1.839696e-04
1.180997e+01    1.989650e-04
1.182218e+01    2.136489e-04
1.183439e+01    2.279785e-04
1.184660e+01    2.419420e-04
1.185882e+01    2.555179e-04
1.187103e+01    2.686951e-04
1.188324e+01    2.814422e-04
1.189546e+01    2.937531e-04
1.190767e+01    3.056085e-04
1.191988e+01    3.169946e-04
1.193210e+01    3.278934e-04
1.194431e+01    3.382950e-04
1.195652e+01    3.481873e-04
1.196873e+01    3.575541e-04
1.198095e+01    3.663836e-04
1.199316e+01    3.746739e-04
1.200537e+01    3.824019e-04
1.201759e+01    3.895730e-04
1.202980e+01    3.961775e-04
1.204201e+01    4.021980e-04
1.205423e+01    4.076408e-04
1.206644e+01    4.124954e-04
1.207865e+01    4.167669e-04
1.209086e+01    4.204408e-04
1.210308e+01    4.235352e-04
1.211529e+01    4.260077e-04
1.212750e+01    4.278964e-04
1.213972e+01    4.291933e-04
1.215193e+01    4.299000e-04
1.216414e+01    4.300142e-04
1.217636e+01    4.295463e-04
1.218857e+01    4.284947e-04
1.220078e+01    4.268731e-04
1.221299e+01    4.246801e-04
1.222521e+01    4.219291e-04
1.223742e+01    4.186236e-04
1.224963e+01    4.147712e-04
1.226185e+01    4.103895e-04
1.227406e+01    4.054852e-04
1.228627e+01    4.000668e-04
1.229849e+01    3.941455e-04
1.231070e+01    3.877435e-04
1.232291e+01    3.808621e-04
1.233512e+01    3.735213e-04
1.234734e+01    3.657437e-04
1.235955e+01    3.575253e-04
1.237176e+01    3.488997e-04
1.238398e+01    3.398750e-04
1.239619e+01    3.304690e-04
1.240840e+01    3.207025e-04
1.242062e+01    3.105871e-04
1.243283e+01    3.001514e-04
1.244504e+01    2.893950e-04
1.245725e+01    2.783595e-04
1.246947e+01    2.670493e-04
1.248168e+01    2.554904e-04
1.249389e+01    2.436956e-04
1.250611e+01    2.316985e-04
1.251832e+01    2.195061e-04
1.253053e+01    2.071461e-04
1.254275e+01    1.946315e-04
1.255496e+01    1.819908e-04
1.256717e+01    1.692411e-04
1.257938e+01    1.564033e-04
1.259160e+01    1.434953e-04
1.260381e+01    1.305375e-04
1.261602e+01    1.175600e-04
1.262824e+01    1.045740e-04
1.264045e+01    9.160036e-05
1.265266e+01    7.865895e-05
1.266488e+01    6.576932e-05
1.267709e+01    5.295324e-05
1.268930e+01    4.022368e-05
1.270151e+01    2.760430e-05
1.271373e+01    1.512210e-05
1.272594e+01    2.779312e-06
1.273815e+01    -9.398016e-06
1.275037e+01    -2.138792e-05
1.276258e+01    -3.319293e-05
1.277479e+01    -4.477946e-05
1.278701e+01    -5.613387e-05
1.279922e+01    -6.724085e-05
1.281143e+01    -7.809415e-05
1.282364e+01    -8.866813e-05
1.283586e+01    -9.895909e-05
1.284807e+01    -1.089448e-04
1.286028e+01    -1.186238e-04
1.287250e+01    -1.279724e-04
1.288471e+01    -1.369879e-04
1.289692e+01    -1.456581e-04
1.290914e+01    -1.539668e-04
1.292135e+01    -1.619251e-04
1.293356e+01    -1.694996e-04
1.294577e+01    -1.766987e-04
1.295799e+01    -1.835035e-04
1.297020e+01    -1.899182e-04
1.298241e+01    -1.959355e-04
1.299463e+01    -2.015467e-04
1.300684e+01    -2.067497e-04
1.301905e+01    -2.115422e-04
1.303127e+01    -2.159229e-04
1.304348e+01    -2.198821e-04
1.305569e+01    -2.234314e-04
1.306790e+01    -2.265596e-04
1.308012e+01    -2.292704e-04
1.309233e+01    -2.315638e-04
1.310454e+01    -2.334419e-04
1.311676e+01    -2.349124e-04
1.312897e+01    -2.359664e-04
1.314118e+01    -2.366226e-04
1.315340e+01    -2.368712e-04
1.316561e+01    -2.367240e-04
1.317782e+01    -2.361902e-04
1.319003e+01    -2.352678e-04
1.320225e+01    -2.339768e-04
1.321446e+01    -2.322950e-04
1.322667e+01    -2.302614e-04
1.323889e+01    -2.278731e-04
1.325110e+01    -2.251415e-04
1.326331e+01    -2.220676e-04
1.327553e+01    -2.186683e-04
1.328774e+01    -2.149561e-04
1.329995e+01    -2.109417e-04
1.331216e+01    -2.066222e-04
1.332438e+01    -2.020236e-04
1.333659e+01    -1.971587e-04
1.334880e+01    -1.920328e-04
1.336102e+01    -1.866605e-04
1.337323e+01    -1.810540e-04
1.338544e+01    -1.752296e-04
1.339766e+01    -1.691921e-04
1.340987e+01    -1.629572e-04
1.342208e+01    -1.565540e-04
1.343429e+01    -1.499819e-04
1.344651e+01    -1.432559e-04
1.345872e+01    -1.363894e-04
1.347093e+01    -1.293985e-04
1.348315e+01    -1.223012e-04
1.349536e+01    -1.151035e-04
1.350757e+01    -1.078251e-04
1.351978e+01    -1.004747e-04
1.353200e+01    -9.308009e-05
1.354421e+01    -8.563293e-05
1.355642e+01    -7.817162e-05
1.356864e+01    -7.068992e-05
1.358085e+01    -6.321652e-05
1.359306e+01    -5.575380e-05
1.360528e+01    -4.832401e-05
1.361749e+01    -4.092372e-05
1.362970e+01    -3.358450e-05
1.364192e+01    -2.630897e-05
1.365413e+01    -1.911026e-05
1.366634e+01    -1.200438e-05
1.367855e+01    -4.998972e-06
1.369077e+01    1.896740e-06
1.370298e+01    8.668925e-06
1.371519e+01    1.530301e-05
1.372741e+01    2.178894e-05
1.373962e+01    2.812843e-05
1.375183e+01    3.430160e-05
1.376404e+01    4.031097e-05
1.377626e+01    4.613269e-05
1.378847e+01    5.176786e-05
1.380068e+01    5.721179e-05
1.381290e+01    6.244885e-05
1.382511e+01    6.748186e-05
1.383732e+01    7.230041e-05
1.384954e+01    7.689599e-05
1.386175e+01    8.127418e-05
1.387396e+01    8.541771e-05
1.388618e+01    8.932762e-05
1.389839e+01    9.300462e-05
1.391060e+01    9.644423e-05
1.392281e+01    9.964069e-05
1.393503e+01    1.025942e-04
1.394724e+01    1.053017e-04
1.395945e+01    1.077696e-04
1.397167e+01    1.099876e-04
1.398388e+01    1.119618e-04
1.399609e+01    1.136900e-04
1.400830e+01    1.151799e-04
1.402052e+01    1.164274e-04
1.403273e+01    1.174358e-04
1.404494e+01    1.182085e-04
1.405716e+01    1.187465e-04
1.406937e+01    1.190572e-04
1.408158e+01    1.191443e-04
1.409380e+01    1.190065e-04
1.410601e+01    1.186668e-04
1.411822e+01    1.180982e-04
1.413043e+01    1.173346e-04
1.414265e+01    1.163709e-04
1.415486e+01    1.152174e-04
1.416707e+01    1.138795e-04
1.417929e+01    1.123638e-04
1.419150e+01    1.106866e-04
1.420371e+01    1.088244e-04
1.421593e+01    1.068200e-04
1.422814e+01    1.046728e-04
1.424035e+01    1.023822e-04
1.425256e+01    9.996808e-05
1.426478e+01    9.742874e-05
1.427699e+01    9.478405e-05
1.428920e+01    9.203838e-05
1.430142e+01    8.919080e-05
1.431363e+01    8.627393e-05
1.432584e+01    8.328367e-05
1.433806e+01    8.022336e-05
1.435027e+01    7.711033e-05
1.436248e+01    7.395701e-05
1.437469e+01    7.077202e-05
1.438691e+01    6.756061e-05
1.439912e+01    6.433576e-05
1.441133e+01    6.110853e-05
1.442355e+01    5.788232e-05
1.443576e+01    5.467581e-05
1.444797e+01    5.149344e-05
1.446019e+01    4.834209e-05
1.447240e+01    4.523535e-05
1.448461e+01    4.218551e-05
1.449682e+01    3.919440e-05
1.450904e+01    3.627686e-05
1.452125e+01    3.343279e-05
1.453346e+01    3.067752e-05
1.454568e+01    2.802424e-05
1.455789e+01    2.546805e-05
1.457010e+01    2.301543e-05
1.458232e+01    2.069462e-05
1.459453e+01    1.849050e-05
1.460674e+01    1.641794e-05
1.461895e+01    1.448746e-05
1.463117e+01    1.269521e-05
1.464338e+01    1.105550e-05
1.465559e+01    9.566727e-06
1.466781e+01    8.242449e-06
1.468002e+01    7.075290e-06
1.469223e+01    6.086299e-06
1.470445e+01    5.258426e-06
1.471666e+01    4.602756e-06
1.472887e+01    4.133810e-06
1.474109e+01    3.840683e-06
1.475330e+01    3.731901e-06
1.476551e+01    3.806701e-06
1.477772e+01    4.065263e-06
1.478994e+01    4.505986e-06
1.480215e+01    5.134443e-06
1.481436e+01    5.953603e-06
1.482658e+01    6.958977e-06
1.483879e+01    8.143666e-06
1.485100e+01    9.515650e-06
1.486321e+01    1.106221e-05
1.487543e+01    1.279564e-05
1.488764e+01    1.469913e-05
1.489985e+01    1.678054e-05
1.491207e+01    1.903473e-05
1.492428e+01    2.144991e-05
1.493649e+01    2.402586e-05
1.494871e+01    2.676717e-05
1.496092e+01    2.965637e-05
1.497313e+01    3.269173e-05
1.498534e+01    3.587170e-05
1.499756e+01    3.918259e-05
1.500977e+01    4.263362e-05
1.502198e+01    4.620324e-05
1.503420e+01    4.988853e-05
1.504641e+01    5.368201e-05
1.505862e+01    5.757819e-05
1.507084e+01    6.156872e-05
1.508305e+01    6.564653e-05
1.509526e+01    6.980167e-05
1.510747e+01    7.402705e-05
1.511969e+01    7.831271e-05
1.513190e+01    8.264754e-05
1.514411e+01    8.703237e-05
1.515633e+01    9.144696e-05
1.516854e+01    9.589485e-05
1.518075e+01    1.003527e-04
1.519297e+01    1.048205e-04
1.520518e+01    1.092798e-04
1.521739e+01    1.137313e-04
1.522960e+01    1.181625e-04
1.524182e+01    1.225616e-04
1.525403e+01    1.269195e-04
1.526624e+01    1.312269e-04
1.527846e+01    1.354774e-04
1.529067e+01    1.396600e-04
1.530288e+01    1.437656e-04
1.531509e+01    1.477752e-04
1.532731e+01    1.516977e-04
1.533952e+01    1.555101e-04
1.535173e+01    1.592105e-04
1.536395e+01    1.627837e-04
1.537616e+01    1.662277e-04
1.538837e+01    1.695323e-04
1.540059e+01    1.726863e-04
1.541280e+01    1.756922e-04
1.542501e+01    1.785207e-04
1.543723e+01    1.811834e-04
1.544944e+01    1.836713e-04
1.546165e+01    1.859678e-04
1.547386e+01    1.880718e-04
1.548608e+01    1.899819e-04
1.549829e+01    1.916967e-04
1.551050e+01    1.931759e-04
1.552272e+01    1.944549e-04
1.553493e+01    1.955116e-04
1.554714e+01    1.963429e-04
1.555935e+01    1.969407e-04
1.557157e+01    1.973068e-04
1.558378e+01    1.974335e-04
1.559599e+01    1.973267e-04
1.560821e+01    1.969698e-04
1.562042e+01    1.963653e-04
1.563263e+01    1.955198e-04
1.564485e+01    1.944201e-04
1.565706e+01    1.930718e-04
1.566927e+01    1.914679e-04
1.568149e+01    1.896128e-04
1.569370e+01    1.875038e-04
1.570591e+01    1.851516e-04
1.571812e+01    1.825442e-04
1.573034e+01    1.796848e-04
1.574255e+01    1.765801e-04
1.575476e+01    1.732304e-04
1.576698e+01    1.696378e-04
1.577919e+01    1.658000e-04
1.579140e+01    1.617286e-04
1.580362e+01    1.574221e-04
1.581583e+01    1.528900e-04
1.582804e+01    1.481283e-04
1.584025e+01    1.431508e-04
1.585247e+01    1.379533e-04
1.586468e+01    1.325494e-04
1.587689e+01    1.269388e-04
1.588911e+01    1.211267e-04
1.590132e+01    1.151372e-04
1.591353e+01    1.089566e-04
1.592575e+01    1.025971e-04
1.593796e+01    9.607089e-05
1.595017e+01    8.937756e-05
1.596238e+01    8.253624e-05
1.597460e+01    7.554935e-05
1.598681e+01    6.841942e-05
1.599902e+01    6.116510e-05
1.601124e+01    5.378820e-05
1.602345e+01    4.630441e-05
1.603566e+01    3.871334e-05
1.604787e+01    3.103640e-05
1.606009e+01    2.327721e-05
1.607230e+01    1.544256e-05
1.608451e+01    7.544408e-06
1.609673e+01    -4.075118e-07
1.610894e+01    -8.400548e-06
1.612115e+01    -1.642324e-05
1.613337e+01    -2.447166e-05
1.614558e+01    -3.252708e-05
1.615779e+01    -4.059031e-05
1.617001e+01    -4.864434e-05
1.618222e+01    -5.668070e-05
1.619443e+01    -6.468832e-05
1.620664e+01    -7.265332e-05
1.621886e+01    -8.057206e-05
1.623107e+01    -8.843228e-05
1.624328e+01    -9.622311e-05
1.625550e+01    -1.039368e-04
1.626771e+01    -1.115610e-04
1.627992e+01    -1.190864e-04
1.629214e+01    -1.265039e-04
1.630435e+01    -1.338111e-04
1.631656e+01    -1.409866e-04
1.632877e+01    -1.480273e-04
1.634099e+01    -1.549302e-04
1.635320e+01    -1.616768e-04
1.636541e+01    -1.682601e-04
1.637763e+01    -1.746852e-04
1.638984e+01    -1.809221e-04
1.640205e+01    -1.869943e-04
1.641426e+01    -1.928607e-04
1.642648e+01    -1.985357e-04
1.643869e+01    -2.040059e-04
1.645090e+01    -2.092690e-04
1.646312e+01    -2.143161e-04
1.647533e+01    -2.191427e-04
1.648754e+01    -2.237406e-04
1.649976e+01    -2.281048e-04
1.651197e+01    -2.322394e-04
1.652418e+01    -2.361318e-04
1.653639e+01    -2.397803e-04
1.654861e+01    -2.431792e-04
1.656082e+01    -2.463314e-04
1.657303e+01    -2.492254e-04
1.658525e+01    -2.518650e-04
1.659746e+01    -2.542427e-04
1.660967e+01    -2.563741e-04
1.662189e+01    -2.582302e-04
1.663410e+01    -2.598342e-04
1.664631e+01    -2.611704e-04
1.665853e+01    -2.622498e-04
1.667074e+01    -2.630666e-04
1.668295e+01    -2.636185e-04
1.669516e+01    -2.639137e-04
1.670738e+01    -2.639487e-04
1.671959e+01    -2.637297e-04
1.673180e+01    -2.632496e-04
1.674402e+01    -2.625176e-04
1.675623e+01    -2.615395e-04
1.676844e+01    -2.603171e-04
1.678065e+01    -2.588482e-04
1.679287e+01    -2.571411e-04
1.680508e+01    -2.552029e-04
1.681729e+01    -2.530226e-04
1.682951e+01    -2.506247e-04
1.684172e+01    -2.480033e-04
1.685393e+01    -2.451689e-04
1.686615e+01    -2.421221e-04
1.687836e+01    -2.388728e-04
1.689057e+01    -2.354212e-04
1.690278e+01    -2.317842e-04
1.691500e+01    -2.279610e-04
1.692721e+01    -2.239597e-04
1.693942e+01    -2.197868e-04
1.695164e+01    -2.154489e-04
1.696385e+01    -2.109518e-04
1.697606e+01    -2.063110e-04
1.698828e+01    -2.015232e-04
1.700049e+01    -1.966022e-04
1.701270e+01    -1.915611e-04
1.702491e+01    -1.863987e-04
1.703713e+01    -1.811237e-04
1.704934e+01    -1.757511e-04
1.706155e+01    -1.702846e-04
1.707377e+01    -1.647315e-04
1.708598e+01    -1.591039e-04
1.709819e+01    -1.534187e-04
1.711040e+01    -1.476443e-04
1.712262e+01    -1.418489e-04
1.713483e+01    -1.360000e-04
1.714705e+01    -1.301198e-04
1.715926e+01    -1.242068e-04
1.717147e+01    -1.182802e-04
1.718368e+01    -1.123494e-04
1.719590e+01    -1.064192e-04
1.720811e+01    -1.004860e-04
1.722032e+01    -9.456948e-05
1.723254e+01    -8.867755e-05
1.724475e+01    -8.281480e-05
1.725696e+01    -7.699116e-05
1.726917e+01    -7.121668e-05
1.728139e+01    -6.548756e-05
1.729360e+01    -5.982663e-05
1.730581e+01    -5.421921e-05
1.731803e+01    -4.870254e-05
1.733024e+01    -4.325449e-05
1.734245e+01    -3.789554e-05
1.735467e+01    -3.262657e-05
1.736688e+01    -2.745823e-05
1.737909e+01    -2.239149e-05
1.739130e+01    -1.742990e-05
1.740352e+01    -1.258195e-05
1.741573e+01    -7.862940e-06
1.742794e+01    -3.260491e-06
1.744016e+01    1.220167e-06
1.745237e+01    5.561151e-06
1.746458e+01    9.769275e-06
1.747680e+01    1.383865e-05
1.748901e+01    1.776719e-05
1.750122e+01    2.154837e-05
1.751343e+01    2.519011e-05
1.752565e+01    2.868076e-05
1.753786e+01    3.201586e-05
1.755007e+01    3.519887e-05
1.756229e+01    3.823121e-05
1.757450e+01    4.110845e-05
1.758671e+01    4.382466e-05
1.759892e+01    4.638387e-05
1.761114e+01    4.879535e-05
1.762335e+01    5.104412e-05
1.763556e+01    5.313372e-05
1.764778e+01    5.507334e-05
1.765999e+01    5.685470e-05
1.767220e+01    5.848373e-05
1.768442e+01    5.996596e-05
1.769663e+01    6.129723e-05
1.770884e+01    6.246963e-05
1.772106e+01    6.350184e-05
1.773327e+01    6.439401e-05
1.774548e+01    6.514374e-05
1.775769e+01    6.575680e-05
1.776991e+01    6.623272e-05
1.778212e+01    6.657852e-05
1.779433e+01    6.679962e-05
1.780655e+01    6.689053e-05
1.781876e+01    6.686813e-05
1.783097e+01    6.672990e-05
1.784319e+01    6.647960e-05
1.785540e+01    6.612740e-05
1.786761e+01    6.566345e-05
1.787982e+01    6.511391e-05
1.789204e+01    6.446827e-05
1.790425e+01    6.372971e-05
1.791646e+01    6.291213e-05
1.792868e+01    6.202393e-05
1.794089e+01    6.106032e-05
1.795310e+01    6.003261e-05
1.796531e+01    5.894250e-05
1.797753e+01    5.780470e-05
1.798974e+01    5.660875e-05
1.800196e+01    5.537242e-05
1.801417e+01    5.409928e-05
1.802638e+01    5.279516e-05
1.803859e+01    5.146023e-05
1.805081e+01    5.011170e-05
1.806302e+01    4.873879e-05
1.807523e+01    4.736643e-05
1.808744e+01    4.598519e-05
1.809966e+01    4.460770e-05
1.811187e+01    4.322676e-05
1.812408e+01    4.186790e-05
1.813630e+01    4.052720e-05
1.814851e+01    3.920909e-05
1.816072e+01    3.790943e-05
1.817294e+01    3.664865e-05
1.818515e+01    3.542646e-05
1.819736e+01    3.424246e-05
1.820958e+01    3.310468e-05
1.822179e+01    3.202085e-05
1.823400e+01    3.099040e-05
1.824621e+01    3.001833e-05
1.825843e+01    2.910977e-05
1.827064e+01    2.827100e-05
1.828285e+01    2.749800e-05
1.829507e+01    2.679101e-05
1.830728e+01    2.617366e-05
1.831949e+01    2.562918e-05
1.833171e+01    2.517318e-05
1.834392e+01    2.479192e-05
1.835613e+01    2.450275e-05
1.836834e+01    2.430286e-05
1.838056e+01    2.419506e-05
1.839277e+01    2.417469e-05
1.840498e+01    2.425222e-05
1.841720e+01    2.441811e-05
1.842941e+01    2.468762e-05
1.844162e+01    2.504699e-05
1.845383e+01    2.550590e-05
1.846605e+01    2.606038e-05
1.847826e+01    2.671697e-05
1.849047e+01    2.746575e-05
1.850269e+01    2.830185e-05
1.851490e+01    2.925063e-05
1.852711e+01    3.028929e-05
1.853933e+01    3.141933e-05
1.855154e+01    3.264251e-05
1.856375e+01    3.395346e-05
1.857596e+01    3.535312e-05
1.858818e+01    3.684766e-05
1.860039e+01    3.841706e-05
1.861260e+01    4.007015e-05
1.862482e+01    4.180497e-05
1.863703e+01    4.361873e-05
1.864924e+01    4.550372e-05
1.866146e+01    4.745973e-05
1.867367e+01    4.948257e-05
1.868588e+01    5.156989e-05
1.869810e+01    5.372032e-05
1.871031e+01    5.592289e-05
1.872252e+01    5.818089e-05
1.873473e+01    6.049150e-05
1.874695e+01    6.284192e-05
1.875916e+01    6.523309e-05
1.877137e+01    6.766524e-05
1.878359e+01    7.012067e-05
1.879580e+01    7.260707e-05
1.880801e+01    7.511047e-05
1.882022e+01    7.763621e-05
1.883244e+01    8.017966e-05
1.884465e+01    8.272193e-05
1.885686e+01    8.527469e-05
1.886908e+01    8.781767e-05
1.888129e+01    9.036087e-05
1.889350e+01    9.289081e-05
1.890572e+01    9.540492e-05
1.891793e+01    9.789388e-05
1.893014e+01    1.003582e-04
1.894235e+01    1.027926e-04
1.895457e+01    1.051864e-04
1.896678e+01    1.075456e-04
1.897899e+01    1.098525e-04
1.899121e+01    1.121138e-04
1.900342e+01    1.143171e-04
1.901563e+01    1.164586e-04
1.902785e+01    1.185359e-04
1.904006e+01    1.205471e-04
1.905227e+01    1.224832e-04
1.906449e+01    1.243450e-04
1.907670e+01    1.261201e-04
1.908891e+01    1.278148e-04
1.910112e+01    1.294168e-04
1.911334e+01    1.309286e-04
1.912555e+01    1.323431e-04
1.913776e+01    1.336596e-04
1.914997e+01    1.348719e-04
1.916219e+01    1.359774e-04
1.917440e+01    1.369764e-04
1.918661e+01    1.378654e-04
1.919883e+01    1.386353e-04
1.921104e+01    1.392893e-04
1.922325e+01    1.398276e-04
1.923547e+01    1.402440e-04
1.924768e+01    1.405381e-04
1.925989e+01    1.407089e-04
1.927211e+01    1.407523e-04
1.928432e+01    1.406760e-04
1.929653e+01    1.404660e-04
1.930874e+01    1.401321e-04
1.932096e+01    1.396642e-04
1.933317e+01    1.390750e-04
1.934538e+01    1.383466e-04
1.935760e+01    1.374990e-04
1.936981e+01    1.365168e-04
1.938202e+01    1.354024e-04
1.939424e+01    1.341702e-04
1.940645e+01    1.328076e-04
1.941866e+01    1.313235e-04
1.943087e+01    1.297165e-04
1.944309e+01    1.279834e-04
1.945530e+01    1.261263e-04
1.946751e+01    1.241480e-04
1.947973e+01    1.220639e-04
1.949194e+01    1.198570e-04
1.950415e+01    1.175470e-04
1.951637e+01    1.151203e-04
1.952858e+01    1.125827e-04
1.954079e+01    1.099532e-04
1.955301e+01    1.072175e-04
1.956522e+01    1.043910e-04
1.957743e+01    1.014593e-04
1.958964e+01    9.845191e-05
1.960186e+01    9.534322e-05
1.961407e+01    9.215914e-05
1.962628e+01    8.889998e-05
1.963849e+01    8.556392e-05
1.965071e+01    8.216326e-05
1.966292e+01    7.869356e-05
1.967513e+01    7.516338e-05
1.968735e+01    7.157488e-05
1.969956e+01    6.793241e-05
1.971177e+01    6.424740e-05
1.972399e+01    6.051740e-05
1.973620e+01    5.675200e-05
1.974841e+01    5.295262e-05
1.976063e+01    4.912465e-05
1.977284e+01    4.527176e-05
1.978505e+01    4.140392e-05
1.979726e+01    3.752724e-05
1.980948e+01    3.363477e-05
1.982169e+01    2.974074e-05
1.983390e+01    2.584915e-05
1.984612e+01    2.196128e-05
1.985833e+01    1.808634e-05
1.987054e+01    1.423096e-05
1.988276e+01    1.039641e-05
1.989497e+01    6.585207e-06
1.990718e+01    2.799788e-06
1.991939e+01    -9.450596e-07
1.993161e+01    -4.651316e-06
1.994382e+01    -8.315546e-06
1.995603e+01    -1.193103e-05
1.996825e+01    -1.549255e-05
1.998046e+01    -1.899718e-05
1.999267e+01    -2.244176e-05
2.000488e+01    -2.582499e-05
2.001710e+01    -2.913611e-05
2.002931e+01    -3.237207e-05
2.004152e+01    -3.553848e-05
2.005374e+01    -3.862675e-05
2.006595e+01    -4.162799e-05
2.007816e+01    -4.454932e-05
2.009038e+01    -4.738526e-05
2.010259e+01    -5.012119e-05
2.011480e+01    -5.276198e-05
2.012702e+01    -5.531270e-05
2.013923e+01    -5.776784e-05
2.015144e+01    -6.011999e-05
2.016365e+01    -6.237297e-05
2.017587e+01    -6.451813e-05
2.018808e+01    -6.655784e-05
2.020029e+01    -6.849130e-05
2.021251e+01    -7.032268e-05
2.022472e+01    -7.203934e-05
2.023693e+01    -7.365111e-05
2.024915e+01    -7.515072e-05
2.026136e+01    -7.653690e-05
2.027357e+01    -7.781453e-05
2.028578e+01    -7.897895e-05
2.029800e+01    -8.004226e-05
2.031021e+01    -8.098807e-05
2.032242e+01    -8.182132e-05
2.033464e+01    -8.254833e-05
2.034685e+01    -8.316938e-05
2.035906e+01    -8.367994e-05
2.037127e+01    -8.408801e-05
2.038349e+01    -8.438737e-05
2.039570e+01    -8.459477e-05
2.040791e+01    -8.468627e-05
2.042013e+01    -8.468895e-05
2.043234e+01    -8.459264e-05
2.044455e+01    -8.439479e-05
2.045677e+01    -8.411260e-05
2.046898e+01    -8.374035e-05
2.048119e+01    -8.327475e-05
2.049340e+01    -8.272578e-05
2.050562e+01    -8.210908e-05
2.051783e+01    -8.139054e-05
2.053004e+01    -8.060946e-05
2.054226e+01    -7.975167e-05
2.055447e+01    -7.882959e-05
2.056668e+01    -7.783802e-05
2.057890e+01    -7.678788e-05
2.059111e+01    -7.567264e-05
2.060332e+01    -7.450515e-05
2.061554e+01    -7.329872e-05
2.062775e+01    -7.203155e-05
2.063996e+01    -7.072362e-05
2.065217e+01    -6.938234e-05
2.066439e+01    -6.799883e-05
2.067660e+01    -6.658610e-05
2.068881e+01    -6.514943e-05
2.070103e+01    -6.368064e-05
2.071324e+01    -6.219835e-05
2.072545e+01    -6.070112e-05
2.073767e+01    -5.918897e-05
2.074988e+01    -5.766439e-05
2.076209e+01    -5.614541e-05
2.077430e+01    -5.461799e-05
2.078652e+01    -5.310262e-05
2.079873e+01    -5.159633e-05
2.081094e+01    -5.009864e-05
2.082316e+01    -4.860874e-05
2.083537e+01    -4.714355e-05
2.084758e+01    -4.570191e-05
2.085979e+01    -4.428803e-05
2.087201e+01    -4.290088e-05
2.088422e+01    -4.154898e-05
2.089643e+01    -4.022437e-05
2.090865e+01    -3.895571e-05
2.092086e+01    -3.772412e-05
2.093307e+01    -3.653713e-05
2.094529e+01    -3.539197e-05
2.095750e+01    -3.430531e-05
2.096971e+01    -3.326718e-05
2.098192e+01    -3.228072e-05
2.099414e+01    -3.136420e-05
2.100635e+01    -3.050350e-05
2.101856e+01    -2.970028e-05
2.103078e+01    -2.896463e-05
2.104299e+01    -2.830160e-05
2.105520e+01    -2.769873e-05
2.106742e+01    -2.716309e-05
2.107963e+01    -2.670013e-05
2.109184e+01    -2.630281e-05
2.110406e+01    -2.598701e-05
2.111627e+01    -2.574624e-05
2.112848e+01    -2.557438e-05
2.114069e+01    -2.547118e-05
2.115291e+01    -2.544974e-05
2.116512e+01    -2.549720e-05
2.117733e+01    -2.562646e-05
2.118955e+01    -2.582440e-05
2.120176e+01    -2.609501e-05
2.121397e+01    -2.644369e-05
2.122618e+01    -2.686562e-05
2.123840e+01    -2.735297e-05
2.125061e+01    -2.791915e-05
2.126282e+01    -2.854392e-05
2.127504e+01    -2.924741e-05
2.128725e+01    -3.001234e-05
2.129946e+01    -3.084674e-05
2.131168e+01    -3.174100e-05
2.132389e+01    -3.269807e-05
2.133610e+01    -3.371760e-05
2.134831e+01    -3.479415e-05
2.136053e+01    -3.592306e-05
2.137274e+01    -3.710846e-05
2.138495e+01    -3.834150e-05
2.139717e+01    -3.962596e-05
2.140938e+01    -4.095213e-05
2.142159e+01    -4.231859e-05
2.143381e+01    -4.373158e-05
2.144602e+01    -4.517841e-05
2.145823e+01    -4.665671e-05
2.147044e+01    -4.816397e-05
2.148266e+01    -4.970431e-05
2.149487e+01    -5.126123e-05
2.150708e+01    -5.283944e-05
2.151930e+01    -5.444264e-05
2.153151e+01    -5.605625e-05
2.154372e+01    -5.767326e-05
2.155593e+01    -5.930164e-05
2.156815e+01    -6.093275e-05
2.158036e+01    -6.256675e-05
2.159258e+01    -6.419752e-05
2.160479e+01    -6.580849e-05
2.161700e+01    -6.741103e-05
2.162921e+01    -6.901052e-05
2.164143e+01    -7.058152e-05
2.165364e+01    -7.213248e-05
2.166585e+01    -7.365838e-05
2.167807e+01    -7.514858e-05
2.169028e+01    -7.661455e-05
2.170249e+01    -7.804781e-05
2.171470e+01    -7.943354e-05
2.172692e+01    -8.077535e-05
2.173913e+01    -8.207685e-05
2.175134e+01    -8.332552e-05
2.176356e+01    -8.452281e-05
2.177577e+01    -8.566670e-05
2.178798e+01    -8.675200e-05
2.180020e+01    -8.777218e-05
2.181241e+01    -8.873988e-05
2.182462e+01    -8.963052e-05
2.183683e+01    -9.045613e-05
2.184905e+01    -9.121116e-05
2.186126e+01    -9.188888e-05
2.187347e+01    -9.249614e-05
2.188569e+01    -9.302258e-05
2.189790e+01    -9.346589e-05
2.191011e+01    -9.383426e-05
2.192233e+01    -9.411960e-05
2.193454e+01    -9.431706e-05
2.194675e+01    -9.442744e-05
2.195897e+01    -9.445022e-05
2.197118e+01    -9.438573e-05
2.198339e+01    -9.423617e-05
2.199560e+01    -9.399798e-05
2.200782e+01    -9.366378e-05
2.202003e+01    -9.323462e-05
2.203224e+01    -9.272728e-05
2.204445e+01    -9.211496e-05
2.205667e+01    -9.141752e-05
2.206888e+01    -9.062735e-05
2.208109e+01    -8.974638e-05
2.209331e+01    -8.878123e-05
2.210552e+01    -8.771678e-05
2.211773e+01    -8.656881e-05
2.212995e+01    -8.532652e-05
2.214216e+01    -8.400425e-05
2.215437e+01    -8.258775e-05
2.216659e+01    -8.109149e-05
2.217880e+01    -7.951354e-05
2.219101e+01    -7.785133e-05
2.220322e+01    -7.611254e-05
2.221544e+01    -7.428935e-05
2.222765e+01    -7.239802e-05
2.223986e+01    -7.042768e-05
2.225208e+01    -6.838763e-05
2.226429e+01    -6.627814e-05
2.227650e+01    -6.410318e-05
2.228872e+01    -6.186856e-05
2.230093e+01    -5.957497e-05
2.231314e+01    -5.720864e-05
2.232535e+01    -5.479885e-05
2.233757e+01    -5.233652e-05
2.234978e+01    -4.982218e-05
2.236199e+01    -4.726228e-05
2.237421e+01    -4.465391e-05
2.238642e+01    -4.202209e-05
2.239863e+01    -3.933923e-05
2.241084e+01    -3.663756e-05
2.242306e+01    -3.390040e-05
2.243527e+01    -3.114180e-05
2.244748e+01    -2.835732e-05
2.245970e+01    -2.556239e-05
2.247191e+01    -2.274578e-05
2.248412e+01    -1.992343e-05
2.249634e+01    -1.709722e-05
2.250855e+01    -1.426216e-05
2.252076e+01    -1.143370e-05
2.253297e+01    -8.609437e-06
2.254519e+01    -5.794107e-06
2.255740e+01    -2.989720e-06
2.256961e+01    -2.041343e-07
2.258183e+01    2.557994e-06
2.259404e+01    5.296257e-06
2.260625e+01    8.012983e-06
2.261847e+01    1.069851e-05
2.263068e+01    1.334358e-05
2.264289e+01    1.595577e-05
2.265511e+01    1.852214e-05
2.266732e+01    2.104504e-05
2.267953e+01    2.351654e-05
2.269174e+01    2.593664e-05
2.270396e+01    2.830918e-05
2.271617e+01    3.060943e-05
2.272838e+01    3.285590e-05
2.274060e+01    3.503950e-05
2.275281e+01    3.715447e-05
2.276502e+01    3.920001e-05
2.277724e+01    4.117418e-05
2.278945e+01    4.307530e-05
2.280166e+01    4.489493e-05
2.281387e+01    4.663796e-05
2.282609e+01    4.829525e-05
2.283830e+01    4.987110e-05
2.285051e+01    5.136128e-05
2.286273e+01    5.276292e-05
2.287494e+01    5.407823e-05
2.288715e+01    5.530193e-05
2.289936e+01    5.643792e-05
2.291158e+01    5.747844e-05
2.292379e+01    5.842309e-05
2.293600e+01    5.927478e-05
2.294822e+01    6.002822e-05
2.296043e+01    6.069080e-05
2.297264e+01    6.125099e-05
2.298486e+01    6.171811e-05
2.299707e+01    6.208563e-05
2.300928e+01    6.235938e-05
2.302150e+01    6.252661e-05
2.303371e+01    6.260414e-05
2.304592e+01    6.258144e-05
2.305813e+01    6.246421e-05
2.307035e+01    6.225292e-05
2.308256e+01    6.194261e-05
2.309477e+01    6.154313e-05
2.310699e+01    6.104540e-05
2.311920e+01    6.045966e-05
2.313141e+01    5.977944e-05
2.314363e+01    5.901238e-05
2.315584e+01    5.815929e-05
2.316805e+01    5.722471e-05
2.318026e+01    5.619758e-05
2.319248e+01    5.509018e-05
2.320469e+01    5.390635e-05
2.321690e+01    5.264074e-05
2.322912e+01    5.130057e-05
2.324133e+01    4.988810e-05
2.325354e+01    4.840206e-05
2.326575e+01    4.684977e-05
2.327797e+01    4.522974e-05
2.329018e+01    4.355120e-05
2.330239e+01    4.180346e-05
2.331461e+01    4.000164e-05
2.332682e+01    3.814651e-05
2.333903e+01    3.624160e-05
2.335125e+01    3.428198e-05
2.336346e+01    3.227656e-05
2.337567e+01    3.023399e-05
2.338788e+01    2.814882e-05
2.340010e+01    2.602319e-05
2.341231e+01    2.386968e-05
2.342452e+01    2.168550e-05
2.343674e+01    1.946976e-05
2.344895e+01    1.723459e-05
2.346116e+01    1.497974e-05
2.347338e+01    1.270190e-05
2.348559e+01    1.041649e-05
2.349780e+01    8.118630e-06
2.351002e+01    5.806447e-06
2.352223e+01    3.498280e-06
2.353444e+01    1.188950e-06
2.354665e+01    -1.119915e-06
2.355887e+01    -3.423775e-06
2.357108e+01    -5.723268e-06
2.358329e+01    -8.008268e-06
2.359550e+01    -1.028174e-05
2.360772e+01    -1.253298e-05
2.361993e+01    -1.477002e-05
2.363214e+01    -1.697615e-05
2.364436e+01    -1.916272e-05
2.365657e+01    -2.132286e-05
2.366878e+01    -2.344779e-05
2.368100e+01    -2.554158e-05
2.369321e+01    -2.759817e-05
2.370542e+01    -2.961687e-05
2.371764e+01    -3.159128e-05
2.372985e+01    -3.353751e-05
2.374206e+01    -3.542152e-05
2.375427e+01    -3.726251e-05
2.376649e+01    -3.905821e-05
2.377870e+01    -4.080578e-05
2.379091e+01    -4.250009e-05
2.380313e+01    -4.413596e-05
2.381534e+01    -4.572334e-05
2.382755e+01    -4.724646e-05
2.383977e+01    -4.871574e-05
2.385198e+01    -5.012157e-05
2.386419e+01    -5.147443e-05
2.387640e+01    -5.276152e-05
2.388862e+01    -5.399121e-05
2.390083e+01    -5.515729e-05
2.391304e+01    -5.625840e-05
2.392526e+01    -5.729677e-05
2.393747e+01    -5.826913e-05
2.394968e+01    -5.918054e-05
2.396189e+01    -6.002601e-05
2.397411e+01    -6.080506e-05
2.398632e+01    -6.151584e-05
2.399854e+01    -6.217498e-05
2.401075e+01    -6.276928e-05
2.402296e+01    -6.328855e-05
2.403517e+01    -6.375357e-05
2.404739e+01    -6.415049e-05
2.405960e+01    -6.449001e-05
2.407181e+01    -6.476539e-05
2.408403e+01    -6.498414e-05
2.409624e+01    -6.513897e-05
2.410845e+01    -6.524398e-05
2.412066e+01    -6.528542e-05
2.413288e+01    -6.527605e-05
2.414509e+01    -6.521092e-05
2.415730e+01    -6.509217e-05
2.416952e+01    -6.491889e-05
2.418173e+01    -6.470247e-05
2.419394e+01    -6.443204e-05
2.420616e+01    -6.411754e-05
2.421837e+01    -6.375724e-05
2.423058e+01    -6.335275e-05
2.424279e+01    -6.290805e-05
2.425501e+01    -6.242655e-05
2.426722e+01    -6.190338e-05
2.427943e+01    -6.134959e-05
2.429165e+01    -6.075812e-05
2.430386e+01    -6.013227e-05
2.431607e+01    -5.948011e-05
2.432829e+01    -5.880406e-05
2.434050e+01    -5.809453e-05
2.435271e+01    -5.736697e-05
2.436492e+01    -5.661516e-05
2.437714e+01    -5.585639e-05
2.438935e+01    -5.506072e-05
2.440156e+01    -5.425990e-05
2.441378e+01    -5.344179e-05
2.442599e+01    -5.261911e-05
2.443820e+01    -5.177860e-05
2.445041e+01    -5.093811e-05
2.446263e+01    -5.009017e-05
2.447484e+01    -4.923280e-05
2.448705e+01    -4.838817e-05
2.449927e+01    -4.753159e-05
2.451148e+01    -4.668764e-05
2.452369e+01    -4.583350e-05
2.453591e+01    -4.499464e-05
2.454812e+01    -4.416198e-05
2.456033e+01    -4.333776e-05
2.457255e+01    -4.252393e-05
2.458476e+01    -4.172343e-05
2.459697e+01    -4.093596e-05
2.460918e+01    -4.016110e-05
2.462140e+01    -3.940181e-05
2.463361e+01    -3.866557e-05
2.464582e+01    -3.794502e-05
2.465804e+01    -3.724440e-05
2.467025e+01    -3.656404e-05
2.468246e+01    -3.590636e-05
2.469468e+01    -3.526796e-05
2.470689e+01    -3.465224e-05
2.471910e+01    -3.406641e-05
2.473131e+01    -3.350206e-05
2.474353e+01    -3.296303e-05
2.475574e+01    -3.244611e-05
2.476795e+01    -3.195825e-05
2.478017e+01    -3.149462e-05
2.479238e+01    -3.105655e-05
2.480459e+01    -3.064630e-05
2.481680e+01    -3.026702e-05
2.482902e+01    -2.990171e-05
2.484123e+01    -2.957153e-05
2.485344e+01    -2.926440e-05
2.486566e+01    -2.898142e-05
2.487787e+01    -2.872781e-05
2.489008e+01    -2.849186e-05
2.490230e+01    -2.828630e-05
2.491451e+01    -2.809879e-05
2.492672e+01    -2.793592e-05
2.493893e+01    -2.779084e-05
2.495115e+01    -2.767096e-05
2.496336e+01    -2.756860e-05
2.497557e+01    -2.748828e-05
2.498779e+01    -2.741491e-05
2.500000e+01    -2.737215e-05
