 0.47529 -19.9419263358807228 -19.9419263358807228 -9.0031505310942350 -9.0031505310942350 -6.6527243985028646 -6.6527243985028646 -6.6527243985016451 -6.6527243985016451 -2.2458313955404821 -2.2458313955404821  1.4585086761338009  1.4585086761338009  1.4585086761341020  1.4585086761341020  3.3960818010106593  3.3960818010106593 
 0.45153 -19.9441115913708806 -19.9441115913708806 -8.9925754450454356 -8.9925754450454356 -6.6508810959663673 -6.6508810959663673 -6.6508810959660272 -6.6508810959660272 -2.2474151208981072 -2.2474151208981072  1.4630110141535495  1.4630110141535495  1.4630110141541592  1.4630110141541592  3.3504975756766440  3.3504975756766440 
 0.42776 -19.9492238730635165 -19.9492238730635165 -8.9617318329790674 -8.9617318329790674 -6.6452898418861537 -6.6452898418861537 -6.6452898418857247 -6.6452898418857247 -2.2514489031380953 -2.2514489031380953  1.4763018274097175  1.4763018274097175  1.4763018274099529  1.4763018274099529  3.2227399349763033  3.2227399349763033 
 0.40400 -19.9571330018285309 -19.9571330018285309 -8.9108485348797792 -8.9108485348797792 -6.6360481628595567 -6.6360481628595567 -6.6360481628586694 -6.6360481628586694 -2.2591079189963263 -2.2591079189963263  1.4976958326036647  1.4976958326036647  1.4976958326042049  1.4976958326042049  3.0302212963306641  3.0302212963306641 
 0.38023 -19.9676298300961292 -19.9676298300961292 -8.8403010241105076 -8.8403010241105076 -6.6233192144520521 -6.6233192144520521 -6.6233192144517963 -6.6233192144517963 -2.2723762466695745 -2.2723762466695745  1.5259928703028574  1.5259928703028574  1.5259928703029604  1.5259928703029604  2.7950379192702650  2.7950379192702650 
 0.35647 -19.9804344787264618 -19.9804344787264618 -8.7506078499082154 -8.7506078499082154 -6.6073325894099257 -6.6073325894099257 -6.6073325894091166 -6.6073325894091166 -2.2940645567735158 -2.2940645567735158  1.5593928714996883  1.5593928714996883  1.5593928714998664  1.5593928714998664  2.5386129566125506  2.5386129566125506 
 0.33270 -19.9952069522651534 -19.9952069522651534 -8.6424274114793320 -8.6424274114793320 -6.5883851346740014 -6.5883851346740014 -6.5883851346737048 -6.5883851346737048 -2.3277715452433236 -2.3277715452433236  1.5953897651790960  1.5953897651790960  1.5953897651791611  1.5953897651791611  2.2791429961199636  2.2791429961199636 
 0.30894 -20.0115594141681328 -20.0115594141681328 -8.5165568339377185 -8.5165568339377185 -6.5668414482412816 -6.5668414482412816 -6.5668414482412052 -6.5668414482412052 -2.3777150088581847 -2.3777150088581847  1.6306793341586785  1.6306793341586785  1.6306793341588108  1.6306793341588108  2.0312745877984812  2.0312745877984812 
 0.28518 -20.0290693687008563 -20.0290693687008563 -8.3739354209257169 -8.3739354209257169 -6.5431336164035283 -6.5431336164035283 -6.5431336164033693 -6.5431336164033693 -2.4483457332033201 -2.4483457332033201  1.6611637210601076  1.6611637210601076  1.6611637210603687  1.6611637210603687  1.8065319607880528  1.8065319607880528 
 0.26141 -20.0472930391232325 -20.0472930391232325 -8.2156562187098938 -8.2156562187098938 -6.5177596387839412 -6.5177596387839412 -6.5177596387829180 -6.5177596387829180 -2.5436957582106521 -2.5436957582106521  1.6135772249393658  1.6135772249393658  1.6822037408049453  1.6822037408049453  1.6822037408056034  1.6822037408056034 
 0.23765 -20.0657783340861364 -20.0657783340861364 -8.0429910107643252 -8.0429910107643252 -6.4912798848246043 -6.4912798848246043 -6.4912798848245501 -6.4912798848245501 -2.6665357088086470 -2.6665357088086470  1.4580869316046421  1.4580869316046421  1.6893027710136650  1.6893027710136650  1.6893027710140427  1.6893027710140427 
 0.21388 -20.0840769320469938 -20.0840769320469938 -7.8574372602841080 -7.8574372602841080 -6.4643108519267392 -6.4643108519267392 -6.4643108519266868 -6.4643108519266868 -2.8175856316300343 -2.8175856316300343  1.3424715472856932  1.3424715472856932  1.6792597816003534  1.6792597816003534  1.6792597816008663  1.6792597816008663 
 0.19012 -20.1017551633706368 -20.1017551633706368 -7.6608014479000115 -7.6608014479000115 -6.4375154836516328 -6.4375154836516328 -6.4375154836512101 -6.4375154836512101 -2.9950903232864379 -2.9950903232864379  1.2658140488886824  1.2658140488886824  1.6514106077403896  1.6514106077403896  1.6514106077415378  1.6514106077415378 
 0.16635 -20.1184035120271432 -20.1184035120271432 -7.4553444698050697 -7.4553444698050697 -6.4115893965164057 -6.4115893965164057 -6.4115893965150397 -6.4115893965150397 -3.1948990111874682 -3.1948990111874682  1.2242519344831309  1.2242519344831309  1.6082015600052642  1.6082015600052642  1.6082015600058122  1.6082015600058122 
 0.14259 -20.1336446800486577 -20.1336446800486577 -7.2440361551000443 -7.2440361551000443 -6.3872425990593360 -6.3872425990593360 -6.3872425990588768 -6.3872425990588768 -3.4108682670977548 -3.4108682670977548  1.2117223488684854  1.2117223488684854  1.5546247657634191  1.5546247657634191  1.5546247657637917  1.5546247657637917 
 0.11882 -20.1471402511264230 -20.1471402511264230 -7.0310059713130899 -7.0310059713130899 -6.3651767004005242 -6.3651767004005242 -6.3651767003998421 -6.3651767003998421 -3.6351851363285199 -3.6351851363285199  1.2208086925338917  1.2208086925338917  1.4968832482232954  1.4968832482232954  1.4968832482236716  1.4968832482236716 
 0.09506 -20.1585960532177353 -20.1585960532177353 -6.8223445035012507 -6.8223445035012507 -6.3460582013604210 -6.3460582013604210 -6.3460582013601101 -6.3460582013601101 -3.8581915668856555 -3.8581915668856555  1.2434877840767946  1.2434877840767946  1.4410844383536980  1.4410844383536980  1.4410844383542945  1.4410844383542945 
 0.07129 -20.1677663558828435 -20.1677663558828435 -6.6274806114602782 -6.6274806114602782 -6.3304891920778630 -6.3304891920778630 -6.3304891920771809 -6.3304891920771809 -4.0673887262032702 -4.0673887262032702  1.2717550971421985  1.2717550971421985  1.3924373014911740  1.3924373014911740  1.3924373014912814  1.3924373014912814 
 0.04753 -20.1744570504723200 -20.1744570504723200 -6.4611951284854916 -6.4611951284854916 -6.3189775323398001 -6.3189775323398001 -6.3189775323394475 -6.3189775323394475 -4.2455944884689734 -4.2455944884689734  1.2982293207473588  1.2982293207473588  1.3549438398478768  1.3549438398478768  1.3549438398481455  1.3549438398481455 
 0.02376 -20.1785279551586569 -20.1785279551586569 -6.3449527633360727 -6.3449527633360727 -6.3119091907100167 -6.3119091907100167 -6.3119091907099403 -6.3119091907099403 -4.3696529579498460 -4.3696529579498460  1.3168308088036842  1.3168308088036842  1.3313742265465405  1.3313742265465405  1.3313742265469408  1.3313742265469408 
 0.00000 -20.1798943671376740 -20.1798943671376740 -6.3095256693774902 -6.3095256693774902 -6.3095256693768960 -6.3095256693768960 -6.3024330398428914 -6.3024330398428914 -4.4148875987097256 -4.4148875987097256  1.3233415397783173  1.3233415397783173  1.3233415397789470  1.3233415397789470  1.3235075638553759  1.3235075638553759 
 0.02744 -20.1780801923087409 -20.1780801923087409 -6.3557701214708224 -6.3557701214708224 -6.3167315866196336 -6.3167315866196336 -6.3117627537789360 -6.3117627537789360 -4.3547736057501156 -4.3547736057501156  1.3000503761593438  1.3000503761593438  1.3413033718577010  1.3413033718577010  1.3414266926829890  1.3414266926829890 
 0.05488 -20.1726762209117325 -20.1726762209117325 -6.4848583199015799 -6.4848583199015799 -6.3380304077900567 -6.3380304077900567 -6.3332705614592273 -6.3332705614592273 -4.1905051073900621 -4.1905051073900621  1.2321769481134919  1.2321769481134919  1.3948497306102430  1.3948497306102430  1.3950097383461342  1.3950097383461342 
 0.08232 -20.1637976514911834 -20.1637976514911834 -6.6639693675116094 -6.6639693675116094 -6.3724980867968117 -6.3724980867968117 -6.3678175765799461 -6.3678175765799461 -3.9539461116972343 -3.9539461116972343  1.1255912523142702  1.1255912523142702  1.4829975081899285  1.4829975081899285  1.4832167012209161  1.4832167012209161 
 0.10976 -20.1516349229020264 -20.1516349229020264 -6.8674675137962966 -6.8674675137962966 -6.4186962262384553 -6.4186962262384553 -6.4140857747353746 -6.4140857747353746 -3.6720994572053489 -3.6720994572053489  0.9881679194753631  0.9881679194753631  1.6042148197965458  1.6042148197965458  1.6045127851426815  1.6045127851426815 
 0.13721 -20.1364512974973096 -20.1364512974973096 -7.0794375527251896 -7.0794375527251896 -6.4748013825031743 -6.4748013825031743 -6.4702647531573723 -6.4702647531573723 -3.3631935558772743 -3.3631935558772743  0.8282439414642596  0.8282439414642596  1.7565568547750285  1.7565568547750285  1.7569497966968961  1.7569497966968961 
 0.16465 -20.1185793262214183 -20.1185793262214183 -7.2906233508853893 -7.2906233508853893 -6.5387485331975430 -6.5387485331975430 -6.5342902620690824 -6.5342902620690824 -3.0399394328203773 -3.0399394328203773  0.6536161632654972  0.6536161632654972  1.9378167189794184  1.9378167189794184  1.9383173279162866  1.9383173279162866 
 0.19209 -20.0984160589811047 -20.0984160589811047 -7.4955596297780573 -7.4955596297780573 -6.6083669042734634 -6.6083669042734634 -6.6039898251292888 -6.6039898251292888 -2.7128277698140510 -2.7128277698140510  0.4712299196384868  0.4712299196384868  2.1456675887120773  2.1456675887120773  2.1462852297449189  2.1462852297449189 
 0.21953 -20.0764168469548245 -20.0764168469548245 -7.6908803553007763 -7.6908803553007763 -6.6814936126603071 -6.6814936126603071 -6.6771984264573803 -6.6771984264573803 -2.3924310721889763 -2.3924310721889763  0.2873916143599712  0.2873916143599712  2.3777790610092473  2.3777790610092473  2.3785200928290871  2.3785200928290871 
 0.24697 -20.0530875852380639 -20.0530875852380639 -7.8744120146420880 -7.8744120146420880 -6.7560588259540291 -6.7560588259540291 -6.7518442699023602 -6.7518442699023602 -2.0910429440207707 -2.0910429440207707  0.1083145315282015  0.1083145315282015  2.5533635525494844  2.5533635525494844  2.6318979094149251  2.6318979094149251 
 0.27441 -20.0289752697303136 -20.0289752697303136 -8.0446876109631908 -8.0446876109631908 -6.8301427198869886 -6.8301427198869886 -6.8260059206588917 -6.8260059206588917 -1.8237042965852552 -1.8237042965852552 -0.0591643846025826 -0.0591643846025826  2.4354142751945216  2.4354142751945216  2.9058885899795905  2.9058885899795905 
 0.30185 -20.0046567961777022 -20.0046567961777022 -8.2006781811547285 -8.2006781811547285 -6.9020084379856437 -6.9020084379856437 -6.8979452929758178 -6.8979452929758178 -1.6078984559339922 -1.6078984559339922 -0.2070216739570173 -0.2070216739570173  2.3941759038941943  2.3941759038941943  3.1977301187342713  3.1977301187342713 
 0.32929 -19.9807260151276651 -19.9807260151276651 -8.3416386475482636 -8.3416386475482636 -6.9701167863246081 -6.9701167863246081 -6.9661223088882140 -6.9661223088882140 -1.4601810223232432 -1.4601810223232432 -0.3267105673712717 -0.3267105673712717  2.4411557856691712  2.4411557856691712  3.5054620608018068  3.5054620608018068 
 0.35673 -19.9577791744039672 -19.9577791744039672 -8.4670158139245011 -8.4670158139245011 -7.0331283211243818 -7.0331283211243818 -7.0291969266731931 -7.0291969266731931 -1.3881945603690640 -1.3881945603690640 -0.4130486288059961 -0.4130486288059961  2.5812624060905520  2.5812624060905520  3.8270604556619601  3.8270604556619601 
 0.38417 -19.9363990264659705 -19.9363990264659705 -8.5763914596976676 -8.5763914596976676 -7.0898976010592856 -7.0898976010592856 -7.0860233307115248 -7.0860233307115248 -1.3823751053353903 -1.3823751053353903 -0.4698007243479757 -0.4698007243479757  2.8101866727272857  2.8101866727272857  4.1601962091011551  4.1601962091011551 
 0.41162 -19.9171380415047992 -19.9171380415047992 -8.6694460430169702 -8.6694460430169702 -7.1394632452257358 -7.1394632452257358 -7.1356399329135627 -7.1356399329135627 -1.4190931851382098 -1.4190931851382098 -0.5079451706954564 -0.5079451706954564  3.1157418039289144  3.1157418039289144  4.5017599290457397  4.5017599290457397 
 0.43906 -19.9005013320635733 -19.9005013320635733 -8.7459349768985888 -8.7459349768985888 -7.1810363773399155 -7.1810363773399155 -7.1772577698271220 -7.1772577698271220 -1.4738512061178601 -1.4738512061178601 -0.5368378001303208 -0.5368378001303208  3.4818587416630389  3.4818587416630389  4.8468584910008881  4.8468584910008881 
 0.46650 -19.8869300393222268 -19.8869300393222268 -8.8056728727192244 -8.8056728727192244 -7.2139891781955079 -7.2139891781955079 -7.2102490180753041 -7.2102490180753041 -1.5291301050600987 -1.5291301050600987 -0.5602400078507072 -0.5602400078507072  3.8912916870624512  3.8912916870624512  5.1864902651122131  5.1864902651122131 
 0.49394 -19.8767860301928749 -19.8767860301928749 -8.8485230334425093 -8.8485230334425093 -7.2378446349037739 -7.2378446349037739 -7.2341367159073497 -7.2341367159073497 -1.5742844634814681 -1.5742844634814681 -0.5782131674172774 -0.5782131674172774  4.3232838001698424  4.3232838001698424  5.5017315390057959  5.5017315390057959 
 0.52138 -19.8703387844070178 -19.8703387844070178 -8.8743905559986231 -8.8743905559986231 -7.2522681391799262 -7.2522681391799262 -7.2485863419095464 -7.2485863419095464 -1.6032910535004350 -1.6032910535004350 -0.5896178517490149 -0.5896178517490149  4.7345490223910769  4.7345490223910769  5.7499995310055079  5.7499995310055079 
 0.54882 -19.8677552949484486 -19.8677552949484486 -8.8832180421422784 -8.8832180421422784 -7.2570613037733569 -7.2570613037733569 -7.2533996187479115 -7.2533996187479115 -1.6130843810527600 -1.6130843810527600 -0.5934447271022590 -0.5934447271022590  4.9573364481409810  4.9573364481409810  5.8516238892796819  5.8516238892796819 
 0.73734 -19.8604179596351571 -19.8604179596351571 -8.8737970243698037 -8.8737970243698037 -7.2883463867120124 -7.2883463867120124 -7.2484860405340479 -7.2484860405340479 -1.5619719325957548 -1.5619719325957548 -0.5451642782830851 -0.5451642782830851  4.8502900664042246  4.8502900664042246  5.2810086867102921  5.2810086867102921 
 0.69853 -19.8616869223314083 -19.8616869223314083 -8.8473127080885057 -8.8473127080885057 -7.3818360944054371 -7.3818360944054371 -7.2248398565924763 -7.2248398565924763 -1.4311705829845673 -1.4311705829845673 -0.3921155226561330 -0.3921155226561330  4.5801359960653514  4.5801359960653514  4.6793838071582305  4.6793838071582305 
 0.65973 -19.8633855466729621 -19.8633855466729621 -8.8064465106756522 -8.8064465106756522 -7.5111097672383771 -7.5111097672383771 -7.1862465302136620 -7.1862465302136620 -1.2686711381915818 -1.2686711381915818 -0.1166768469939020 -0.1166768469939020  4.1005747982833816  4.1005747982833816  4.2486661825751204  4.2486661825751204 
 0.62092 -19.8661725888149370 -19.8661725888149370 -8.7570806494466140 -8.7570806494466140 -7.6462807638995276 -7.6462807638995276 -7.1340290077153732 -7.1340290077153732 -1.1133598410251604 -1.1133598410251604  0.2716337389449462  0.2716337389449462  3.5703201377680269  3.5703201377680269  3.9150882625191028  3.9150882625191028 
 0.58211 -19.8708559041298685 -19.8708559041298685 -8.7087972209906965 -8.7087972209906965 -7.7564440661809355 -7.7564440661809355 -7.0700257934101494 -7.0700257934101494 -0.9784314533090854 -0.9784314533090854  0.7102785657422912  0.7102785657422912  3.0974606269743679  3.0974606269743679  3.6558282705590273  3.6558282705590273 
 0.54330 -19.8782860846999618 -19.8782860846999618 -8.6731051476393564 -8.6731051476393564 -7.8139047315487797 -7.8139047315487797 -6.9965622616239953 -6.9965622616239953 -0.8694519626654743 -0.8694519626654743  1.0757420490861331  1.0757420490861331  2.6972906388586217  2.6972906388586217  3.4456933573242807  3.4456933573242807 
 0.50450 -19.8892349400754647 -19.8892349400754647 -8.6545858193498351 -8.6545858193498351 -7.8031142612063675 -7.8031142612063675 -6.9163917019650407 -6.9163917019650407 -0.8009395360136853 -0.8009395360136853  1.2333863693491267  1.2333863693491267  2.3697189756248895  2.3697189756248895  3.1040382737275607  3.1040382737275607 
 0.46569 -19.9042728343095519 -19.9042728343095519 -8.6420124787958397 -8.6420124787958397 -7.7288365427409484 -7.7288365427409484 -6.8325921453237743 -6.8325921453237743 -0.7995457830517390 -0.7995457830517390  1.2120332858016623  1.2120332858016623  2.0998631098361225  2.0998631098361225  2.8096644239519897  2.8096644239519897 
 0.42688 -19.9236619173962097 -19.9236619173962097 -8.6152308509118765 -8.6152308509118765 -7.6085079910251352 -7.6085079910251352 -6.7484079906461947 -6.7484079906461947 -0.8928517256065843 -0.8928517256065843  1.1500099852276704  1.1500099852276704  1.8873989698497184  1.8873989698497184  2.5620205663297750  2.5620205663297750 
 0.38807 -19.9472822057533286 -19.9472822057533286 -8.5573889263449914 -8.5573889263449914 -7.4594062222979041 -7.4594062222979041 -6.6670352431641025 -6.6670352431641025 -1.0869394210818257 -1.0869394210818257  1.1074191421214408  1.1074191421214408  1.7550013787680414  1.7550013787680414  2.3571639207945601  2.3571639207945601 
 0.34927 -19.9746032060539918 -19.9746032060539918 -8.4584677224811706 -8.4584677224811706 -7.2946600797047969 -7.2946600797047969 -6.5913666270291804 -6.5913666270291804 -1.3613693312955684 -1.3613693312955684  1.0659750858163350  1.0659750858163350  1.7279699086008764  1.7279699086008764  2.1869785705781890  2.1869785705781890 
 0.31046 -20.0047058858904627 -20.0047058858904627 -8.3138706341363964 -8.3138706341363964 -7.1242805541206815 -7.1242805541206815 -6.5237343576560534 -6.5237343576560534 -1.6888781907959576 -1.6888781907959576  1.0156003586380022  1.0156003586380022  1.7882979813448401  1.7882979813448401  2.0397984129813356  2.0397984129813356 
 0.27165 -20.0363505065290255 -20.0363505065290255 -8.1227641819126379 -8.1227641819126379 -6.9564828226228030 -6.9564828226228030 -6.4657046874179374 -6.4657046874179374 -2.0497818608087610 -2.0497818608087610  0.9777060900274888  0.9777060900274888  1.8748533055803582  1.8748533055803582  1.9041259984904055  1.9041259984904055 
 0.23284 -20.0680780979077618 -20.0680780979077618 -7.8871850432072605 -7.8871850432072605 -6.7983186839783309 -6.7983186839783309 -6.4179780080350612 -6.4179780080350612 -2.4327931883631888 -2.4327931883631888  0.9706455290532924  0.9706455290532924  1.7740282028415599  1.7740282028415599  1.9236743012404816  1.9236743012404816 
 0.19404 -20.0983293909191509 -20.0983293909191509 -7.6118937056684270 -7.6118937056684270 -6.6558025210605107 -6.6558025210605107 -6.3804258858231364 -6.3804258858231364 -2.8309294369836304 -2.8309294369836304  1.0003320110592175  1.0003320110592175  1.6509271660656248  1.6509271660656248  1.8894866764814418  1.8894866764814418 
 0.15523 -20.1255653444810747 -20.1255653444810747 -7.3051027963167599 -7.3051027963167599 -6.5338130190198118 -6.5338130190198118 -6.3522592283937946 -6.3522592283937946 -3.2369204273244123 -3.2369204273244123  1.0630235513178545  1.0630235513178545  1.5404277384269680  1.5404277384269680  1.7702758815479627  1.7702758815479627 
 0.11642 -20.1483769065092346 -20.1483769065092346 -6.9808252109358380 -6.9808252109358380 -6.4359910330590777 -6.4359910330590777 -6.3322869701206992 -6.3322869701206992 -3.6382281721376351 -3.6382281721376351  1.1469317170201467  1.1469317170201467  1.4485355797676451  1.4485355797676451  1.6096315270127897  1.6096315270127897 
 0.07761 -20.1655764519414191 -20.1655764519414191 -6.6650493841004383 -6.6650493841004383 -6.3647660940471438 -6.3647660940471438 -6.3192074140607808 -6.3192074140607808 -4.0095488773940131 -4.0095488773940131  1.2332019632390796  1.2332019632390796  1.3799116286020847  1.3799116286020847  1.4604626761924400  1.4604626761924400 
 0.03881 -20.1762677525869449 -20.1762677525869449 -6.4099307129963528 -6.4099307129963528 -6.3214992232938121 -6.3214992232938121 -6.3118779971715444 -6.3118779971715444 -4.2985177879902503 -4.2985177879902503  1.2988098994817263  1.2988098994817263  1.3376178421631353  1.3376178421631353  1.3589907542815061  1.3589907542815061 
 0.00000 -20.1798943671376740 -20.1798943671376740 -6.3095256693774902 -6.3095256693774902 -6.3095256693768960 -6.3095256693768960 -6.3024330398428914 -6.3024330398428914 -4.4148875987097256 -4.4148875987097256  1.3233415397783173  1.3233415397783173  1.3233415397789470  1.3233415397789470  1.3235075638553759  1.3235075638553759 
